-1.00000000000000000000 -0.03247648850083351140
-0.99000000953674316400 -0.03204201161861419680
-0.98000001907348632800 -0.03158482909202575680
-0.97000002861022949200 -0.03112345002591609960
-0.95999997854232788100 -0.03071152046322822570
-0.94999998807907104500 -0.03029103018343448640
-0.93999999761581420900 -0.02987919002771377560
-0.93000000715255737300 -0.02948549948632717130
-0.92000001668930053700 -0.02910985983908176420
-0.91000002622604370100 -0.02872963994741439820
-0.89999997615814209000 -0.02837168984115123750
-0.88999998569488525400 -0.02801077999174594880
-0.87999999523162841800 -0.02763294987380504610
-0.87000000476837158200 -0.02726998925209045410
-0.86000001430511474600 -0.02691308967769145970
-0.85000002384185791000 -0.02656524069607257840
-0.83999997377395629900 -0.02620174922049045560
-0.82999998331069946300 -0.02586445957422256470
-0.81999999284744262700 -0.02552180923521518710
-0.81000000238418579100 -0.02519422955811023710
-0.80000001192092895500 -0.02486046962440013890
-0.79000002145767211900 -0.02452898956835269930
-0.77999997138977050800 -0.02418500930070877080
-0.76999998092651367200 -0.02384795062243938450
-0.75999999046325683600 -0.02353256940841674800
-0.75000000000000000000 -0.02318786084651947020
-0.74000000953674316400 -0.02286586910486221310
-0.73000001907348632800 -0.02255010046064853670
-0.72000002861022949200 -0.02224064059555530550
-0.70999997854232788100 -0.02192639932036399840
-0.69999998807907104500 -0.02162461914122104640
-0.68999999761581420900 -0.02129717916250228880
-0.68000000715255737300 -0.02096710912883281710
-0.67000001668930053700 -0.02067302912473678590
-0.66000002622604370100 -0.02034961059689521790
-0.64999997615814209000 -0.02004235051572322850
-0.63999998569488525400 -0.01973930001258850100
-0.62999999523162841800 -0.01944514922797679900
-0.62000000476837158200 -0.01915713027119636540
-0.61000001430511474600 -0.01887373067438602450
-0.60000002384185791000 -0.01857892051339149480
-0.58999997377395629900 -0.01828005909919738770
-0.57999998331069946300 -0.01799179986119270320
-0.56999999284744262700 -0.01770035922527313230
-0.56000000238418579100 -0.01741071976721286770
-0.55000001192092895500 -0.01712363027036190030
-0.54000002145767211900 -0.01685412973165512090
-0.52999997138977050800 -0.01657892018556594850
-0.51999998092651367200 -0.01631408929824829100
-0.50999999046325683600 -0.01604533940553665160
-0.50000000000000000000 -0.01576437056064605710
-0.49000000953674316400 -0.01548379007726907730
-0.47999998927116394000 -0.01521969959139823910
-0.46999999880790710400 -0.01495159976184368130
-0.46000000834465026800 -0.01466337963938713070
-0.44999998807907104500 -0.01441161986440420150
-0.43999999761581420900 -0.01415096968412399290
-0.43000000715255737300 -0.01389697007834911350
-0.41999998688697814900 -0.01364082004874944690
-0.40999999642372131300 -0.01339770015329122540
-0.40000000596046447700 -0.01313150022178888320
-0.38999998569488525400 -0.01286771986633539200
-0.37999999523162841800 -0.01263576000928878780
-0.37000000476837158200 -0.01237327978014945980
-0.36000001430511474600 -0.01213118992745876310
-0.34999999403953552200 -0.01189824007451534270
-0.34000000357627868600 -0.01166659966111183170
-0.33000001311302185100 -0.01144524011760950090
-0.31999999284744262700 -0.01122745033353567120
-0.31000000238418579100 -0.01098608970642089840
-0.30000001192092895500 -0.01075035985559225080
-0.28999999165534973100 -0.01053837034851312640
-0.28000000119209289500 -0.01030579954385757450
-0.27000001072883606000 -0.01008373033255338670
-0.25999999046325683600 -0.01036601979285478590
-0.25000000000000000000 -0.01013791002333164220
-0.23999999463558197000 -0.00990476738661527634
-0.23000000417232513400 -0.00967868044972419739
-0.21999999880790710400 -0.00947127584367990494
-0.20999999344348907500 -0.00926310289651155472
-0.20000000298023223900 -0.00905281677842140198
-0.18999999761581420900 -0.00884541682898998261
-0.18000000715255737300 -0.00863436982035636902
-0.17000000178813934300 -0.00840484909713268280
-0.15999999642372131300 -0.00820250902324914932
-0.15000000596046447800 -0.00800160318613052368
-0.14000000059604644800 -0.00776937417685985565
-0.12999999523162841800 -0.00758160604164004326
-0.11999999731779098500 -0.00738668488338589668
-0.10999999940395355200 -0.00718946196138858795
-0.10000000149011611900 -0.00700749503448605538
-0.09000000357627868650 -0.00682251993566751480
-0.07999999821186065670 -0.00661133881658315659
-0.07000000029802322390 -0.00641223788261413574
-0.05999999865889549260 -0.00623225001618266106
-0.05000000074505805970 -0.00602298881858587265
-0.03999999910593032840 -0.00583404395729303360
-0.02999999932944774630 -0.00564466603100299835
-0.01999999955296516420 -0.00545949907973408699
-0.00999999977648258210 -0.00526922103017568588
0.00000000000000000000 -0.00508745992556214333
0.00999999977648258210 -0.00488278921693563461
0.01999999955296516420 -0.00467017898336052895
0.02999999932944774630 -0.00446240417659282684
0.03999999910593032840 -0.00425211992114782334
0.05000000074505805970 -0.00403059320524334908
0.05999999865889549260 -0.00380344409495592117
0.07000000029802322390 -0.00359188299626111984
0.07999999821186065670 -0.00336657697334885597
0.09000000357627868650 -0.00313818594440817833
0.10000000149011611900 -0.00290152104571461678
0.10999999940395355200 -0.00265661999583244324
0.11999999731779098500 -0.00239340006373822689
0.12999999523162841800 -0.00214479793794453144
0.14000000059604644800 -0.00188617000821977854
0.15000000596046447800 -0.00160086096730083227
0.15999999642372131300 -0.00134150800295174122
0.17000000178813934300 -0.00106669799424707890
0.18000000715255737300 -0.00075086508877575398
0.18999999761581420900 -0.00047291899682022631
0.20000000298023223900 -0.00019435569993220270
0.20999999344348907500 0.00007635443762410432
0.21999999880790710400 0.00038683231105096638
0.23000000417232513400 0.00068480928894132376
0.23999999463558197000 0.00098890590015798807
0.25000000000000000000 0.00136182794813066721
0.25999999046325683600 0.00170528900343924761
0.27000001072883606000 0.00204684794880449772
0.28000000119209289500 0.00239776400849223137
0.28999999165534973100 0.00274409493431448937
0.30000001192092895500 0.00310135795734822750
0.31000000238418579100 0.00346173089928925038
0.31999999284744262700 0.00383424595929682255
0.33000001311302185100 0.00421894481405615807
0.34000000357627868600 0.00460889283567667008
0.34999999403953552200 0.00499681197106838226
0.36000001430511474600 0.00537819601595401764
0.37000000476837158200 0.00580241996794939041
0.37999999523162841800 0.00619801087304949761
0.38999998569488525400 0.00660349102690815926
0.40000000596046447700 0.00702674314379692078
0.40999999642372131300 0.00744289206340909004
0.41999998688697814900 0.00786475464701652527
0.43000000715255737300 0.00831579044461250305
0.43999999761581420900 0.00875760987401008606
0.44999998807907104500 0.00918503478169441223
0.46000000834465026800 0.00966783054172992707
0.46999999880790710400 0.01010554004460573200
0.47999998927116394000 0.01009737979620695110
0.49000000953674316400 0.01053295005112886430
0.50000000000000000000 0.01100577972829341890
0.50999999046325683600 0.01144174020737409590
0.51999998092651367200 0.01191680971533060070
0.52999997138977050800 0.01238412037491798400
0.54000002145767211900 0.01284324005246162410
0.55000001192092895500 0.01332490984350442890
0.56000000238418579100 0.01381298992782831190
0.56999999284744262700 0.01430112030357122420
0.57999998331069946300 0.01479422021657228470
0.58999997377395629900 0.01530911028385162350
0.60000002384185791000 0.01580296084284782410
0.61000001430511474600 0.01633689925074577330
0.62000000476837158200 0.01685287989675998690
0.62999999523162841800 0.01738311909139156340
0.63999998569488525400 0.01794541068375110630
0.64999997615814209000 0.01850211061537265780
0.66000002622604370100 0.01908103935420513150
0.67000001668930053700 0.01970029994845390320
0.68000000715255737300 0.02032883092761039730
0.68999999761581420900 0.02095804922282695770
0.69999998807907104500 0.02168009057641029360
0.70999997854232788100 0.02236109972000122070
0.72000002861022949200 0.02311776019632816320
0.73000001907348632800 0.02391739003360271450
0.74000000953674316400 0.02470799908041954040
0.75000000000000000000 0.02556288987398147580
0.75999999046325683600 0.02647401019930839540
0.76999998092651367200 0.02738150954246521000
0.77999997138977050800 0.02833637036383152010
0.79000002145767211900 0.02938418090343475340
0.80000001192092895500 0.03036035969853401180
0.81000000238418579100 0.03147368878126144410
0.81999999284744262700 0.03259358927607536320
0.82999998331069946300 0.03368915989995002750
0.83999997377395629900 0.03487513959407806400
0.85000002384185791000 0.03606439009308815000
0.86000001430511474600 0.03725890815258026120
0.87000000476837158200 0.03850601986050605770
0.87999999523162841800 0.03980543091893196110
0.88999998569488525400 0.04102899134159088140
0.89999997615814209000 0.04240347072482109070
0.91000002622604370100 0.04372895136475563050
0.92000001668930053700 0.04506434872746467590
0.93000000715255737300 0.04646645113825798040
0.93999999761581420900 0.04783304035663604740
0.94999998807907104500 0.04921910166740417480
0.95999997854232788100 0.05065678060054779050
0.97000002861022949200 0.05209545046091079710
0.98000001907348632800 0.05349249020218849180
0.99000000953674316400 0.05503040924668312070
1.00000000000000000000 0.05645575001835823060
