-1.00000000000000000000 -0.00577598018571734429
-0.99000000953674316400 -0.00576703017577528954
-0.98000001907348632800 -0.00578068289905786514
-0.97000002861022949200 -0.00578287616372108460
-0.95999997854232788100 -0.00574861885979771614
-0.94999998807907104500 -0.00576369790360331536
-0.93999999761581420900 -0.00577176921069622040
-0.93000000715255737300 -0.00573316076770424843
-0.92000001668930053700 -0.00574756786227226258
-0.91000002622604370100 -0.00577295478433370590
-0.89999997615814209000 -0.00576585717499256134
-0.88999998569488525400 -0.00578417722135782242
-0.87999999523162841800 -0.00579437194392085076
-0.87000000476837158200 -0.00576701201498508454
-0.86000001430511474600 -0.00576590513810515404
-0.85000002384185791000 -0.00578480213880538941
-0.83999997377395629900 -0.00575562892481684685
-0.82999998331069946300 -0.00575836980715394020
-0.81999999284744262700 -0.00577206211164593697
-0.81000000238418579100 -0.00576725415885448456
-0.80000001192092895500 -0.00578585499897599220
-0.79000002145767211900 -0.00579950213432312012
-0.77999997138977050800 -0.00577796716243028641
-0.76999998092651367200 -0.00576507300138473511
-0.75999999046325683600 -0.00578162400051951409
-0.75000000000000000000 -0.00576198007911443710
-0.74000000953674316400 -0.00575154507532715798
-0.73000001907348632800 -0.00575853511691093445
-0.72000002861022949200 -0.00575325777754187584
-0.70999997854232788100 -0.00577237689867615700
-0.69999998807907104500 -0.00577896600589156151
-0.68999999761581420900 -0.00577400205656886101
-0.68000000715255737300 -0.00576767697930335999
-0.67000001668930053700 -0.00575190177187323570
-0.66000002622604370100 -0.00575039815157651901
-0.64999997615814209000 -0.00575331505388021469
-0.63999998569488525400 -0.00573626579716801644
-0.62999999523162841800 -0.00572791183367371559
-0.62000000476837158200 -0.00574410194531083107
-0.61000001430511474600 -0.00575711997225880623
-0.60000002384185791000 -0.00575625011697411537
-0.58999997377395629900 -0.00576537009328603745
-0.57999998331069946300 -0.00575031898915767670
-0.56999999284744262700 -0.00573372282087802887
-0.56000000238418579100 -0.00575488107278943062
-0.55000001192092895500 -0.00574073521420359612
-0.54000002145767211900 -0.00572356721386313439
-0.52999997138977050800 -0.00574214290827512741
-0.51999998092651367200 -0.00575019512325525284
-0.50999999046325683600 -0.00575188780203461647
-0.50000000000000000000 -0.00577319785952568054
-0.49000000953674316400 -0.00576164200901985169
-0.47999998927116394000 -0.00573324691504240036
-0.46999999880790710400 -0.00575739983469247818
-0.46000000834465026800 -0.00574291776865720749
-0.44999998807907104500 -0.00571851199492812157
-0.43999999761581420900 -0.00573898013681173325
-0.43000000715255737300 -0.00573372980579733849
-0.41999998688697814900 -0.00573999807238578797
-0.40999999642372131300 -0.00576379103586077690
-0.40000000596046447700 -0.00575345614925026894
-0.38999998569488525400 -0.00573980715125799179
-0.37999999523162841800 -0.00573898386210203171
-0.37000000476837158200 -0.00573117006570100784
-0.36000001430511474600 -0.00572416791692376137
-0.34999999403953552200 -0.00572979310527443886
-0.34000000357627868600 -0.00571786612272262573
-0.33000001311302185100 -0.00573490699753165245
-0.31999999284744262700 -0.00575644802302122116
-0.31000000238418579100 -0.00575294299051165581
-0.30000001192092895500 -0.00575271807610988617
-0.28999999165534973100 -0.00574516179040074349
-0.28000000119209289500 -0.00573865510523319245
-0.27000001072883606000 -0.00574399577453732491
-0.25999999046325683600 -0.00572333298623561859
-0.25000000000000000000 -0.00571758020669221878
-0.23999999463558197000 -0.00573550397530198097
-0.23000000417232513400 -0.00574448006227612496
-0.21999999880790710400 -0.00574243115261197090
-0.20999999344348907500 -0.00575700309127569199
-0.20000000298023223900 -0.00574423884972929955
-0.18999999761581420900 -0.00571949919685721398
-0.18000000715255737300 -0.00573897594586014748
-0.17000000178813934300 -0.00572822988033294678
-0.15999999642372131300 -0.00570316985249519348
-0.15000000596046447800 -0.00572409713640809059
-0.14000000059604644800 -0.00572262005880475044
-0.12999999523162841800 -0.00572903919965028763
-0.11999999731779098500 -0.00575097789987921715
-0.10999999940395355200 -0.00573270814493298531
-0.10000000149011611900 -0.00570606999099254608
-0.09000000357627868650 -0.00573016703128814697
-0.07999999821186065670 -0.00571447098627686501
-0.07000000029802322390 -0.00568971922621130943
-0.05999999865889549260 -0.00570699013769626618
-0.05000000074505805970 -0.00569726107642054558
-0.03999999910593032840 -0.00571343302726745606
-0.02999999932944774630 -0.00573097122833132744
-0.01999999955296516420 -0.00572159979492425919
-0.00999999977648258210 -0.00571091799065470696
0.00000000000000000000 -0.00570847699418663979
0.00999999977648258210 -0.00571100879460573197
0.01999999955296516420 -0.00569937890395522118
0.02999999932944774630 -0.00569307478144764900
0.03999999910593032840 -0.00568407820537686348
0.05000000074505805970 -0.00569061702117323876
0.05999999865889549260 -0.00571551220491528511
0.07000000029802322390 -0.00571174500510096550
0.07999999821186065670 -0.00570601597428321839
0.09000000357627868650 -0.00571019202470779419
0.10000000149011611900 -0.00567498477175831795
0.10999999940395355200 -0.00568753015249967575
0.11999999731779098500 -0.00568983983248472214
0.12999999523162841800 -0.00564987491816282273
0.14000000059604644800 -0.00566034903749823570
0.15000000596046447800 -0.00567740993574261666
0.15999999642372131300 -0.00566703407093882561
0.17000000178813934300 -0.00567780807614326477
0.18000000715255737300 -0.00567757803946733475
0.18999999761581420900 -0.00563811277970671654
0.20000000298023223900 -0.00564962485805153847
0.20999999344348907500 -0.00564156286418437958
0.21999999880790710400 -0.00560396583750844002
0.23000000417232513400 -0.00561029184609651566
0.23999999463558197000 -0.00561277894303202629
0.25000000000000000000 -0.00560445804148912430
0.25999999046325683600 -0.00561147788539528847
0.27000001072883606000 -0.00561142712831497193
0.28000000119209289500 -0.00557623989880084992
0.28999999165534973100 -0.00556033104658126831
0.30000001192092895500 -0.00555858481675386429
0.31000000238418579100 -0.00552735105156898499
0.31999999284744262700 -0.00550981517881155014
0.33000001311302185100 -0.00549780996516346932
0.34000000357627868600 -0.00548388902097940445
0.34999999403953552200 -0.00548424897715449333
0.36000001430511474600 -0.00546932313591241837
0.37000000476837158200 -0.00543637713417410851
0.37999999523162841800 -0.00541029777377843857
0.38999998569488525400 -0.00537956086918711662
0.40000000596046447700 -0.00534847797825932503
0.40999999642372131300 -0.00531446794047951698
0.41999998688697814900 -0.00527595123276114464
0.43000000715255737300 -0.00524722784757614136
0.43999999761581420900 -0.00523502100259065628
0.44999998807907104500 -0.00519692618399858475
0.46000000834465026800 -0.00515487696975469589
0.46999999880790710400 -0.00511768087744712830
0.47999998927116394000 -0.00504407193511724472
0.49000000953674316400 -0.00500747095793485642
0.50000000000000000000 -0.00496048713102936745
0.50999999046325683600 -0.00487651396542787552
0.51999998092651367200 -0.00482148397713899613
0.52999997138977050800 -0.00477153109386563301
0.54000002145767211900 -0.00469090091064572334
0.55000001192092895500 -0.00461498508229851723
0.56000000238418579100 -0.00452795298770070076
0.56999999284744262700 -0.00439125578850507736
0.57999998331069946300 -0.00426940713077783585
0.58999997377395629900 -0.00413037603721022606
0.60000002384185791000 -0.00393685512244701386
0.61000001430511474600 -0.00373792508617043495
0.62000000476837158200 -0.00351375690661370754
0.62999999523162841800 -0.00324113201349973679
0.63999998569488525400 -0.00293390708975493908
0.64999997615814209000 -0.00258341594599187374
0.66000002622604370100 -0.00216658203862607479
0.67000001668930053700 -0.00171296601183712482
0.68000000715255737300 -0.00122038298286497593
0.68999999761581420900 -0.00067272072192281485
0.69999998807907104500 -0.00012660649372264743
0.70999997854232788100 0.00044735200935974717
0.72000002861022949200 0.00114137504715472460
0.73000001907348632800 0.00185043702367693186
0.74000000953674316400 0.00258324691094458103
0.75000000000000000000 0.00335006602108478546
0.75999999046325683600 0.00413969298824667931
0.76999998092651367200 0.00495369499549269676
0.77999997138977050800 0.00579601898789405823
0.79000002145767211900 0.00665725301951169968
0.80000001192092895500 0.00753778498619794846
0.81000000238418579100 0.00844072457402944565
0.81999999284744262700 0.00936327595263719559
0.82999998331069946300 0.01030800957232713700
0.83999997377395629900 0.01069968007504940030
0.85000002384185791000 0.01162272971123456960
0.86000001430511474600 0.01257438957691192630
0.87000000476837158200 0.01353535987436771390
0.87999999523162841800 0.01449420955032110210
0.88999998569488525400 0.01549637969583272930
0.89999997615814209000 0.01650122925639152530
0.91000002622604370100 0.01748969033360481260
0.92000001668930053700 0.01851095072925090790
0.93000000715255737300 0.01954383030533790590
0.93999999761581420900 0.02057857997715473180
0.94999998807907104500 0.02165547944605350490
0.95999997854232788100 0.02272286079823970790
0.97000002861022949200 0.02377801015973091130
0.98000001907348632800 0.02488799020648002620
0.99000000953674316400 0.02599902078509330750
1.00000000000000000000 0.02705428004264831540
