-1.00000000000000000000 -0.00587591622024774552
-0.99000000953674316400 -0.00586540577933192253
-0.98000001907348632800 -0.00584698095917701721
-0.97000002861022949200 -0.00585490418598055840
-0.95999997854232788100 -0.00586036499589681626
-0.94999998807907104500 -0.00587120512500405312
-0.93999999761581420900 -0.00588332396000623703
-0.93000000715255737300 -0.00587402097880840302
-0.92000001668930053700 -0.00586275011301040650
-0.91000002622604370100 -0.00585649721324443817
-0.89999997615814209000 -0.00585678685456514359
-0.88999998569488525400 -0.00584517512470483780
-0.87999999523162841800 -0.00583753222599625588
-0.87000000476837158200 -0.00585178704932332039
-0.86000001430511474600 -0.00586837623268365860
-0.85000002384185791000 -0.00587165914475917816
-0.83999997377395629900 -0.00588245689868927002
-0.82999998331069946300 -0.00587825803086161614
-0.81999999284744262700 -0.00585666578263044358
-0.81000000238418579100 -0.00587029615417122841
-0.80000001192092895500 -0.00586776202544569969
-0.79000002145767211900 -0.00584566779434680939
-0.77999997138977050800 -0.00584897398948669434
-0.76999998092651367200 -0.00586216803640127182
-0.75999999046325683600 -0.00587038416415452957
-0.75000000000000000000 -0.00587218906730413437
-0.74000000953674316400 -0.00587297696620225907
-0.73000001907348632800 -0.00584481190890073776
-0.72000002861022949200 -0.00584528222680091858
-0.70999997854232788100 -0.00584777118638157845
-0.69999998807907104500 -0.00582373980432748795
-0.68999999761581420900 -0.00581838982179760933
-0.68000000715255737300 -0.00582448579370975495
-0.67000001668930053700 -0.00583175988867878914
-0.66000002622604370100 -0.00584439001977443695
-0.64999997615814209000 -0.00585383782163262367
-0.63999998569488525400 -0.00583622418344020844
-0.62999999523162841800 -0.00582739617675542832
-0.62000000476837158200 -0.00584129383787512779
-0.61000001430511474600 -0.00583397410809993744
-0.60000002384185791000 -0.00582310091704130173
-0.58999997377395629900 -0.00582694588229060173
-0.57999998331069946300 -0.00583550706505775452
-0.56999999284744262700 -0.00585523899644613266
-0.56000000238418579100 -0.00586657598614692688
-0.55000001192092895500 -0.00586201716214418411
-0.54000002145767211900 -0.00585933588445186615
-0.52999997138977050800 -0.00585207482799887657
-0.51999998092651367200 -0.00585275283083319664
-0.50999999046325683600 -0.00584846222773194313
-0.50000000000000000000 -0.00584257394075393677
-0.49000000953674316400 -0.00584476208314299584
-0.47999998927116394000 -0.00585844600573182106
-0.46999999880790710400 -0.00586829893290996552
-0.46000000834465026800 -0.00586830778047442436
-0.44999998807907104500 -0.00586571497842669487
-0.43999999761581420900 -0.00584103399887681008
-0.43000000715255737300 -0.00584691716358065605
-0.41999998688697814900 -0.00584359792992472649
-0.40999999642372131300 -0.00582079309970140457
-0.40000000596046447700 -0.00582354422658681870
-0.38999998569488525400 -0.00583460181951522827
-0.37999999523162841800 -0.00584420515224337578
-0.37000000476837158200 -0.00585648091509938240
-0.36000001430511474600 -0.00586337596178054810
-0.34999999403953552200 -0.00584484310820698738
-0.34000000357627868600 -0.00583926122635602951
-0.33000001311302185100 -0.00584724592044949532
-0.31999999284744262700 -0.00583206303417682648
-0.31000000238418579100 -0.00583000900223851204
-0.30000001192092895500 -0.00582780595868825913
-0.28999999165534973100 -0.00583968497812747956
-0.28000000119209289500 -0.00585289299488067627
-0.27000001072883606000 -0.00585981877520680428
-0.25999999046325683600 -0.00584732601419091225
-0.25000000000000000000 -0.00583080993965268135
-0.23999999463558197000 -0.00582973798736929894
-0.23000000417232513400 -0.00582946697250008583
-0.21999999880790710400 -0.00581157393753528595
-0.20999999344348907500 -0.00581001117825508118
-0.20000000298023223900 -0.00581543287262320519
-0.18999999761581420900 -0.00582118518650531769
-0.18000000715255737300 -0.00582698499783873558
-0.17000000178813934300 -0.00582787115126848221
-0.15999999642372131300 -0.00581701705232262612
-0.15000000596046447800 -0.00579342618584632874
-0.14000000059604644800 -0.00580113288015127182
-0.12999999523162841800 -0.00579728791490197182
-0.11999999731779098500 -0.00577981490641832352
-0.10999999940395355200 -0.00578733999282121658
-0.10000000149011611900 -0.00580452987924218178
-0.09000000357627868650 -0.00581396417692303658
-0.07999999821186065670 -0.00582070415839552880
-0.07000000029802322390 -0.00582394981756806374
-0.05999999865889549260 -0.00580338994041085243
-0.05000000074505805970 -0.00581295881420373917
-0.03999999910593032840 -0.00581454392522573471
-0.02999999932944774630 -0.00579675612971186638
-0.01999999955296516420 -0.00579741923138499260
-0.00999999977648258210 -0.00580796087160706520
0.00000000000000000000 -0.00581479677930474282
0.00999999977648258210 -0.00581566616892814636
0.01999999955296516420 -0.00583709077909588814
0.02999999932944774630 -0.00582392700016498566
0.03999999910593032840 -0.00579894194379448891
0.05000000074505805970 -0.00581289501860737801
0.05999999865889549260 -0.00580524513497948647
0.07000000029802322390 -0.00578312482684850693
0.07999999821186065670 -0.00578530179336667061
0.09000000357627868650 -0.00578655907884240151
0.10000000149011611900 -0.00579762412235140801
0.10999999940395355200 -0.00580488098785281182
0.11999999731779098500 -0.00580390915274620056
0.12999999523162841800 -0.00579519709572196007
0.14000000059604644800 -0.00577474897727370262
0.15000000596046447800 -0.00578250596299767494
0.15999999642372131300 -0.00577781582251191139
0.17000000178813934300 -0.00575635302811861038
0.18000000715255737300 -0.00575810577720403671
0.18999999761581420900 -0.00577300693839788437
0.20000000298023223900 -0.00577491894364356995
0.20999999344348907500 -0.00577805982902646065
0.21999999880790710400 -0.00578142609447240830
0.23000000417232513400 -0.00575223891064524651
0.23999999463558197000 -0.00574661092832684517
0.25000000000000000000 -0.00574940908700227738
0.25999999046325683600 -0.00572495022788643837
0.27000001072883606000 -0.00571921421214938164
0.28000000119209289500 -0.00571958208456635475
0.28999999165534973100 -0.00572184892371296883
0.30000001192092895500 -0.00571726495400071144
0.31000000238418579100 -0.00572152202948927880
0.31999999284744262700 -0.00569464918226003647
0.33000001311302185100 -0.00566457305103540421
0.34000000357627868600 -0.00566990394145250321
0.34999999403953552200 -0.00564993498846888542
0.36000001430511474600 -0.00561725487932562828
0.37000000476837158200 -0.00560990395024418831
0.37999999523162841800 -0.00560337398201227188
0.38999998569488525400 -0.00559457484632730484
0.40000000596046447700 -0.00559423398226499558
0.40999999642372131300 -0.00557492580264806748
0.41999998688697814900 -0.00554462615400552750
0.43000000715255737300 -0.00551527785137295723
0.43999999761581420900 -0.00549374520778656006
0.44999998807907104500 -0.00545846717432141304
0.46000000834465026800 -0.00541814416646957398
0.46999999880790710400 -0.00538328196853399277
0.47999998927116394000 -0.00535277603194117546
0.49000000953674316400 -0.00531099922955036164
0.50000000000000000000 -0.00525682512670755387
0.50999999046325683600 -0.00518376985564827919
0.51999998092651367200 -0.00508617702871561051
0.52999997138977050800 -0.00499701406806707382
0.54000002145767211900 -0.00488701881840825081
0.55000001192092895500 -0.00474046077579259873
0.56000000238418579100 -0.00458724610507488251
0.56999999284744262700 -0.00442162202671170235
0.57999998331069946300 -0.00422195019200444222
0.58999997377395629900 -0.00397621421143412590
0.60000002384185791000 -0.00370017508976161480
0.61000001430511474600 -0.00336518697440624237
0.62000000476837158200 -0.00298662902787327766
0.62999999523162841800 -0.00258092302829027176
0.63999998569488525400 -0.00211587408557534218
0.64999997615814209000 -0.00159815303049981594
0.66000002622604370100 -0.00105280696880072355
0.67000001668930053700 -0.00048303778748959303
0.68000000715255737300 0.00008907989831641316
0.68999999761581420900 0.00069961429107934237
0.69999998807907104500 0.00142456695903092623
0.70999997854232788100 0.00220202701166272163
0.72000002861022949200 0.00300930393859744072
0.73000001907348632800 0.00385523005388677120
0.74000000953674316400 0.00472689000889658928
0.75000000000000000000 0.00562667101621627808
0.75999999046325683600 0.00655677681788802147
0.76999998092651367200 0.00750775588676333428
0.77999997138977050800 0.00848445110023021698
0.79000002145767211900 0.00948318932205438614
0.80000001192092895500 0.01049999985843896870
0.81000000238418579100 0.01092492975294590000
0.81999999284744262700 0.01194301992654800420
0.82999998331069946300 0.01297423988580703740
0.83999997377395629900 0.01402753032743930820
0.85000002384185791000 0.01509223971515893940
0.86000001430511474600 0.01617394015192985530
0.87000000476837158200 0.01726976037025451660
0.87999999523162841800 0.01837939955294132230
0.88999998569488525400 0.01950238086283206940
0.89999997615814209000 0.02063818089663982390
0.91000002622604370100 0.02178578078746795650
0.92000001668930053700 0.02294898964464664460
0.93000000715255737300 0.02412091940641403200
0.93999999761581420900 0.02530946955084800720
0.94999998807907104500 0.02650873921811580660
0.95999997854232788100 0.02770893089473247530
0.97000002861022949200 0.02892472967505455020
0.98000001907348632800 0.03015515021979808810
0.99000000953674316400 0.03138624876737594600
1.00000000000000000000 0.03262899070978164670
