-1.00000000000000000000 -0.00586713198572397232
-0.99000000953674316400 -0.00585269602015614510
-0.98000001907348632800 -0.00583551777526736260
-0.97000002861022949200 -0.00584324402734637261
-0.95999997854232788100 -0.00583771197125315666
-0.94999998807907104500 -0.00582053791731595993
-0.93999999761581420900 -0.00582179008051753044
-0.93000000715255737300 -0.00583208119496703148
-0.92000001668930053700 -0.00584315182641148567
-0.91000002622604370100 -0.00585302896797657013
-0.89999997615814209000 -0.00585743784904479981
-0.88999998569488525400 -0.00584980705752968788
-0.87999999523162841800 -0.00583122996613383293
-0.87000000476837158200 -0.00584321608766913414
-0.86000001430511474600 -0.00583849195390939713
-0.85000002384185791000 -0.00582697009667754173
-0.83999997377395629900 -0.00583453103899955750
-0.82999998331069946300 -0.00584515510126948357
-0.81999999284744262700 -0.00585623085498809815
-0.81000000238418579100 -0.00586181506514549256
-0.80000001192092895500 -0.00587275298312306404
-0.79000002145767211900 -0.00585908303037285805
-0.77999997138977050800 -0.00584168592467904091
-0.76999998092651367200 -0.00584788294509053230
-0.75999999046325683600 -0.00584659911692142487
-0.75000000000000000000 -0.00583021901547908783
-0.74000000953674316400 -0.00582583108916878700
-0.73000001907348632800 -0.00583515921607613564
-0.72000002861022949200 -0.00583716202527284622
-0.70999997854232788100 -0.00583687005564570427
-0.69999998807907104500 -0.00584076019003987312
-0.68999999761581420900 -0.00582442479208111763
-0.68000000715255737300 -0.00580997904762625694
-0.67000001668930053700 -0.00581961218267679215
-0.66000002622604370100 -0.00580789707601070404
-0.64999997615814209000 -0.00579653307795524597
-0.63999998569488525400 -0.00580797996371984482
-0.62999999523162841800 -0.00581914884969592095
-0.62000000476837158200 -0.00583288399502635002
-0.61000001430511474600 -0.00584260094910860062
-0.60000002384185791000 -0.00584515091031789780
-0.58999997377395629900 -0.00583451008424162865
-0.57999998331069946300 -0.00582812586799263954
-0.56999999284744262700 -0.00583317922428250313
-0.56000000238418579100 -0.00582234514877200127
-0.55000001192092895500 -0.00581985805183649063
-0.54000002145767211900 -0.00582413095980882645
-0.52999997138977050800 -0.00584003701806068421
-0.51999998092651367200 -0.00585202407091856003
-0.50999999046325683600 -0.00585874402895569802
-0.50000000000000000000 -0.00585493305698037148
-0.49000000953674316400 -0.00583686213940382004
-0.47999998927116394000 -0.00583569193258881569
-0.46999999880790710400 -0.00583499297499656677
-0.46000000834465026800 -0.00581340491771697998
-0.44999998807907104500 -0.00580744212493300438
-0.43999999761581420900 -0.00581847596913576126
-0.43000000715255737300 -0.00582282198593020439
-0.41999998688697814900 -0.00582717312499880791
-0.40999999642372131300 -0.00583668285980820656
-0.40000000596046447700 -0.00582798803225159645
-0.38999998569488525400 -0.00580369681119918823
-0.37999999523162841800 -0.00581697095185518265
-0.37000000476837158200 -0.00581245217472314835
-0.36000001430511474600 -0.00579207297414541245
-0.34999999403953552200 -0.00579667789861559868
-0.34000000357627868600 -0.00580810802057385445
-0.33000001311302185100 -0.00582332583144307137
-0.31999999284744262700 -0.00582677917554974556
-0.31000000238418579100 -0.00583796203136444092
-0.30000001192092895500 -0.00582552608102560044
-0.28999999165534973100 -0.00580538623034954071
-0.28000000119209289500 -0.00581807503476738930
-0.27000001072883606000 -0.00581614999100565910
-0.25999999046325683600 -0.00579351605847477913
-0.25000000000000000000 -0.00579838780686259270
-0.23999999463558197000 -0.00581249780952930451
-0.23000000417232513400 -0.00581612484529614449
-0.21999999880790710400 -0.00582714518532156944
-0.20999999344348907500 -0.00582946883514523506
-0.20000000298023223900 -0.00581142585724592209
-0.18999999761581420900 -0.00579354679211974144
-0.18000000715255737300 -0.00580473104491829872
-0.17000000178813934300 -0.00579633377492427826
-0.15999999642372131300 -0.00576939200982451439
-0.15000000596046447800 -0.00577264605090022087
-0.14000000059604644800 -0.00577508984133601189
-0.12999999523162841800 -0.00578131107613444328
-0.11999999731779098500 -0.00579258101060986519
-0.10999999940395355200 -0.00580075290054082871
-0.10000000149011611900 -0.00578341213986277580
-0.09000000357627868650 -0.00577101483941078186
-0.07999999821186065670 -0.00578493298962712288
-0.07000000029802322390 -0.00577420415356755257
-0.05999999865889549260 -0.00576851982623338700
-0.05000000074505805970 -0.00577697576954960823
-0.03999999910593032840 -0.00578385777771472931
-0.02999999932944774630 -0.00579838082194328308
-0.01999999955296516420 -0.00580776203423738480
-0.00999999977648258210 -0.00580489495769143105
0.00000000000000000000 -0.00579567300155758858
0.00999999977648258210 -0.00578379118815064430
0.01999999955296516420 -0.00579478498548269272
0.02999999932944774630 -0.00578947598114609718
0.03999999910593032840 -0.00577206909656524658
0.05000000074505805970 -0.00577225210145115853
0.05999999865889549260 -0.00578098697587847710
0.07000000029802322390 -0.00578948808833956719
0.07999999821186065670 -0.00578909786418080330
0.09000000357627868650 -0.00579969398677349091
0.10000000149011611900 -0.00578398210927844048
0.10999999940395355200 -0.00575813185423612595
0.11999999731779098500 -0.00576949911192059517
0.12999999523162841800 -0.00576043408364057541
0.14000000059604644800 -0.00573857408016920090
0.15000000596046447800 -0.00573401385918259621
0.15999999642372131300 -0.00574565678834915161
0.17000000178813934300 -0.00575306080281734467
0.18000000715255737300 -0.00575840799137949944
0.18999999761581420900 -0.00576392188668251038
0.20000000298023223900 -0.00575094576925039292
0.20999999344348907500 -0.00572962593287229538
0.21999999880790710400 -0.00574354315176606178
0.23000000417232513400 -0.00573455914855003357
0.23999999463558197000 -0.00570998899638652802
0.25000000000000000000 -0.00571940187364816666
0.25999999046325683600 -0.00572516815736889839
0.27000001072883606000 -0.00573137216269969940
0.28000000119209289500 -0.00573605019599199295
0.28999999165534973100 -0.00573860201984643936
0.30000001192092895500 -0.00571469496935606003
0.31000000238418579100 -0.00569575885310769081
0.31999999284744262700 -0.00569527316838502884
0.33000001311302185100 -0.00568322418257594109
0.34000000357627868600 -0.00565956719219684601
0.34999999403953552200 -0.00565023487433791161
0.36000001430511474600 -0.00565253896638751030
0.37000000476837158200 -0.00564348697662353516
0.37999999523162841800 -0.00563379796221852303
0.38999998569488525400 -0.00562017690390348435
0.40000000596046447700 -0.00557982223108410835
0.40999999642372131300 -0.00556126981973648071
0.41999998688697814900 -0.00554476398974657059
0.43000000715255737300 -0.00550518184900283814
0.43999999761581420900 -0.00547937117516994476
0.44999998807907104500 -0.00545793399214744568
0.46000000834465026800 -0.00543130096048116684
0.46999999880790710400 -0.00541169103235006333
0.47999998927116394000 -0.00537603814154863358
0.49000000953674316400 -0.00532282702624797821
0.50000000000000000000 -0.00525025790557265282
0.50999999046325683600 -0.00518637616187334061
0.51999998092651367200 -0.00510357692837715149
0.52999997138977050800 -0.00499751791357994080
0.54000002145767211900 -0.00488039897754788399
0.55000001192092895500 -0.00475211720913648606
0.56000000238418579100 -0.00460134819149971008
0.56999999284744262700 -0.00442171003669500351
0.57999998331069946300 -0.00421239016577601433
0.58999997377395629900 -0.00394613808020949364
0.60000002384185791000 -0.00364127196371555328
0.61000001430511474600 -0.00331436493434011936
0.62000000476837158200 -0.00293158111162483692
0.62999999523162841800 -0.00249790702946484089
0.63999998569488525400 -0.00203382899053394795
0.64999997615814209000 -0.00152951898053288460
0.66000002622604370100 -0.00097065867157652974
0.67000001668930053700 -0.00040953420102596283
0.68000000715255737300 0.00013957120245322585
0.68999999761581420900 0.00081980740651488304
0.69999998807907104500 0.00153371703345328569
0.70999997854232788100 0.00228355592116713524
0.72000002861022949200 0.00304962997324764729
0.73000001907348632800 0.00384179688990116120
0.74000000953674316400 0.00465860404074192047
0.75000000000000000000 0.00549668399617075920
0.75999999046325683600 0.00636799400672316551
0.76999998092651367200 0.00725095020607113838
0.77999997138977050800 0.00815366953611373902
0.79000002145767211900 0.00907920580357313156
0.80000001192092895500 0.01001593004912137990
0.81000000238418579100 0.01040219981223344800
0.81999999284744262700 0.01134053990244865420
0.82999998331069946300 0.01228770986199378970
0.83999997377395629900 0.01324626989662647250
0.85000002384185791000 0.01421493012458086010
0.86000001430511474600 0.01520279981195926670
0.87000000476837158200 0.01620057038962841030
0.87999999523162841800 0.01719390973448753360
0.88999998569488525400 0.01820953935384750370
0.89999997615814209000 0.01923378929495811460
0.91000002622604370100 0.02026361040771007540
0.92000001668930053700 0.02130899019539356230
0.93000000715255737300 0.02234924025833606720
0.93999999761581420900 0.02340560033917427060
0.94999998807907104500 0.02446920983493328090
0.95999997854232788100 0.02553272992372512820
0.97000002861022949200 0.02661377936601638790
0.98000001907348632800 0.02771262079477310180
0.99000000953674316400 0.02881914936006069180
1.00000000000000000000 0.02990013919770717620
