-1.00000000000000000000 -0.00592784117907285690
-0.99000000953674316400 -0.00593490479514002800
-0.98000001907348632800 -0.00593001302331686020
-0.97000002861022949200 -0.00590919889509677887
-0.95999997854232788100 -0.00592109514400362969
-0.94999998807907104500 -0.00590925803408026695
-0.93999999761581420900 -0.00589321181178092957
-0.93000000715255737300 -0.00590424519032239914
-0.92000001668930053700 -0.00591847719624638558
-0.91000002622604370100 -0.00591986998915672302
-0.89999997615814209000 -0.00593343609943985939
-0.88999998569488525400 -0.00593731878325343132
-0.87999999523162841800 -0.00591391511261463166
-0.87000000476837158200 -0.00592376897111535072
-0.86000001430511474600 -0.00592934014275670052
-0.85000002384185791000 -0.00590300001204013825
-0.83999997377395629900 -0.00590991182252764702
-0.82999998331069946300 -0.00592505978420376778
-0.81999999284744262700 -0.00592997018247842789
-0.81000000238418579100 -0.00594145292416214943
-0.80000001192092895500 -0.00595810217782855034
-0.79000002145767211900 -0.00594027806073427200
-0.77999997138977050800 -0.00592432683333754540
-0.76999998092651367200 -0.00593955209478735924
-0.75999999046325683600 -0.00592411123216152191
-0.75000000000000000000 -0.00590750109404325485
-0.74000000953674316400 -0.00591175304725766182
-0.73000001907348632800 -0.00590901821851730347
-0.72000002861022949200 -0.00592155987396836281
-0.70999997854232788100 -0.00592494104057550430
-0.69999998807907104500 -0.00591994682326912880
-0.68999999761581420900 -0.00590761611238121987
-0.68000000715255737300 -0.00588409090414643288
-0.67000001668930053700 -0.00588584085926413536
-0.66000002622604370100 -0.00588366901502013207
-0.64999997615814209000 -0.00586296478286385536
-0.63999998569488525400 -0.00586423603817820549
-0.62999999523162841800 -0.00588093604892492294
-0.62000000476837158200 -0.00589133007451891899
-0.61000001430511474600 -0.00589658413082361222
-0.60000002384185791000 -0.00591133814305067063
-0.58999997377395629900 -0.00589316897094249726
-0.57999998331069946300 -0.00588356982916593552
-0.56999999284744262700 -0.00589959509670734406
-0.56000000238418579100 -0.00588099798187613487
-0.55000001192092895500 -0.00587171316146850586
-0.54000002145767211900 -0.00588619615882635117
-0.52999997138977050800 -0.00589016592130064964
-0.51999998092651367200 -0.00589710799977183342
-0.50999999046325683600 -0.00591683713719248772
-0.50000000000000000000 -0.00589807098731398583
-0.49000000953674316400 -0.00588188087567687035
-0.47999998927116394000 -0.00590030616149306298
-0.46999999880790710400 -0.00588357308879494667
-0.46000000834465026800 -0.00586654013022780419
-0.44999998807907104500 -0.00587501702830195427
-0.43999999761581420900 -0.00587380584329366684
-0.43000000715255737300 -0.00588161777704954148
-0.41999998688697814900 -0.00590020976960659027
-0.40999999642372131300 -0.00589328492060303688
-0.40000000596046447700 -0.00588078284636139870
-0.38999998569488525400 -0.00587227987125515938
-0.37999999523162841800 -0.00586846005171537400
-0.37000000476837158200 -0.00586895877495408058
-0.36000001430511474600 -0.00585525389760732651
-0.34999999403953552200 -0.00585143081843852997
-0.34000000357627868600 -0.00586712593212723732
-0.33000001311302185100 -0.00588343478739261627
-0.31999999284744262700 -0.00587882287800312042
-0.31000000238418579100 -0.00589438993483781815
-0.30000001192092895500 -0.00588858593255281449
-0.28999999165534973100 -0.00586894107982516289
-0.28000000119209289500 -0.00588235817849636078
-0.27000001072883606000 -0.00587692391127347946
-0.25999999046325683600 -0.00586334709078073502
-0.25000000000000000000 -0.00587248010560870171
-0.23999999463558197000 -0.00588605320081114769
-0.23000000417232513400 -0.00588745204731822014
-0.21999999880790710400 -0.00590270385146141052
-0.20999999344348907500 -0.00589874386787414551
-0.20000000298023223900 -0.00587447499856352806
-0.18999999761581420900 -0.00587749993428587914
-0.18000000715255737300 -0.00587046705186367035
-0.17000000178813934300 -0.00584274204447865486
-0.15999999642372131300 -0.00584357976913452149
-0.15000000596046447800 -0.00584662286564707756
-0.14000000059604644800 -0.00584323983639478684
-0.12999999523162841800 -0.00585400080308318138
-0.11999999731779098500 -0.00585529906675219536
-0.10999999940395355200 -0.00583950197324156761
-0.10000000149011611900 -0.00582319078966975212
-0.09000000357627868650 -0.00583124114200472832
-0.07999999821186065670 -0.00581995490938425064
-0.07000000029802322390 -0.00580980814993381500
-0.05999999865889549260 -0.00581360887736082077
-0.05000000074505805970 -0.00581519305706024170
-0.03999999910593032840 -0.00583803607150912285
-0.02999999932944774630 -0.00584079697728157044
-0.01999999955296516420 -0.00584654184058308602
-0.00999999977648258210 -0.00584276299923658371
0.00000000000000000000 -0.00582455983385443688
0.00999999977648258210 -0.00582620501518249512
0.01999999955296516420 -0.00583159318193793297
0.02999999932944774630 -0.00581996701657772064
0.03999999910593032840 -0.00580353895202279091
0.05000000074505805970 -0.00582074187695980072
0.05999999865889549260 -0.00583309214562177658
0.07000000029802322390 -0.00582832610234618187
0.07999999821186065670 -0.00584120396524667740
0.09000000357627868650 -0.00583525421097874642
0.10000000149011611900 -0.00579970981925725937
0.10999999940395355200 -0.00581514602527022362
0.11999999731779098500 -0.00581282097846269608
0.12999999523162841800 -0.00578043796122074127
0.14000000059604644800 -0.00578425684943795204
0.15000000596046447800 -0.00578837515786290169
0.15999999642372131300 -0.00578462798148393631
0.17000000178813934300 -0.00579072209075093270
0.18000000715255737300 -0.00579854520037770272
0.18999999761581420900 -0.00577423023059964180
0.20000000298023223900 -0.00575505802407860756
0.20999999344348907500 -0.00576391490176320076
0.21999999880790710400 -0.00574515480548143387
0.23000000417232513400 -0.00572525802999734879
0.23999999463558197000 -0.00572116207331418991
0.25000000000000000000 -0.00571944704279303551
0.25999999046325683600 -0.00571678206324577332
0.27000001072883606000 -0.00571419717743992806
0.28000000119209289500 -0.00569391483440995217
0.28999999165534973100 -0.00566925620660185814
0.30000001192092895500 -0.00562643306329846382
0.31000000238418579100 -0.00560178514569997788
0.31999999284744262700 -0.00556569779291749001
0.33000001311302185100 -0.00551370298489928246
0.34000000357627868600 -0.00546715687960386276
0.34999999403953552200 -0.00542308110743761063
0.36000001430511474600 -0.00536694377660751343
0.37000000476837158200 -0.00529572088271379471
0.37999999523162841800 -0.00522198900580406189
0.38999998569488525400 -0.00512319104745984078
0.40000000596046447700 -0.00502131879329681397
0.40999999642372131300 -0.00492229312658309937
0.41999998688697814900 -0.00479980511590838432
0.43000000715255737300 -0.00467253290116786957
0.43999999761581420900 -0.00455202721059322357
0.44999998807907104500 -0.00441969418898224831
0.46000000834465026800 -0.00428222306072711945
0.46999999880790710400 -0.00414043897762894631
0.47999998927116394000 -0.00398214720189571381
0.49000000953674316400 -0.00381755596026778221
0.50000000000000000000 -0.00365824298933148384
0.50999999046325683600 -0.00348705705255270004
0.51999998092651367200 -0.00330789294093847275
0.52999997138977050800 -0.00313321896828711033
0.54000002145767211900 -0.00295306788757443428
0.55000001192092895500 -0.00277080200612545014
0.56000000238418579100 -0.00258667906746268272
0.56999999284744262700 -0.00239490298554301262
0.57999998331069946300 -0.00219788704998791218
0.58999997377395629900 -0.00199903408065438271
0.60000002384185791000 -0.00179986096918582916
0.61000001430511474600 -0.00159722496755421162
0.62000000476837158200 -0.00139122095424681902
0.62999999523162841800 -0.00118488701991736889
0.63999998569488525400 -0.00093545921845361590
0.64999997615814209000 -0.00073492922820150852
0.66000002622604370100 -0.00053197221131995320
0.67000001668930053700 -0.00032875948818400502
0.68000000715255737300 -0.00012689729919657111
0.68999999761581420900 0.00007542863750131801
0.69999998807907104500 0.00028412329265847802
0.70999997854232788100 0.00049115129513666034
0.72000002861022949200 0.00069785921368747950
0.73000001907348632800 0.00090768671361729503
0.74000000953674316400 0.00117093604058027267
0.75000000000000000000 0.00139314203988760710
0.75999999046325683600 0.00161574594676494598
0.76999998092651367200 0.00183834403287619352
0.77999997138977050800 0.00206203898414969444
0.79000002145767211900 0.00228718295693397522
0.80000001192092895500 0.00251401495188474655
0.81000000238418579100 0.00274214590899646282
0.81999999284744262700 0.00296973204240202904
0.82999998331069946300 0.00319805997423827648
0.83999997377395629900 0.00342801306396722794
0.85000002384185791000 0.00365719106048345566
0.86000001430511474600 0.00388683401979506016
0.87000000476837158200 0.00411690399050712586
0.87999999523162841800 0.00434743799269199371
0.88999998569488525400 0.00457881111651659012
0.89999997615814209000 0.00481182616204023361
0.91000002622604370100 0.00504427496343851090
0.92000001668930053700 0.00527659803628921509
0.93000000715255737300 0.00550937000662088394
0.93999999761581420900 0.00574327912181615830
0.94999998807907104500 0.00597654283046722412
0.95999997854232788100 0.00621009012684226036
0.97000002861022949200 0.00644445000216364861
0.98000001907348632800 0.00667913304641842842
0.99000000953674316400 0.00691423518583178520
1.00000000000000000000 0.00714972382411360741
