-1.00000000000000000000 -0.00589443789795041084
-0.99000000953674316400 -0.00587017321959137917
-0.98000001907348632800 -0.00587868597358465195
-0.97000002861022949200 -0.00587248522788286209
-0.95999997854232788100 -0.00584409618750214577
-0.94999998807907104500 -0.00585014792159199715
-0.93999999761581420900 -0.00585513515397906304
-0.93000000715255737300 -0.00585530884563922882
-0.92000001668930053700 -0.00586502719670534134
-0.91000002622604370100 -0.00587033806368708611
-0.89999997615814209000 -0.00584386801347136498
-0.88999998569488525400 -0.00584040721878409386
-0.87999999523162841800 -0.00584978796541690827
-0.87000000476837158200 -0.00584455905482172966
-0.86000001430511474600 -0.00583863491192460060
-0.85000002384185791000 -0.00584538420662283898
-0.83999997377395629900 -0.00585673190653324127
-0.82999998331069946300 -0.00587052479386329651
-0.81999999284744262700 -0.00588178494945168495
-0.81000000238418579100 -0.00587856303900480271
-0.80000001192092895500 -0.00586383603513240814
-0.79000002145767211900 -0.00586802093312144280
-0.77999997138977050800 -0.00586756179109215737
-0.76999998092651367200 -0.00584441795945167542
-0.75999999046325683600 -0.00584910716861486435
-0.75000000000000000000 -0.00586338993161916733
-0.74000000953674316400 -0.00587411178275942803
-0.73000001907348632800 -0.00588025618344545365
-0.72000002861022949200 -0.00588698778301477432
-0.70999997854232788100 -0.00588154001161456108
-0.69999998807907104500 -0.00585845578461885452
-0.68999999761581420900 -0.00586892105638980866
-0.68000000715255737300 -0.00586298480629920960
-0.67000001668930053700 -0.00583502696827054024
-0.66000002622604370100 -0.00584501679986715317
-0.64999997615814209000 -0.00585070718079805374
-0.63999998569488525400 -0.00585480080917477608
-0.62999999523162841800 -0.00586387887597084046
-0.62000000476837158200 -0.00587229197844862938
-0.61000001430511474600 -0.00585505180060863495
-0.60000002384185791000 -0.00584642402827739716
-0.58999997377395629900 -0.00585891818627715111
-0.57999998331069946300 -0.00584817910566926003
-0.56999999284744262700 -0.00583761185407638550
-0.56000000238418579100 -0.00584486406296491623
-0.55000001192092895500 -0.00585669185966253281
-0.54000002145767211900 -0.00586499879136681557
-0.52999997138977050800 -0.00588164478540420532
-0.51999998092651367200 -0.00587562890723347664
-0.50999999046325683600 -0.00585787277668714524
-0.50000000000000000000 -0.00586550077423453331
-0.49000000953674316400 -0.00586542906239628792
-0.47999998927116394000 -0.00585131393745541573
-0.46999999880790710400 -0.00584703590720891953
-0.46000000834465026800 -0.00585319614037871361
-0.44999998807907104500 -0.00586325488984584809
-0.43999999761581420900 -0.00586976716294884682
-0.43000000715255737300 -0.00587235111743211746
-0.41999998688697814900 -0.00586082506924867630
-0.40999999642372131300 -0.00582697708159685135
-0.40000000596046447700 -0.00583824981003999710
-0.38999998569488525400 -0.00583172217011451721
-0.37999999523162841800 -0.00580153102055191994
-0.37000000476837158200 -0.00580984819680452347
-0.36000001430511474600 -0.00581809086725115776
-0.34999999403953552200 -0.00582305714488029480
-0.34000000357627868600 -0.00583500321954488754
-0.33000001311302185100 -0.00584264798089861870
-0.31999999284744262700 -0.00583143904805183411
-0.31000000238418579100 -0.00582147901877760887
-0.30000001192092895500 -0.00583244580775499344
-0.28999999165534973100 -0.00582484900951385498
-0.28000000119209289500 -0.00581624312326312065
-0.27000001072883606000 -0.00582243315875530243
-0.25999999046325683600 -0.00583636201918125153
-0.25000000000000000000 -0.00584204494953155518
-0.23999999463558197000 -0.00585498102009296417
-0.23000000417232513400 -0.00585339777171611786
-0.21999999880790710400 -0.00583549682050943375
-0.20999999344348907500 -0.00583595409989356995
-0.20000000298023223900 -0.00584072479978203774
-0.18999999761581420900 -0.00582396704703569412
-0.18000000715255737300 -0.00581935187801718712
-0.17000000178813934300 -0.00583132496103644371
-0.15999999642372131300 -0.00584221119061112404
-0.15000000596046447800 -0.00584725895896553993
-0.14000000059604644800 -0.00585584202781319618
-0.12999999523162841800 -0.00584524590522050858
-0.11999999731779098500 -0.00581668782979249954
-0.10999999940395355200 -0.00582469580695033074
-0.10000000149011611900 -0.00582076702266931534
-0.09000000357627868650 -0.00579050183296203613
-0.07999999821186065670 -0.00580258620902895928
-0.07000000029802322390 -0.00580574199557304382
-0.05999999865889549260 -0.00581445312127470970
-0.05000000074505805970 -0.00582786696031689644
-0.03999999910593032840 -0.00583803188055753708
-0.02999999932944774630 -0.00582127599045634270
-0.01999999955296516420 -0.00580933922901749611
-0.00999999977648258210 -0.00582430418580770493
0.00000000000000000000 -0.00581489177420735359
0.00999999977648258210 -0.00580541789531707764
0.01999999955296516420 -0.00580128980800509453
0.02999999932944774630 -0.00580721581354737282
0.03999999910593032840 -0.00582011882215738297
0.05000000074505805970 -0.00583404721692204476
0.05999999865889549260 -0.00583591079339385033
0.07000000029802322390 -0.00583155779168009758
0.07999999821186065670 -0.00581015599891543389
0.09000000357627868650 -0.00581415509805083275
0.10000000149011611900 -0.00580790080130100250
0.10999999940395355200 -0.00579110207036137581
0.11999999731779098500 -0.00578484497964382172
0.12999999523162841800 -0.00578795885667204857
0.14000000059604644800 -0.00579968607053160668
0.15000000596046447800 -0.00579777406528592110
0.15999999642372131300 -0.00580087210983037949
0.17000000178813934300 -0.00578390201553702355
0.18000000715255737300 -0.00576278287917375565
0.18999999761581420900 -0.00577082298696041107
0.20000000298023223900 -0.00576354097574949265
0.20999999344348907500 -0.00574246421456336975
0.21999999880790710400 -0.00574891082942485810
0.23000000417232513400 -0.00575759820640087128
0.23999999463558197000 -0.00576561596244573593
0.25000000000000000000 -0.00578024704009294510
0.25999999046325683600 -0.00578028708696365357
0.27000001072883606000 -0.00576812494546175003
0.28000000119209289500 -0.00575391296297311783
0.28999999165534973100 -0.00576217798516154289
0.30000001192092895500 -0.00575165217742323876
0.31000000238418579100 -0.00573724694550037384
0.31999999284744262700 -0.00573766417801380158
0.33000001311302185100 -0.00574584910646080971
0.34000000357627868600 -0.00575404521077871323
0.34999999403953552200 -0.00575467990711331368
0.36000001430511474600 -0.00574789009988307953
0.37000000476837158200 -0.00572475604712963104
0.37999999523162841800 -0.00570775987580418587
0.38999998569488525400 -0.00570543901994824410
0.40000000596046447700 -0.00568016199395060539
0.40999999642372131300 -0.00565841887146234512
0.41999998688697814900 -0.00565693294629454613
0.43000000715255737300 -0.00565186096355319023
0.43999999761581420900 -0.00563599914312362671
0.44999998807907104500 -0.00562643678858876228
0.46000000834465026800 -0.00559030985459685326
0.46999999880790710400 -0.00554285990074276924
0.47999998927116394000 -0.00552108185365796089
0.49000000953674316400 -0.00547877000644803047
0.50000000000000000000 -0.00541533483192324639
0.50999999046325683600 -0.00535990577191114426
0.51999998092651367200 -0.00530072487890720368
0.52999997138977050800 -0.00522263580933213234
0.54000002145767211900 -0.00512122921645641327
0.55000001192092895500 -0.00500174099579453468
0.56000000238418579100 -0.00484045315533876419
0.56999999284744262700 -0.00463659083470702171
0.57999998331069946300 -0.00443257018923759461
0.58999997377395629900 -0.00417491607367992401
0.60000002384185791000 -0.00387045997194945812
0.61000001430511474600 -0.00354569102637469769
0.62000000476837158200 -0.00318028801120817661
0.62999999523162841800 -0.00277689308859407902
0.63999998569488525400 -0.00233237794600427151
0.64999997615814209000 -0.00184871000237762928
0.66000002622604370100 -0.00132718100212514401
0.67000001668930053700 -0.00077263102866709232
0.68000000715255737300 -0.00023015290207695216
0.68999999761581420900 0.00033044538577087224
0.69999998807907104500 0.00096411950653418899
0.70999997854232788100 0.00164220400620251894
0.72000002861022949200 0.00232486403547227383
0.73000001907348632800 0.00303446804173290730
0.74000000953674316400 0.00376360304653644562
0.75000000000000000000 0.00451246695592999458
0.75999999046325683600 0.00527994381263852120
0.76999998092651367200 0.00606423197314143181
0.77999997138977050800 0.00686695612967014313
0.79000002145767211900 0.00768640497699379921
0.80000001192092895500 0.00852070469409227372
0.81000000238418579100 0.00937298964709043503
0.81999999284744262700 0.01024383027106523510
0.82999998331069946300 0.01054755039513111110
0.83999997377395629900 0.01140831038355827330
0.85000002384185791000 0.01228404976427555080
0.86000001430511474600 0.01317587960511446000
0.87000000476837158200 0.01408105995506048200
0.87999999523162841800 0.01499287970364093780
0.88999998569488525400 0.01592566072940826420
0.89999997615814209000 0.01686833985149860380
0.91000002622604370100 0.01781962066888809200
0.92000001668930053700 0.01878831908106803890
0.93000000715255737300 0.01976788975298404690
0.93999999761581420900 0.02076368033885955810
0.94999998807907104500 0.02176998928189277650
0.95999997854232788100 0.02278251945972442630
0.97000002861022949200 0.02380626089870929720
0.98000001907348632800 0.02483258955180644990
0.99000000953674316400 0.02587671019136905670
1.00000000000000000000 0.02693334035575389860
