-1.00000000000000000000 -0.00574947800487279892
-0.99000000953674316400 -0.00575533602386713028
-0.98000001907348632800 -0.00575057696551084519
-0.97000002861022949200 -0.00574332708492875099
-0.95999997854232788100 -0.00574227701872587204
-0.94999998807907104500 -0.00574912689626216889
-0.93999999761581420900 -0.00576568208634853363
-0.93000000715255737300 -0.00576117821037769318
-0.92000001668930053700 -0.00576653005555272103
-0.91000002622604370100 -0.00575648294761776924
-0.89999997615814209000 -0.00573536287993192673
-0.88999998569488525400 -0.00574375921860337258
-0.87999999523162841800 -0.00574751710519194603
-0.87000000476837158200 -0.00572652602568268776
-0.86000001430511474600 -0.00573704997077584267
-0.85000002384185791000 -0.00575909810140728951
-0.83999997377395629900 -0.00575990322977304459
-0.82999998331069946300 -0.00577043695375323296
-0.81999999284744262700 -0.00577816879376769066
-0.81000000238418579100 -0.00575935002416372299
-0.80000001192092895500 -0.00576255517080426216
-0.79000002145767211900 -0.00577189214527606964
-0.77999997138977050800 -0.00575017696246504784
-0.76999998092651367200 -0.00574752409011125565
-0.75999999046325683600 -0.00576177099719643593
-0.75000000000000000000 -0.00576534308493137360
-0.74000000953674316400 -0.00577747682109475136
-0.73000001907348632800 -0.00579077983275055886
-0.72000002861022949200 -0.00577401323243975640
-0.70999997854232788100 -0.00575282378122210503
-0.69999998807907104500 -0.00576614914461970330
-0.68999999761581420900 -0.00574442697688937187
-0.68000000715255737300 -0.00572594488039612770
-0.67000001668930053700 -0.00572909414768218994
-0.66000002622604370100 -0.00571867683902382851
-0.64999997615814209000 -0.00573219405487179756
-0.63999998569488525400 -0.00573849305510520935
-0.62999999523162841800 -0.00573318498209118843
-0.62000000476837158200 -0.00572713091969490051
-0.61000001430511474600 -0.00571076292544603348
-0.60000002384185791000 -0.00570697290822863579
-0.58999997377395629900 -0.00570960296317934990
-0.57999998331069946300 -0.00570294400677084923
-0.56999999284744262700 -0.00570019800215959549
-0.56000000238418579100 -0.00571942515671253205
-0.55000001192092895500 -0.00573344016447663307
-0.54000002145767211900 -0.00573270721361041069
-0.52999997138977050800 -0.00574479997158050537
-0.51999998092651367200 -0.00574115896597504616
-0.50999999046325683600 -0.00571758579462766648
-0.50000000000000000000 -0.00573506997898221016
-0.49000000953674316400 -0.00572843197733163834
-0.47999998927116394000 -0.00570440804585814476
-0.46999999880790710400 -0.00571678811684250832
-0.46000000834465026800 -0.00572581216692924500
-0.44999998807907104500 -0.00572740286588668823
-0.43999999761581420900 -0.00573970004916191101
-0.43000000715255737300 -0.00574038317427039147
-0.41999998688697814900 -0.00571694690734148026
-0.40999999642372131300 -0.00571485515683889389
-0.40000000596046447700 -0.00571813713759183884
-0.38999998569488525400 -0.00569924619048833847
-0.37999999523162841800 -0.00569865014404058457
-0.37000000476837158200 -0.00570153398439288140
-0.36000001430511474600 -0.00570746092125773430
-0.34999999403953552200 -0.00572004681453108788
-0.34000000357627868600 -0.00572515698149800301
-0.33000001311302185100 -0.00571103906258940697
-0.31999999284744262700 -0.00570301897823810578
-0.31000000238418579100 -0.00570666603744029999
-0.30000001192092895500 -0.00570217892527580261
-0.28999999165534973100 -0.00569176813587546349
-0.28000000119209289500 -0.00569393578916788101
-0.27000001072883606000 -0.00570365693420171738
-0.25999999046325683600 -0.00571779813617467880
-0.25000000000000000000 -0.00572763895615935326
-0.23999999463558197000 -0.00573283201083540917
-0.23000000417232513400 -0.00573180010542273522
-0.21999999880790710400 -0.00571073777973651886
-0.20999999344348907500 -0.00571695901453495026
-0.20000000298023223900 -0.00571558997035026550
-0.18999999761581420900 -0.00569749111309647560
-0.18000000715255737300 -0.00569897377863526344
-0.17000000178813934300 -0.00570733705535531044
-0.15999999642372131300 -0.00571152893826365471
-0.15000000596046447800 -0.00571628380566835404
-0.14000000059604644800 -0.00572126079350709915
-0.12999999523162841800 -0.00569854490458965302
-0.11999999731779098500 -0.00567803904414176941
-0.10999999940395355200 -0.00568669801577925682
-0.10000000149011611900 -0.00567027321085333824
-0.09000000357627868650 -0.00565074803307652474
-0.07999999821186065670 -0.00565480114892125130
-0.07000000029802322390 -0.00565443700179457665
-0.05999999865889549260 -0.00566219212487339974
-0.05000000074505805970 -0.00567325297743082047
-0.03999999910593032840 -0.00566707178950309754
-0.02999999932944774630 -0.00565667822957038880
-0.01999999955296516420 -0.00565625494346022606
-0.00999999977648258210 -0.00565244397148489952
0.00000000000000000000 -0.00564268697053194046
0.00999999977648258210 -0.00564095797017216683
0.01999999955296516420 -0.00564532401040196419
0.02999999932944774630 -0.00564726116135716438
0.03999999910593032840 -0.00566298794001340866
0.05000000074505805970 -0.00566760916262865067
0.05999999865889549260 -0.00566750718280673027
0.07000000029802322390 -0.00565956113860011101
0.07999999821186065670 -0.00563899707049131394
0.09000000357627868650 -0.00563787110149860382
0.10000000149011611900 -0.00563556980341672898
0.10999999940395355200 -0.00562170008197426796
0.11999999731779098500 -0.00561778200790286064
0.12999999523162841800 -0.00562920514494180680
0.14000000059604644800 -0.00563190598040819168
0.15000000596046447800 -0.00562901189550757408
0.15999999642372131300 -0.00563080795109272003
0.17000000178813934300 -0.00560912815853953362
0.18000000715255737300 -0.00559885008260607720
0.18999999761581420900 -0.00559850316494703293
0.20000000298023223900 -0.00557216396555304527
0.20999999344348907500 -0.00555694196373224259
0.21999999880790710400 -0.00555873801931738854
0.23000000417232513400 -0.00555128697305917740
0.23999999463558197000 -0.00555138802155852318
0.25000000000000000000 -0.00554832117632031441
0.25999999046325683600 -0.00552312890067696572
0.27000001072883606000 -0.00549229979515075684
0.28000000119209289500 -0.00548287900164723396
0.28999999165534973100 -0.00544956093654036522
0.30000001192092895500 -0.00540965283289551735
0.31000000238418579100 -0.00538417417556047440
0.31999999284744262700 -0.00534477783367037773
0.33000001311302185100 -0.00531194591894745827
0.34000000357627868600 -0.00527070509269833565
0.34999999403953552200 -0.00521300407126545906
0.36000001430511474600 -0.00513618392869830132
0.37000000476837158200 -0.00505754211917519570
0.37999999523162841800 -0.00497608212754130364
0.38999998569488525400 -0.00488647678866982460
0.40000000596046447700 -0.00478530116379261017
0.40999999642372131300 -0.00467752898111939430
0.41999998688697814900 -0.00457287579774856568
0.43000000715255737300 -0.00446046190336346626
0.43999999761581420900 -0.00433305511251091957
0.44999998807907104500 -0.00420281011611223221
0.46000000834465026800 -0.00406317692250013352
0.46999999880790710400 -0.00391040788963437080
0.47999998927116394000 -0.00376622495241463184
0.49000000953674316400 -0.00361260096542537212
0.50000000000000000000 -0.00344956200569868088
0.50999999046325683600 -0.00329220597632229328
0.51999998092651367200 -0.00313361501321196556
0.52999997138977050800 -0.00296705402433872223
0.54000002145767211900 -0.00279976590536534786
0.55000001192092895500 -0.00262963911518454552
0.56000000238418579100 -0.00244695600122213364
0.56999999284744262700 -0.00226831203326582909
0.57999998331069946300 -0.00208918796852231026
0.58999997377395629900 -0.00189979898277670145
0.60000002384185791000 -0.00171480001881718636
0.61000001430511474600 -0.00152895401697605848
0.62000000476837158200 -0.00133902602829039097
0.62999999523162841800 -0.00115007499698549509
0.63999998569488525400 -0.00091214280109852552
0.64999997615814209000 -0.00072477472713217139
0.66000002622604370100 -0.00053967989515513182
0.67000001668930053700 -0.00035342990304343402
0.68000000715255737300 -0.00016257440438494086
0.68999999761581420900 0.00002802980088745244
0.69999998807907104500 0.00021758359798695892
0.70999997854232788100 0.00041005160892382264
0.72000002861022949200 0.00060310121625661850
0.73000001907348632800 0.00079764088150113821
0.74000000953674316400 0.00099458487238734961
0.75000000000000000000 0.00127575197257101536
0.75999999046325683600 0.00148205098230391741
0.76999998092651367200 0.00168510095681995153
0.77999997138977050800 0.00189271394629031420
0.79000002145767211900 0.00210703304037451744
0.80000001192092895500 0.00231362297199666500
0.81000000238418579100 0.00252549489960074425
0.81999999284744262700 0.00273333210498094559
0.82999998331069946300 0.00294091692194342613
0.83999997377395629900 0.00315483310259878636
0.85000002384185791000 0.00336659909226000309
0.86000001430511474600 0.00357855111360549927
0.87000000476837158200 0.00379560398869216442
0.87999999523162841800 0.00401007477194070816
0.88999998569488525400 0.00422067008912563324
0.89999997615814209000 0.00443559512495994568
0.91000002622604370100 0.00465356511995196343
0.92000001668930053700 0.00486901495605707169
0.93000000715255737300 0.00508271018043160439
0.93999999761581420900 0.00527413608506321907
0.94999998807907104500 0.00549105601385235787
0.95999997854232788100 0.00570697803050279618
0.97000002861022949200 0.00592428818345069885
0.98000001907348632800 0.00614230707287788391
0.99000000953674316400 0.00635895319283008576
1.00000000000000000000 0.00657700002193450928
