-1.00000000000000000000 -0.00564420595765113831
-0.99000000953674316400 -0.00564446114003658295
-0.98000001907348632800 -0.00563240377232432366
-0.97000002861022949200 -0.00564236380159854889
-0.95999997854232788100 -0.00567238219082355499
-0.94999998807907104500 -0.00566667504608631134
-0.93999999761581420900 -0.00568006001412868500
-0.93000000715255737300 -0.00568383093923330307
-0.92000001668930053700 -0.00565194012597203255
-0.91000002622604370100 -0.00566842686384916306
-0.89999997615814209000 -0.00567759480327367783
-0.88999998569488525400 -0.00564567511901259422
-0.87999999523162841800 -0.00565483979880809784
-0.87000000476837158200 -0.00568170798942446709
-0.86000001430511474600 -0.00567388394847512245
-0.85000002384185791000 -0.00569252390414476395
-0.83999997377395629900 -0.00570878712460398674
-0.82999998331069946300 -0.00567635009065270424
-0.81999999284744262700 -0.00567127112299203873
-0.81000000238418579100 -0.00568353896960616112
-0.80000001192092895500 -0.00566105684265494347
-0.79000002145767211900 -0.00565570686012506485
-0.77999997138977050800 -0.00567003106698393822
-0.76999998092651367200 -0.00566646410152316094
-0.75999999046325683600 -0.00568742910400032997
-0.75000000000000000000 -0.00569992419332265854
-0.74000000953674316400 -0.00568430498242378235
-0.73000001907348632800 -0.00566855398938059807
-0.72000002861022949200 -0.00567241897806525231
-0.70999997854232788100 -0.00565702794119715691
-0.69999998807907104500 -0.00564570305868983269
-0.68999999761581420900 -0.00564650120213627815
-0.68000000715255737300 -0.00564562715590000153
-0.67000001668930053700 -0.00566676585003733635
-0.66000002622604370100 -0.00566909089684486389
-0.64999997615814209000 -0.00567744905129075051
-0.63999998569488525400 -0.00567470816895365715
-0.62999999523162841800 -0.00565163418650627136
-0.62000000476837158200 -0.00565904704853892327
-0.61000001430511474600 -0.00567159987986087799
-0.60000002384185791000 -0.00564176915213465691
-0.58999997377395629900 -0.00564459804445505142
-0.57999998331069946300 -0.00566821917891502381
-0.56999999284744262700 -0.00566696701571345329
-0.56000000238418579100 -0.00567407114431262016
-0.55000001192092895500 -0.00569654721766710282
-0.54000002145767211900 -0.00566992815583944321
-0.52999997138977050800 -0.00565089983865618706
-0.51999998092651367200 -0.00567318219691514969
-0.50999999046325683600 -0.00564485089853405953
-0.50000000000000000000 -0.00563576677814126015
-0.49000000953674316400 -0.00565394479781389237
-0.47999998927116394000 -0.00564271910116076470
-0.46999999880790710400 -0.00565636204555630684
-0.46000000834465026800 -0.00567355798557400704
-0.44999998807907104500 -0.00565832108259201050
-0.43999999761581420900 -0.00564189488068223000
-0.43000000715255737300 -0.00564500922337174416
-0.41999998688697814900 -0.00562797719612717629
-0.40999999642372131300 -0.00562224676832556725
-0.40000000596046447700 -0.00562721304595470429
-0.38999998569488525400 -0.00561959389597177506
-0.37999999523162841800 -0.00564093096181750298
-0.37000000476837158200 -0.00566186103969812393
-0.36000001430511474600 -0.00565747777000069618
-0.34999999403953552200 -0.00566456420347094536
-0.34000000357627868600 -0.00565750896930694580
-0.33000001311302185100 -0.00564525183290243149
-0.31999999284744262700 -0.00565582793205976486
-0.31000000238418579100 -0.00564892496913671494
-0.30000001192092895500 -0.00563295697793364525
-0.28999999165534973100 -0.00564995594322681427
-0.28000000119209289500 -0.00566519703716039658
-0.27000001072883606000 -0.00566014181822538376
-0.25999999046325683600 -0.00567820109426975250
-0.25000000000000000000 -0.00568050518631935120
-0.23999999463558197000 -0.00564192701131105423
-0.23000000417232513400 -0.00565939489752054215
-0.21999999880790710400 -0.00565878301858901978
-0.20999999344348907500 -0.00562568381428718567
-0.20000000298023223900 -0.00563288386911153794
-0.18999999761581420900 -0.00564549909904599190
-0.18000000715255737300 -0.00564526999369263649
-0.17000000178813934300 -0.00565719883888959885
-0.15999999642372131300 -0.00566934607923030853
-0.15000000596046447800 -0.00564621994271874428
-0.14000000059604644800 -0.00563265522941946984
-0.12999999523162841800 -0.00564548512920737267
-0.11999999731779098500 -0.00562374107539653778
-0.10999999940395355200 -0.00561484508216381073
-0.10000000149011611900 -0.00561575591564178467
-0.09000000357627868650 -0.00561611121520400047
-0.07999999821186065670 -0.00563334207981824875
-0.07000000029802322390 -0.00564218917861580849
-0.05999999865889549260 -0.00564344786107540131
-0.05000000074505805970 -0.00563729600980877876
-0.03999999910593032840 -0.00561511097475886345
-0.02999999932944774630 -0.00561546999961137772
-0.01999999955296516420 -0.00562251219525933266
-0.00999999977648258210 -0.00560150900855660439
0.00000000000000000000 -0.00560133578255772591
0.00999999977648258210 -0.00561021082103252411
0.01999999955296516420 -0.00562526285648345947
0.02999999932944774630 -0.00561594776809215546
0.03999999910593032840 -0.00563483685255050659
0.05000000074505805970 -0.00562410708516836167
0.05999999865889549260 -0.00559205003082752228
0.07000000029802322390 -0.00560679193586111069
0.07999999821186065670 -0.00560182193294167519
0.09000000357627868650 -0.00556579278782010079
0.10000000149011611900 -0.00557071715593338013
0.10999999940395355200 -0.00557786179706454277
0.11999999731779098500 -0.00557093322277069092
0.12999999523162841800 -0.00558281503617763519
0.14000000059604644800 -0.00558255612850189209
0.15000000596046447800 -0.00555650005117058754
0.15999999642372131300 -0.00554289389401674271
0.17000000178813934300 -0.00554940104484558106
0.18000000715255737300 -0.00552565185353159905
0.18999999761581420900 -0.00551715120673179627
0.20000000298023223900 -0.00551940687000751496
0.20999999344348907500 -0.00551395304501056671
0.21999999880790710400 -0.00552970683202147484
0.23000000417232513400 -0.00552135799080133438
0.23999999463558197000 -0.00551638891920447350
0.25000000000000000000 -0.00549422297626733780
0.25999999046325683600 -0.00547103909775614739
0.27000001072883606000 -0.00545713678002357483
0.28000000119209289500 -0.00544453319162130356
0.28999999165534973100 -0.00541689479723572731
0.30000001192092895500 -0.00540027813985943794
0.31000000238418579100 -0.00540132215246558190
0.31999999284744262700 -0.00538324378430843353
0.33000001311302185100 -0.00536601897329092026
0.34000000357627868600 -0.00535296322777867317
0.34999999403953552200 -0.00530563807114958763
0.36000001430511474600 -0.00527568580582737923
0.37000000476837158200 -0.00526066822931170464
0.37999999523162841800 -0.00520849600434303284
0.38999998569488525400 -0.00517065310850739479
0.40000000596046447700 -0.00515734404325485230
0.40999999642372131300 -0.00511926598846912384
0.41999998688697814900 -0.00509171001613140106
0.43000000715255737300 -0.00507252011448144913
0.43999999761581420900 -0.00501688383519649506
0.44999998807907104500 -0.00495269102975726128
0.46000000834465026800 -0.00492751691490411759
0.46999999880790710400 -0.00486825779080390930
0.47999998927116394000 -0.00480462517589330673
0.49000000953674316400 -0.00476923305541276932
0.50000000000000000000 -0.00471087219193577767
0.50999999046325683600 -0.00466879084706306458
0.51999998092651367200 -0.00462823407724499703
0.52999997138977050800 -0.00456348014995455742
0.54000002145767211900 -0.00449438579380512238
0.55000001192092895500 -0.00441718893125653267
0.56000000238418579100 -0.00433507701382040978
0.56999999284744262700 -0.00424841791391372681
0.57999998331069946300 -0.00414814893156290054
0.58999997377395629900 -0.00402852799743413925
0.60000002384185791000 -0.00391267612576484680
0.61000001430511474600 -0.00377452000975608826
0.62000000476837158200 -0.00359364110045135021
0.62999999523162841800 -0.00339104910381138325
0.63999998569488525400 -0.00314300204627215862
0.64999997615814209000 -0.00283776898868381977
0.66000002622604370100 -0.00250887405127286911
0.67000001668930053700 -0.00211512809619307518
0.68000000715255737300 -0.00165508303325623274
0.68999999761581420900 -0.00115714804269373417
0.69999998807907104500 -0.00059589068405330181
0.70999997854232788100 -0.00001424648962711217
0.72000002861022949200 0.00060140911955386400
0.73000001907348632800 0.00133914500474929810
0.74000000953674316400 0.00212072604335844517
0.75000000000000000000 0.00294883502647280693
0.75999999046325683600 0.00381839508190751076
0.76999998092651367200 0.00472139287739992142
0.77999997138977050800 0.00565542886033654213
0.79000002145767211900 0.00661913678050041199
0.80000001192092895500 0.00760752288624644280
0.81000000238418579100 0.00862667616456747055
0.81999999284744262700 0.00964895635843276978
0.82999998331069946300 0.01014835014939308170
0.83999997377395629900 0.01118540018796920780
0.85000002384185791000 0.01223239023238420490
0.86000001430511474600 0.01330736000090837480
0.87000000476837158200 0.01438200008124113080
0.87999999523162841800 0.01543943025171756740
0.88999998569488525400 0.01650994084775447850
0.89999997615814209000 0.01766790077090263370
0.91000002622604370100 0.01875296048820018770
0.92000001668930053700 0.01982909068465232850
0.93000000715255737300 0.02092188037931919100
0.93999999761581420900 0.02201803028583526610
0.94999998807907104500 0.02315836958587169650
0.95999997854232788100 0.02389384992420673370
0.97000002861022949200 0.02517421916127204900
0.98000001907348632800 0.02589504048228263860
0.99000000953674316400 0.02729010023176670070
1.00000000000000000000 0.02794506959617137910
