-1.00000000000000000000 -0.00588114280253648758
-0.99000000953674316400 -0.00586117198690772057
-0.98000001907348632800 -0.00584283191710710526
-0.97000002861022949200 -0.00585980992764234543
-0.95999997854232788100 -0.00584802590310573578
-0.94999998807907104500 -0.00583613477647304535
-0.93999999761581420900 -0.00584324076771736145
-0.93000000715255737300 -0.00585393514484167099
-0.92000001668930053700 -0.00586627982556819916
-0.91000002622604370100 -0.00588309206068515778
-0.89999997615814209000 -0.00587517023086547852
-0.88999998569488525400 -0.00586680183187127114
-0.87999999523162841800 -0.00586962001398205757
-0.87000000476837158200 -0.00587044702842831612
-0.86000001430511474600 -0.00585583318024873734
-0.85000002384185791000 -0.00585548812523484230
-0.83999997377395629900 -0.00586401484906673432
-0.82999998331069946300 -0.00588273303583264351
-0.81999999284744262700 -0.00589478807523846626
-0.81000000238418579100 -0.00589751219376921654
-0.80000001192092895500 -0.00589044997468590737
-0.79000002145767211900 -0.00587303796783089638
-0.77999997138977050800 -0.00588336819782853127
-0.76999998092651367200 -0.00588057981804013252
-0.75999999046325683600 -0.00585763109847903252
-0.75000000000000000000 -0.00585817219689488411
-0.74000000953674316400 -0.00586883910000324249
-0.73000001907348632800 -0.00587940681725740433
-0.72000002861022949200 -0.00587868597358465195
-0.70999997854232788100 -0.00588299287483096123
-0.69999998807907104500 -0.00586522882804274559
-0.68999999761581420900 -0.00585494702681899071
-0.68000000715255737300 -0.00586774991825222969
-0.67000001668930053700 -0.00584952905774116516
-0.66000002622604370100 -0.00584540795534849167
-0.64999997615814209000 -0.00585637101903557778
-0.63999998569488525400 -0.00586841395124793053
-0.62999999523162841800 -0.00588067295029759407
-0.62000000476837158200 -0.00588885182514786720
-0.61000001430511474600 -0.00587465800344944000
-0.60000002384185791000 -0.00586169585585594177
-0.58999997377395629900 -0.00586971081793308258
-0.57999998331069946300 -0.00586306909099221230
-0.56999999284744262700 -0.00585017679259181023
-0.56000000238418579100 -0.00584398116916418076
-0.55000001192092895500 -0.00586048094555735588
-0.54000002145767211900 -0.00587304495275020600
-0.52999997138977050800 -0.00587585289031267166
-0.51999998092651367200 -0.00587094807997345925
-0.50999999046325683600 -0.00585633190348744393
-0.50000000000000000000 -0.00585424900054931641
-0.49000000953674316400 -0.00584723800420761109
-0.47999998927116394000 -0.00582366809248924256
-0.46999999880790710400 -0.00581721914932131767
-0.46000000834465026800 -0.00582510884851217270
-0.44999998807907104500 -0.00583899486809968949
-0.43999999761581420900 -0.00584664102643728256
-0.43000000715255737300 -0.00584829598665237427
-0.41999998688697814900 -0.00584992021322250366
-0.40999999642372131300 -0.00582747394219040871
-0.40000000596046447700 -0.00584070198237895966
-0.38999998569488525400 -0.00583963515236973763
-0.37999999523162841800 -0.00582232186570763588
-0.37000000476837158200 -0.00583401694893836975
-0.36000001430511474600 -0.00584521610289812088
-0.34999999403953552200 -0.00585375400260090828
-0.34000000357627868600 -0.00585943786427378655
-0.33000001311302185100 -0.00586371589452028275
-0.31999999284744262700 -0.00584583077579736710
-0.31000000238418579100 -0.00585625180974602699
-0.30000001192092895500 -0.00585532002151012421
-0.28999999165534973100 -0.00583267118781805039
-0.28000000119209289500 -0.00583477318286895752
-0.27000001072883606000 -0.00583916809409856796
-0.25999999046325683600 -0.00584941403940320015
-0.25000000000000000000 -0.00586151378229260445
-0.23999999463558197000 -0.00587166892364621163
-0.23000000417232513400 -0.00585461594164371491
-0.21999999880790710400 -0.00583673315122723580
-0.20999999344348907500 -0.00584364077076315880
-0.20000000298023223900 -0.00583185581490397454
-0.18999999761581420900 -0.00581904686987400055
-0.18000000715255737300 -0.00582229578867554665
-0.17000000178813934300 -0.00583060598000884056
-0.15999999642372131300 -0.00584281096234917641
-0.15000000596046447800 -0.00585094001144170761
-0.14000000059604644800 -0.00585213117301464081
-0.12999999523162841800 -0.00584433320909738541
-0.11999999731779098500 -0.00583068700507283211
-0.10999999940395355200 -0.00583850778639316559
-0.10000000149011611900 -0.00582768302410840988
-0.09000000357627868650 -0.00581603590399026871
-0.07999999821186065670 -0.00582394702360033989
-0.07000000029802322390 -0.00583804491907358170
-0.05999999865889549260 -0.00584755698218941689
-0.05000000074505805970 -0.00585842086002230644
-0.03999999910593032840 -0.00584558118134737015
-0.02999999932944774630 -0.00582101522013545036
-0.01999999955296516420 -0.00583545817062258721
-0.00999999977648258210 -0.00582373980432748795
0.00000000000000000000 -0.00579766696318984032
0.00999999977648258210 -0.00579784484580159188
0.01999999955296516420 -0.00580250285565853119
0.02999999932944774630 -0.00580930197611451149
0.03999999910593032840 -0.00581181794404983521
0.05000000074505805970 -0.00582502409815788269
0.05999999865889549260 -0.00580439390614628792
0.07000000029802322390 -0.00578382797539234162
0.07999999821186065670 -0.00579551886767148972
0.09000000357627868650 -0.00578712578862905502
0.10000000149011611900 -0.00576930586248636246
0.10999999940395355200 -0.00577109679579734802
0.11999999731779098500 -0.00577889196574687958
0.12999999523162841800 -0.00579502014443278313
0.14000000059604644800 -0.00581046380102634430
0.15000000596046447800 -0.00580950593575835228
0.15999999642372131300 -0.00580122089013457298
0.17000000178813934300 -0.00579238496720790863
0.18000000715255737300 -0.00579859921708703041
0.18999999761581420900 -0.00578625919297337532
0.20000000298023223900 -0.00577634619548916817
0.20999999344348907500 -0.00577756296843290329
0.21999999880790710400 -0.00579396216198801994
0.23000000417232513400 -0.00580031098797917366
0.23999999463558197000 -0.00580319482833147049
0.25000000000000000000 -0.00580249214544892311
0.25999999046325683600 -0.00577935017645359040
0.27000001072883606000 -0.00578132504597306252
0.28000000119209289500 -0.00577735481783747673
0.28999999165534973100 -0.00575223006308078766
0.30000001192092895500 -0.00574519904330372811
0.31000000238418579100 -0.00574958510696887970
0.31999999284744262700 -0.00575582915917038918
0.33000001311302185100 -0.00574692618101835251
0.34000000357627868600 -0.00575680611655116081
0.34999999403953552200 -0.00573260383680462837
0.36000001430511474600 -0.00570817012339830399
0.37000000476837158200 -0.00571570592001080513
0.37999999523162841800 -0.00569667899981141091
0.38999998569488525400 -0.00567079707980155945
0.40000000596046447700 -0.00567071419209241867
0.40999999642372131300 -0.00566557003185153008
0.41999998688697814900 -0.00566256698220968247
0.43000000715255737300 -0.00565645098686218262
0.43999999761581420900 -0.00562731223180890084
0.44999998807907104500 -0.00558773521333932877
0.46000000834465026800 -0.00556383887305855751
0.46999999880790710400 -0.00552956201136112213
0.47999998927116394000 -0.00547803286463022232
0.49000000953674316400 -0.00542656518518924713
0.50000000000000000000 -0.00538290198892354965
0.50999999046325683600 -0.00532958004623651505
0.51999998092651367200 -0.00525194779038429260
0.52999997138977050800 -0.00515970820561051369
0.54000002145767211900 -0.00503865582868456841
0.55000001192092895500 -0.00488249910995364189
0.56000000238418579100 -0.00472576683387160301
0.56999999284744262700 -0.00452740723267197609
0.57999998331069946300 -0.00428833998739719391
0.58999997377395629900 -0.00403509102761745453
0.60000002384185791000 -0.00375056499615311623
0.61000001430511474600 -0.00342959607951343060
0.62000000476837158200 -0.00306987599469721317
0.62999999523162841800 -0.00267445109784603119
0.63999998569488525400 -0.00223580002784729004
0.64999997615814209000 -0.00177660002373158932
0.66000002622604370100 -0.00129192299209535122
0.67000001668930053700 -0.00077567697735503316
0.68000000715255737300 -0.00025647750589996576
0.68999999761581420900 0.00025358790298923850
0.69999998807907104500 0.00084265362238511443
0.70999997854232788100 0.00145888596307486296
0.72000002861022949200 0.00209890003316104412
0.73000001907348632800 0.00275160791352391243
0.74000000953674316400 0.00342567311599850655
0.75000000000000000000 0.00411942601203918457
0.75999999046325683600 0.00482774293050169945
0.76999998092651367200 0.00555165484547615051
0.77999997138977050800 0.00629460485652089119
0.79000002145767211900 0.00705337990075349808
0.80000001192092895500 0.00782635994255542755
0.81000000238418579100 0.00861587002873420716
0.81999999284744262700 0.00941941700875759125
0.82999998331069946300 0.01023721974343061450
0.83999997377395629900 0.01049534976482391360
0.85000002384185791000 0.01129886973649263380
0.86000001430511474600 0.01212435029447078700
0.87000000476837158200 0.01296725962311029430
0.87999999523162841800 0.01381068024784326550
0.88999998569488525400 0.01467623002827167510
0.89999997615814209000 0.01555677969008684160
0.91000002622604370100 0.01644337922334671020
0.92000001668930053700 0.01734979078173637390
0.93000000715255737300 0.01826664060354232790
0.93999999761581420900 0.01918861083686351780
0.94999998807907104500 0.02012304030358791350
0.95999997854232788100 0.02107688039541244510
0.97000002861022949200 0.02203235961496829990
0.98000001907348632800 0.02300021052360534670
0.99000000953674316400 0.02398272044956684110
1.00000000000000000000 0.02497584931552410130
