-1.00000000000000000000 -0.00009629607666283846
-0.99000000953674316400 -0.00009431765647605062
-0.98000001907348632800 -0.00009315575152868405
-0.97000002861022949200 -0.00009269741713069379
-0.95999997854232788100 -0.00009190555283566937
-0.94999998807907104500 -0.00009105460048886016
-0.93999999761581420900 -0.00009046799095813185
-0.93000000715255737300 -0.00008980836719274521
-0.92000001668930053700 -0.00008882655674824491
-0.91000002622604370100 -0.00008812016312731430
-0.89999997615814209000 -0.00008761786739341915
-0.88999998569488525400 -0.00008698867895873263
-0.87999999523162841800 -0.00008639308362035081
-0.87000000476837158200 -0.00008578923734603450
-0.86000001430511474600 -0.00008504620200255886
-0.85000002384185791000 -0.00008445030834991485
-0.83999997377395629900 -0.00008395259646931663
-0.82999998331069946300 -0.00008338098268723115
-0.81999999284744262700 -0.00008273156709037721
-0.81000000238418579100 -0.00008222011820180342
-0.80000001192092895500 -0.00008174413233064115
-0.79000002145767211900 -0.00008124137093545869
-0.77999997138977050800 -0.00008053397323237732
-0.76999998092651367200 -0.00008010060264496133
-0.75999999046325683600 -0.00007950261351652443
-0.75000000000000000000 -0.00007912133150966838
-0.74000000953674316400 -0.00007848790119169280
-0.73000001907348632800 -0.00007808714144630358
-0.72000002861022949200 -0.00007758555148029700
-0.70999997854232788100 -0.00007709977944614366
-0.69999998807907104500 -0.00007652938802493736
-0.68999999761581420900 -0.00007596846262458712
-0.68000000715255737300 -0.00007542945240857080
-0.67000001668930053700 -0.00007475865277228877
-0.66000002622604370100 -0.00007437275053234771
-0.64999997615814209000 -0.00007369171362370253
-0.63999998569488525400 -0.00007314350659726188
-0.62999999523162841800 -0.00007259228004841134
-0.62000000476837158200 -0.00007205428846646100
-0.61000001430511474600 -0.00007149297744035721
-0.60000002384185791000 -0.00007099682261468843
-0.58999997377395629900 -0.00007052096771076322
-0.57999998331069946300 -0.00006987965025473386
-0.56999999284744262700 -0.00006939521699678153
-0.56000000238418579100 -0.00006882487650727853
-0.55000001192092895500 -0.00006829424819443375
-0.54000002145767211900 -0.00006779745308449492
-0.52999997138977050800 -0.00006729363667545840
-0.51999998092651367200 -0.00006667932029813528
-0.50999999046325683600 -0.00006627356196986511
-0.50000000000000000000 -0.00006577235035365447
-0.49000000953674316400 -0.00006511904939543456
-0.47999998927116394000 -0.00006470686639659107
-0.46999999880790710400 -0.00006406950706150383
-0.46000000834465026800 -0.00006350597686832771
-0.44999998807907104500 -0.00006296220817603171
-0.43999999761581420900 -0.00006250131991691887
-0.43000000715255737300 -0.00006183971709106117
-0.41999998688697814900 -0.00006155049777589738
-0.40999999642372131300 -0.00006093065894674510
-0.40000000596046447700 -0.00006041277083568275
-0.38999998569488525400 -0.00005993105878587812
-0.37999999523162841800 -0.00005927717938902788
-0.37000000476837158200 -0.00005872640031157061
-0.36000001430511474600 -0.00005826484994031489
-0.34999999403953552200 -0.00005770819916506298
-0.34000000357627868600 -0.00005709980905521661
-0.33000001311302185100 -0.00005672430052072741
-0.31999999284744262700 -0.00005624004916171543
-0.31000000238418579100 -0.00005578831041930243
-0.30000001192092895500 -0.00005536586832022294
-0.28999999165534973100 -0.00005485984002007172
-0.28000000119209289500 -0.00005426549978437833
-0.27000001072883606000 -0.00005370330109144561
-0.25999999046325683600 -0.00005324201993062161
-0.25000000000000000000 -0.00005255463111097924
-0.23999999463558197000 -0.00005212958058109507
-0.23000000417232513400 -0.00005141711881151423
-0.21999999880790710400 -0.00005103501825942658
-0.20999999344348907500 -0.00005058903116150759
-0.20000000298023223900 -0.00004992324829800054
-0.18999999761581420900 -0.00004934439130011015
-0.18000000715255737300 -0.00004891932985628955
-0.17000000178813934300 -0.00004834272840525955
-0.15999999642372131300 -0.00004785265991813503
-0.15000000596046447800 -0.00004735358015750535
-0.14000000059604644800 -0.00004667806933866814
-0.12999999523162841800 -0.00004633950084098615
-0.11999999731779098500 -0.00004578966036206111
-0.10999999940395355200 -0.00004519817957771011
-0.10000000149011611900 -0.00004463929144549184
-0.09000000357627868650 -0.00004413174974615686
-0.07999999821186065670 -0.00004357331999926828
-0.07000000029802322390 -0.00004308233837946318
-0.05999999865889549260 -0.00004262795118847862
-0.05000000074505805970 -0.00004189514947938733
-0.03999999910593032840 -0.00004146415085415356
-0.02999999932944774630 -0.00004089625872438774
-0.01999999955296516420 -0.00004033599179820158
-0.00999999977648258210 -0.00003994605867774226
0.00000000000000000000 -0.00003937448127544485
0.00999999977648258210 -0.00003879701034747995
0.01999999955296516420 -0.00003829133129329421
0.02999999932944774630 -0.00003781507984967902
0.03999999910593032840 -0.00003720789027283899
0.05000000074505805970 -0.00003676407141028903
0.05999999865889549260 -0.00003615119931055233
0.07000000029802322390 -0.00003570294938981533
0.07999999821186065670 -0.00003516115975799039
0.09000000357627868650 -0.00003462819950073026
0.10000000149011611900 -0.00003413240847294219
0.10999999940395355200 -0.00003357302921358496
0.11999999731779098500 -0.00003308982923044823
0.12999999523162841800 -0.00003253016984672286
0.14000000059604644800 -0.00003203969026799314
0.15000000596046447800 -0.00003146267044940032
0.15999999642372131300 -0.00003101748006884009
0.17000000178813934300 -0.00003030968036910053
0.18000000715255737300 -0.00002991762085002847
0.18999999761581420900 -0.00002941638012998737
0.20000000298023223900 -0.00002884762943722308
0.20999999344348907500 -0.00002838546970451716
0.21999999880790710400 -0.00002775126085907687
0.23000000417232513400 -0.00002725263038882986
0.23999999463558197000 -0.00002672680966497865
0.25000000000000000000 -0.00002624258013383951
0.25999999046325683600 -0.00002566423063399270
0.27000001072883606000 -0.00002526478965592105
0.28000000119209289500 -0.00002471745938237291
0.28999999165534973100 -0.00002416320967313368
0.30000001192092895500 -0.00002368269088037778
0.31000000238418579100 -0.00002317098915227689
0.31999999284744262700 -0.00002264856084366329
0.33000001311302185100 -0.00002207938086939976
0.34000000357627868600 -0.00002162826967833098
0.34999999403953552200 -0.00002097055948979687
0.36000001430511474600 -0.00002058943937299773
0.37000000476837158200 -0.00002002320979954675
0.37999999523162841800 -0.00001954372964974027
0.38999998569488525400 -0.00001905377939692698
0.40000000596046447700 -0.00001845362930907868
0.40999999642372131300 -0.00001799530036805663
0.41999998688697814900 -0.00001746278030623216
0.43000000715255737300 -0.00001690238059381954
0.43999999761581420900 -0.00001632323983358219
0.44999998807907104500 -0.00001600518953637220
0.46000000834465026800 -0.00001533684917376377
0.46999999880790710400 -0.00001499271002103342
0.47999998927116394000 -0.00001445002999389544
0.49000000953674316400 -0.00001378263004880864
0.50000000000000000000 -0.00001336481000180356
0.50999999046325683600 -0.00001286938004341209
0.51999998092651367200 -0.00001234046976605896
0.52999997138977050800 -0.00001181456991616869
0.54000002145767211900 -0.00001131019962485880
0.55000001192092895500 -0.00001062027968146140
0.56000000238418579100 -0.00001029504983307561
0.56999999284744262700 -0.00000960964189289371
0.57999998331069946300 -0.00000920240563573316
0.58999997377395629900 -0.00000869080940901767
0.60000002384185791000 -0.00000820641980681103
0.61000001430511474600 -0.00000769709822634468
0.62000000476837158200 -0.00000712348310116795
0.62999999523162841800 -0.00000655227904644562
0.63999998569488525400 -0.00000601301599090220
0.64999997615814209000 -0.00000551908078705310
0.66000002622604370100 -0.00000492071194457822
0.67000001668930053700 -0.00000450458219347638
0.68000000715255737300 -0.00000389619481211412
0.68999999761581420900 -0.00000338060999638401
0.69999998807907104500 0.00000074702177244035
0.70999997854232788100 0.00000118422804007423
0.72000002861022949200 0.00000166672703016957
0.73000001907348632800 0.00000214523811337131
0.74000000953674316400 0.00000268492294708267
0.75000000000000000000 0.00000321885090670548
0.75999999046325683600 0.00000361389993486227
0.76999998092651367200 0.00000426583892476629
0.77999997138977050800 0.00000463442120235413
0.79000002145767211900 0.00000513380018674070
0.80000001192092895500 0.00000566494509257609
0.81000000238418579100 0.00000612321809967398
0.81999999284744262700 0.00000662281399854692
0.82999998331069946300 0.00000717240118319751
0.83999997377395629900 0.00000767090477893362
0.85000002384185791000 0.00000810372694104444
0.86000001430511474600 0.00000874435681907926
0.87000000476837158200 0.00000910613744053990
0.87999999523162841800 0.00000965966592048062
0.88999998569488525400 0.00001015135967463721
0.89999997615814209000 0.00001063940999301849
0.91000002622604370100 0.00001108706965169404
0.92000001668930053700 0.00001165639969258336
0.93000000715255737300 0.00001214357962453505
0.93999999761581420900 0.00001262893965758849
0.94999998807907104500 0.00001314296969212592
0.95999997854232788100 0.00001369542042084504
0.97000002861022949200 0.00001407766012562206
0.98000001907348632800 0.00001471958967158571
0.99000000953674316400 0.00001510525999037782
1.00000000000000000000 0.00001556600909680128
