-1.00000000000000000000 -0.00551842618733644486
-0.99000000953674316400 -0.00554204778745770455
-0.98000001907348632800 -0.00552736409008502960
-0.97000002861022949200 -0.00550881819799542427
-0.95999997854232788100 -0.00552811985835433006
-0.94999998807907104500 -0.00552663998678326607
-0.93999999761581420900 -0.00553752714768052101
-0.93000000715255737300 -0.00556439906358718872
-0.92000001668930053700 -0.00556433713063597679
-0.91000002622604370100 -0.00554911419749259949
-0.89999997615814209000 -0.00555120920762419701
-0.88999998569488525400 -0.00554848695173859596
-0.87999999523162841800 -0.00554539402946829796
-0.87000000476837158200 -0.00554134277626872063
-0.86000001430511474600 -0.00553485099226236344
-0.85000002384185791000 -0.00554542196914553642
-0.83999997377395629900 -0.00556638883426785469
-0.82999998331069946300 -0.00555860484018921852
-0.81999999284744262700 -0.00556189892813563347
-0.81000000238418579100 -0.00556360976770520210
-0.80000001192092895500 -0.00553691107779741287
-0.79000002145767211900 -0.00554925017058849335
-0.77999997138977050800 -0.00554611580446362496
-0.76999998092651367200 -0.00551954796537756920
-0.75999999046325683600 -0.00553402211517095566
-0.75000000000000000000 -0.00555181782692670822
-0.74000000953674316400 -0.00554341590031981468
-0.73000001907348632800 -0.00555812800303101540
-0.72000002861022949200 -0.00555957620963454247
-0.70999997854232788100 -0.00552366394549608231
-0.69999998807907104500 -0.00553444586694240570
-0.68999999761581420900 -0.00554131390526890755
-0.68000000715255737300 -0.00551142590120434761
-0.67000001668930053700 -0.00551429204642772675
-0.66000002622604370100 -0.00553213199600577355
-0.64999997615814209000 -0.00552719086408615112
-0.63999998569488525400 -0.00554047478362917900
-0.62999999523162841800 -0.00555857783183455467
-0.62000000476837158200 -0.00553616089746356011
-0.61000001430511474600 -0.00552634708583354950
-0.60000002384185791000 -0.00554022705182433129
-0.58999997377395629900 -0.00552439084276556969
-0.57999998331069946300 -0.00551756611093878746
-0.56999999284744262700 -0.00552440807223320008
-0.56000000238418579100 -0.00552465207874774933
-0.55000001192092895500 -0.00554111879318952561
-0.54000002145767211900 -0.00554751278832554817
-0.52999997138977050800 -0.00554079795256257057
-0.51999998092651367200 -0.00553496787324547768
-0.50999999046325683600 -0.00552498502656817436
-0.50000000000000000000 -0.00552220502868294716
-0.49000000953674316400 -0.00551517214626073837
-0.47999998927116394000 -0.00550852809101343155
-0.46999999880790710400 -0.00550687080249190331
-0.46000000834465026800 -0.00552408723160624504
-0.44999998807907104500 -0.00552612403407692909
-0.43999999761581420900 -0.00552868889644742012
-0.43000000715255737300 -0.00553065212443470955
-0.41999998688697814900 -0.00550586078315973282
-0.40999999642372131300 -0.00551475817337632179
-0.40000000596046447700 -0.00552488211542367935
-0.38999998569488525400 -0.00549252284690737724
-0.37999999523162841800 -0.00550018716603517533
-0.37000000476837158200 -0.00552288815379142761
-0.36000001430511474600 -0.00552041782066226006
-0.34999999403953552200 -0.00553362304344773293
-0.34000000357627868600 -0.00555175915360450745
-0.33000001311302185100 -0.00552283693104982376
-0.31999999284744262700 -0.00551710091531276703
-0.31000000238418579100 -0.00553686218336224556
-0.30000001192092895500 -0.00551133882254362106
-0.28999999165534973100 -0.00550917815417051315
-0.28000000119209289500 -0.00552097288891673088
-0.27000001072883606000 -0.00551787484437227249
-0.25999999046325683600 -0.00553235597908496857
-0.25000000000000000000 -0.00555279292166233063
-0.23999999463558197000 -0.00552840298041701317
-0.23000000417232513400 -0.00551599403843283653
-0.21999999880790710400 -0.00552760111168026924
-0.20999999344348907500 -0.00551240984350442887
-0.20000000298023223900 -0.00550006609410047531
-0.18999999761581420900 -0.00550345191732048989
-0.18000000715255737300 -0.00550259416922926903
-0.17000000178813934300 -0.00551880104467272759
-0.15999999642372131300 -0.00552592612802982330
-0.15000000596046447800 -0.00551966205239295960
-0.14000000059604644800 -0.00551390089094638825
-0.12999999523162841800 -0.00549767399206757546
-0.11999999731779098500 -0.00549519713968038559
-0.10999999940395355200 -0.00549409491941332817
-0.10000000149011611900 -0.00547890178859233856
-0.09000000357627868650 -0.00548013811931014061
-0.07999999821186065670 -0.00550206378102302551
-0.07000000029802322390 -0.00550071522593498230
-0.05999999865889549260 -0.00550827197730541229
-0.05000000074505805970 -0.00551788602024316788
-0.03999999910593032840 -0.00548586808145046234
-0.02999999932944774630 -0.00549421878531575203
-0.01999999955296516420 -0.00550291780382394791
-0.00999999977648258210 -0.00546698877587914467
0.00000000000000000000 -0.00547361280769109726
0.00999999977648258210 -0.00548162218183279038
0.01999999955296516420 -0.00548885902389883995
0.02999999932944774630 -0.00549000315368175507
0.03999999910593032840 -0.00550631619989871979
0.05000000074505805970 -0.00549145601689815521
0.05999999865889549260 -0.00546491518616676331
0.07000000029802322390 -0.00548692187294363976
0.07999999821186065670 -0.00546335987746715546
0.09000000357627868650 -0.00544064119458198548
0.10000000149011611900 -0.00545113999396562576
0.10999999940395355200 -0.00544337881729006767
0.11999999731779098500 -0.00544466217979788780
0.12999999523162841800 -0.00546200014650821686
0.14000000059604644800 -0.00543969683349132538
0.15000000596046447800 -0.00542617589235305786
0.15999999642372131300 -0.00541723286733031273
0.17000000178813934300 -0.00540368212386965752
0.18000000715255737300 -0.00538966199383139610
0.18999999761581420900 -0.00538185378536581993
0.20000000298023223900 -0.00536867184564471245
0.20999999344348907500 -0.00537442602217197418
0.21999999880790710400 -0.00538522098213434220
0.23000000417232513400 -0.00536898197606205940
0.23999999463558197000 -0.00535874394699931145
0.25000000000000000000 -0.00533825112506747246
0.25999999046325683600 -0.00531438598409295082
0.27000001072883606000 -0.00530679197981953621
0.28000000119209289500 -0.00527671817690134049
0.28999999165534973100 -0.00525190401822328568
0.30000001192092895500 -0.00524426484480500221
0.31000000238418579100 -0.00523455115035176277
0.31999999284744262700 -0.00520241586491465569
0.33000001311302185100 -0.00519658299162983894
0.34000000357627868600 -0.00515711493790149689
0.34999999403953552200 -0.00510733108967542648
0.36000001430511474600 -0.00509286392480134964
0.37000000476837158200 -0.00505335722118616104
0.37999999523162841800 -0.00499816099181771279
0.38999998569488525400 -0.00497333612293004990
0.40000000596046447700 -0.00493997707962989807
0.40999999642372131300 -0.00490048900246620178
0.41999998688697814900 -0.00487231602892279625
0.43000000715255737300 -0.00481882505118846893
0.43999999761581420900 -0.00475460803136229515
0.44999998807907104500 -0.00471951486542820931
0.46000000834465026800 -0.00465565407648682594
0.46999999880790710400 -0.00458482280373573303
0.47999998927116394000 -0.00453889090567827225
0.49000000953674316400 -0.00447840290144085884
0.50000000000000000000 -0.00442223297432065010
0.50999999046325683600 -0.00437433691695332527
0.51999998092651367200 -0.00429649185389280319
0.52999997138977050800 -0.00421964097768068314
0.54000002145767211900 -0.00413732416927814484
0.55000001192092895500 -0.00405069813132286072
0.56000000238418579100 -0.00395388714969158173
0.56999999284744262700 -0.00384363206103444100
0.57999998331069946300 -0.00372316804714500904
0.58999997377395629900 -0.00359451398253440857
0.60000002384185791000 -0.00344861089251935482
0.61000001430511474600 -0.00326185999438166618
0.62000000476837158200 -0.00305209704674780369
0.62999999523162841800 -0.00279886391945183277
0.63999998569488525400 -0.00250311708077788353
0.64999997615814209000 -0.00217273691669106484
0.66000002622604370100 -0.00178603804670274258
0.67000001668930053700 -0.00135116302408277988
0.68000000715255737300 -0.00086147937690839171
0.68999999761581420900 -0.00036145141348242760
0.69999998807907104500 0.00016090480494312942
0.70999997854232788100 0.00078972661867737770
0.72000002861022949200 0.00148310104850679636
0.73000001907348632800 0.00220644311048090458
0.74000000953674316400 0.00296186190098524094
0.75000000000000000000 0.00375037104822695255
0.75999999046325683600 0.00457270909100770950
0.76999998092651367200 0.00542062195017933846
0.77999997138977050800 0.00630070501938462258
0.79000002145767211900 0.00720807397738099098
0.80000001192092895500 0.00813342630863189698
0.81000000238418579100 0.00908723846077919007
0.81999999284744262700 0.01005959976464509960
0.82999998331069946300 0.01047942042350769040
0.83999997377395629900 0.01145122013986110690
0.85000002384185791000 0.01243127975612878800
0.86000001430511474600 0.01342091988772153850
0.87000000476837158200 0.01443883962929248810
0.87999999523162841800 0.01545295026153326030
0.88999998569488525400 0.01647206954658031460
0.89999997615814209000 0.01753222011029720310
0.91000002622604370100 0.01861071959137916570
0.92000001668930053700 0.01967488974332809450
0.93000000715255737300 0.02078777924180030820
0.93999999761581420900 0.02186381071805953980
0.94999998807907104500 0.02295785024762153630
0.95999997854232788100 0.02401160076260566710
0.97000002861022949200 0.02466119080781936650
0.98000001907348632800 0.02503586933016777040
0.99000000953674316400 0.02524231001734733580
1.00000000000000000000 0.02539197914302349090
