-1.00000000000000000000 -0.00564169976860284805
-0.99000000953674316400 -0.00561757804825901985
-0.98000001907348632800 -0.00562751991674304009
-0.97000002861022949200 -0.00563158607110381127
-0.95999997854232788100 -0.00564513681456446648
-0.94999998807907104500 -0.00566028710454702378
-0.93999999761581420900 -0.00566251622512936592
-0.93000000715255737300 -0.00565299997106194496
-0.92000001668930053700 -0.00563926808536052704
-0.91000002622604370100 -0.00564953405410051346
-0.89999997615814209000 -0.00564436102285981178
-0.88999998569488525400 -0.00563131598755717278
-0.87999999523162841800 -0.00563967321068048477
-0.87000000476837158200 -0.00565741676837205887
-0.86000001430511474600 -0.00565562583506107330
-0.85000002384185791000 -0.00567482411861419678
-0.83999997377395629900 -0.00566622102633118630
-0.82999998331069946300 -0.00563975702971220017
-0.81999999284744262700 -0.00564986094832420349
-0.81000000238418579100 -0.00565185118466615677
-0.80000001192092895500 -0.00562372198328375817
-0.79000002145767211900 -0.00562591990455985069
-0.77999997138977050800 -0.00563497515395283699
-0.76999998092651367200 -0.00563485408201813698
-0.75999999046325683600 -0.00564218591898679733
-0.75000000000000000000 -0.00564529793336987496
-0.74000000953674316400 -0.00563288712874054909
-0.73000001907348632800 -0.00561054516583681107
-0.72000002861022949200 -0.00562534201890230179
-0.70999997854232788100 -0.00561275193467736244
-0.69999998807907104500 -0.00560011994093656540
-0.68999999761581420900 -0.00560718681663274765
-0.68000000715255737300 -0.00561418104916810990
-0.67000001668930053700 -0.00562404515221714974
-0.66000002622604370100 -0.00564006390050053597
-0.64999997615814209000 -0.00563699193298816681
-0.63999998569488525400 -0.00561268115416169167
-0.62999999523162841800 -0.00563346408307552338
-0.62000000476837158200 -0.00562922796234488487
-0.61000001430511474600 -0.00560910208150744438
-0.60000002384185791000 -0.00561314215883612633
-0.58999997377395629900 -0.00562583701685070992
-0.57999998331069946300 -0.00563581101596355438
-0.56999999284744262700 -0.00564564298838376999
-0.56000000238418579100 -0.00565220322459936142
-0.55000001192092895500 -0.00563877914100885391
-0.54000002145767211900 -0.00562614994123578072
-0.52999997138977050800 -0.00563692115247249603
-0.51999998092651367200 -0.00563176395371556282
-0.50999999046325683600 -0.00561154913157224655
-0.50000000000000000000 -0.00561323808506131172
-0.49000000953674316400 -0.00562720606103539467
-0.47999998927116394000 -0.00563046801835298538
-0.46999999880790710400 -0.00563710182905197144
-0.46000000834465026800 -0.00563277304172515869
-0.44999998807907104500 -0.00560625502839684487
-0.43999999761581420900 -0.00561497686430811882
-0.43000000715255737300 -0.00561876408755779267
-0.41999998688697814900 -0.00559919280931353569
-0.40999999642372131300 -0.00559849478304386139
-0.40000000596046447700 -0.00561153702437877655
-0.38999998569488525400 -0.00562037387862801552
-0.37999999523162841800 -0.00562929315492510796
-0.37000000476837158200 -0.00563746783882379532
-0.36000001430511474600 -0.00562675297260284424
-0.34999999403953552200 -0.00561189698055386543
-0.34000000357627868600 -0.00562504213303327561
-0.33000001311302185100 -0.00561794079840183258
-0.31999999284744262700 -0.00560016790404915810
-0.31000000238418579100 -0.00560890696942806244
-0.30000001192092895500 -0.00561684882268309593
-0.28999999165534973100 -0.00562616996467113495
-0.28000000119209289500 -0.00563055183738470078
-0.27000001072883606000 -0.00563301099464297295
-0.25999999046325683600 -0.00561015680432319641
-0.25000000000000000000 -0.00560825597494840622
-0.23999999463558197000 -0.00560611905530095101
-0.23000000417232513400 -0.00558871310204267502
-0.21999999880790710400 -0.00558067299425601959
-0.20999999344348907500 -0.00558449886739253998
-0.20000000298023223900 -0.00559557182714343071
-0.18999999761581420900 -0.00559824984520673752
-0.18000000715255737300 -0.00560572417452931404
-0.17000000178813934300 -0.00559634203091263771
-0.15999999642372131300 -0.00557663198560476303
-0.15000000596046447800 -0.00558724207803606987
-0.14000000059604644800 -0.00558640109375119209
-0.12999999523162841800 -0.00556699885055422783
-0.11999999731779098500 -0.00557148922234773636
-0.10999999940395355200 -0.00558727700263261795
-0.10000000149011611900 -0.00559426611289381981
-0.09000000357627868650 -0.00560471415519714356
-0.07999999821186065670 -0.00561243388801813126
-0.07000000029802322390 -0.00559254921972751618
-0.05999999865889549260 -0.00558404298499226570
-0.05000000074505805970 -0.00559630012139678002
-0.03999999910593032840 -0.00558697292581200600
-0.02999999932944774630 -0.00557198422029614449
-0.01999999955296516420 -0.00558657385408878327
-0.00999999977648258210 -0.00559871410951018334
0.00000000000000000000 -0.00560189923271536827
0.00999999977648258210 -0.00560531811788678169
0.01999999955296516420 -0.00560350809246301651
0.02999999932944774630 -0.00558565091341733933
0.03999999910593032840 -0.00557966576889157295
0.05000000074505805970 -0.00558165693655610085
0.05999999865889549260 -0.00556679721921682358
0.07000000029802322390 -0.00555629516020417214
0.07999999821186065670 -0.00556198693811893463
0.09000000357627868650 -0.00557239493355154991
0.10000000149011611900 -0.00558280805125832558
0.10999999940395355200 -0.00559345679357647896
0.11999999731779098500 -0.00557765597477555275
0.12999999523162841800 -0.00556174293160438538
0.14000000059604644800 -0.00557365501299500466
0.15000000596046447800 -0.00556374108418822289
0.15999999642372131300 -0.00554937403649091721
0.17000000178813934300 -0.00555239897221326828
0.18000000715255737300 -0.00555855501443147659
0.18999999761581420900 -0.00556726194918155670
0.20000000298023223900 -0.00557725690305233002
0.20999999344348907500 -0.00557662220671772957
0.21999999880790710400 -0.00555866491049528122
0.23000000417232513400 -0.00554817402735352516
0.23999999463558197000 -0.00555399293079972267
0.25000000000000000000 -0.00553819397464394570
0.25999999046325683600 -0.00552506279200315476
0.27000001072883606000 -0.00553211802616715431
0.28000000119209289500 -0.00553200021386146546
0.28999999165534973100 -0.00553590478375554085
0.30000001192092895500 -0.00553951412439346314
0.31000000238418579100 -0.00551545014604926110
0.31999999284744262700 -0.00548689393326640129
0.33000001311302185100 -0.00549649307504296303
0.34000000357627868600 -0.00547578604891896248
0.34999999403953552200 -0.00544651504606008530
0.36000001430511474600 -0.00544985476881265640
0.37000000476837158200 -0.00544097088277339935
0.37999999523162841800 -0.00544100906699895859
0.38999998569488525400 -0.00543748587369918823
0.40000000596046447700 -0.00543174520134925842
0.40999999642372131300 -0.00540129002183675766
0.41999998688697814900 -0.00538083817809820175
0.43000000715255737300 -0.00537293590605258942
0.43999999761581420900 -0.00533805787563323975
0.44999998807907104500 -0.00530779501423239708
0.46000000834465026800 -0.00528391683474183083
0.46999999880790710400 -0.00525564793497323990
0.47999998927116394000 -0.00522618601098656655
0.49000000953674316400 -0.00518741598352789879
0.50000000000000000000 -0.00511047290638089180
0.50999999046325683600 -0.00502221798524260521
0.51999998092651367200 -0.00494414009153842926
0.52999997138977050800 -0.00482950499281287193
0.54000002145767211900 -0.00468572182580828667
0.55000001192092895500 -0.00454039592295885086
0.56000000238418579100 -0.00437093293294310570
0.56999999284744262700 -0.00417271815240383148
0.57999998331069946300 -0.00394203793257474899
0.58999997377395629900 -0.00367753603495657444
0.60000002384185791000 -0.00336462701670825482
0.61000001430511474600 -0.00302870804443955422
0.62000000476837158200 -0.00266866898164153099
0.62999999523162841800 -0.00225976994261145592
0.63999998569488525400 -0.00182870600838214159
0.64999997615814209000 -0.00137281196657568216
0.66000002622604370100 -0.00087007792899385095
0.67000001668930053700 -0.00036604600609280169
0.68000000715255737300 0.00012095100100850686
0.68999999761581420900 0.00070641952333971858
0.69999998807907104500 0.00131948501802980900
0.70999997854232788100 0.00196555699221789837
0.72000002861022949200 0.00262796389870345593
0.73000001907348632800 0.00331945088692009449
0.74000000953674316400 0.00403370987623929978
0.75000000000000000000 0.00477906316518783570
0.75999999046325683600 0.00555137684568762779
0.76999998092651367200 0.00634696800261735916
0.77999997138977050800 0.00717206578701734543
0.79000002145767211900 0.00802489183843135834
0.80000001192092895500 0.00889806635677814484
0.81000000238418579100 0.00980054959654808045
0.81999999284744262700 0.01019779033958911900
0.82999998331069946300 0.01110741961747407910
0.83999997377395629900 0.01204406004399061200
0.85000002384185791000 0.01299852970987558360
0.86000001430511474600 0.01398076955229043960
0.87000000476837158200 0.01498933974653482440
0.87999999523162841800 0.01601186953485012050
0.88999998569488525400 0.01706307008862495420
0.89999997615814209000 0.01813079044222831730
0.91000002622604370100 0.01920787990093231200
0.92000001668930053700 0.02032227069139480590
0.93000000715255737300 0.02144376933574676510
0.93999999761581420900 0.02258436009287834170
0.94999998807907104500 0.02375303022563457490
0.95999997854232788100 0.02493456006050109860
0.97000002861022949200 0.02614131011068820950
0.98000001907348632800 0.02736360952258110050
0.99000000953674316400 0.02859142981469631200
1.00000000000000000000 0.02983549982309341430
