-1.00000000000000000000 -0.00582277914509177208
-0.99000000953674316400 -0.00584359513595700264
-0.98000001907348632800 -0.00584268895909190178
-0.97000002861022949200 -0.00585843902081251145
-0.95999997854232788100 -0.00585756404325366020
-0.94999998807907104500 -0.00583022087812423706
-0.93999999761581420900 -0.00584857817739248276
-0.93000000715255737300 -0.00585007900372147560
-0.92000001668930053700 -0.00582462223246693611
-0.91000002622604370100 -0.00583628285676240921
-0.89999997615814209000 -0.00584978098049759865
-0.88999998569488525400 -0.00585131905972957611
-0.87999999523162841800 -0.00586093496531248093
-0.87000000476837158200 -0.00587147381156682968
-0.86000001430511474600 -0.00583899486809968949
-0.85000002384185791000 -0.00583912711590528488
-0.83999997377395629900 -0.00584170408546924591
-0.82999998331069946300 -0.00581542402505874634
-0.81999999284744262700 -0.00581111991778016091
-0.81000000238418579100 -0.00581857608631253243
-0.80000001192092895500 -0.00581870414316654206
-0.79000002145767211900 -0.00582571886479854584
-0.77999997138977050800 -0.00583362719044089318
-0.76999998092651367200 -0.00581508083269000054
-0.75999999046325683600 -0.00580292800441384316
-0.75000000000000000000 -0.00580936484038829804
-0.74000000953674316400 -0.00579860294237732887
-0.73000001907348632800 -0.00578982895240187645
-0.72000002861022949200 -0.00579415913671255112
-0.70999997854232788100 -0.00579676916822791100
-0.69999998807907104500 -0.00581454904749989510
-0.68999999761581420900 -0.00582811282947659493
-0.68000000715255737300 -0.00582480011507868767
-0.67000001668930053700 -0.00582608580589294434
-0.66000002622604370100 -0.00580630684271454811
-0.64999997615814209000 -0.00581125216558575630
-0.63999998569488525400 -0.00581383612006902695
-0.62999999523162841800 -0.00579789094626903534
-0.62000000476837158200 -0.00579196494072675705
-0.61000001430511474600 -0.00580938113853335381
-0.60000002384185791000 -0.00581995677202939987
-0.58999997377395629900 -0.00581941101700067520
-0.57999998331069946300 -0.00583028094843029976
-0.56999999284744262700 -0.00581704918295145035
-0.56000000238418579100 -0.00579802319407463074
-0.55000001192092895500 -0.00581064587458968163
-0.54000002145767211900 -0.00579504389315843582
-0.52999997138977050800 -0.00578132085502147675
-0.51999998092651367200 -0.00578805617988109589
-0.50999999046325683600 -0.00579796219244599343
-0.50000000000000000000 -0.00580003112554550171
-0.49000000953674316400 -0.00581609876826405525
-0.47999998927116394000 -0.00580547098070383072
-0.46999999880790710400 -0.00578594021499156952
-0.46000000834465026800 -0.00579183921217918396
-0.44999998807907104500 -0.00578920915722846985
-0.43999999761581420900 -0.00577041599899530411
-0.43000000715255737300 -0.00577573012560606003
-0.41999998688697814900 -0.00578626710921525955
-0.40999999642372131300 -0.00579653400927782059
-0.40000000596046447700 -0.00581196416169404984
-0.38999998569488525400 -0.00581658212468028069
-0.37999999523162841800 -0.00580646283924579621
-0.37000000476837158200 -0.00579495821148157120
-0.36000001430511474600 -0.00580390682443976402
-0.34999999403953552200 -0.00579723017290234566
-0.34000000357627868600 -0.00578630482777953148
-0.33000001311302185100 -0.00578118907287716866
-0.31999999284744262700 -0.00578780379146337509
-0.31000000238418579100 -0.00580888520926237106
-0.30000001192092895500 -0.00580042088404297829
-0.28999999165534973100 -0.00580408796668052674
-0.28000000119209289500 -0.00579813402146100998
-0.27000001072883606000 -0.00576562713831663132
-0.25999999046325683600 -0.00577290216460824013
-0.25000000000000000000 -0.00576976314187049866
-0.23999999463558197000 -0.00574032822623848915
-0.23000000417232513400 -0.00574241299182176590
-0.21999999880790710400 -0.00575755489990115166
-0.20999999344348907500 -0.00575028918683528900
-0.20000000298023223900 -0.00576058588922023773
-0.18999999761581420900 -0.00576817011460661888
-0.18000000715255737300 -0.00574331404641270638
-0.17000000178813934300 -0.00573921902105212212
-0.15999999642372131300 -0.00575459189713001251
-0.15000000596046447800 -0.00572438817471265793
-0.14000000059604644800 -0.00572763383388519287
-0.12999999523162841800 -0.00574642792344093323
-0.11999999731779098500 -0.00574164278805255890
-0.10999999940395355200 -0.00576102687045931816
-0.10000000149011611900 -0.00577766820788383484
-0.09000000357627868650 -0.00575480004772543907
-0.07999999821186065670 -0.00574254710227251053
-0.07000000029802322390 -0.00576269207522273064
-0.05999999865889549260 -0.00573863182216882706
-0.05000000074505805970 -0.00572474021464586258
-0.03999999910593032840 -0.00573574099689722061
-0.02999999932944774630 -0.00572886317968368530
-0.01999999955296516420 -0.00574462907388806343
-0.00999999977648258210 -0.00575925689190626145
0.00000000000000000000 -0.00575273018330335617
0.00999999977648258210 -0.00574841722846031189
0.01999999955296516420 -0.00573866721242666245
0.02999999932944774630 -0.00572954677045345307
0.03999999910593032840 -0.00572550389915704727
0.05000000074505805970 -0.00571503117680549622
0.05999999865889549260 -0.00570284621790051460
0.07000000029802322390 -0.00570966722443699837
0.07999999821186065670 -0.00572411296889185906
0.09000000357627868650 -0.00572098791599273682
0.10000000149011611900 -0.00573021313175559044
0.10999999940395355200 -0.00572599377483129502
0.11999999731779098500 -0.00569908600300550461
0.12999999523162841800 -0.00571335200220346451
0.14000000059604644800 -0.00571615807712078095
0.15000000596046447800 -0.00568947615101933480
0.15999999642372131300 -0.00569368014112114906
0.17000000178813934300 -0.00570897199213504791
0.18000000715255737300 -0.00571048911660909653
0.18999999761581420900 -0.00571886915713548660
0.20000000298023223900 -0.00573155516758561135
0.20999999344348907500 -0.00570338498800992966
0.21999999880790710400 -0.00569237815216183663
0.23000000417232513400 -0.00570082385092973709
0.23999999463558197000 -0.00567730190232396126
0.25000000000000000000 -0.00566802080720663071
0.25999999046325683600 -0.00567343598231673241
0.27000001072883606000 -0.00566638587042689324
0.28000000119209289500 -0.00566973490640521050
0.28999999165534973100 -0.00567521899938583374
0.30000001192092895500 -0.00565108098089694977
0.31000000238418579100 -0.00563664780929684639
0.31999999284744262700 -0.00563090015202760697
0.33000001311302185100 -0.00560335908085107804
0.34000000357627868600 -0.00558320805430412293
0.34999999403953552200 -0.00557444291189312935
0.36000001430511474600 -0.00555852008983492851
0.37000000476837158200 -0.00556312920525670052
0.37999999523162841800 -0.00556378019973635674
0.38999998569488525400 -0.00554780801758170128
0.40000000596046447700 -0.00552865816280245781
0.40999999642372131300 -0.00548975309357047081
0.41999998688697814900 -0.00546301109716296196
0.43000000715255737300 -0.00543346814811229706
0.43999999761581420900 -0.00537977414205670357
0.44999998807907104500 -0.00532634695991873741
0.46000000834465026800 -0.00527966814115643501
0.46999999880790710400 -0.00522202486172318459
0.47999998927116394000 -0.00513488193973898888
0.49000000953674316400 -0.00505196815356612206
0.50000000000000000000 -0.00493277190253138542
0.50999999046325683600 -0.00478974683210253716
0.51999998092651367200 -0.00466295005753636360
0.52999997138977050800 -0.00450361613184213638
0.54000002145767211900 -0.00432220008224248886
0.55000001192092895500 -0.00414954312145709992
0.56000000238418579100 -0.00396223319694399834
0.56999999284744262700 -0.00375847797840833664
0.57999998331069946300 -0.00355348992161452770
0.58999997377395629900 -0.00333154993131756783
0.60000002384185791000 -0.00309568294323980808
0.61000001430511474600 -0.00286294496618211269
0.62000000476837158200 -0.00262433593161404133
0.62999999523162841800 -0.00237224693410098553
0.63999998569488525400 -0.00212703389115631580
0.64999997615814209000 -0.00187769695185124874
0.66000002622604370100 -0.00162551098037511110
0.67000001668930053700 -0.00137364002875983715
0.68000000715255737300 -0.00111554702743887901
0.68999999761581420900 -0.00082160480087623000
0.69999998807907104500 -0.00056735199177637696
0.70999997854232788100 -0.00031567120458930731
0.72000002861022949200 -0.00006575682346010581
0.73000001907348632800 0.00018688960699364543
0.74000000953674316400 0.00044417829485610127
0.75000000000000000000 0.00070541648892685771
0.75999999046325683600 0.00096706667682155967
0.76999998092651367200 0.00129088398534804583
0.77999997138977050800 0.00157168705482035875
0.79000002145767211900 0.00185542902909219265
0.80000001192092895500 0.00214075390249490738
0.81000000238418579100 0.00243071699514985085
0.81999999284744262700 0.00272230501286685467
0.82999998331069946300 0.00301765790209174156
0.83999997377395629900 0.00331704295240342617
0.85000002384185791000 0.00361618609167635441
0.86000001430511474600 0.00392252905294299126
0.87000000476837158200 0.00423259986564517021
0.87999999523162841800 0.00454323599115014076
0.88999998569488525400 0.00486176088452339173
0.89999997615814209000 0.00518341781571507454
0.91000002622604370100 0.00550347287207841873
0.92000001668930053700 0.00583071913570165634
0.93000000715255737300 0.00616267696022987366
0.93999999761581420900 0.00649345992133021355
0.94999998807907104500 0.00683151790872216225
0.95999997854232788100 0.00717206904664635658
0.97000002861022949200 0.00751524697989225388
0.98000001907348632800 0.00786750484257936478
0.99000000953674316400 0.00821910798549652100
1.00000000000000000000 0.00857235491275787354
