-1.00000000000000000000 -0.00580412102863192558
-0.99000000953674316400 -0.00580327678471803665
-0.98000001907348632800 -0.00580264301970601082
-0.97000002861022949200 -0.00577297899872064591
-0.95999997854232788100 -0.00576913589611649513
-0.94999998807907104500 -0.00578006822615861893
-0.93999999761581420900 -0.00578175997361540795
-0.93000000715255737300 -0.00577886309474706650
-0.92000001668930053700 -0.00580079620704054833
-0.91000002622604370100 -0.00577944982796907425
-0.89999997615814209000 -0.00574731500819325447
-0.88999998569488525400 -0.00577102322131395340
-0.87999999523162841800 -0.00575695978477597237
-0.87000000476837158200 -0.00572709180414676666
-0.86000001430511474600 -0.00573261408135294914
-0.85000002384185791000 -0.00573341501876711846
-0.83999997377395629900 -0.00574000598862767220
-0.82999998331069946300 -0.00575388781726360321
-0.81999999284744262700 -0.00575487595051527024
-0.81000000238418579100 -0.00574675714597105980
-0.80000001192092895500 -0.00573030719533562660
-0.79000002145767211900 -0.00573151698336005211
-0.77999997138977050800 -0.00572186522185802460
-0.76999998092651367200 -0.00570380501449108124
-0.75999999046325683600 -0.00569184310734272003
-0.75000000000000000000 -0.00569525593891739845
-0.74000000953674316400 -0.00571114383637905121
-0.73000001907348632800 -0.00571307819336652756
-0.72000002861022949200 -0.00571285095065832138
-0.70999997854232788100 -0.00571605004370212555
-0.69999998807907104500 -0.00568974809721112251
-0.68999999761581420900 -0.00568052614107728005
-0.68000000715255737300 -0.00568865006789565087
-0.67000001668930053700 -0.00566438818350434303
-0.66000002622604370100 -0.00565142789855599404
-0.64999997615814209000 -0.00566416280344128609
-0.63999998569488525400 -0.00566385686397552490
-0.62999999523162841800 -0.00566860521212220192
-0.62000000476837158200 -0.00568285398185253144
-0.61000001430511474600 -0.00567352119833230972
-0.60000002384185791000 -0.00565215013921260834
-0.58999997377395629900 -0.00564987212419509888
-0.57999998331069946300 -0.00564240803942084313
-0.56999999284744262700 -0.00562552316114306450
-0.56000000238418579100 -0.00562284421175718308
-0.55000001192092895500 -0.00561198685318231583
-0.54000002145767211900 -0.00561950309202075005
-0.52999997138977050800 -0.00563510786741971970
-0.51999998092651367200 -0.00563057884573936463
-0.50999999046325683600 -0.00563022820279002190
-0.50000000000000000000 -0.00562591105699539185
-0.49000000953674316400 -0.00559514481574296951
-0.47999998927116394000 -0.00560348713770508766
-0.46999999880790710400 -0.00560222379863262177
-0.46000000834465026800 -0.00557013507932424545
-0.44999998807907104500 -0.00557149015367031098
-0.43999999761581420900 -0.00558361504226922989
-0.43000000715255737300 -0.00558538082987070084
-0.41999998688697814900 -0.00558545906096696854
-0.40999999642372131300 -0.00559655390679836273
-0.40000000596046447700 -0.00557216815650463104
-0.38999998569488525400 -0.00555340200662612915
-0.37999999523162841800 -0.00556648196652531624
-0.37000000476837158200 -0.00554916914552450180
-0.36000001430511474600 -0.00552510516718029976
-0.34999999403953552200 -0.00553030800074338913
-0.34000000357627868600 -0.00552863813936710358
-0.33000001311302185100 -0.00553405797109007836
-0.31999999284744262700 -0.00554494000971317291
-0.31000000238418579100 -0.00554086500778794289
-0.30000001192092895500 -0.00552670285105705261
-0.28999999165534973100 -0.00550689501687884331
-0.28000000119209289500 -0.00551234697923064232
-0.27000001072883606000 -0.00549917388707399368
-0.25999999046325683600 -0.00548138096928596497
-0.25000000000000000000 -0.00547751411795616150
-0.23999999463558197000 -0.00547491479665040970
-0.23000000417232513400 -0.00548937078565359116
-0.21999999880790710400 -0.00548251019790768624
-0.20999999344348907500 -0.00549119478091597557
-0.20000000298023223900 -0.00547730317339301110
-0.18999999761581420900 -0.00544679490849375725
-0.18000000715255737300 -0.00545494118705391884
-0.17000000178813934300 -0.00545174302533268929
-0.15999999642372131300 -0.00542058283463120461
-0.15000000596046447800 -0.00541741494089365006
-0.14000000059604644800 -0.00542626995593309403
-0.12999999523162841800 -0.00542219309136271477
-0.11999999731779098500 -0.00542562315240502358
-0.10999999940395355200 -0.00543223507702350617
-0.10000000149011611900 -0.00540972407907247544
-0.09000000357627868650 -0.00538573600351810456
-0.07999999821186065670 -0.00540093891322612763
-0.07000000029802322390 -0.00538147799670696259
-0.05999999865889549260 -0.00535216322168707848
-0.05000000074505805970 -0.00535214599221944809
-0.03999999910593032840 -0.00534991500899195671
-0.02999999932944774630 -0.00535269919782876969
-0.01999999955296516420 -0.00535856792703270912
-0.00999999977648258210 -0.00535878911614418030
0.00000000000000000000 -0.00534178595989942551
0.00999999977648258210 -0.00532313296571373940
0.01999999955296516420 -0.00532225798815488815
0.02999999932944774630 -0.00530912401154637337
0.03999999910593032840 -0.00529074994847178459
0.05000000074505805970 -0.00527762481942772865
0.05999999865889549260 -0.00527156004682183266
0.07000000029802322390 -0.00527066877111792565
0.07999999821186065670 -0.00527605786919593811
0.09000000357627868650 -0.00527043500915169716
0.10000000149011611900 -0.00526336813345551491
0.10999999940395355200 -0.00524253118783235550
0.11999999731779098500 -0.00522042298689484596
0.12999999523162841800 -0.00521684205159544945
0.14000000059604644800 -0.00520716514438390732
0.15000000596046447800 -0.00517849018797278404
0.15999999642372131300 -0.00516698416322469711
0.17000000178813934300 -0.00517510203644633293
0.18000000715255737300 -0.00516944099217653275
0.18999999761581420900 -0.00516074476763606072
0.20000000298023223900 -0.00515821622684597969
0.20999999344348907500 -0.00513268914073705673
0.21999999880790710400 -0.00510393781587481499
0.23000000417232513400 -0.00510765099897980690
0.23999999463558197000 -0.00508225709199905396
0.25000000000000000000 -0.00504888687282800675
0.25999999046325683600 -0.00504712713882327080
0.27000001072883606000 -0.00503329699859023094
0.28000000119209289500 -0.00502446014434099198
0.28999999165534973100 -0.00502132810652256012
0.30000001192092895500 -0.00500755198299884796
0.31000000238418579100 -0.00497151399031281471
0.31999999284744262700 -0.00494491914287209511
0.33000001311302185100 -0.00493091577664017677
0.34000000357627868600 -0.00489879399538040161
0.34999999403953552200 -0.00486557791009545326
0.36000001430511474600 -0.00483809597790241242
0.37000000476837158200 -0.00481507414951920510
0.37999999523162841800 -0.00479870801791548729
0.38999998569488525400 -0.00477107521146535874
0.40000000596046447700 -0.00473089516162872315
0.40999999642372131300 -0.00469014700502157211
0.41999998688697814900 -0.00462545081973075867
0.43000000715255737300 -0.00458082184195518494
0.43999999761581420900 -0.00452817510813474655
0.44999998807907104500 -0.00444788904860615730
0.46000000834465026800 -0.00437780981883406639
0.46999999880790710400 -0.00430862884968519211
0.47999998927116394000 -0.00422587292268872261
0.49000000953674316400 -0.00412682909518480301
0.50000000000000000000 -0.00402962323278188706
0.50999999046325683600 -0.00389395304955542088
0.51999998092651367200 -0.00374009204097092152
0.52999997138977050800 -0.00360186002217233181
0.54000002145767211900 -0.00342761189676821232
0.55000001192092895500 -0.00322958990000188351
0.56000000238418579100 -0.00303464010357856751
0.56999999284744262700 -0.00281927897594869137
0.57999998331069946300 -0.00258773891255259514
0.58999997377395629900 -0.00234830891713500023
0.60000002384185791000 -0.00208952394314110279
0.61000001430511474600 -0.00180967594496905804
0.62000000476837158200 -0.00152512302156537771
0.62999999523162841800 -0.00123954296577721834
0.63999998569488525400 -0.00097271119011566043
0.64999997615814209000 -0.00067267869599163532
0.66000002622604370100 -0.00037979369517415762
0.67000001668930053700 -0.00013158390356693417
0.68000000715255737300 0.00013608130393549800
0.68999999761581420900 0.00040134409209713340
0.69999998807907104500 0.00064112088875845075
0.70999997854232788100 0.00085628218948841095
0.72000002861022949200 0.00104287499561905861
0.73000001907348632800 0.00121762196067720652
0.74000000953674316400 0.00136831705458462238
0.75000000000000000000 0.00150057801511138678
0.75999999046325683600 0.00161166605539619923
0.76999998092651367200 0.00170477002393454313
0.77999997138977050800 0.00178679404780268669
0.79000002145767211900 0.00185794802382588387
0.80000001192092895500 0.00191995501518249512
0.81000000238418579100 0.00197465205565094948
0.81999999284744262700 0.00202226592227816582
0.82999998331069946300 0.00206305901519954205
0.83999997377395629900 0.00209801597520709038
0.85000002384185791000 0.00213506002910435200
0.86000001430511474600 0.00216643395833671093
0.87000000476837158200 0.00219396105967462063
0.87999999523162841800 0.00222327793017029762
0.88999998569488525400 0.00225198594853281975
0.89999997615814209000 0.00228261598385870457
0.91000002622604370100 0.00231029395945370197
0.92000001668930053700 0.00233739404939115048
0.93000000715255737300 0.00236200401559472084
0.93999999761581420900 0.00238269008696079254
0.94999998807907104500 0.00240680202841758728
0.95999997854232788100 0.00243169208988547325
0.97000002861022949200 0.00245008897036314011
0.98000001907348632800 0.00247106491588056088
0.99000000953674316400 0.00249688210897147656
1.00000000000000000000 0.00252047507092356682
