-1.00000000000000000000 -0.00563400378450751305
-0.99000000953674316400 -0.00563691509887576103
-0.98000001907348632800 -0.00564647698774933815
-0.97000002861022949200 -0.00561896478757262230
-0.95999997854232788100 -0.00561000593006610871
-0.94999998807907104500 -0.00562368007376790047
-0.93999999761581420900 -0.00562778115272521973
-0.93000000715255737300 -0.00562789104878902435
-0.92000001668930053700 -0.00564830377697944641
-0.91000002622604370100 -0.00563272321596741676
-0.89999997615814209000 -0.00560552906244993210
-0.88999998569488525400 -0.00561809120699763298
-0.87999999523162841800 -0.00561562692746520043
-0.87000000476837158200 -0.00559364305809140206
-0.86000001430511474600 -0.00559663400053977966
-0.85000002384185791000 -0.00559544702991843224
-0.83999997377395629900 -0.00559308286756277085
-0.82999998331069946300 -0.00562179181724786759
-0.81999999284744262700 -0.00561690796166658402
-0.81000000238418579100 -0.00561416288837790489
-0.80000001192092895500 -0.00561392307281494141
-0.79000002145767211900 -0.00558887794613838196
-0.77999997138977050800 -0.00559499999508261681
-0.76999998092651367200 -0.00560565805062651634
-0.75999999046325683600 -0.00557934306561946869
-0.75000000000000000000 -0.00556896906346082688
-0.74000000953674316400 -0.00559339998289942742
-0.73000001907348632800 -0.00559656880795955658
-0.72000002861022949200 -0.00559950480237603188
-0.70999997854232788100 -0.00561735313385725022
-0.69999998807907104500 -0.00559925613924860954
-0.68999999761581420900 -0.00557155814021825791
-0.68000000715255737300 -0.00559940002858638764
-0.67000001668930053700 -0.00558387907221913338
-0.66000002622604370100 -0.00555126881226897240
-0.64999997615814209000 -0.00556806521490216255
-0.63999998569488525400 -0.00556556880474090576
-0.62999999523162841800 -0.00556697417050600052
-0.62000000476837158200 -0.00559177901595830918
-0.61000001430511474600 -0.00559075502678751946
-0.60000002384185791000 -0.00558152515441179276
-0.58999997377395629900 -0.00558043783530592919
-0.57999998331069946300 -0.00556492898613214493
-0.56999999284744262700 -0.00556471012532711029
-0.56000000238418579100 -0.00556563585996627808
-0.55000001192092895500 -0.00554791418835520744
-0.54000002145767211900 -0.00554252881556749344
-0.52999997138977050800 -0.00556358182802796364
-0.51999998092651367200 -0.00557204009965062142
-0.50999999046325683600 -0.00556738208979368210
-0.50000000000000000000 -0.00558620598167181015
-0.49000000953674316400 -0.00556319300085306168
-0.47999998927116394000 -0.00553337484598159790
-0.46999999880790710400 -0.00555745279416441918
-0.46000000834465026800 -0.00554941315203905106
-0.44999998807907104500 -0.00552251981571316719
-0.43999999761581420900 -0.00552967283874750138
-0.43000000715255737300 -0.00552857993170619011
-0.41999998688697814900 -0.00553133897483348847
-0.40999999642372131300 -0.00554961990565061569
-0.40000000596046447700 -0.00555309699848294258
-0.38999998569488525400 -0.00554231414571404457
-0.37999999523162841800 -0.00552926817908883095
-0.37000000476837158200 -0.00552706699818372727
-0.36000001430511474600 -0.00552224786952137947
-0.34999999403953552200 -0.00550793018192052841
-0.34000000357627868600 -0.00549673195928335190
-0.33000001311302185100 -0.00549574289470911026
-0.31999999284744262700 -0.00551354279741644860
-0.31000000238418579100 -0.00551623618230223656
-0.30000001192092895500 -0.00552036799490451813
-0.28999999165534973100 -0.00552614592015743256
-0.28000000119209289500 -0.00550437392666935921
-0.27000001072883606000 -0.00548687297850847244
-0.25999999046325683600 -0.00550061278045177460
-0.25000000000000000000 -0.00548901082947850228
-0.23999999463558197000 -0.00546929007396101952
-0.23000000417232513400 -0.00547981681302189827
-0.21999999880790710400 -0.00548101682215929032
-0.20999999344348907500 -0.00548807391896843910
-0.20000000298023223900 -0.00549786398187279701
-0.18999999761581420900 -0.00550292478874325752
-0.18000000715255737300 -0.00548053486272692681
-0.17000000178813934300 -0.00546656083315610886
-0.15999999642372131300 -0.00547755276784300804
-0.15000000596046447800 -0.00546729611232876778
-0.14000000059604644800 -0.00545408297330141068
-0.12999999523162841800 -0.00544762704521417618
-0.11999999731779098500 -0.00545230321586132050
-0.10999999940395355200 -0.00546660413965582848
-0.10000000149011611900 -0.00547252083197236061
-0.09000000357627868650 -0.00547327287495136261
-0.07999999821186065670 -0.00546453194692730904
-0.07000000029802322390 -0.00543882418423891068
-0.05999999865889549260 -0.00544523820281028748
-0.05000000074505805970 -0.00544896908104419708
-0.03999999910593032840 -0.00542329018935561180
-0.02999999932944774630 -0.00541681377217173577
-0.01999999955296516420 -0.00542202405631542206
-0.00999999977648258210 -0.00542722176760435105
0.00000000000000000000 -0.00542886415496468544
0.00999999977648258210 -0.00543719995766878128
0.01999999955296516420 -0.00544385705143213272
0.02999999932944774630 -0.00542155606672167778
0.03999999910593032840 -0.00540098082274198532
0.05000000074505805970 -0.00542090879753232002
0.05999999865889549260 -0.00540414778515696526
0.07000000029802322390 -0.00537613686174154282
0.07999999821186065670 -0.00538638792932033539
0.09000000357627868650 -0.00538284704089164734
0.10000000149011611900 -0.00539526110514998436
0.10999999940395355200 -0.00540800997987389565
0.11999999731779098500 -0.00540783582255244255
0.12999999523162841800 -0.00538528990000486374
0.14000000059604644800 -0.00537240598350763321
0.15000000596046447800 -0.00537402182817459107
0.15999999642372131300 -0.00535826291888952255
0.17000000178813934300 -0.00534941023215651512
0.18000000715255737300 -0.00533581012859940529
0.18999999761581420900 -0.00533063011243939400
0.20000000298023223900 -0.00534666283056139946
0.20999999344348907500 -0.00534671312198042870
0.21999999880790710400 -0.00533735007047653198
0.23000000417232513400 -0.00534361694008111954
0.23999999463558197000 -0.00531982677057385445
0.25000000000000000000 -0.00529735209420323372
0.25999999046325683600 -0.00531436316668987274
0.27000001072883606000 -0.00529279699549078942
0.28000000119209289500 -0.00526872416958212853
0.28999999165534973100 -0.00527471117675304413
0.30000001192092895500 -0.00527229020372033119
0.31000000238418579100 -0.00527364388108253479
0.31999999284744262700 -0.00528749311342835426
0.33000001311302185100 -0.00527887092903256416
0.34000000357627868600 -0.00525283208116889000
0.34999999403953552200 -0.00524225877597928047
0.36000001430511474600 -0.00524039706215262413
0.37000000476837158200 -0.00522143300622701645
0.37999999523162841800 -0.00520946690812706948
0.38999998569488525400 -0.00519693316891789436
0.40000000596046447700 -0.00517765292897820473
0.40999999642372131300 -0.00519701698794960976
0.41999998688697814900 -0.00518733682110905647
0.43000000715255737300 -0.00518211210146546364
0.43999999761581420900 -0.00517216604202985764
0.44999998807907104500 -0.00513118878006935120
0.46000000834465026800 -0.00511392578482627869
0.46999999880790710400 -0.00511172506958246231
0.47999998927116394000 -0.00507055781781673432
0.49000000953674316400 -0.00504190381616353989
0.50000000000000000000 -0.00503881415352225304
0.50999999046325683600 -0.00501723680645227432
0.51999998092651367200 -0.00499798823148012161
0.52999997138977050800 -0.00498650502413511276
0.54000002145767211900 -0.00495388917624950409
0.55000001192092895500 -0.00489902403205633164
0.56000000238418579100 -0.00486605521291494370
0.56999999284744262700 -0.00482163997367024422
0.57999998331069946300 -0.00475797289982438088
0.58999997377395629900 -0.00470879208296537399
0.60000002384185791000 -0.00464370287954807282
0.61000001430511474600 -0.00456991977989673615
0.62000000476837158200 -0.00450984202325344086
0.62999999523162841800 -0.00441560614854097366
0.63999998569488525400 -0.00430188514292240143
0.64999997615814209000 -0.00417726719751954079
0.66000002622604370100 -0.00401790998876094818
0.67000001668930053700 -0.00386436795815825462
0.68000000715255737300 -0.00368657102808356285
0.68999999761581420900 -0.00346551300026476383
0.69999998807907104500 -0.00323943095281720162
0.70999997854232788100 -0.00299689406529068947
0.72000002861022949200 -0.00273293908685445786
0.73000001907348632800 -0.00244357390329241753
0.74000000953674316400 -0.00214903498999774456
0.75000000000000000000 -0.00182474800385534763
0.75999999046325683600 -0.00149006897117942572
0.76999998092651367200 -0.00116979202721267939
0.77999997138977050800 -0.00085434882203117013
0.79000002145767211900 -0.00053592602489516139
0.80000001192092895500 -0.00023444999533239752
0.81000000238418579100 0.00004284529131837189
0.81999999284744262700 0.00029012720915488899
0.82999998331069946300 0.00051599880680441856
0.83999997377395629900 0.00071624771226197481
0.85000002384185791000 0.00088484847219660878
0.86000001430511474600 0.00102565495762974024
0.87000000476837158200 0.00114128098357468844
0.87999999523162841800 0.00123882095795124769
0.88999998569488525400 0.00131724902894347906
0.89999997615814209000 0.00138054497074335814
0.91000002622604370100 0.00143276900053024292
0.92000001668930053700 0.00147558900061994791
0.93000000715255737300 0.00151165400166064501
0.93999999761581420900 0.00154239905532449484
0.94999998807907104500 0.00156905199401080608
0.95999997854232788100 0.00159277697093784809
0.97000002861022949200 0.00161394895985722542
0.98000001907348632800 0.00163276004604995251
0.99000000953674316400 0.00165039498824626207
1.00000000000000000000 0.00166735996026545763
