-1.00000000000000000000 -0.00342957698740065098
-0.99000000953674316400 -0.00337528507225215435
-0.98000001907348632800 -0.00333623494952917099
-0.97000002861022949200 -0.00330973998643457890
-0.95999997854232788100 -0.00329278409481048584
-0.94999998807907104500 -0.00327564589679241181
-0.93999999761581420900 -0.00326096592471003532
-0.93000000715255737300 -0.00324715999886393547
-0.92000001668930053700 -0.00322233699262142182
-0.91000002622604370100 -0.00320111191831529141
-0.89999997615814209000 -0.00319181801751255989
-0.88999998569488525400 -0.00317218294367194176
-0.87999999523162841800 -0.00314881093800067902
-0.87000000476837158200 -0.00313997408375144005
-0.86000001430511474600 -0.00313202803954482079
-0.85000002384185791000 -0.00312211108393967152
-0.83999997377395629900 -0.00311708007939159870
-0.82999998331069946300 -0.00311200995929539204
-0.81999999284744262700 -0.00309218699112534523
-0.81000000238418579100 -0.00307493889704346657
-0.80000001192092895500 -0.00307224411517381668
-0.79000002145767211900 -0.00305595202371478081
-0.77999997138977050800 -0.00303877005353569985
-0.76999998092651367200 -0.00302891409955918789
-0.75999999046325683600 -0.00302177900448441506
-0.75000000000000000000 -0.00301907095126807690
-0.74000000953674316400 -0.00301601900719106197
-0.73000001907348632800 -0.00300817191600799561
-0.72000002861022949200 -0.00299799605272710323
-0.70999997854232788100 -0.00297804293222725391
-0.69999998807907104500 -0.00297140888869762421
-0.68999999761581420900 -0.00296340510249137878
-0.68000000715255737300 -0.00294677191413938999
-0.67000001668930053700 -0.00293564004823565483
-0.66000002622604370100 -0.00293285702355206013
-0.64999997615814209000 -0.00293036689981818199
-0.63999998569488525400 -0.00292263389565050602
-0.62999999523162841800 -0.00292258709669113159
-0.62000000476837158200 -0.00291105592623353005
-0.61000001430511474600 -0.00289114401675760746
-0.60000002384185791000 -0.00289009395055472851
-0.58999997377395629900 -0.00288203707896173000
-0.57999998331069946300 -0.00286164600402116776
-0.56999999284744262700 -0.00285630696453154087
-0.56000000238418579100 -0.00285309599712491036
-0.55000001192092895500 -0.00284641608595848084
-0.54000002145767211900 -0.00284685404039919376
-0.52999997138977050800 -0.00284252711571753025
-0.51999998092651367200 -0.00283026602119207382
-0.50999999046325683600 -0.00281765009276568890
-0.50000000000000000000 -0.00281151197850704193
-0.49000000953674316400 -0.00280198105610907078
-0.47999998927116394000 -0.00278873206116259098
-0.46999999880790710400 -0.00277942791581153870
-0.46000000834465026800 -0.00277252099476754665
-0.44999998807907104500 -0.00277455104514956474
-0.43999999761581420900 -0.00277006300166249275
-0.43000000715255737300 -0.00276314001530408859
-0.41999998688697814900 -0.00275816698558628559
-0.40999999642372131300 -0.00274566793814301491
-0.40000000596046447700 -0.00273392791859805584
-0.38999998569488525400 -0.00273153698071837425
-0.37999999523162841800 -0.00271867006085813046
-0.37000000476837158200 -0.00270551489666104317
-0.36000001430511474600 -0.00270329508930444718
-0.34999999403953552200 -0.00269952509552240372
-0.34000000357627868600 -0.00269476301036775112
-0.33000001311302185100 -0.00269364193081855774
-0.31999999284744262700 -0.00268843397498130798
-0.31000000238418579100 -0.00267026596702635288
-0.30000001192092895500 -0.00266354810446500778
-0.28999999165534973100 -0.00265918509103357792
-0.28000000119209289500 -0.00264500896446406841
-0.27000001072883606000 -0.00263515603728592396
-0.25999999046325683600 -0.00263043097220361233
-0.25000000000000000000 -0.00262552499771118164
-0.23999999463558197000 -0.00262472708709537983
-0.23000000417232513400 -0.00262238411232829094
-0.21999999880790710400 -0.00261487299576401711
-0.20999999344348907500 -0.00260433694347739220
-0.20000000298023223900 -0.00258928397670388222
-0.18999999761581420900 -0.00258522201329469681
-0.18000000715255737300 -0.00257707503624260426
-0.17000000178813934300 -0.00256273592822253704
-0.15999999642372131300 -0.00255543994717299938
-0.15000000596046447800 -0.00255321594886481762
-0.14000000059604644800 -0.00255129789002239704
-0.12999999523162841800 -0.00254281889647245407
-0.11999999731779098500 -0.00254181399941444397
-0.10999999940395355200 -0.00252861599437892437
-0.10000000149011611900 -0.00251366104930639267
-0.09000000357627868650 -0.00251419004052877426
-0.07999999821186065670 -0.00250322395004332066
-0.07000000029802322390 -0.00248759589157998562
-0.05999999865889549260 -0.00248057092539966106
-0.05000000074505805970 -0.00247787497937679291
-0.03999999910593032840 -0.00247305794619023800
-0.02999999932944774630 -0.00246981601230800152
-0.01999999955296516420 -0.00246559898369014263
-0.00999999977648258210 -0.00245032506063580513
0.00000000000000000000 -0.00243746698834002018
0.00999999977648258210 -0.00243286998011171818
0.01999999955296516420 -0.00242327200248837471
0.02999999932944774630 -0.00240867095999419689
0.03999999910593032840 -0.00239754607900977135
0.05000000074505805970 -0.00239262590184807777
0.05999999865889549260 -0.00238927104510366917
0.07000000029802322390 -0.00238210195675492287
0.07999999821186065670 -0.00237693102099001408
0.09000000357627868650 -0.00236832094378769398
0.10000000149011611900 -0.00235240906476974487
0.10999999940395355200 -0.00234117708168923855
0.11999999731779098500 -0.00233338400721549988
0.12999999523162841800 -0.00231633894145488739
0.14000000059604644800 -0.00230374303646385670
0.15000000596046447800 -0.00229654088616371155
0.15999999642372131300 -0.00228752801194787026
0.17000000178813934300 -0.00228184205479919910
0.18000000715255737300 -0.00227300310507416725
0.18999999761581420900 -0.00226134108379483223
0.20000000298023223900 -0.00224516401067376137
0.20999999344348907500 -0.00222913292236626148
0.21999999880790710400 -0.00221863109618425369
0.23000000417232513400 -0.00220182398334145546
0.23999999463558197000 -0.00218238797970116139
0.25000000000000000000 -0.00216981605626642704
0.25999999046325683600 -0.00215807207860052586
0.27000001072883606000 -0.00214513810351490974
0.28000000119209289500 -0.00213175895623862743
0.28999999165534973100 -0.00211460096761584282
0.30000001192092895500 -0.00209147692658007145
0.31000000238418579100 -0.00206706696189939976
0.31999999284744262700 -0.00204934901557862759
0.33000001311302185100 -0.00202446198090910912
0.34000000357627868600 -0.00199384591542184353
0.34999999403953552200 -0.00196836190298199654
0.36000001430511474600 -0.00194109301082789898
0.37000000476837158200 -0.00191477197222411633
0.37999999523162841800 -0.00188220804557204247
0.38999998569488525400 -0.00184863200411200523
0.40000000596046447700 -0.00180501700378954411
0.40999999642372131300 -0.00175584305543452501
0.41999998688697814900 -0.00171206903178244829
0.43000000715255737300 -0.00166040705516934395
0.43999999761581420900 -0.00159768597222864628
0.44999998807907104500 -0.00153768900781869888
0.46000000834465026800 -0.00147316302172839642
0.46999999880790710400 -0.00140322197694331408
0.47999998927116394000 -0.00132625398691743612
0.49000000953674316400 -0.00124422204680740833
0.50000000000000000000 -0.00115155405364930630
0.50999999046325683600 -0.00104859098792076111
0.51999998092651367200 -0.00096287269843742251
0.52999997138977050800 -0.00084713718388229609
0.54000002145767211900 -0.00072396098403260112
0.55000001192092895500 -0.00059580279048532248
0.56000000238418579100 -0.00046511201071552932
0.56999999284744262700 -0.00032524560810998082
0.57999998331069946300 -0.00017972210480365902
0.58999997377395629900 -0.00004561468085739762
0.60000002384185791000 0.00009431188664166257
0.61000001430511474600 0.00025727940374054015
0.62000000476837158200 0.00042246090015396476
0.62999999523162841800 0.00058876757975667715
0.63999998569488525400 0.00075694598490372300
0.64999997615814209000 0.00092691072495654225
0.66000002622604370100 0.00108274095691740513
0.67000001668930053700 0.00125697895418852568
0.68000000715255737300 0.00142856396269053221
0.68999999761581420900 0.00160003802739083767
0.69999998807907104500 0.00177077797707170248
0.70999997854232788100 0.00193952594418078661
0.72000002861022949200 0.00210587494075298309
0.73000001907348632800 0.00226927106268703938
0.74000000953674316400 0.00243281200528144836
0.75000000000000000000 0.00259336293675005436
0.75999999046325683600 0.00275064003653824329
0.76999998092651367200 0.00290677300654351711
0.77999997138977050800 0.00306414603255689144
0.79000002145767211900 0.00322074908763170242
0.80000001192092895500 0.00337359309196472168
0.81000000238418579100 0.00352756003849208355
0.81999999284744262700 0.00367741589434444904
0.82999998331069946300 0.00382053991779685021
0.83999997377395629900 0.00397006096318364144
0.85000002384185791000 0.00411702599376440048
0.86000001430511474600 0.00425457116216421127
0.87000000476837158200 0.00439810287207365036
0.87999999523162841800 0.00454324204474687576
0.88999998569488525400 0.00468661217018961907
0.89999997615814209000 0.00483072781935334206
0.91000002622604370100 0.00497436476871371269
0.92000001668930053700 0.00510940887033939362
0.93000000715255737300 0.00524386810138821602
0.93999999761581420900 0.00537730008363723755
0.94999998807907104500 0.00551181193441152573
0.95999997854232788100 0.00563895795494318009
0.97000002861022949200 0.00576895987614989281
0.98000001907348632800 0.00589995086193084717
0.99000000953674316400 0.00603531999513506890
1.00000000000000000000 0.00616961205378174782
