-1.00000000000000000000 -0.00479421904310584068
-0.99000000953674316400 -0.00478363083675503731
-0.98000001907348632800 -0.00479093985632061958
-0.97000002861022949200 -0.00479663908481597901
-0.95999997854232788100 -0.00478977104648947716
-0.94999998807907104500 -0.00481003290042281151
-0.93999999761581420900 -0.00479325186461210251
-0.93000000715255737300 -0.00476177409291267395
-0.92000001668930053700 -0.00477968016639351845
-0.91000002622604370100 -0.00477941101416945458
-0.89999997615814209000 -0.00475084315985441208
-0.88999998569488525400 -0.00475802877917885780
-0.87999999523162841800 -0.00476452615112066269
-0.87000000476837158200 -0.00476048095151782036
-0.86000001430511474600 -0.00477894023060798645
-0.85000002384185791000 -0.00478530721738934517
-0.83999997377395629900 -0.00476380903273820877
-0.82999998331069946300 -0.00475598918274044991
-0.81999999284744262700 -0.00475737499073147774
-0.81000000238418579100 -0.00474453903734683991
-0.80000001192092895500 -0.00474270200356841088
-0.79000002145767211900 -0.00473722303286194801
-0.77999997138977050800 -0.00472645321860909462
-0.76999998092651367200 -0.00474325008690357208
-0.75999999046325683600 -0.00474827084690332413
-0.75000000000000000000 -0.00473974412307143212
-0.74000000953674316400 -0.00474597886204719544
-0.73000001907348632800 -0.00472860084846615791
-0.72000002861022949200 -0.00470937602221965790
-0.70999997854232788100 -0.00472915498539805412
-0.69999998807907104500 -0.00471615605056285858
-0.68999999761581420900 -0.00468764686957001686
-0.68000000715255737300 -0.00470618810504674912
-0.67000001668930053700 -0.00471139186993241310
-0.66000002622604370100 -0.00470685493201017380
-0.64999997615814209000 -0.00471825618296861649
-0.63999998569488525400 -0.00472340080887079239
-0.62999999523162841800 -0.00469616521149873734
-0.62000000476837158200 -0.00469447998329997063
-0.61000001430511474600 -0.00470454478636384010
-0.60000002384185791000 -0.00468394998461008072
-0.58999997377395629900 -0.00468211714178323746
-0.57999998331069946300 -0.00468619400635361672
-0.56999999284744262700 -0.00467838300392031670
-0.56000000238418579100 -0.00469597615301609039
-0.55000001192092895500 -0.00470204604789614678
-0.54000002145767211900 -0.00469068717211484909
-0.52999997138977050800 -0.00468548014760017395
-0.51999998092651367200 -0.00467118807137012482
-0.50999999046325683600 -0.00466556521132588387
-0.50000000000000000000 -0.00466906419023871422
-0.49000000953674316400 -0.00465390412136912346
-0.47999998927116394000 -0.00464370520785450936
-0.46999999880790710400 -0.00465459888800978661
-0.46000000834465026800 -0.00466256495565176010
-0.44999998807907104500 -0.00465291412547230721
-0.43999999761581420900 -0.00466262223199009895
-0.43000000715255737300 -0.00465037580579519272
-0.41999998688697814900 -0.00462541077286005020
-0.40999999642372131300 -0.00464560184627771378
-0.40000000596046447700 -0.00463835103437304497
-0.38999998569488525400 -0.00461223209276795387
-0.37999999523162841800 -0.00461888080462813378
-0.37000000476837158200 -0.00462481984868645668
-0.36000001430511474600 -0.00462107779458165169
-0.34999999403953552200 -0.00463879201561212540
-0.34000000357627868600 -0.00463749608024954796
-0.33000001311302185100 -0.00461403187364339829
-0.31999999284744262700 -0.00460879085585474968
-0.31000000238418579100 -0.00461626797914505005
-0.30000001192092895500 -0.00459826085716485977
-0.28999999165534973100 -0.00459382217377424240
-0.28000000119209289500 -0.00459261192008852959
-0.27000001072883606000 -0.00458241812884807587
-0.25999999046325683600 -0.00459925597533583641
-0.25000000000000000000 -0.00459928205236792565
-0.23999999463558197000 -0.00459397817030549050
-0.23000000417232513400 -0.00458992784842848778
-0.21999999880790710400 -0.00456479378044605255
-0.20999999344348907500 -0.00456674210727214813
-0.20000000298023223900 -0.00456632208079099655
-0.18999999761581420900 -0.00454438896849751473
-0.18000000715255737300 -0.00453642010688781738
-0.17000000178813934300 -0.00454912194982171059
-0.15999999642372131300 -0.00454817619174718857
-0.15000000596046447800 -0.00454821391031146050
-0.14000000059604644800 -0.00456077605485916138
-0.12999999523162841800 -0.00454456778243184090
-0.11999999731779098500 -0.00451610190793871880
-0.10999999940395355200 -0.00453320378437638283
-0.10000000149011611900 -0.00452341185882687569
-0.09000000357627868650 -0.00449933111667633057
-0.07999999821186065670 -0.00450509088113903999
-0.07000000029802322390 -0.00450371392071247101
-0.05999999865889549260 -0.00450881896540522576
-0.05000000074505805970 -0.00451869796961545944
-0.03999999910593032840 -0.00451795617118477822
-0.02999999932944774630 -0.00449744891375303269
-0.01999999955296516420 -0.00448380317538976669
-0.00999999977648258210 -0.00448648491874337196
0.00000000000000000000 -0.00447660684585571289
0.00999999977648258210 -0.00446092989295721054
0.01999999955296516420 -0.00445181922987103462
0.02999999932944774630 -0.00445014378055930138
0.03999999910593032840 -0.00445576990023255348
0.05000000074505805970 -0.00445688283070921898
0.05999999865889549260 -0.00445085391402244568
0.07000000029802322390 -0.00444474723190069199
0.07999999821186065670 -0.00441759219393134117
0.09000000357627868650 -0.00441425200551748276
0.10000000149011611900 -0.00441452907398343086
0.10999999940395355200 -0.00439188303425908089
0.11999999731779098500 -0.00437875790521502495
0.12999999523162841800 -0.00438332278281450272
0.14000000059604644800 -0.00438135489821434021
0.15000000596046447800 -0.00438287900760769844
0.15999999642372131300 -0.00439259409904479981
0.17000000178813934300 -0.00437115505337715149
0.18000000715255737300 -0.00434637116268277168
0.18999999761581420900 -0.00435328297317028046
0.20000000298023223900 -0.00434262584894895554
0.20999999344348907500 -0.00431912997737526894
0.21999999880790710400 -0.00431428104639053345
0.23000000417232513400 -0.00431148614734411240
0.23999999463558197000 -0.00430821999907493591
0.25000000000000000000 -0.00431418791413307190
0.25999999046325683600 -0.00430665491148829460
0.27000001072883606000 -0.00429184688255190849
0.28000000119209289500 -0.00426853680983185768
0.28999999165534973100 -0.00426026107743382454
0.30000001192092895500 -0.00425235601142048836
0.31000000238418579100 -0.00422998517751693726
0.31999999284744262700 -0.00421722093597054482
0.33000001311302185100 -0.00420559616759419441
0.34000000357627868600 -0.00420659082010388374
0.34999999403953552200 -0.00419804081320762634
0.36000001430511474600 -0.00419680913910269737
0.37000000476837158200 -0.00417385622859001160
0.37999999523162841800 -0.00414434401318430901
0.38999998569488525400 -0.00414144992828369141
0.40000000596046447700 -0.00412482395768165588
0.40999999642372131300 -0.00409124977886676788
0.41999998688697814900 -0.00408003991469740868
0.43000000715255737300 -0.00407012691721320152
0.43999999761581420900 -0.00405392004176974297
0.44999998807907104500 -0.00405442109331488609
0.46000000834465026800 -0.00404234277084469795
0.46999999880790710400 -0.00401097210124135018
0.47999998927116394000 -0.00398301100358366966
0.49000000953674316400 -0.00396408792585134506
0.50000000000000000000 -0.00393472611904144287
0.50999999046325683600 -0.00390309398062527180
0.51999998092651367200 -0.00387052400037646294
0.52999997138977050800 -0.00383002799935638905
0.54000002145767211900 -0.00381005997769534588
0.55000001192092895500 -0.00377217889763414860
0.56000000238418579100 -0.00372335803695023060
0.56999999284744262700 -0.00366787309758365154
0.57999998331069946300 -0.00359255797229707241
0.58999997377395629900 -0.00350365811027586460
0.60000002384185791000 -0.00342454807832837105
0.61000001430511474600 -0.00331280706450343132
0.62000000476837158200 -0.00317797507159411907
0.62999999523162841800 -0.00304367602802813053
0.63999998569488525400 -0.00288604293018579483
0.64999997615814209000 -0.00269901310093700886
0.66000002622604370100 -0.00248843198642134667
0.67000001668930053700 -0.00225021503865718842
0.68000000715255737300 -0.00196886202320456505
0.68999999761581420900 -0.00166572001762688160
0.69999998807907104500 -0.00135085696820169687
0.70999997854232788100 -0.00101789901964366436
0.72000002861022949200 -0.00064525002380833030
0.73000001907348632800 -0.00026614940725266933
0.74000000953674316400 0.00011163610179210082
0.75000000000000000000 0.00053175992798060179
0.75999999046325683600 0.00092995550949126482
0.76999998092651367200 0.00131446402519941330
0.77999997138977050800 0.00169922702480107546
0.79000002145767211900 0.00206677708774805069
0.80000001192092895500 0.00241347099654376507
0.81000000238418579100 0.00273865391500294209
0.81999999284744262700 0.00304149789735674858
0.82999998331069946300 0.00331919803284108639
0.83999997377395629900 0.00357205700129270554
0.85000002384185791000 0.00380616798065602780
0.86000001430511474600 0.00401464011520147324
0.87000000476837158200 0.00420219497755169869
0.87999999523162841800 0.00438703503459692001
0.88999998569488525400 0.00454988982528448105
0.89999997615814209000 0.00469748722389340401
0.91000002622604370100 0.00484987022355198860
0.92000001668930053700 0.00499243894591927529
0.93000000715255737300 0.00512629188597202301
0.93999999761581420900 0.00526568898931145668
0.94999998807907104500 0.00539494119584560394
0.95999997854232788100 0.00551280379295349121
0.97000002861022949200 0.00563376396894454956
0.98000001907348632800 0.00575706409290432930
0.99000000953674316400 0.00587211316451430321
1.00000000000000000000 0.00598452985286712647
