-1.00000000000000000000 -0.00000570495194551768
-0.99000000953674316400 -0.00000556198392587248
-0.98000001907348632800 -0.00000550174399904790
-0.97000002861022949200 -0.00000537749883733341
-0.95999997854232788100 -0.00000527968313690508
-0.94999998807907104500 -0.00000511670896230498
-0.93999999761581420900 -0.00000503181308886269
-0.93000000715255737300 -0.00000488405794385471
-0.92000001668930053700 -0.00000475405204269919
-0.91000002622604370100 -0.00000465705306851305
-0.89999997615814209000 -0.00000449412891612155
-0.88999998569488525400 -0.00000443486896983813
-0.87999999523162841800 -0.00000429724104833440
-0.87000000476837158200 -0.00000421185086452169
-0.86000001430511474600 -0.00000407245579481241
-0.85000002384185791000 -0.00000400943508793716
-0.83999997377395629900 -0.00000386603414881392
-0.82999998331069946300 -0.00000376818707081839
-0.81999999284744262700 -0.00000369349891116144
-0.81000000238418579100 -0.00000356233090315072
-0.80000001192092895500 -0.00000350435993823339
-0.79000002145767211900 -0.00000338874497174402
-0.77999997138977050800 -0.00000332271110892179
-0.76999998092651367200 -0.00000321195602737134
-0.75999999046325683600 -0.00000317622698275954
-0.75000000000000000000 -0.00000305496291730378
-0.74000000953674316400 -0.00000299982093565632
-0.73000001907348632800 -0.00000291401806862268
-0.72000002861022949200 -0.00000280609697256295
-0.70999997854232788100 -0.00000276479499916604
-0.69999998807907104500 -0.00000266950996774540
-0.68999999761581420900 -0.00000262486901192460
-0.68000000715255737300 -0.00000252201607509051
-0.67000001668930053700 -0.00000250583593697229
-0.66000002622604370100 -0.00000239599398810242
-0.64999997615814209000 -0.00000236167193179426
-0.63999998569488525400 -0.00000226971701522416
-0.62999999523162841800 -0.00000219060689232720
-0.62000000476837158200 -0.00000215258296520915
-0.61000001430511474600 -0.00000205350693249784
-0.60000002384185791000 -0.00000200509089154366
-0.58999997377395629900 -0.00000191155095308204
-0.57999998331069946300 -0.00000188470096418314
-0.56999999284744262700 -0.00000177273602730565
-0.56000000238418579100 -0.00000174186300228030
-0.55000001192092895500 -0.00000164495497756434
-0.54000002145767211900 -0.00000157301997205650
-0.52999997138977050800 -0.00000152020800214814
-0.51999998092651367200 -0.00000142791100188333
-0.50999999046325683600 -0.00000137013398671115
-0.50000000000000000000 -0.00000127480802802893
-0.49000000953674316400 -0.00000124917403354630
-0.47999998927116394000 -0.00000115414400170266
-0.46999999880790710400 -0.00000115304203518463
-0.46000000834465026800 -0.00000107489995571086
-0.44999998807907104500 -0.00000104311504856014
-0.43999999761581420900 -0.00000101113505479589
-0.43000000715255737300 -0.00000111154895421350
-0.41999998688697814900 -0.00000106545201106201
-0.40999999642372131300 -0.00000101171997357596
-0.40000000596046447700 -0.00000099053158919560
-0.38999998569488525400 -0.00000092936238615948
-0.37999999523162841800 -0.00000086969561152728
-0.37000000476837158200 -0.00000081941618645942
-0.36000001430511474600 -0.00000078551238402724
-0.34999999403953552200 -0.00000070119381234690
-0.34000000357627868600 -0.00000070480837166542
-0.33000001311302185100 -0.00000061320588429226
-0.31999999284744262700 -0.00000060577622207347
-0.31000000238418579100 -0.00000053653167242373
-0.30000001192092895500 -0.00000050058588385582
-0.28999999165534973100 -0.00000044092701045884
-0.28000000119209289500 -0.00000039851579458627
-0.27000001072883606000 -0.00000035419481037025
-0.25999999046325683600 -0.00000027885448616871
-0.25000000000000000000 -0.00000027420529136180
-0.23999999463558197000 -0.00000018109949451173
-0.23000000417232513400 -0.00000018305620130832
-0.21999999880790710400 -0.00000010316320242509
-0.20999999344348907500 -0.00000007301117932457
-0.20000000298023223900 -0.00000000740108685449
-0.18999999761581420900 0.00000002955841083008
-0.18000000715255737300 0.00000009136231682305
-0.17000000178813934300 0.00000015518520513069
-0.15999999642372131300 0.00000017581309919024
-0.15000000596046447800 0.00000027453140205580
-0.14000000059604644800 0.00000027612020403467
-0.12999999523162841800 0.00000036619769616664
-0.11999999731779098500 0.00000040002748846746
-0.10999999940395355200 0.00000047319829832304
-0.10000000149011611900 0.00000051478377827152
-0.09000000357627868650 0.00000059068912605653
-0.07999999821186065670 0.00000065147531813636
-0.07000000029802322390 0.00000069524571699731
-0.05999999865889549260 0.00000079471192293568
-0.05000000074505805970 0.00000080825788018046
-0.03999999910593032840 0.00000091202360863463
-0.02999999932944774630 0.00000094607901246491
-0.01999999955296516420 0.00000103760305592004
-0.00999999977648258210 0.00000107938399196428
0.00000000000000000000 0.00000111880001441023
0.00999999977648258210 0.00000123944596452930
0.01999999955296516420 0.00000126345605622191
0.02999999932944774630 0.00000137168694891443
0.03999999910593032840 0.00000143474699143553
0.05000000074505805970 0.00000152496795635670
0.05999999865889549260 0.00000158809200456744
0.07000000029802322390 0.00000167963696640072
0.07999999821186065670 0.00000177259300926380
0.09000000357627868650 0.00000182155099537340
0.10000000149011611900 0.00000195315601558832
0.10999999940395355200 0.00000198274096874229
0.11999999731779098500 0.00000210885605156363
0.12999999523162841800 0.00000217225510823482
0.14000000059604644800 0.00000229070701607270
0.15000000596046447800 0.00000236273695009004
0.15999999642372131300 0.00000246763306677167
0.17000000178813934300 0.00000256383100349922
0.18000000715255737300 0.00000264959203377657
0.18999999761581420900 0.00000277639401247143
0.20000000298023223900 0.00000282159408016014
0.20999999344348907500 0.00000297092196888116
0.21999999880790710400 0.00000305218691210030
0.23000000417232513400 0.00000317744502353889
0.23999999463558197000 0.00000327313000525464
0.25000000000000000000 0.00000341048189511639
0.25999999046325683600 0.00000349379911313008
0.27000001072883606000 0.00000362000491804793
0.28000000119209289500 0.00000376050388695148
0.28999999165534973100 0.00000383000678993994
0.30000001192092895500 0.00000399456894228933
0.31000000238418579100 0.00000408460709877545
0.31999999284744262700 0.00000423368601332186
0.33000001311302185100 0.00000434671483162674
0.34000000357627868600 0.00000450617790193064
0.34999999403953552200 0.00000459191278423532
0.36000001430511474600 0.00000474078888146323
0.37000000476837158200 0.00000490196680402732
0.37999999523162841800 0.00000498490317113465
0.38999998569488525400 0.00000517151920575998
0.40000000596046447700 0.00000527636211700155
0.40999999642372131300 0.00000545002603757894
0.41999998688697814900 0.00000556521808903199
0.43000000715255737300 0.00000574737396163982
0.43999999761581420900 0.00000585984207646106
0.44999998807907104500 0.00000599905797571409
0.46000000834465026800 0.00000615434692008421
0.46999999880790710400 0.00000629030000709463
0.47999998927116394000 0.00000645617592454073
0.49000000953674316400 0.00000656576503388351
0.50000000000000000000 0.00000674921921017813
0.50999999046325683600 0.00000685795203025918
0.51999998092651367200 0.00000705739694240037
0.52999997138977050800 0.00000719667377779842
0.54000002145767211900 0.00000736216679797508
0.55000001192092895500 0.00000748674483475043
0.56000000238418579100 0.00000767171241022879
0.56999999284744262700 0.00000785426163929515
0.57999998331069946300 0.00000796819040260743
0.58999997377395629900 0.00000817504314909456
0.60000002384185791000 0.00000830763474368723
0.61000001430511474600 0.00000852153334562900
0.62000000476837158200 0.00000866160644363845
0.62999999523162841800 0.00000887601527210791
0.63999998569488525400 0.00000900762643141206
0.64999997615814209000 0.00000915735108719673
0.66000002622604370100 0.00000937925142352469
0.67000001668930053700 0.00000951947913563345
0.68000000715255737300 0.00000969844313658541
0.68999999761581420900 0.00000986281611403683
0.69999998807907104500 0.00001007416994980304
0.70999997854232788100 0.00001024322955345269
0.72000002861022949200 0.00001049962975230301
0.73000001907348632800 0.00001044697000907036
0.74000000953674316400 0.00001065152991941432
0.75000000000000000000 0.00001081761001842096
0.75999999046325683600 0.00001102539044950390
0.76999998092651367200 0.00001121688001148868
0.77999997138977050800 0.00001138480001827702
0.79000002145767211900 0.00001153664015873801
0.80000001192092895500 0.00001180284016299993
0.81000000238418579100 0.00001198238987853983
0.81999999284744262700 0.00001224437983182725
0.82999998331069946300 0.00001246672036359087
0.83999997377395629900 0.00001264464026462520
0.85000002384185791000 0.00001277977025893051
0.86000001430511474600 0.00001303361023019534
0.87000000476837158200 0.00001323609012615634
0.87999999523162841800 0.00001334894022875233
0.88999998569488525400 0.00001363681985822041
0.89999997615814209000 0.00001382574009767268
0.91000002622604370100 0.00001409485957992729
0.92000001668930053700 0.00001432530007150490
0.93000000715255737300 0.00001454560970159946
0.93999999761581420900 0.00001469308972446015
0.94999998807907104500 0.00001491065995651297
0.95999997854232788100 0.00001514868017693516
0.97000002861022949200 0.00001529172914160881
0.98000001907348632800 0.00001554017944727093
0.99000000953674316400 0.00001569687992741819
1.00000000000000000000 0.00001596727088326588
