-1.00000000000000000000 -0.01249806024134159090
-0.99000000953674316400 -0.01238674018532037740
-0.98000001907348632800 -0.01226755976676940920
-0.97000002861022949200 -0.01213186979293823240
-0.95999997854232788100 -0.01202057953923940660
-0.94999998807907104500 -0.01186074968427419660
-0.93999999761581420900 -0.01172679010778665540
-0.93000000715255737300 -0.01157577987760305400
-0.92000001668930053700 -0.01143120974302291870
-0.91000002622604370100 -0.01129326038062572480
-0.89999997615814209000 -0.01115216035395860670
-0.88999998569488525400 -0.01101053040474653240
-0.87999999523162841800 -0.01086539030075073240
-0.87000000476837158200 -0.01072695013135671620
-0.86000001430511474600 -0.01058011036366224290
-0.85000002384185791000 -0.01045039016753435140
-0.83999997377395629900 -0.01029757037758827210
-0.82999998331069946300 -0.01016679964959621430
-0.81999999284744262700 -0.01001789979636669160
-0.81000000238418579100 -0.00983703415840864182
-0.80000001192092895500 -0.00969868525862693787
-0.79000002145767211900 -0.00954863894730806351
-0.77999997138977050800 -0.00941693130880594254
-0.76999998092651367200 -0.00927292369306087494
-0.75999999046325683600 -0.00913887936621904373
-0.75000000000000000000 -0.00899043679237365723
-0.74000000953674316400 -0.00884384009987115860
-0.73000001907348632800 -0.00870500318706035614
-0.72000002861022949200 -0.00857200659811496735
-0.70999997854232788100 -0.00843889825046062470
-0.69999998807907104500 -0.00829613395035266876
-0.68999999761581420900 -0.00815359223634004593
-0.68000000715255737300 -0.00800582487136125565
-0.67000001668930053700 -0.00786880869418382645
-0.66000002622604370100 -0.00773573713377118111
-0.64999997615814209000 -0.00759067619219422341
-0.63999998569488525400 -0.00746127404272556305
-0.62999999523162841800 -0.00731848506256937981
-0.62000000476837158200 -0.00719611812382936478
-0.61000001430511474600 -0.00705696316435933113
-0.60000002384185791000 -0.00692997081205248833
-0.58999997377395629900 -0.00680641783401370049
-0.57999998331069946300 -0.00666800420731306076
-0.56999999284744262700 -0.00653136009350419045
-0.56000000238418579100 -0.00640576193109154701
-0.55000001192092895500 -0.00626464700326323509
-0.54000002145767211900 -0.00613488815724849701
-0.52999997138977050800 -0.00601080711930990219
-0.51999998092651367200 -0.00586870219558477402
-0.50999999046325683600 -0.00574686191976070404
-0.50000000000000000000 -0.00560941407456994057
-0.49000000953674316400 -0.00548976194113492966
-0.47999998927116394000 -0.00536002311855554581
-0.46999999880790710400 -0.00522876903414726258
-0.46000000834465026800 -0.00509936781600117684
-0.44999998807907104500 -0.00497406022623181343
-0.43999999761581420900 -0.00485476478934288025
-0.43000000715255737300 -0.00473205791786313057
-0.41999998688697814900 -0.00461385492235422135
-0.40999999642372131300 -0.00449331989511847496
-0.40000000596046447700 -0.00437291385605931282
-0.38999998569488525400 -0.00425418699160218239
-0.37999999523162841800 -0.00413275882601737976
-0.37000000476837158200 -0.00401599518954753876
-0.36000001430511474600 -0.00390335288830101490
-0.34999999403953552200 -0.00378540810197591782
-0.34000000357627868600 -0.00366792595013976097
-0.33000001311302185100 -0.00354734808206558228
-0.31999999284744262700 -0.00343431392684578896
-0.31000000238418579100 -0.00332241901196539402
-0.30000001192092895500 -0.00320743490010499954
-0.28999999165534973100 -0.00309278699569404125
-0.28000000119209289500 -0.00297418003901839256
-0.27000001072883606000 -0.00285760592669248581
-0.25999999046325683600 -0.00274219596758484840
-0.25000000000000000000 -0.00263994792476296425
-0.23999999463558197000 -0.00252444110810756683
-0.23000000417232513400 -0.00241580908186733723
-0.21999999880790710400 -0.00231087603606283665
-0.20999999344348907500 -0.00219405605457723141
-0.20000000298023223900 -0.00208693696185946465
-0.18999999761581420900 -0.00198340904898941517
-0.18000000715255737300 -0.00187033205293118954
-0.17000000178813934300 -0.00176308094523847103
-0.15999999642372131300 -0.00165934395045042038
-0.15000000596046447800 -0.00155445304699242115
-0.14000000059604644800 -0.00144800194539129734
-0.12999999523162841800 -0.00134670396801084280
-0.11999999731779098500 -0.00124114495702087879
-0.10999999940395355200 -0.00113682099618017674
-0.10000000149011611900 -0.00103204697370529175
-0.09000000357627868650 -0.00092800089623779058
-0.07999999821186065670 -0.00082585588097572327
-0.07000000029802322390 -0.00072169868508353829
-0.05999999865889549260 -0.00061881850706413388
-0.05000000074505805970 -0.00051599991274997592
-0.03999999910593032840 -0.00041309741209261119
-0.02999999932944774630 -0.00031001440947875381
-0.01999999955296516420 -0.00020773390133399516
-0.00999999977648258210 -0.00010513269808143377
0.00000000000000000000 -0.00000302905709759216
0.00999999977648258210 0.00009897068230202422
0.01999999955296516420 0.00020119029795750976
0.02999999932944774630 0.00030524161411449313
0.03999999910593032840 0.00040865980554372072
0.05000000074505805970 0.00051234621787443757
0.05999999865889549260 0.00061700999503955245
0.07000000029802322390 0.00072176742833107710
0.07999999821186065670 0.00082581338938325644
0.09000000357627868650 0.00093325960915535688
0.10000000149011611900 0.00103909894824028015
0.10999999940395355200 0.00114338297862559557
0.11999999731779098500 0.00125155400019139051
0.12999999523162841800 0.00136025494430214167
0.14000000059604644800 0.00146834400948137045
0.15000000596046447800 0.00158098095562309027
0.15999999642372131300 0.00169196003116667271
0.17000000178813934300 0.00180090696085244417
0.18000000715255737300 0.00190938101150095463
0.18999999761581420900 0.00202396907843649387
0.20000000298023223900 0.00213776691816747189
0.20999999344348907500 0.00225000106729567051
0.21999999880790710400 0.00236752210184931755
0.23000000417232513400 0.00247987499460577965
0.23999999463558197000 0.00259815598838031292
0.25000000000000000000 0.00271499296650290489
0.25999999046325683600 0.00283133098855614662
0.27000001072883606000 0.00294586294330656529
0.28000000119209289500 0.00306278001517057419
0.28999999165534973100 0.00317494291812181473
0.30000001192092895500 0.00330164795741438866
0.31000000238418579100 0.00342021510004997254
0.31999999284744262700 0.00353578105568885803
0.33000001311302185100 0.00365324504673480988
0.34000000357627868600 0.00377503503113985062
0.34999999403953552200 0.00389564898796379566
0.36000001430511474600 0.00401450321078300476
0.37000000476837158200 0.00414391700178384781
0.37999999523162841800 0.00426007807254791260
0.38999998569488525400 0.00439081480726599693
0.40000000596046447700 0.00451942300423979759
0.40999999642372131300 0.00465264311060309410
0.41999998688697814900 0.00478056678548455238
0.43000000715255737300 0.00490784505382180214
0.43999999761581420900 0.00503887003287672997
0.44999998807907104500 0.00516182091087102890
0.46000000834465026800 0.00528887519612908364
0.46999999880790710400 0.00542167620733380318
0.47999998927116394000 0.00555520318448543549
0.49000000953674316400 0.00568174989894032478
0.50000000000000000000 0.00582119496539235115
0.50999999046325683600 0.00596647802740335465
0.51999998092651367200 0.00609574979171156883
0.52999997138977050800 0.00623081903904676438
0.54000002145767211900 0.00636127917096018791
0.55000001192092895500 0.00649413419887423516
0.56000000238418579100 0.00664174510166049004
0.56999999284744262700 0.00677665602415800095
0.57999998331069946300 0.00691413693130016327
0.58999997377395629900 0.00705317500978708267
0.60000002384185791000 0.00718820979818701744
0.61000001430511474600 0.00733171496540307999
0.62000000476837158200 0.00747135002166032791
0.62999999523162841800 0.00761481281369924546
0.63999998569488525400 0.00774825178086757660
0.64999997615814209000 0.00789036974310874939
0.66000002622604370100 0.00803325232118368149
0.67000001668930053700 0.00818592123687267304
0.68000000715255737300 0.00832937937229871750
0.68999999761581420900 0.00847100466489791870
0.69999998807907104500 0.00861521717160940171
0.70999997854232788100 0.00876575522124767304
0.72000002861022949200 0.00891371443867683411
0.73000001907348632800 0.00905725639313459397
0.74000000953674316400 0.00921037606894969940
0.75000000000000000000 0.00936401262879371643
0.75999999046325683600 0.00949492491781711579
0.76999998092651367200 0.00964776612818241120
0.77999997138977050800 0.00980178918689489365
0.79000002145767211900 0.00995714589953422547
0.80000001192092895500 0.01010974030941724780
0.81000000238418579100 0.01027845963835716250
0.81999999284744262700 0.01042017992585897450
0.82999998331069946300 0.01059798989444971080
0.83999997377395629900 0.01075410004705190660
0.85000002384185791000 0.01090893987566232680
0.86000001430511474600 0.01105558034032583240
0.87000000476837158200 0.01121116988360881810
0.87999999523162841800 0.01137221045792102810
0.88999998569488525400 0.01153567992150783540
0.89999997615814209000 0.01168326009064912800
0.91000002622604370100 0.01183971017599105840
0.92000001668930053700 0.01199380960315465930
0.93000000715255737300 0.01214309968054294590
0.93999999761581420900 0.01228502020239830020
0.94999998807907104500 0.01243919972330331800
0.95999997854232788100 0.01262150984257459640
0.97000002861022949200 0.01277858018875122070
0.98000001907348632800 0.01290777046233415600
0.99000000953674316400 0.01307081989943981170
1.00000000000000000000 0.01325176004320383070
