-1.00000000000000000000 -0.00534376688301563263
-0.99000000953674316400 -0.00532915210351347923
-0.98000001907348632800 -0.00533893611282110214
-0.97000002861022949200 -0.00534228701144456864
-0.95999997854232788100 -0.00535120908170938492
-0.94999998807907104500 -0.00536050787195563317
-0.93999999761581420900 -0.00536537310108542442
-0.93000000715255737300 -0.00534750614315271378
-0.92000001668930053700 -0.00533517915755510330
-0.91000002622604370100 -0.00534641603007912636
-0.89999997615814209000 -0.00533883506432175636
-0.88999998569488525400 -0.00532567081972956658
-0.87999999523162841800 -0.00532410712912678719
-0.87000000476837158200 -0.00533103989437222481
-0.86000001430511474600 -0.00534109817817807198
-0.85000002384185791000 -0.00535148801282048226
-0.83999997377395629900 -0.00535272201523184776
-0.82999998331069946300 -0.00534620881080627442
-0.81999999284744262700 -0.00532890204340219498
-0.81000000238418579100 -0.00533603783696889878
-0.80000001192092895500 -0.00533125409856438637
-0.79000002145767211900 -0.00531809497624635697
-0.77999997138977050800 -0.00531425001099705696
-0.76999998092651367200 -0.00531485676765441895
-0.75999999046325683600 -0.00533259799703955650
-0.75000000000000000000 -0.00533543201163411141
-0.74000000953674316400 -0.00533457379788160324
-0.73000001907348632800 -0.00534029584378004074
-0.72000002861022949200 -0.00532344076782464981
-0.70999997854232788100 -0.00531086092814803124
-0.69999998807907104500 -0.00532615883275866509
-0.68999999761581420900 -0.00531203811988234520
-0.68000000715255737300 -0.00529283005744218826
-0.67000001668930053700 -0.00530592305585741997
-0.66000002622604370100 -0.00531164882704615593
-0.64999997615814209000 -0.00531290890648961067
-0.63999998569488525400 -0.00532806897535920143
-0.62999999523162841800 -0.00533045083284378052
-0.62000000476837158200 -0.00530629279091954231
-0.61000001430511474600 -0.00530206179246306420
-0.60000002384185791000 -0.00531115103513002396
-0.58999997377395629900 -0.00529404217377305031
-0.57999998331069946300 -0.00529095577076077461
-0.56999999284744262700 -0.00528857111930847168
-0.56000000238418579100 -0.00528746377676725388
-0.55000001192092895500 -0.00530762597918510437
-0.54000002145767211900 -0.00531436083838343620
-0.52999997138977050800 -0.00531049305573105812
-0.51999998092651367200 -0.00530727999284863472
-0.50999999046325683600 -0.00528548797592520714
-0.50000000000000000000 -0.00528521696105599404
-0.49000000953674316400 -0.00529096322134137154
-0.47999998927116394000 -0.00527101894840598107
-0.46999999880790710400 -0.00526581378653645516
-0.46000000834465026800 -0.00527927186340093613
-0.44999998807907104500 -0.00528844119980931282
-0.43999999761581420900 -0.00528680020943284035
-0.43000000715255737300 -0.00530674494802951813
-0.41999998688697814900 -0.00529351504519581795
-0.40999999642372131300 -0.00526219792664051056
-0.40000000596046447700 -0.00528075080364942551
-0.38999998569488525400 -0.00527687603607773781
-0.37999999523162841800 -0.00525491591542959213
-0.37000000476837158200 -0.00525963911786675453
-0.36000001430511474600 -0.00525896577164530754
-0.34999999403953552200 -0.00526439910754561424
-0.34000000357627868600 -0.00528099993243813515
-0.33000001311302185100 -0.00528331613168120384
-0.31999999284744262700 -0.00527695007622241974
-0.31000000238418579100 -0.00526359491050243378
-0.30000001192092895500 -0.00525901000946760178
-0.28999999165534973100 -0.00525393383577466011
-0.28000000119209289500 -0.00524763390421867371
-0.27000001072883606000 -0.00523636303842067719
-0.25999999046325683600 -0.00523315882310271263
-0.25000000000000000000 -0.00525099784135818482
-0.23999999463558197000 -0.00525397621095180512
-0.23000000417232513400 -0.00525447912514209747
-0.21999999880790710400 -0.00525966286659240723
-0.20999999344348907500 -0.00524210790172219277
-0.20000000298023223900 -0.00522424280643463135
-0.18999999761581420900 -0.00523831602185964585
-0.18000000715255737300 -0.00522736320272088051
-0.17000000178813934300 -0.00520718190819025040
-0.15999999642372131300 -0.00521297892555594444
-0.15000000596046447800 -0.00521400989964604378
-0.14000000059604644800 -0.00521999411284923554
-0.12999999523162841800 -0.00522845797240734100
-0.11999999731779098500 -0.00523301493376493454
-0.10999999940395355200 -0.00521465018391609192
-0.10000000149011611900 -0.00520058302208781243
-0.09000000357627868650 -0.00520346779376268387
-0.07999999821186065670 -0.00519693316891789436
-0.07000000029802322390 -0.00518411118537187576
-0.05999999865889549260 -0.00517861405387520790
-0.05000000074505805970 -0.00518228719010949135
-0.03999999910593032840 -0.00519303604960441590
-0.02999999932944774630 -0.00519641395658254624
-0.01999999955296516420 -0.00520332623273134232
-0.00999999977648258210 -0.00519459508359432221
0.00000000000000000000 -0.00516701722517609596
0.00999999977648258210 -0.00517090084031224251
0.01999999955296516420 -0.00516657996922731400
0.02999999932944774630 -0.00515700690448284149
0.03999999910593032840 -0.00514365592971444130
0.05000000074505805970 -0.00514196697622537613
0.05999999865889549260 -0.00515169277787208557
0.07000000029802322390 -0.00515371281653642655
0.07999999821186065670 -0.00515440804883837700
0.09000000357627868650 -0.00515594985336065293
0.10000000149011611900 -0.00513886706903576851
0.10999999940395355200 -0.00511569995433092117
0.11999999731779098500 -0.00512821413576602936
0.12999999523162841800 -0.00511446688324213028
0.14000000059604644800 -0.00508440798148512840
0.15000000596046447800 -0.00509404577314853668
0.15999999642372131300 -0.00509445322677493096
0.17000000178813934300 -0.00509565277025103569
0.18000000715255737300 -0.00510210404172539711
0.18999999761581420900 -0.00510334922000765801
0.20000000298023223900 -0.00507446099072694779
0.20999999344348907500 -0.00506351515650749207
0.21999999880790710400 -0.00506764696910977364
0.23000000417232513400 -0.00504884682595729828
0.23999999463558197000 -0.00503645278513431549
0.25000000000000000000 -0.00502727320417761803
0.25999999046325683600 -0.00502128619700670242
0.27000001072883606000 -0.00503302784636616707
0.28000000119209289500 -0.00503027020022273064
0.28999999165534973100 -0.00502027105540037155
0.30000001192092895500 -0.00501855788752436638
0.31000000238418579100 -0.00498771993443369866
0.31999999284744262700 -0.00497942790389060974
0.33000001311302185100 -0.00497548282146453858
0.34000000357627868600 -0.00495211919769644737
0.34999999403953552200 -0.00493637518957257271
0.36000001430511474600 -0.00493391416966915131
0.37000000476837158200 -0.00492916395887732506
0.37999999523162841800 -0.00492188008502125740
0.38999998569488525400 -0.00492209289222955704
0.40000000596046447700 -0.00490445410832762718
0.40999999642372131300 -0.00487575493752956391
0.41999998688697814900 -0.00485804397612810135
0.43000000715255737300 -0.00484592001885175705
0.43999999761581420900 -0.00481563992798328400
0.44999998807907104500 -0.00478877592831850052
0.46000000834465026800 -0.00476925307884812355
0.46999999880790710400 -0.00474826013669371605
0.47999998927116394000 -0.00473935296759009361
0.49000000953674316400 -0.00471122702583670616
0.50000000000000000000 -0.00467790896072983742
0.50999999046325683600 -0.00463259778916835785
0.51999998092651367200 -0.00456671090796589852
0.52999997138977050800 -0.00452658999711275101
0.54000002145767211900 -0.00446686521172523499
0.55000001192092895500 -0.00437937397509813309
0.56000000238418579100 -0.00429803598672151566
0.56999999284744262700 -0.00421682605519890785
0.57999998331069946300 -0.00410797679796814919
0.58999997377395629900 -0.00398879079148173332
0.60000002384185791000 -0.00385452806949615479
0.61000001430511474600 -0.00367836700752377510
0.62000000476837158200 -0.00347869191318750382
0.62999999523162841800 -0.00328247901052236557
0.63999998569488525400 -0.00304136704653501511
0.64999997615814209000 -0.00277144205756485462
0.66000002622604370100 -0.00249451096169650555
0.67000001668930053700 -0.00219377502799034119
0.68000000715255737300 -0.00187804899178445339
0.68999999761581420900 -0.00154107296839356422
0.69999998807907104500 -0.00119002896826714277
0.70999997854232788100 -0.00082855572691187263
0.72000002861022949200 -0.00046113130520097911
0.73000001907348632800 -0.00009253311145585030
0.74000000953674316400 0.00026731539401225746
0.75000000000000000000 0.00062537402845919132
0.75999999046325683600 0.00097126181935891509
0.76999998092651367200 0.00129566295072436333
0.77999997138977050800 0.00160420802421867848
0.79000002145767211900 0.00188951101154088974
0.80000001192092895500 0.00215023802593350411
0.81000000238418579100 0.00238730898126959801
0.81999999284744262700 0.00260438001714646816
0.82999998331069946300 0.00279465503990650177
0.83999997377395629900 0.00296233897097408772
0.85000002384185791000 0.00312054506503045559
0.86000001430511474600 0.00325936288572847843
0.87000000476837158200 0.00338288093917071819
0.87999999523162841800 0.00350049301050603390
0.88999998569488525400 0.00361004099249839783
0.89999997615814209000 0.00371535704471170902
0.91000002622604370100 0.00381644093431532383
0.92000001668930053700 0.00391083583235740662
0.93000000715255737300 0.00399846490472555161
0.93999999761581420900 0.00408100988715887070
0.94999998807907104500 0.00415966799482703209
0.95999997854232788100 0.00424143485724925995
0.97000002861022949200 0.00432092789560556412
0.98000001907348632800 0.00439225602895021439
0.99000000953674316400 0.00446956604719161987
1.00000000000000000000 0.00455060601234436035
