-1.00000000000000000000 -0.00536001706495881081
-0.99000000953674316400 -0.00538120698183774948
-0.98000001907348632800 -0.00539060821756720543
-0.97000002861022949200 -0.00538900820538401604
-0.95999997854232788100 -0.00538442702963948250
-0.94999998807907104500 -0.00537567585706710816
-0.93999999761581420900 -0.00537121621891856194
-0.93000000715255737300 -0.00536670302972197533
-0.92000001668930053700 -0.00535841099917888642
-0.91000002622604370100 -0.00535867502912878990
-0.89999997615814209000 -0.00538362888619303703
-0.88999998569488525400 -0.00537933502346277237
-0.87999999523162841800 -0.00538865290582180023
-0.87000000476837158200 -0.00539514422416687012
-0.86000001430511474600 -0.00536429509520530701
-0.85000002384185791000 -0.00537338200956583023
-0.83999997377395629900 -0.00537820020690560341
-0.82999998331069946300 -0.00534849893301725388
-0.81999999284744262700 -0.00534277502447366715
-0.81000000238418579100 -0.00536470394581556320
-0.80000001192092895500 -0.00536133395507931709
-0.79000002145767211900 -0.00536645483225584030
-0.77999997138977050800 -0.00538529083132743836
-0.76999998092651367200 -0.00536426994949579239
-0.75999999046325683600 -0.00534468796104192734
-0.75000000000000000000 -0.00536578986793756485
-0.74000000953674316400 -0.00534738600254058838
-0.73000001907348632800 -0.00532828597351908684
-0.72000002861022949200 -0.00534880580380558968
-0.70999997854232788100 -0.00534187117591500282
-0.69999998807907104500 -0.00535644078627228737
-0.68999999761581420900 -0.00537285581231117249
-0.68000000715255737300 -0.00536590022966265679
-0.67000001668930053700 -0.00535419909283518791
-0.66000002622604370100 -0.00535380607470870018
-0.64999997615814209000 -0.00534795783460140228
-0.63999998569488525400 -0.00534145114943385124
-0.62999999523162841800 -0.00534134777262806893
-0.62000000476837158200 -0.00532937189564108849
-0.61000001430511474600 -0.00534269493073225022
-0.60000002384185791000 -0.00536255398765206337
-0.58999997377395629900 -0.00535367196425795555
-0.57999998331069946300 -0.00535572413355112076
-0.56999999284744262700 -0.00534940883517265320
-0.56000000238418579100 -0.00533421291038393974
-0.55000001192092895500 -0.00533706601709127426
-0.54000002145767211900 -0.00532271014526486397
-0.52999997138977050800 -0.00530599011108279228
-0.51999998092651367200 -0.00531678600236773491
-0.50999999046325683600 -0.00532923405990004540
-0.50000000000000000000 -0.00532315997406840325
-0.49000000953674316400 -0.00533575704321265221
-0.47999998927116394000 -0.00533019285649061203
-0.46999999880790710400 -0.00530019914731383324
-0.46000000834465026800 -0.00532293692231178284
-0.44999998807907104500 -0.00532178580760955811
-0.43999999761581420900 -0.00529435602948069573
-0.43000000715255737300 -0.00530821783468127251
-0.41999998688697814900 -0.00531570287421345711
-0.40999999642372131300 -0.00531823700293898583
-0.40000000596046447700 -0.00533092115074396134
-0.38999998569488525400 -0.00533621013164520264
-0.37999999523162841800 -0.00531626492738723755
-0.37000000476837158200 -0.00532060908153653145
-0.36000001430511474600 -0.00532021420076489449
-0.34999999403953552200 -0.00530009018257260323
-0.34000000357627868600 -0.00530509511008858681
-0.33000001311302185100 -0.00529899494722485542
-0.31999999284744262700 -0.00530630908906459809
-0.31000000238418579100 -0.00532608712092041969
-0.30000001192092895500 -0.00532724382355809212
-0.28999999165534973100 -0.00531557714566588402
-0.28000000119209289500 -0.00531115802004933357
-0.27000001072883606000 -0.00530603714287281037
-0.25999999046325683600 -0.00529613019898533821
-0.25000000000000000000 -0.00528825400397181511
-0.23999999463558197000 -0.00527656404301524162
-0.23000000417232513400 -0.00528094498440623284
-0.21999999880790710400 -0.00530027877539396286
-0.20999999344348907500 -0.00528947496786713600
-0.20000000298023223900 -0.00529183214530348778
-0.18999999761581420900 -0.00529569899663329125
-0.18000000715255737300 -0.00526122609153389931
-0.17000000178813934300 -0.00527690909802913666
-0.15999999642372131300 -0.00527645507827401161
-0.15000000596046447800 -0.00524602783843874932
-0.14000000059604644800 -0.00525754503905773163
-0.12999999523162841800 -0.00527435401454567909
-0.11999999731779098500 -0.00527069298550486565
-0.10999999940395355200 -0.00528506282716989517
-0.10000000149011611900 -0.00528451101854443550
-0.09000000357627868650 -0.00525729078799486160
-0.07999999821186065670 -0.00526468409225344658
-0.07000000029802322390 -0.00526343798264861107
-0.05999999865889549260 -0.00523488596081733704
-0.05000000074505805970 -0.00524123199284076691
-0.03999999910593032840 -0.00524426111951470375
-0.02999999932944774630 -0.00524471700191497803
-0.01999999955296516420 -0.00525368610396981240
-0.00999999977648258210 -0.00526537001132965088
0.00000000000000000000 -0.00524099590256810188
0.00999999977648258210 -0.00523087708279490471
0.01999999955296516420 -0.00523166079074144364
0.02999999932944774630 -0.00521731097251176834
0.03999999910593032840 -0.00520322890952229500
0.05000000074505805970 -0.00519773084670305252
0.05999999865889549260 -0.00519277807325124741
0.07000000029802322390 -0.00520038604736328125
0.07999999821186065670 -0.00521288299933075905
0.09000000357627868650 -0.00520280422642827034
0.10000000149011611900 -0.00520359585061669350
0.10999999940395355200 -0.00518892612308263779
0.11999999731779098500 -0.00518429698422551155
0.12999999523162841800 -0.00518446788191795349
0.14000000059604644800 -0.00517046498134732247
0.15000000596046447800 -0.00515493378043174744
0.15999999642372131300 -0.00516637600958347321
0.17000000178813934300 -0.00517809111624956131
0.18000000715255737300 -0.00516448216512799263
0.18999999761581420900 -0.00517701311036944390
0.20000000298023223900 -0.00516165979206562042
0.20999999344348907500 -0.00512539595365524292
0.21999999880790710400 -0.00513165397569537163
0.23000000417232513400 -0.00512037891894578934
0.23999999463558197000 -0.00508364988490939140
0.25000000000000000000 -0.00508193997666239739
0.25999999046325683600 -0.00508119817823171616
0.27000001072883606000 -0.00506634404882788658
0.28000000119209289500 -0.00506862718611955643
0.28999999165534973100 -0.00505395280197262764
0.30000001192092895500 -0.00502058817073702812
0.31000000238418579100 -0.00499934796243906021
0.31999999284744262700 -0.00498363794758915901
0.33000001311302185100 -0.00494344998151063919
0.34000000357627868600 -0.00491418689489364624
0.34999999403953552200 -0.00489005679264664650
0.36000001430511474600 -0.00485942000523209572
0.37000000476837158200 -0.00484216492623090744
0.37999999523162841800 -0.00480471318587660790
0.38999998569488525400 -0.00475887488573789597
0.40000000596046447700 -0.00470317807048559189
0.40999999642372131300 -0.00464779976755380631
0.41999998688697814900 -0.00458185421302914620
0.43000000715255737300 -0.00451003899797797203
0.43999999761581420900 -0.00442968308925628662
0.44999998807907104500 -0.00434781797230243683
0.46000000834465026800 -0.00427751988172531128
0.46999999880790710400 -0.00417694495990872383
0.47999998927116394000 -0.00407178513705730438
0.49000000953674316400 -0.00395232997834682465
0.50000000000000000000 -0.00380620011128485203
0.50999999046325683600 -0.00366789498366415501
0.51999998092651367200 -0.00352018093690276146
0.52999997138977050800 -0.00334048806689679623
0.54000002145767211900 -0.00316526996903121472
0.55000001192092895500 -0.00299666891805827618
0.56000000238418579100 -0.00280132703483104706
0.56999999284744262700 -0.00260125403292477131
0.57999998331069946300 -0.00240013003349304199
0.58999997377395629900 -0.00216854689642786980
0.60000002384185791000 -0.00193149002734571695
0.61000001430511474600 -0.00170780194457620382
0.62000000476837158200 -0.00145657302346080542
0.62999999523162841800 -0.00120275199878960848
0.63999998569488525400 -0.00091608008369803429
0.64999997615814209000 -0.00066283810883760452
0.66000002622604370100 -0.00040262751281261444
0.67000001668930053700 -0.00014242390170693398
0.68000000715255737300 0.00012055080151185393
0.68999999761581420900 0.00040337871178053319
0.69999998807907104500 0.00068742397706955671
0.70999997854232788100 0.00098484754562377930
0.72000002861022949200 0.00137645099312067032
0.73000001907348632800 0.00170773500576615334
0.74000000953674316400 0.00205659004859626293
0.75000000000000000000 0.00242069689556956291
0.75999999046325683600 0.00280143204145133495
0.76999998092651367200 0.00319906603544950485
0.77999997138977050800 0.00361192808486521244
0.79000002145767211900 0.00404490297660231590
0.80000001192092895500 0.00449489103630185127
0.81000000238418579100 0.00495772389695048332
0.81999999284744262700 0.00544555811211466789
0.82999998331069946300 0.00595317082479596138
0.83999997377395629900 0.00646926183253526688
0.85000002384185791000 0.00700662797316908837
0.86000001430511474600 0.00755956303328275681
0.87000000476837158200 0.00811074208468198776
0.87999999523162841800 0.00870190002024173737
0.88999998569488525400 0.00929370336234569550
0.89999997615814209000 0.00988479703664779663
0.91000002622604370100 0.01012935955077409740
0.92000001668930053700 0.01072175987064838410
0.93000000715255737300 0.01130513008683919910
0.93999999761581420900 0.01190584991127252580
0.94999998807907104500 0.01254113018512725830
0.95999997854232788100 0.01316699013113975520
0.97000002861022949200 0.01382084004580974580
0.98000001907348632800 0.01450183987617492680
0.99000000953674316400 0.01516493037343025210
1.00000000000000000000 0.01584867946803569790
