-1.00000000000000000000 -0.01612002961337566380
-0.99000000953674316400 -0.01582182012498378750
-0.98000001907348632800 -0.01546678971499204640
-0.97000002861022949200 -0.01503054983913898470
-0.95999997854232788100 -0.01470503024756908420
-0.94999998807907104500 -0.01436049025505781170
-0.93999999761581420900 -0.01411586999893188480
-0.93000000715255737300 -0.01385425962507724760
-0.92000001668930053700 -0.01362282037734985350
-0.91000002622604370100 -0.01332725025713443760
-0.89999997615814209000 -0.01312664989382028580
-0.88999998569488525400 -0.01294902991503477100
-0.87999999523162841800 -0.01269761007279157640
-0.87000000476837158200 -0.01249696966260671620
-0.86000001430511474600 -0.01222187001258134840
-0.85000002384185791000 -0.01201452966779470440
-0.83999997377395629900 -0.01178763993084430690
-0.82999998331069946300 -0.01162189990282058720
-0.81999999284744262700 -0.01140605006366968160
-0.81000000238418579100 -0.01119330991059541700
-0.80000001192092895500 -0.01098835002630949020
-0.79000002145767211900 -0.01083919033408164980
-0.77999997138977050800 -0.01066154986619949340
-0.76999998092651367200 -0.01050639990717172620
-0.75999999046325683600 -0.01029902976006269460
-0.75000000000000000000 -0.01014173030853271480
-0.74000000953674316400 -0.00997557397931814194
-0.73000001907348632800 -0.00979923736304044724
-0.72000002861022949200 -0.00964172836393117905
-0.70999997854232788100 -0.00949888583272695542
-0.69999998807907104500 -0.00932782888412475586
-0.68999999761581420900 -0.00924139562994241715
-0.68000000715255737300 -0.00904129724949598313
-0.67000001668930053700 -0.00886713806539773941
-0.66000002622604370100 -0.00870931986719369889
-0.64999997615814209000 -0.00854540895670652390
-0.63999998569488525400 -0.00845372676849365235
-0.62999999523162841800 -0.00827634707093238831
-0.62000000476837158200 -0.00815761368721723557
-0.61000001430511474600 -0.00799978338181972504
-0.60000002384185791000 -0.00789705663919448853
-0.58999997377395629900 -0.00773158296942710877
-0.57999998331069946300 -0.00760758901014924050
-0.56999999284744262700 -0.00751281809061765671
-0.56000000238418579100 -0.00740348501130938530
-0.55000001192092895500 -0.00724631920456886292
-0.54000002145767211900 -0.00714566698297858238
-0.52999997138977050800 -0.00700990296900272370
-0.51999998092651367200 -0.00692110182717442513
-0.50999999046325683600 -0.00680213514715433121
-0.50000000000000000000 -0.00666478602215647698
-0.49000000953674316400 -0.00665551796555519104
-0.47999998927116394000 -0.00649688998237252236
-0.46999999880790710400 -0.00642992509528994560
-0.46000000834465026800 -0.00628688000142574310
-0.44999998807907104500 -0.00619381200522184372
-0.43999999761581420900 -0.00613402808085083962
-0.43000000715255737300 -0.00605096621438860893
-0.41999998688697814900 -0.00593802705407142639
-0.40999999642372131300 -0.00583056313917040825
-0.40000000596046447700 -0.00577476108446717262
-0.38999998569488525400 -0.00568813085556030274
-0.37999999523162841800 -0.00564687279984354973
-0.37000000476837158200 -0.00558027997612953186
-0.36000001430511474600 -0.00548742478713393212
-0.34999999403953552200 -0.00540159177035093308
-0.34000000357627868600 -0.00536211580038070679
-0.33000001311302185100 -0.00529576698318123818
-0.31999999284744262700 -0.00519832316786050797
-0.31000000238418579100 -0.00515233119949698448
-0.30000001192092895500 -0.00508712418377399445
-0.28999999165534973100 -0.00502979289740324021
-0.28000000119209289500 -0.00496954983100295067
-0.27000001072883606000 -0.00492110894992947579
-0.25999999046325683600 -0.00483236415311694145
-0.25000000000000000000 -0.00479082018136978150
-0.23999999463558197000 -0.00475779501721262932
-0.23000000417232513400 -0.00468436209484934807
-0.21999999880790710400 -0.00462836492806673050
-0.20999999344348907500 -0.00457976898178458214
-0.20000000298023223900 -0.00453140307217836380
-0.18999999761581420900 -0.00449701119214296341
-0.18000000715255737300 -0.00444907322525978089
-0.17000000178813934300 -0.00437886919826269150
-0.15999999642372131300 -0.00433919811621308327
-0.15000000596046447800 -0.00426718406379222870
-0.14000000059604644800 -0.00420276820659637451
-0.12999999523162841800 -0.00413562217727303505
-0.11999999731779098500 -0.00406814506277441979
-0.10999999940395355200 -0.00401654001325368881
-0.10000000149011611900 -0.00395612511783838272
-0.09000000357627868650 -0.00387649494223296642
-0.07999999821186065670 -0.00380012392997741699
-0.07000000029802322390 -0.00376227591186761856
-0.05999999865889549260 -0.00367343192920088768
-0.05000000074505805970 -0.00359476800076663494
-0.03999999910593032840 -0.00353355705738067627
-0.02999999932944774630 -0.00344072491861879826
-0.01999999955296516420 -0.00333441188558936119
-0.00999999977648258210 -0.00325234909541904926
0.00000000000000000000 -0.00316364294849336147
0.00999999977648258210 -0.00306373508647084236
0.01999999955296516420 -0.00297452299855649471
0.02999999932944774630 -0.00288246106356382370
0.03999999910593032840 -0.00278488197363913059
0.05000000074505805970 -0.00266193808056414127
0.05999999865889549260 -0.00255631096661090851
0.07000000029802322390 -0.00242427899502217770
0.07999999821186065670 -0.00226624310016632080
0.09000000357627868650 -0.00215128203853964806
0.10000000149011611900 -0.00200770609080791473
0.10999999940395355200 -0.00189246097579598427
0.11999999731779098500 -0.00174386100843548775
0.12999999523162841800 -0.00165692798327654600
0.14000000059604644800 -0.00145285599865019321
0.15000000596046447800 -0.00131974695250391960
0.15999999642372131300 -0.00118442694656550884
0.17000000178813934300 -0.00093982100952416658
0.18000000715255737300 -0.00084688968490809202
0.18999999761581420900 -0.00062770338263362646
0.20000000298023223900 -0.00048013011110015214
0.20999999344348907500 -0.00033263731165789068
0.21999999880790710400 -0.00012363349378574640
0.23000000417232513400 0.00011207749776076525
0.23999999463558197000 0.00030859609250910580
0.25000000000000000000 0.00050667108735069633
0.25999999046325683600 0.00074136862531304359
0.27000001072883606000 0.00101831497158855200
0.28000000119209289500 0.00127838295884430409
0.28999999165534973100 0.00152049202006310225
0.30000001192092895500 0.00171033805236220360
0.31000000238418579100 0.00194270897191017866
0.31999999284744262700 0.00226993905380368233
0.33000001311302185100 0.00247795693576335907
0.34000000357627868600 0.00281981308944523335
0.34999999403953552200 0.00308678904548287392
0.36000001430511474600 0.00331302708946168423
0.37000000476837158200 0.00366531102918088436
0.37999999523162841800 0.00398748321458697319
0.38999998569488525400 0.00430167885497212410
0.40000000596046447700 0.00462346384301781654
0.40999999642372131300 0.00506710307672619820
0.41999998688697814900 0.00529153691604733467
0.43000000715255737300 0.00564245320856571198
0.43999999761581420900 0.00608427077531814575
0.44999998807907104500 0.00640879618003964424
0.46000000834465026800 0.00687202997505664826
0.46999999880790710400 0.00724501907825469971
0.47999998927116394000 0.00764023885130882263
0.49000000953674316400 0.00808330439031124115
0.50000000000000000000 0.00866327527910470963
0.50999999046325683600 0.00900365598499774933
0.51999998092651367200 0.00952604971826076508
0.52999997138977050800 0.01005540974438190460
0.54000002145767211900 0.01038139965385198590
0.55000001192092895500 0.01071169972419738770
0.56000000238418579100 0.01147940009832382200
0.56999999284744262700 0.01188500039279460910
0.57999998331069946300 0.01218666974455118180
0.58999997377395629900 0.01288834959268569950
0.60000002384185791000 0.01305915042757987980
0.61000001430511474600 0.01363584026694297790
0.62000000476837158200 0.01408396009355783460
0.62999999523162841800 0.01468819007277488710
0.63999998569488525400 0.01509648002684116360
0.64999997615814209000 0.01554709021002054210
0.66000002622604370100 0.01629430055618286130
0.67000001668930053700 0.01687828078866004940
0.68000000715255737300 0.01711402088403701780
0.68999999761581420900 0.01757723093032836910
0.69999998807907104500 0.01798605918884277340
0.70999997854232788100 0.01822531037032604220
0.72000002861022949200 0.01872871071100234990
0.73000001907348632800 0.01866854913532733920
0.74000000953674316400 0.01944597996771335600
0.75000000000000000000 0.01965874060988426210
0.75999999046325683600 0.02030121907591819760
0.76999998092651367200 0.02054766938090324400
0.77999997138977050800 0.02060637064278125760
0.79000002145767211900 0.02088541910052299500
0.80000001192092895500 0.02108489908277988430
0.81000000238418579100 0.02197792939841747280
0.81999999284744262700 0.02132789045572280880
0.82999998331069946300 0.02201985940337181090
0.83999997377395629900 0.02220108918845653530
0.85000002384185791000 0.02253895998001098630
0.86000001430511474600 0.02300079911947250370
0.87000000476837158200 0.02334270067512989040
0.87999999523162841800 0.02367470040917396550
0.88999998569488525400 0.02415038086473941800
0.89999997615814209000 0.02477722056210041050
0.91000002622604370100 0.02516900002956390380
0.92000001668930053700 0.02556864917278289800
0.93000000715255737300 0.02563587017357349400
0.93999999761581420900 0.02626549080014228820
0.94999998807907104500 0.02691403962671756740
0.95999997854232788100 0.02746843919157981870
0.97000002861022949200 0.02809537015855312350
0.98000001907348632800 0.02860783040523529050
0.99000000953674316400 0.02906638011336326600
1.00000000000000000000 0.02941969037055969240
