-1.00000000000000000000 -0.00559813808649778366
-0.99000000953674316400 -0.00558143900707364082
-0.98000001907348632800 -0.00557963596656918526
-0.97000002861022949200 -0.00556549616158008576
-0.95999997854232788100 -0.00558152422308921814
-0.94999998807907104500 -0.00558776501566171646
-0.93999999761581420900 -0.00558024179190397263
-0.93000000715255737300 -0.00557936308905482292
-0.92000001668930053700 -0.00555184716358780861
-0.91000002622604370100 -0.00553591689094901085
-0.89999997615814209000 -0.00554305501282215119
-0.88999998569488525400 -0.00552124017849564552
-0.87999999523162841800 -0.00549188815057277680
-0.87000000476837158200 -0.00550761399790644646
-0.86000001430511474600 -0.00551230786368250847
-0.85000002384185791000 -0.00550021277740597725
-0.83999997377395629900 -0.00551870279014110565
-0.82999998331069946300 -0.00550400605425238610
-0.81999999284744262700 -0.00546895293518900871
-0.81000000238418579100 -0.00547529896721243858
-0.80000001192092895500 -0.00546976411715149880
-0.79000002145767211900 -0.00543477898463606835
-0.77999997138977050800 -0.00543917808681726456
-0.76999998092651367200 -0.00543578807264566422
-0.75999999046325683600 -0.00542246084660291672
-0.75000000000000000000 -0.00544650712981820107
-0.74000000953674316400 -0.00544354505836963654
-0.73000001907348632800 -0.00542381498962640762
-0.72000002861022949200 -0.00542376888915896416
-0.70999997854232788100 -0.00540802581235766411
-0.69999998807907104500 -0.00539509207010269165
-0.68999999761581420900 -0.00539765506982803345
-0.68000000715255737300 -0.00537483906373381615
-0.67000001668930053700 -0.00536062801256775856
-0.66000002622604370100 -0.00538512319326400757
-0.64999997615814209000 -0.00538189802318811417
-0.63999998569488525400 -0.00537735177204012871
-0.62999999523162841800 -0.00538143888115882874
-0.62000000476837158200 -0.00536132697016000748
-0.61000001430511474600 -0.00533289602026343346
-0.60000002384185791000 -0.00534724676981568337
-0.58999997377395629900 -0.00532621704041957855
-0.57999998331069946300 -0.00529558397829532623
-0.56999999284744262700 -0.00530124688521027565
-0.56000000238418579100 -0.00529367709532380104
-0.55000001192092895500 -0.00529385497793555260
-0.54000002145767211900 -0.00529962498694658280
-0.52999997138977050800 -0.00529004586860537529
-0.51999998092651367200 -0.00526364985853433609
-0.50999999046325683600 -0.00524543086066842079
-0.50000000000000000000 -0.00524313095957040787
-0.49000000953674316400 -0.00522291101515293122
-0.47999998927116394000 -0.00520410994067788124
-0.46999999880790710400 -0.00519023090600967407
-0.46000000834465026800 -0.00519150309264659882
-0.44999998807907104500 -0.00519566517323255539
-0.43999999761581420900 -0.00518751516938209534
-0.43000000715255737300 -0.00518559804186224938
-0.41999998688697814900 -0.00516498601064085961
-0.40999999642372131300 -0.00513125583529472351
-0.40000000596046447700 -0.00513768615201115608
-0.38999998569488525400 -0.00512070395052433014
-0.37999999523162841800 -0.00508453696966171265
-0.37000000476837158200 -0.00508609320968389511
-0.36000001430511474600 -0.00508038885891437531
-0.34999999403953552200 -0.00506714591756463051
-0.34000000357627868600 -0.00506352214142680168
-0.33000001311302185100 -0.00506176380440592766
-0.31999999284744262700 -0.00502202194184064865
-0.31000000238418579100 -0.00499813677743077278
-0.30000001192092895500 -0.00499269692227244377
-0.28999999165534973100 -0.00495830085128545761
-0.28000000119209289500 -0.00493978802114725113
-0.27000001072883606000 -0.00492064887657761574
-0.25999999046325683600 -0.00489566195756196976
-0.25000000000000000000 -0.00489814812317490578
-0.23999999463558197000 -0.00488699320703744888
-0.23000000417232513400 -0.00485916621983051300
-0.21999999880790710400 -0.00484382919967174530
-0.20999999344348907500 -0.00480371806770563126
-0.20000000298023223900 -0.00478299800306558609
-0.18999999761581420900 -0.00477083399891853333
-0.18000000715255737300 -0.00473005184903740883
-0.17000000178813934300 -0.00469991983845829964
-0.15999999642372131300 -0.00469669979065656662
-0.15000000596046447800 -0.00468325288966298103
-0.14000000059604644800 -0.00465042609721422196
-0.12999999523162841800 -0.00464970804750919342
-0.11999999731779098500 -0.00460940180346369744
-0.10999999940395355200 -0.00455422606319189072
-0.10000000149011611900 -0.00455492502078413963
-0.09000000357627868650 -0.00451752403751015663
-0.07999999821186065670 -0.00446151290088891983
-0.07000000029802322390 -0.00444713421165943146
-0.05999999865889549260 -0.00442058406770229340
-0.05000000074505805970 -0.00438654609024524689
-0.03999999910593032840 -0.00437512202188372612
-0.02999999932944774630 -0.00434397719800472260
-0.01999999955296516420 -0.00429307110607624054
-0.00999999977648258210 -0.00425130221992731094
0.00000000000000000000 -0.00422282982617616654
0.00999999977648258210 -0.00417167088016867638
0.01999999955296516420 -0.00413343496620655060
0.02999999932944774630 -0.00408916082233190537
0.03999999910593032840 -0.00404157722368836403
0.05000000074505805970 -0.00402415310963988304
0.05999999865889549260 -0.00398853793740272522
0.07000000029802322390 -0.00394100695848464966
0.07999999821186065670 -0.00390869705006480217
0.09000000357627868650 -0.00385446799919009209
0.10000000149011611900 -0.00379701307974755764
0.10999999940395355200 -0.00376864802092313767
0.11999999731779098500 -0.00370873301289975643
0.12999999523162841800 -0.00365490606054663658
0.14000000059604644800 -0.00361915607936680317
0.15000000596046447800 -0.00357411708682775498
0.15999999642372131300 -0.00352603709325194359
0.17000000178813934300 -0.00348979397676885128
0.18000000715255737300 -0.00344045902602374554
0.18999999761581420900 -0.00337165896780788899
0.20000000298023223900 -0.00332369189709424973
0.20999999344348907500 -0.00327232200652360916
0.21999999880790710400 -0.00320705608464777470
0.23000000417232513400 -0.00315611506812274456
0.23999999463558197000 -0.00309745990671217442
0.25000000000000000000 -0.00304471701383590698
0.25999999046325683600 -0.00299994205124676228
0.27000001072883606000 -0.00294380798004567623
0.28000000119209289500 -0.00288376002572476864
0.28999999165534973100 -0.00282618589699268341
0.30000001192092895500 -0.00275329803116619587
0.31000000238418579100 -0.00269844708964228630
0.31999999284744262700 -0.00264102010987699032
0.33000001311302185100 -0.00256808102130889893
0.34000000357627868600 -0.00250770989805459976
0.34999999403953552200 -0.00245299097150564194
0.36000001430511474600 -0.00239356397651135922
0.37000000476837158200 -0.00233290204778313637
0.37999999523162841800 -0.00227665808051824570
0.38999998569488525400 -0.00220608408562839031
0.40000000596046447700 -0.00213419506326317787
0.40999999642372131300 -0.00207856693305075169
0.41999998688697814900 -0.00200990098528563976
0.43000000715255737300 -0.00194009905681014061
0.43999999761581420900 -0.00187730195466428995
0.44999998807907104500 -0.00181070796679705381
0.46000000834465026800 -0.00175077805761247873
0.46999999880790710400 -0.00168925500474870205
0.47999998927116394000 -0.00161702395416796207
0.49000000953674316400 -0.00152279401663690805
0.50000000000000000000 -0.00144617294427007437
0.50999999046325683600 -0.00140727602411061525
0.51999998092651367200 -0.00135069596581161022
0.52999997138977050800 -0.00127922801766544580
0.54000002145767211900 -0.00121201702859252691
0.55000001192092895500 -0.00114304700400680304
0.56000000238418579100 -0.00107639795169234276
0.56999999284744262700 -0.00100953096989542246
0.57999998331069946300 -0.00100917299278080463
0.58999997377395629900 -0.00093531340826302767
0.60000002384185791000 -0.00086509989341720939
0.61000001430511474600 -0.00080822571180760860
0.62000000476837158200 -0.00074510177364572883
0.62999999523162841800 -0.00068235507933422923
0.63999998569488525400 -0.00061885832110419869
0.64999997615814209000 -0.00055944308405742049
0.66000002622604370100 -0.00050003442447632551
0.67000001668930053700 -0.00044346391223371029
0.68000000715255737300 -0.00038729899097234011
0.68999999761581420900 -0.00034065500949509442
0.69999998807907104500 -0.00029212929075583816
0.70999997854232788100 -0.00022077999892644584
0.72000002861022949200 -0.00017373589798808098
0.73000001907348632800 -0.00012014280218863860
0.74000000953674316400 -0.00008515847002854571
0.75000000000000000000 -0.00003392494181753136
0.75999999046325683600 -0.00001202243038278539
0.76999998092651367200 0.00003739697058335878
0.77999997138977050800 0.00008086820889730006
0.79000002145767211900 0.00008459152013529092
0.80000001192092895500 0.00012988749949727207
0.81000000238418579100 0.00017453689360991120
0.81999999284744262700 0.00021859549451619387
0.82999998331069946300 0.00026410410646349192
0.83999997377395629900 0.00031013300758786500
0.85000002384185791000 0.00035536670475266874
0.86000001430511474600 0.00040472880937159061
0.87000000476837158200 0.00045324029633775353
0.87999999523162841800 0.00050413748249411583
0.88999998569488525400 0.00055737467482686043
0.89999997615814209000 0.00060872867470607162
0.91000002622604370100 0.00066526251612231135
0.92000001668930053700 0.00072326307417824864
0.93000000715255737300 0.00078741129254922271
0.93999999761581420900 0.00084741972386837006
0.94999998807907104500 0.00091288442490622401
0.95999997854232788100 0.00097929302137345076
0.97000002861022949200 0.00106172496452927589
0.98000001907348632800 0.00113559095188975334
0.99000000953674316400 0.00121007801499217749
1.00000000000000000000 0.00127949495799839497
