-1.00000000000000000000 -0.03257047012448310850
-0.99000000953674316400 -0.03218315169215202330
-0.98000001907348632800 -0.03183710947632789610
-0.97000002861022949200 -0.03131425008177757260
-0.95999997854232788100 -0.03099229931831359860
-0.94999998807907104500 -0.03059395961463451390
-0.93999999761581420900 -0.03014853037893772130
-0.93000000715255737300 -0.02985085919499397280
-0.92000001668930053700 -0.02945484966039657590
-0.91000002622604370100 -0.02906714007258415220
-0.89999997615814209000 -0.02873485907912254330
-0.88999998569488525400 -0.02839740924537181850
-0.87999999523162841800 -0.02794397994875907900
-0.87000000476837158200 -0.02773158997297286990
-0.86000001430511474600 -0.02728133089840412140
-0.85000002384185791000 -0.02690532058477401730
-0.83999997377395629900 -0.02664439007639884950
-0.82999998331069946300 -0.02624876983463764190
-0.81999999284744262700 -0.02589505910873413090
-0.81000000238418579100 -0.02560856938362121580
-0.80000001192092895500 -0.02526733092963695530
-0.79000002145767211900 -0.02486594021320343020
-0.77999997138977050800 -0.02465802989900112150
-0.76999998092651367200 -0.02419552020728588100
-0.75999999046325683600 -0.02388313040137290950
-0.75000000000000000000 -0.02363549917936325070
-0.74000000953674316400 -0.02323227934539318080
-0.73000001907348632800 -0.02296195924282073970
-0.72000002861022949200 -0.02266195975244045260
-0.70999997854232788100 -0.02232672087848186490
-0.69999998807907104500 -0.02200343087315559390
-0.68999999761581420900 -0.02179837040603160860
-0.68000000715255737300 -0.02134184911847114560
-0.67000001668930053700 -0.02112171053886413570
-0.66000002622604370100 -0.02080933935940265660
-0.64999997615814209000 -0.02045148983597755430
-0.63999998569488525400 -0.02022542990744113920
-0.62999999523162841800 -0.01990164071321487430
-0.62000000476837158200 -0.01957691088318824770
-0.61000001430511474600 -0.01931869983673095700
-0.60000002384185791000 -0.01905876025557518010
-0.58999997377395629900 -0.01865456067025661470
-0.57999998331069946300 -0.01849519088864326480
-0.56999999284744262700 -0.01811612956225872040
-0.56000000238418579100 -0.01780801080167293550
-0.55000001192092895500 -0.01759725064039230350
-0.54000002145767211900 -0.01726433075964450840
-0.52999997138977050800 -0.01697546988725662230
-0.51999998092651367200 -0.01673283055424690250
-0.50999999046325683600 -0.01645006984472274780
-0.50000000000000000000 -0.01611050032079219820
-0.49000000953674316400 -0.01595925912261009220
-0.47999998927116394000 -0.01555913966149091720
-0.46999999880790710400 -0.01530194003134965900
-0.46000000834465026800 -0.01509210001677274700
-0.44999998807907104500 -0.01476932037621736530
-0.43999999761581420900 -0.01454361993819475170
-0.43000000715255737300 -0.01428959984332323070
-0.41999998688697814900 -0.01401775982230901720
-0.40999999642372131300 -0.01375055965036153790
-0.40000000596046447700 -0.01355887018144130710
-0.38999998569488525400 -0.01319971960037946700
-0.37999999523162841800 -0.01301635988056659700
-0.37000000476837158200 -0.01275860983878374100
-0.36000001430511474600 -0.01245697028934955600
-0.34999999403953552200 -0.01228637993335723880
-0.34000000357627868600 -0.01202019024640321730
-0.33000001311302185100 -0.01174256019294261930
-0.31999999284744262700 -0.01154236029833555220
-0.31000000238418579100 -0.01133663021028041840
-0.30000001192092895500 -0.01099298987537622450
-0.28999999165534973100 -0.01086868997663259510
-0.28000000119209289500 -0.01055999007076025010
-0.27000001072883606000 -0.01030282955616712570
-0.25999999046325683600 -0.01014569960534572600
-0.25000000000000000000 -0.01032948028296232220
-0.23999999463558197000 -0.01010098960250616070
-0.23000000417232513400 -0.00991885736584663391
-0.21999999880790710400 -0.00962960254400968552
-0.20999999344348907500 -0.00943271256983280182
-0.20000000298023223900 -0.00921414606273174286
-0.18999999761581420900 -0.00898392125964164734
-0.18000000715255737300 -0.00874259881675243378
-0.17000000178813934300 -0.00858224183320999146
-0.15999999642372131300 -0.00828307773917913437
-0.15000000596046447800 -0.00811279006302356720
-0.14000000059604644800 -0.00791165139526128769
-0.12999999523162841800 -0.00766336079686880112
-0.11999999731779098500 -0.00749698188155889511
-0.10999999940395355200 -0.00726084876805543900
-0.10000000149011611900 -0.00704887602478265763
-0.09000000357627868650 -0.00685186218470335007
-0.07999999821186065670 -0.00664365710690617562
-0.07000000029802322390 -0.00638181902468204498
-0.05999999865889549260 -0.00624054018408060074
-0.05000000074505805970 -0.00599263003095984459
-0.03999999910593032840 -0.00577076384797692299
-0.02999999932944774630 -0.00561203993856906891
-0.01999999955296516420 -0.00535786198452115059
-0.00999999977648258210 -0.00513594597578048706
0.00000000000000000000 -0.00495146494358778000
0.00999999977648258210 -0.00475063780322670937
0.01999999955296516420 -0.00445749005302786827
0.02999999932944774630 -0.00430768681690096855
0.03999999910593032840 -0.00403382116928696632
0.05000000074505805970 -0.00378703908063471317
0.05999999865889549260 -0.00360110588371753693
0.07000000029802322390 -0.00334506900981068611
0.07999999821186065670 -0.00309032597579061985
0.09000000357627868650 -0.00287323398515582085
0.10000000149011611900 -0.00262628099881112576
0.10999999940395355200 -0.00232446403242647648
0.11999999731779098500 -0.00215932400897145271
0.12999999523162841800 -0.00180181697942316532
0.14000000059604644800 -0.00156601599883288145
0.15000000596046447800 -0.00131898804102092981
0.15999999642372131300 -0.00093986827414482832
0.17000000178813934300 -0.00072588608600199223
0.18000000715255737300 -0.00044265689211897552
0.18999999761581420900 -0.00011290329712210223
0.20000000298023223900 0.00015354520292021334
0.20999999344348907500 0.00040819621062837541
0.21999999880790710400 0.00073864741716533899
0.23000000417232513400 0.00103371299337595701
0.23999999463558197000 0.00140423094853758812
0.25000000000000000000 0.00172565598040819168
0.25999999046325683600 0.00209155492484569550
0.27000001072883606000 0.00238718395121395588
0.28000000119209289500 0.00268697203136980534
0.28999999165534973100 0.00313739990815520287
0.30000001192092895500 0.00335403904318809509
0.31000000238418579100 0.00379969901405274868
0.31999999284744262700 0.00418278202414512634
0.33000001311302185100 0.00448716199025511742
0.34000000357627868600 0.00490243081003427506
0.34999999403953552200 0.00527905812487006188
0.36000001430511474600 0.00561415590345859528
0.37000000476837158200 0.00600229110568761826
0.37999999523162841800 0.00645071594044566155
0.38999998569488525400 0.00670846691355109215
0.40000000596046447700 0.00725277699530124665
0.40999999642372131300 0.00759400380775332451
0.41999998688697814900 0.00799651723355054856
0.43000000715255737300 0.00848834495991468430
0.43999999761581420900 0.00885011721402406693
0.44999998807907104500 0.00924824271351099015
0.46000000834465026800 0.00971697829663753510
0.46999999880790710400 0.01012966968119144440
0.47999998927116394000 0.01048198994249105450
0.49000000953674316400 0.01052801962941884990
0.50000000000000000000 0.01095495000481605530
0.50999999046325683600 0.01133606955409049990
0.51999998092651367200 0.01176138967275619510
0.52999997138977050800 0.01227197982370853420
0.54000002145767211900 0.01258623972535133360
0.55000001192092895500 0.01313448045402765270
0.56000000238418579100 0.01359544042497873310
0.56999999284744262700 0.01397603005170822140
0.57999998331069946300 0.01450068969279527660
0.58999997377395629900 0.01493570022284984590
0.60000002384185791000 0.01536590978503227230
0.61000001430511474600 0.01585556007921695710
0.62000000476837158200 0.01636412926018238070
0.62999999523162841800 0.01674365065991878510
0.63999998569488525400 0.01738712936639785770
0.64999997615814209000 0.01782393082976341250
0.66000002622604370100 0.01831052079796791080
0.67000001668930053700 0.01897799968719482420
0.68000000715255737300 0.01934996061027050020
0.68999999761581420900 0.01992581039667129520
0.69999998807907104500 0.02058844082057476040
0.70999997854232788100 0.02108572050929069520
0.72000002861022949200 0.02153378911316394810
0.73000001907348632800 0.02262119948863983150
0.74000000953674316400 0.02285593934357166290
0.75000000000000000000 0.02386162057518959050
0.75999999046325683600 0.02470291964709758760
0.76999998092651367200 0.02516368962824344640
0.77999997138977050800 0.02609750069677829740
0.79000002145767211900 0.02689303085207939150
0.80000001192092895500 0.02751280926167964940
0.81000000238418579100 0.02839180082082748410
0.81999999284744262700 0.02956240065395832060
0.82999998331069946300 0.02965297922492027280
0.83999997377395629900 0.03147590905427932740
0.85000002384185791000 0.03239395841956138610
0.86000001430511474600 0.03285817056894302370
0.87000000476837158200 0.03417842835187911990
0.87999999523162841800 0.03505086898803710940
0.88999998569488525400 0.03598954901099205020
0.89999997615814209000 0.03704813867807388310
0.91000002622604370100 0.03811762109398841860
0.92000001668930053700 0.03866814076900482180
0.93000000715255737300 0.04061879962682724000
0.93999999761581420900 0.04145769029855728150
0.94999998807907104500 0.04262728989124298100
0.95999997854232788100 0.04402152821421623230
0.97000002861022949200 0.04476093873381614690
0.98000001907348632800 0.04601804912090301510
0.99000000953674316400 0.04727051034569740300
1.00000000000000000000 0.04829904064536094670
