-1.00000000000000000000 -0.01713496074080467220
-0.99000000953674316400 -0.01673812046647071840
-0.98000001907348632800 -0.01673326082527637480
-0.97000002861022949200 -0.01652503013610839840
-0.95999997854232788100 -0.01639812998473644260
-0.94999998807907104500 -0.01634177006781101230
-0.93999999761581420900 -0.01616124995052814480
-0.93000000715255737300 -0.01600719057023525240
-0.92000001668930053700 -0.01584256067872047420
-0.91000002622604370100 -0.01568052917718887330
-0.89999997615814209000 -0.01551575027406215670
-0.88999998569488525400 -0.01538638956844806670
-0.87999999523162841800 -0.01525903958827257160
-0.87000000476837158200 -0.01510332990437746050
-0.86000001430511474600 -0.01495433971285820010
-0.85000002384185791000 -0.01479339972138404850
-0.83999997377395629900 -0.01465180981904268260
-0.82999998331069946300 -0.01448206976056098940
-0.81999999284744262700 -0.01432317961007356640
-0.81000000238418579100 -0.01418337970972061160
-0.80000001192092895500 -0.01404208038002252580
-0.79000002145767211900 -0.01390052028000354770
-0.77999997138977050800 -0.01376837957650423050
-0.76999998092651367200 -0.01362339034676551820
-0.75999999046325683600 -0.01345397997647523880
-0.75000000000000000000 -0.01330474019050598140
-0.74000000953674316400 -0.01317222975194454190
-0.73000001907348632800 -0.01300838030874729160
-0.72000002861022949200 -0.01286077965050935750
-0.70999997854232788100 -0.01272452995181083680
-0.69999998807907104500 -0.01258314028382301330
-0.68999999761581420900 -0.01245328038930892940
-0.68000000715255737300 -0.01232216972857713700
-0.67000001668930053700 -0.01217094995081424710
-0.66000002622604370100 -0.01201482955366373060
-0.64999997615814209000 -0.01187357027083635330
-0.63999998569488525400 -0.01173467002809047700
-0.62999999523162841800 -0.01158337015658617020
-0.62000000476837158200 -0.01143768988549709320
-0.61000001430511474600 -0.01129836961627006530
-0.60000002384185791000 -0.01116755045950412750
-0.58999997377395629900 -0.01103607006371021270
-0.57999998331069946300 -0.01090762019157409670
-0.56999999284744262700 -0.01076947990804910660
-0.56000000238418579100 -0.01061031036078929900
-0.55000001192092895500 -0.01046723034232854840
-0.54000002145767211900 -0.01033386960625648500
-0.52999997138977050800 -0.01018343959003686900
-0.51999998092651367200 -0.01003997959196567540
-0.50999999046325683600 -0.00993024371564388275
-0.50000000000000000000 -0.00976725202053785324
-0.49000000953674316400 -0.00962891336530447007
-0.47999998927116394000 -0.00949326157569885254
-0.46999999880790710400 -0.00935485959053039551
-0.46000000834465026800 -0.00923037808388471604
-0.44999998807907104500 -0.00910073518753051758
-0.43999999761581420900 -0.00895451381802558899
-0.43000000715255737300 -0.00880707986652851105
-0.41999998688697814900 -0.00867363717406988144
-0.40999999642372131300 -0.00853131525218486786
-0.40000000596046447700 -0.00838982965797185898
-0.38999998569488525400 -0.00824517291039228440
-0.37999999523162841800 -0.00810553412884473801
-0.37000000476837158200 -0.00798228569328784943
-0.36000001430511474600 -0.00785350520163774491
-0.34999999403953552200 -0.00771401822566986084
-0.34000000357627868600 -0.00757900392636656761
-0.33000001311302185100 -0.00742774503305554390
-0.31999999284744262700 -0.00728961313143372536
-0.31000000238418579100 -0.00715330708771944046
-0.30000001192092895500 -0.00700676301494240761
-0.28999999165534973100 -0.00685981614515185356
-0.28000000119209289500 -0.00672608613967895508
-0.27000001072883606000 -0.00659700483083724976
-0.25999999046325683600 -0.00645762402564287186
-0.25000000000000000000 -0.00633483892306685448
-0.23999999463558197000 -0.00619249604642391205
-0.23000000417232513400 -0.00603759288787841797
-0.21999999880790710400 -0.00589687190949916840
-0.20999999344348907500 -0.00576464179903268814
-0.20000000298023223900 -0.00561112491413950920
-0.18999999761581420900 -0.00547151407226920128
-0.18000000715255737300 -0.00533787300810217858
-0.17000000178813934300 -0.00519912317395210266
-0.15999999642372131300 -0.00507108308374881745
-0.15000000596046447800 -0.00493726180866360665
-0.14000000059604644800 -0.00479619717225432396
-0.12999999523162841800 -0.00464952504262328148
-0.11999999731779098500 -0.00450002402067184448
-0.10999999940395355200 -0.00435988418757915497
-0.10000000149011611900 -0.00422140117734670639
-0.09000000357627868650 -0.00408075703307986260
-0.07999999821186065670 -0.00393447512760758400
-0.07000000029802322390 -0.00380454305559396744
-0.05999999865889549260 -0.00367436301894485951
-0.05000000074505805970 -0.00353276799432933331
-0.03999999910593032840 -0.00339630502276122570
-0.02999999932944774630 -0.00325099402107298374
-0.01999999955296516420 -0.00309998192824423313
-0.00999999977648258210 -0.00296648289076983929
0.00000000000000000000 -0.00282217306084930897
0.00999999977648258210 -0.00266960007138550282
0.01999999955296516420 -0.00253221509046852589
0.02999999932944774630 -0.00239814189262688160
0.03999999910593032840 -0.00225476291961967945
0.05000000074505805970 -0.00211948994547128677
0.05999999865889549260 -0.00198449497111141682
0.07000000029802322390 -0.00182798097375780344
0.07999999821186065670 -0.00167731300462037325
0.09000000357627868650 -0.00154432596173137426
0.10000000149011611900 -0.00139091396704316139
0.10999999940395355200 -0.00123908102978020906
0.11999999731779098500 -0.00109985994640737772
0.12999999523162841800 -0.00097583688329905272
0.14000000059604644800 -0.00082423549611121416
0.15000000596046447800 -0.00067614240106195211
0.15999999642372131300 -0.00052630138816311955
0.17000000178813934300 -0.00038582528941333294
0.18000000715255737300 -0.00024633639259263873
0.18999999761581420900 -0.00009945830970536917
0.20000000298023223900 0.00001403340957040200
0.20999999344348907500 0.00018308669677935541
0.21999999880790710400 0.00033518849522806704
0.23000000417232513400 0.00048043360584415495
0.23999999463558197000 0.00063742732163518667
0.25000000000000000000 0.00080034992424771190
0.25999999046325683600 0.00094744900707155466
0.27000001072883606000 0.00108775100670754910
0.28000000119209289500 0.00124804303050041199
0.28999999165534973100 0.00140774901956319809
0.30000001192092895500 0.00156193901784718037
0.31000000238418579100 0.00171884894371032715
0.31999999284744262700 0.00187792000360786915
0.33000001311302185100 0.00203379197046160698
0.34000000357627868600 0.00218810909427702427
0.34999999403953552200 0.00233897706493735313
0.36000001430511474600 0.00249124690890312195
0.37000000476837158200 0.00265107396990060806
0.37999999523162841800 0.00280413799919188023
0.38999998569488525400 0.00295054703019559384
0.40000000596046447700 0.00311340391635894776
0.40999999642372131300 0.00326883210800588131
0.41999998688697814900 0.00342938001267611981
0.43000000715255737300 0.00359492702409625054
0.43999999761581420900 0.00375010399147868157
0.44999998807907104500 0.00390472309663891792
0.46000000834465026800 0.00406672805547714234
0.46999999880790710400 0.00421976298093795776
0.47999998927116394000 0.00437686685472726822
0.49000000953674316400 0.00454281782731413841
0.50000000000000000000 0.00470143882557749748
0.50999999046325683600 0.00483236787840723992
0.51999998092651367200 0.00498985219746828079
0.52999997138977050800 0.00514263007789850235
0.54000002145767211900 0.00506443483754992485
0.55000001192092895500 0.00522072101011872292
0.56000000238418579100 0.00535713322460651398
0.56999999284744262700 0.00546480901539325714
0.57999998331069946300 0.00562844006344676018
0.58999997377395629900 0.00576375797390937805
0.60000002384185791000 0.00586305698379874230
0.61000001430511474600 0.00602149683982133866
0.62000000476837158200 0.00614709500223398209
0.62999999523162841800 0.00629385188221931458
0.63999998569488525400 0.00646901503205299378
0.64999997615814209000 0.00664202496409416199
0.66000002622604370100 0.00685046100988984108
0.67000001668930053700 0.00701366504654288292
0.68000000715255737300 0.00718284212052822113
0.68999999761581420900 0.00733207119628787041
0.69999998807907104500 0.00750926090404391289
0.70999997854232788100 0.00768233416602015496
0.72000002861022949200 0.00785766821354627610
0.73000001907348632800 0.00798258185386657715
0.74000000953674316400 0.00816091243177652359
0.75000000000000000000 0.00832701660692691803
0.75999999046325683600 0.00847059767693281174
0.76999998092651367200 0.00842743366956710816
0.77999997138977050800 0.00858582928776741028
0.79000002145767211900 0.00876253470778465271
0.80000001192092895500 0.00893731508404016495
0.81000000238418579100 0.00911455973982810974
0.81999999284744262700 0.00928557477891445160
0.82999998331069946300 0.00946527533233165741
0.83999997377395629900 0.00966319721192121506
0.85000002384185791000 0.00985463615506887436
0.86000001430511474600 0.01004702970385551450
0.87000000476837158200 0.01006498001515865330
0.87999999523162841800 0.01015883032232522960
0.88999998569488525400 0.01014629006385803220
0.89999997615814209000 0.01035514008253812790
0.91000002622604370100 0.01041668001562356950
0.92000001668930053700 0.01058861985802650450
0.93000000715255737300 0.01077807042747735980
0.93999999761581420900 0.01098119001835584640
0.94999998807907104500 0.01120733004063367840
0.95999997854232788100 0.01143531966954469680
0.97000002861022949200 0.01167101971805095670
0.98000001907348632800 0.01191695034503936770
0.99000000953674316400 0.01214777957648038860
1.00000000000000000000 0.01239871978759765630
