-1.00000000000000000000 -0.00272680399939417839
-0.99000000953674316400 -0.00265866494737565518
-0.98000001907348632800 -0.00261163199320435524
-0.97000002861022949200 -0.00257662101648747921
-0.95999997854232788100 -0.00254711601883172989
-0.94999998807907104500 -0.00252102408558130264
-0.93999999761581420900 -0.00249597593210637570
-0.93000000715255737300 -0.00246921507641673088
-0.92000001668930053700 -0.00244103302247822285
-0.91000002622604370100 -0.00242396001704037190
-0.89999997615814209000 -0.00240309396758675575
-0.88999998569488525400 -0.00237746397033333778
-0.87999999523162841800 -0.00236243405379354954
-0.87000000476837158200 -0.00234889402054250240
-0.86000001430511474600 -0.00233661010861396790
-0.85000002384185791000 -0.00232528499327600002
-0.83999997377395629900 -0.00231385999359190464
-0.82999998331069946300 -0.00229381397366523743
-0.81999999284744262700 -0.00227560102939605713
-0.81000000238418579100 -0.00226574088446795940
-0.80000001192092895500 -0.00225088209845125675
-0.79000002145767211900 -0.00223193597048521042
-0.77999997138977050800 -0.00222080806270241737
-0.76999998092651367200 -0.00221061799675226212
-0.75999999046325683600 -0.00220360700041055679
-0.75000000000000000000 -0.00219523697160184383
-0.74000000953674316400 -0.00218655494973063469
-0.73000001907348632800 -0.00217224401421844959
-0.72000002861022949200 -0.00215500500053167343
-0.70999997854232788100 -0.00214701797813177109
-0.69999998807907104500 -0.00213632895611226559
-0.68999999761581420900 -0.00211953092366456986
-0.68000000715255737300 -0.00210916693322360516
-0.67000001668930053700 -0.00210142298601567745
-0.66000002622604370100 -0.00209574494510889053
-0.64999997615814209000 -0.00208614999428391457
-0.63999998569488525400 -0.00208237301558256149
-0.62999999523162841800 -0.00206997990608215332
-0.62000000476837158200 -0.00205342401750385761
-0.61000001430511474600 -0.00204764702357351780
-0.60000002384185791000 -0.00203756801784038544
-0.58999997377395629900 -0.00202081701718270779
-0.57999998331069946300 -0.00201275688596069813
-0.56999999284744262700 -0.00200608698651194573
-0.56000000238418579100 -0.00199757888913154602
-0.55000001192092895500 -0.00199465104378759861
-0.54000002145767211900 -0.00198783702217042446
-0.52999997138977050800 -0.00197670399211347103
-0.51999998092651367200 -0.00196577701717615128
-0.50999999046325683600 -0.00195649103261530399
-0.50000000000000000000 -0.00194610096514225006
-0.49000000953674316400 -0.00193556305021047592
-0.47999998927116394000 -0.00192655296996235848
-0.46999999880790710400 -0.00191626499872654676
-0.46000000834465026800 -0.00191267300397157669
-0.44999998807907104500 -0.00190769799519330263
-0.43999999761581420900 -0.00189934798981994391
-0.43000000715255737300 -0.00189330801367759705
-0.41999998688697814900 -0.00188327394425868988
-0.40999999642372131300 -0.00187017000280320644
-0.40000000596046447700 -0.00186494202353060246
-0.38999998569488525400 -0.00185415800660848618
-0.37999999523162841800 -0.00183949701022356749
-0.37000000476837158200 -0.00183496100362390280
-0.36000001430511474600 -0.00182994699571281672
-0.34999999403953552200 -0.00182334496639668942
-0.34000000357627868600 -0.00181891804095357657
-0.33000001311302185100 -0.00181337294634431601
-0.31999999284744262700 -0.00179950101301074028
-0.31000000238418579100 -0.00178911897819489241
-0.30000001192092895500 -0.00178408401552587748
-0.28999999165534973100 -0.00177225505467504263
-0.28000000119209289500 -0.00176089804153889418
-0.27000001072883606000 -0.00175443198531866074
-0.25999999046325683600 -0.00174755603075027466
-0.25000000000000000000 -0.00174373504705727100
-0.23999999463558197000 -0.00173889298457652330
-0.23000000417232513400 -0.00173081899993121624
-0.21999999880790710400 -0.00172139005735516548
-0.20999999344348907500 -0.00170912803150713444
-0.20000000298023223900 -0.00170291704125702381
-0.18999999761581420900 -0.00169393199030309916
-0.18000000715255737300 -0.00168199604377150536
-0.17000000178813934300 -0.00167290703393518925
-0.15999999642372131300 -0.00166713201906532049
-0.15000000596046447800 -0.00166295596864074469
-0.14000000059604644800 -0.00165405101142823696
-0.12999999523162841800 -0.00165018695406615734
-0.11999999731779098500 -0.00163910200353711844
-0.10999999940395355200 -0.00162438396364450455
-0.10000000149011611900 -0.00162032200023531914
-0.09000000357627868650 -0.00161053903866559267
-0.07999999821186065670 -0.00159650295972824097
-0.07000000029802322390 -0.00158800696954131126
-0.05999999865889549260 -0.00158170005306601524
-0.05000000074505805970 -0.00157386995851993561
-0.03999999910593032840 -0.00156860100105404854
-0.02999999932944774630 -0.00156167603563517332
-0.01999999955296516420 -0.00155083497520536184
-0.00999999977648258210 -0.00153827702160924673
0.00000000000000000000 -0.00152931897900998592
0.00999999977648258210 -0.00151979702059179544
0.01999999955296516420 -0.00150792102795094252
0.02999999932944774630 -0.00149434094782918692
0.03999999910593032840 -0.00148513400927186012
0.05000000074505805970 -0.00147710100281983614
0.05999999865889549260 -0.00146824202965945005
0.07000000029802322390 -0.00146009598392993212
0.07999999821186065670 -0.00145060801878571510
0.09000000357627868650 -0.00143612001556903124
0.10000000149011611900 -0.00142255402170121670
0.10999999940395355200 -0.00141269096639007330
0.11999999731779098500 -0.00140014395583420992
0.12999999523162841800 -0.00138410401996225119
0.14000000059604644800 -0.00137270905543118715
0.15000000596046447800 -0.00136211595963686705
0.15999999642372131300 -0.00135176000185310841
0.17000000178813934300 -0.00133902602829039097
0.18000000715255737300 -0.00132806401234120131
0.18999999761581420900 -0.00131206004880368710
0.20000000298023223900 -0.00129239098168909550
0.20999999344348907500 -0.00128107494674623013
0.21999999880790710400 -0.00126443197950720787
0.23000000417232513400 -0.00124415697064250708
0.23999999463558197000 -0.00122809794265776873
0.25000000000000000000 -0.00121243298053741455
0.25999999046325683600 -0.00119558197911828756
0.27000001072883606000 -0.00117922201752662659
0.28000000119209289500 -0.00116089894436299801
0.28999999165534973100 -0.00113885500468313694
0.30000001192092895500 -0.00111427099909633398
0.31000000238418579100 -0.00109220203012228012
0.31999999284744262700 -0.00106557004619389772
0.33000001311302185100 -0.00103698205202817917
0.34000000357627868600 -0.00100787705741822720
0.34999999403953552200 -0.00100148003548383713
0.36000001430511474600 -0.00095652701565995812
0.37000000476837158200 -0.00091480748960748315
0.37999999523162841800 -0.00087233120575547218
0.38999998569488525400 -0.00082932651275768876
0.40000000596046447700 -0.00078172661596909165
0.40999999642372131300 -0.00072789797559380531
0.41999998688697814900 -0.00067006930476054549
0.43000000715255737300 -0.00060334982117637992
0.43999999761581420900 -0.00052788562607020140
0.44999998807907104500 -0.00044845641241408885
0.46000000834465026800 -0.00035954150371253490
0.46999999880790710400 -0.00025994770112447441
0.47999998927116394000 -0.00015342629922088236
0.49000000953674316400 -0.00005407579010352492
0.50000000000000000000 0.00005212120959185995
0.50999999046325683600 0.00019857780716847628
0.51999998092651367200 0.00035246930201537907
0.52999997138977050800 0.00051325181266292930
0.54000002145767211900 0.00068315881071612239
0.55000001192092895500 0.00086380430730059743
0.56000000238418579100 0.00104998005554080009
0.56999999284744262700 0.00122579594608396292
0.57999998331069946300 0.00143925694283097982
0.58999997377395629900 0.00165722996462136507
0.60000002384185791000 0.00188144796993583441
0.61000001430511474600 0.00211335788480937481
0.62000000476837158200 0.00234935199841856957
0.62999999523162841800 0.00258915801532566547
0.63999998569488525400 0.00283890403807163239
0.64999997615814209000 0.00309012597426772118
0.66000002622604370100 0.00334050599485635758
0.67000001668930053700 0.00360169401392340660
0.68000000715255737300 0.00386409810744225979
0.68999999761581420900 0.00413113180547952652
0.69999998807907104500 0.00439963303506374359
0.70999997854232788100 0.00467053102329373360
0.72000002861022949200 0.00493510579690337181
0.73000001907348632800 0.00520155206322669983
0.74000000953674316400 0.00547606917098164559
0.75000000000000000000 0.00574435293674468994
0.75999999046325683600 0.00601033121347427368
0.76999998092651367200 0.00628144992515444756
0.77999997138977050800 0.00655475817620754242
0.79000002145767211900 0.00683008506894111634
0.80000001192092895500 0.00710401684045791626
0.81000000238418579100 0.00737510621547698975
0.81999999284744262700 0.00763914221897721291
0.82999998331069946300 0.00789547525346279145
0.83999997377395629900 0.00816369615495204926
0.85000002384185791000 0.00842613261193037033
0.86000001430511474600 0.00867751799523830414
0.87000000476837158200 0.00893555581569671631
0.87999999523162841800 0.00919752754271030426
0.88999998569488525400 0.00946305412799119950
0.89999997615814209000 0.00971947330981492996
0.91000002622604370100 0.00998150184750556946
0.92000001668930053700 0.01022502966225147250
0.93000000715255737300 0.01045218016952276230
0.93999999761581420900 0.01068970002233982090
0.94999998807907104500 0.01094770990312099460
0.95999997854232788100 0.01118548028171062470
0.97000002861022949200 0.01141363009810447690
0.98000001907348632800 0.01165318954735994340
0.99000000953674316400 0.01188425999134778980
1.00000000000000000000 0.01210223976522684100
