-1.00000000000000000000 -0.00480745220556855202
-0.99000000953674316400 -0.00479523977264761925
-0.98000001907348632800 -0.00477131595835089684
-0.97000002861022949200 -0.00479012401774525643
-0.95999997854232788100 -0.00478738499805331230
-0.94999998807907104500 -0.00476134987547993660
-0.93999999761581420900 -0.00477620679885149002
-0.93000000715255737300 -0.00478917686268687248
-0.92000001668930053700 -0.00478529697284102440
-0.91000002622604370100 -0.00480060791596770287
-0.89999997615814209000 -0.00480689899995923042
-0.88999998569488525400 -0.00478151207789778710
-0.87999999523162841800 -0.00477864500135183334
-0.87000000476837158200 -0.00478945812210440636
-0.86000001430511474600 -0.00477285496890544892
-0.85000002384185791000 -0.00476648705080151558
-0.83999997377395629900 -0.00477115716785192490
-0.82999998331069946300 -0.00476371683180332184
-0.81999999284744262700 -0.00478807697072625160
-0.81000000238418579100 -0.00479403696954250336
-0.80000001192092895500 -0.00478966208174824715
-0.79000002145767211900 -0.00478398799896240235
-0.77999997138977050800 -0.00476809684187173844
-0.76999998092651367200 -0.00476777413859963417
-0.75999999046325683600 -0.00476951198652386666
-0.75000000000000000000 -0.00475645298138260842
-0.74000000953674316400 -0.00474730087444186211
-0.73000001907348632800 -0.00475880922749638558
-0.72000002861022949200 -0.00477057602256536484
-0.70999997854232788100 -0.00476506818085908890
-0.69999998807907104500 -0.00477876514196395874
-0.68999999761581420900 -0.00477623194456100464
-0.68000000715255737300 -0.00474947411566972733
-0.67000001668930053700 -0.00476446282118558884
-0.66000002622604370100 -0.00476824212819337845
-0.64999997615814209000 -0.00474114809185266495
-0.63999998569488525400 -0.00474319700151681900
-0.62999999523162841800 -0.00475464202463626862
-0.62000000476837158200 -0.00475306203588843346
-0.61000001430511474600 -0.00476421089842915535
-0.60000002384185791000 -0.00477907201275229454
-0.58999997377395629900 -0.00476068910211324692
-0.57999998331069946300 -0.00475011300295591355
-0.56999999284744262700 -0.00475621782243251801
-0.56000000238418579100 -0.00474987318739295006
-0.55000001192092895500 -0.00473936414346098900
-0.54000002145767211900 -0.00473661813884973526
-0.52999997138977050800 -0.00473156897351145744
-0.51999998092651367200 -0.00473485700786113739
-0.50999999046325683600 -0.00475702108815312386
-0.50000000000000000000 -0.00474835280328989029
-0.49000000953674316400 -0.00474736280739307404
-0.47999998927116394000 -0.00474043097347021103
-0.46999999880790710400 -0.00471847504377365112
-0.46000000834465026800 -0.00472596194595098496
-0.44999998807907104500 -0.00472953403368592262
-0.43999999761581420900 -0.00470595899969339371
-0.43000000715255737300 -0.00470839301124215126
-0.41999998688697814900 -0.00472609791904687882
-0.40999999642372131300 -0.00472623389214277268
-0.40000000596046447700 -0.00473218178376555443
-0.38999998569488525400 -0.00474156485870480538
-0.37999999523162841800 -0.00471649179235100746
-0.37000000476837158200 -0.00471142213791608811
-0.36000001430511474600 -0.00472306692972779274
-0.34999999403953552200 -0.00470685306936502457
-0.34000000357627868600 -0.00469855917617678642
-0.33000001311302185100 -0.00470835017040371895
-0.31999999284744262700 -0.00470055686309933663
-0.31000000238418579100 -0.00472019007429480553
-0.30000001192092895500 -0.00472574820742011070
-0.28999999165534973100 -0.00471908878535032272
-0.28000000119209289500 -0.00471102213487029076
-0.27000001072883606000 -0.00470281811431050301
-0.25999999046325683600 -0.00469994219020009041
-0.25000000000000000000 -0.00469646882265806198
-0.23999999463558197000 -0.00468754209578037262
-0.23000000417232513400 -0.00467551592737436295
-0.21999999880790710400 -0.00468899495899677277
-0.20999999344348907500 -0.00469931913539767265
-0.20000000298023223900 -0.00469281198456883431
-0.18999999761581420900 -0.00470129912719130516
-0.18000000715255737300 -0.00468774512410163880
-0.17000000178813934300 -0.00466117588803172112
-0.15999999642372131300 -0.00467758392915129662
-0.15000000596046447800 -0.00467588100582361221
-0.14000000059604644800 -0.00464868685230612755
-0.12999999523162841800 -0.00465746084228157997
-0.11999999731779098500 -0.00466601410880684853
-0.10999999940395355200 -0.00466452911496162415
-0.10000000149011611900 -0.00467604119330644608
-0.09000000357627868650 -0.00468359701335430145
-0.07999999821186065670 -0.00465735513716936112
-0.07000000029802322390 -0.00464989617466926575
-0.05999999865889549260 -0.00466115400195121765
-0.05000000074505805970 -0.00464176200330257416
-0.03999999910593032840 -0.00463641202077269554
-0.02999999932944774630 -0.00464408891275525093
-0.01999999955296516420 -0.00463535496965050697
-0.00999999977648258210 -0.00464922282844781876
0.00000000000000000000 -0.00465985806658864021
0.00999999977648258210 -0.00464831711724400520
0.01999999955296516420 -0.00463613681495189667
0.02999999932944774630 -0.00462071597576141358
0.03999999910593032840 -0.00461720395833253861
0.05000000074505805970 -0.00461631501093506813
0.05999999865889549260 -0.00460001593455672264
0.07000000029802322390 -0.00458871014416217804
0.07999999821186065670 -0.00459321821108460426
0.09000000357627868650 -0.00460510002449154854
0.10000000149011611900 -0.00459609087556600571
0.10999999940395355200 -0.00460674287751317024
0.11999999731779098500 -0.00459456583485007286
0.12999999523162841800 -0.00456155696883797646
0.14000000059604644800 -0.00457725813612341881
0.15000000596046447800 -0.00457479711621999741
0.15999999642372131300 -0.00454200804233551026
0.17000000178813934300 -0.00454945908859372139
0.18000000715255737300 -0.00455399183556437493
0.18999999761581420900 -0.00454622786492109299
0.20000000298023223900 -0.00456435885280370712
0.20999999344348907500 -0.00456954678520560265
0.21999999880790710400 -0.00454166810959577561
0.23000000417232513400 -0.00452933879569172859
0.23999999463558197000 -0.00453777611255645752
0.25000000000000000000 -0.00451464485377073288
0.25999999046325683600 -0.00450397888198494911
0.27000001072883606000 -0.00449992017820477486
0.28000000119209289500 -0.00448525883257389069
0.28999999165534973100 -0.00450051715597510338
0.30000001192092895500 -0.00450181402266025543
0.31000000238418579100 -0.00448991078883409500
0.31999999284744262700 -0.00448299897834658623
0.33000001311302185100 -0.00445598410442471504
0.34000000357627868600 -0.00444776192307472229
0.34999999403953552200 -0.00444553419947624207
0.36000001430511474600 -0.00442187208682298660
0.37000000476837158200 -0.00439980207011103630
0.37999999523162841800 -0.00440942589193582535
0.38999998569488525400 -0.00440660677850246430
0.40000000596046447700 -0.00439132284373044968
0.40999999642372131300 -0.00440022209659218788
0.41999998688697814900 -0.00437872111797332764
0.43000000715255737300 -0.00433561997488141060
0.43999999761581420900 -0.00434444192796945572
0.44999998807907104500 -0.00432476680725812912
0.46000000834465026800 -0.00428224122151732445
0.46999999880790710400 -0.00427790684625506401
0.47999998927116394000 -0.00426156492903828621
0.49000000953674316400 -0.00423788605257868767
0.50000000000000000000 -0.00422923685982823372
0.50999999046325683600 -0.00420743878930807114
0.51999998092651367200 -0.00415025185793638230
0.52999997138977050800 -0.00410420401021838188
0.54000002145767211900 -0.00406697019934654236
0.55000001192092895500 -0.00399799179285764694
0.56000000238418579100 -0.00392841501161456108
0.56999999284744262700 -0.00385919702239334583
0.57999998331069946300 -0.00376376509666442871
0.58999997377395629900 -0.00367803894914686680
0.60000002384185791000 -0.00356993405148386955
0.61000001430511474600 -0.00343030388467013836
0.62000000476837158200 -0.00328040309250354767
0.62999999523162841800 -0.00309451110661029816
0.63999998569488525400 -0.00289079896174371243
0.64999997615814209000 -0.00268171797506511211
0.66000002622604370100 -0.00243596895597875118
0.67000001668930053700 -0.00216268398799002171
0.68000000715255737300 -0.00189157202839851379
0.68999999761581420900 -0.00159842695575207472
0.69999998807907104500 -0.00128021102864295244
0.70999997854232788100 -0.00096581352408975363
0.72000002861022949200 -0.00063245830824598670
0.73000001907348632800 -0.00029329420067369938
0.74000000953674316400 0.00003190385905327275
0.75000000000000000000 0.00035498640500009060
0.75999999046325683600 0.00067570642568171024
0.76999998092651367200 0.00097583729075267911
0.77999997138977050800 0.00125647394452244043
0.79000002145767211900 0.00151874602306634188
0.80000001192092895500 0.00175609195139259100
0.81000000238418579100 0.00197110511362552643
0.81999999284744262700 0.00216194102540612221
0.82999998331069946300 0.00233134999871253967
0.83999997377395629900 0.00248085102066397667
0.85000002384185791000 0.00260681496001780033
0.86000001430511474600 0.00272521493025124073
0.87000000476837158200 0.00283117196522653103
0.87999999523162841800 0.00291957100853323937
0.88999998569488525400 0.00300619611516594887
0.89999997615814209000 0.00308950897306203842
0.91000002622604370100 0.00316413608379662037
0.92000001668930053700 0.00323812011629343033
0.93000000715255737300 0.00331093603745102882
0.93999999761581420900 0.00337119400501251221
0.94999998807907104500 0.00343084894120693207
0.95999997854232788100 0.00349458004347980023
0.97000002861022949200 0.00355109898373484612
0.98000001907348632800 0.00360680208541452885
0.99000000953674316400 0.00366427400149405003
1.00000000000000000000 0.00371966394595801830
