-1.00000000000000000000 -0.00164370704442262650
-0.99000000953674316400 -0.00161541299894452095
-0.98000001907348632800 -0.00159041199367493391
-0.97000002861022949200 -0.00156790798064321280
-0.95999997854232788100 -0.00154467404354363680
-0.94999998807907104500 -0.00151921005453914404
-0.93999999761581420900 -0.00149776402395218611
-0.93000000715255737300 -0.00147549400571733713
-0.92000001668930053700 -0.00145420699845999479
-0.91000002622604370100 -0.00143137201666831970
-0.89999997615814209000 -0.00140863202977925539
-0.88999998569488525400 -0.00138633302412927151
-0.87999999523162841800 -0.00136481702793389559
-0.87000000476837158200 -0.00134272198192775250
-0.86000001430511474600 -0.00132071494590491056
-0.85000002384185791000 -0.00130014901515096426
-0.83999997377395629900 -0.00127755000721663237
-0.82999998331069946300 -0.00125465996097773314
-0.81999999284744262700 -0.00123447598889470100
-0.81000000238418579100 -0.00121143297292292118
-0.80000001192092895500 -0.00119039101991802454
-0.79000002145767211900 -0.00116788095328956842
-0.77999997138977050800 -0.00114714994560927153
-0.76999998092651367200 -0.00112655700650066137
-0.75999999046325683600 -0.00110479304566979408
-0.75000000000000000000 -0.00108332803938537836
-0.74000000953674316400 -0.00106291403062641621
-0.73000001907348632800 -0.00104311003815382719
-0.72000002861022949200 -0.00102225400041788816
-0.70999997854232788100 -0.00099016458261758089
-0.69999998807907104500 -0.00096976058557629585
-0.68999999761581420900 -0.00095061911270022392
-0.68000000715255737300 -0.00093080342048779130
-0.67000001668930053700 -0.00091090588830411434
-0.66000002622604370100 -0.00089094747090712190
-0.64999997615814209000 -0.00087093620095402002
-0.63999998569488525400 -0.00085195759311318398
-0.62999999523162841800 -0.00083345739403739572
-0.62000000476837158200 -0.00081324647180736065
-0.61000001430511474600 -0.00079493038356304169
-0.60000002384185791000 -0.00077621487434953451
-0.58999997377395629900 -0.00075707508949562907
-0.57999998331069946300 -0.00073858018731698394
-0.56999999284744262700 -0.00071938161272555590
-0.56000000238418579100 -0.00070006382884457707
-0.55000001192092895500 -0.00068239291431382298
-0.54000002145767211900 -0.00066413858439773321
-0.52999997138977050800 -0.00064624770311638713
-0.51999998092651367200 -0.00062767521012574434
-0.50999999046325683600 -0.00061040319269523025
-0.50000000000000000000 -0.00059310288634151220
-0.49000000953674316400 -0.00057513418141752481
-0.47999998927116394000 -0.00055756297660991550
-0.46999999880790710400 -0.00054063397692516446
-0.46000000834465026800 -0.00052378047257661819
-0.44999998807907104500 -0.00050698552513495088
-0.43999999761581420900 -0.00049075862625613809
-0.43000000715255737300 -0.00047386978985741735
-0.41999998688697814900 -0.00045770290307700634
-0.40999999642372131300 -0.00044114759657531977
-0.40000000596046447700 -0.00042496580863371491
-0.38999998569488525400 -0.00040933411219157279
-0.37999999523162841800 -0.00039332400774583220
-0.37000000476837158200 -0.00037796000833623111
-0.36000001430511474600 -0.00036234798608347774
-0.34999999403953552200 -0.00034742589923553169
-0.34000000357627868600 -0.00033281929790973663
-0.33000001311302185100 -0.00031793711241334677
-0.31999999284744262700 -0.00030330059234984219
-0.31000000238418579100 -0.00028914838912896812
-0.30000001192092895500 -0.00027529778890311718
-0.28999999165534973100 -0.00026101610274054110
-0.28000000119209289500 -0.00024738180218264461
-0.27000001072883606000 -0.00023403170052915812
-0.25999999046325683600 -0.00022139059728942811
-0.25000000000000000000 -0.00020864879479631782
-0.23999999463558197000 -0.00019611860625445843
-0.23000000417232513400 -0.00018381129484623671
-0.21999999880790710400 -0.00017189419304486364
-0.20999999344348907500 -0.00016050940030254424
-0.20000000298023223900 -0.00014916500367689878
-0.18999999761581420900 -0.00013830649550072849
-0.18000000715255737300 -0.00012792600318789482
-0.17000000178813934300 -0.00011780750355683267
-0.15999999642372131300 -0.00010804780322359875
-0.15000000596046447800 -0.00009786051668925211
-0.14000000059604644800 -0.00008895806240616366
-0.12999999523162841800 -0.00008054814679780975
-0.11999999731779098500 -0.00007238394027808681
-0.10999999940395355200 -0.00006469039362855256
-0.10000000149011611900 -0.00005735845843446441
-0.09000000357627868650 -0.00005039900861447677
-0.07999999821186065670 -0.00004379417077871040
-0.07000000029802322390 -0.00003770990952034481
-0.05999999865889549260 -0.00003203734013368376
-0.05000000074505805970 -0.00002671625043149106
-0.03999999910593032840 -0.00002189955011999700
-0.02999999932944774630 -0.00001734858960844576
-0.01999999955296516420 -0.00001313455959461862
-0.00999999977648258210 -0.00000923493826121558
0.00000000000000000000 -0.00000569029089092510
0.00999999977648258210 -0.00000241028396885667
0.01999999955296516420 0.00000064113800135601
0.02999999932944774630 0.00000337809592565463
0.03999999910593032840 0.00000620372293269611
0.05000000074505805970 0.00000885162808117457
0.05999999865889549260 0.00001095770039682975
0.07000000029802322390 0.00001354715004708851
0.07999999821186065670 0.00001595709909452125
0.09000000357627868650 0.00001848983993113507
0.10000000149011611900 0.00002098428922181483
0.10999999940395355200 0.00002354402022319846
0.11999999731779098500 0.00002621329986141063
0.12999999523162841800 0.00002891557960538194
0.14000000059604644800 0.00003171082062181085
0.15000000596046447800 0.00003462408130872063
0.15999999642372131300 0.00003745060166693293
0.17000000178813934300 0.00004055639146827161
0.18000000715255737300 0.00004366928988019936
0.18999999761581420900 0.00004699097917182371
0.20000000298023223900 0.00005045569923822768
0.20999999344348907500 0.00005393405081122182
0.21999999880790710400 0.00005768656046711840
0.23000000417232513400 0.00006183442746987566
0.23999999463558197000 0.00006583424692507833
0.25000000000000000000 0.00006985938671277836
0.25999999046325683600 0.00007422915950883180
0.27000001072883606000 0.00007908011320978403
0.28000000119209289500 0.00008359031926374882
0.28999999165534973100 0.00008850445738062263
0.30000001192092895500 0.00009393235814059153
0.31000000238418579100 0.00009929120278684422
0.31999999284744262700 0.00010533929889788851
0.33000001311302185100 0.00011141400318592787
0.34000000357627868600 0.00011776020255638286
0.34999999403953552200 0.00012409999908413738
0.36000001430511474600 0.00012996769510209560
0.37000000476837158200 0.00013699090050067753
0.37999999523162841800 0.00014434799959417433
0.38999998569488525400 0.00015185709344223142
0.40000000596046447700 0.00016024580691009760
0.40999999642372131300 0.00016833360132295638
0.41999998688697814900 0.00017605839821044356
0.43000000715255737300 0.00018514950352255255
0.43999999761581420900 0.00019401589815970510
0.44999998807907104500 0.00020381339709274471
0.46000000834465026800 0.00021365600696299225
0.46999999880790710400 0.00022322409495245665
0.47999998927116394000 0.00023419559875037521
0.49000000953674316400 0.00024511408992111683
0.50000000000000000000 0.00025636079953983426
0.50999999046325683600 0.00026842579245567322
0.51999998092651367200 0.00028072120039723814
0.52999997138977050800 0.00029326439835131168
0.54000002145767211900 0.00030578981386497617
0.55000001192092895500 0.00031904660863801837
0.56000000238418579100 0.00033294170862063766
0.56999999284744262700 0.00034678631345741451
0.57999998331069946300 0.00036091919173486531
0.58999997377395629900 0.00037593548768199980
0.60000002384185791000 0.00039114220999181271
0.61000001430511474600 0.00040682850521989167
0.62000000476837158200 0.00042300889617763460
0.62999999523162841800 0.00043876148993149400
0.63999998569488525400 0.00045624579070135951
0.64999997615814209000 0.00047385939978994429
0.66000002622604370100 0.00049234408652409911
0.67000001668930053700 0.00050998682854697108
0.68000000715255737300 0.00052786222659051418
0.68999999761581420900 0.00054784008534625173
0.69999998807907104500 0.00056733581004664302
0.70999997854232788100 0.00058791978517547250
0.72000002861022949200 0.00060878432122990489
0.73000001907348632800 0.00063034857157617807
0.74000000953674316400 0.00065289461053907871
0.75000000000000000000 0.00067541701719164848
0.75999999046325683600 0.00069697952130809426
0.76999998092651367200 0.00072082679253071547
0.77999997138977050800 0.00074573938036337495
0.79000002145767211900 0.00077050941763445735
0.80000001192092895500 0.00079604762140661478
0.81000000238418579100 0.00082299287896603346
0.81999999284744262700 0.00084754871204495430
0.82999998331069946300 0.00087544898269698024
0.83999997377395629900 0.00090286257909610868
0.85000002384185791000 0.00093132990878075361
0.86000001430511474600 0.00096126069547608495
0.87000000476837158200 0.00099120615050196648
0.87999999523162841800 0.00102220498956739903
0.88999998569488525400 0.00105426996015012264
0.89999997615814209000 0.00108515797182917595
0.91000002622604370100 0.00111645797733217478
0.92000001668930053700 0.00114908197429031134
0.93000000715255737300 0.00118080002721399069
0.93999999761581420900 0.00121416000183671713
0.94999998807907104500 0.00124596699606627226
0.95999997854232788100 0.00128023198340088129
0.97000002861022949200 0.00131332804448902607
0.98000001907348632800 0.00134589604567736387
0.99000000953674316400 0.00138159899506717920
1.00000000000000000000 0.00141615502070635557
