-1.00000000000000000000 -0.00203610607422888279
-0.99000000953674316400 -0.00198966800235211849
-0.98000001907348632800 -0.00194959901273250580
-0.97000002861022949200 -0.00192204199265688658
-0.95999997854232788100 -0.00190229597501456738
-0.94999998807907104500 -0.00188424496445804834
-0.93999999761581420900 -0.00187027803622186184
-0.93000000715255737300 -0.00185584195423871279
-0.92000001668930053700 -0.00184152694419026375
-0.91000002622604370100 -0.00182457594200968742
-0.89999997615814209000 -0.00181037699803709984
-0.88999998569488525400 -0.00179942999966442585
-0.87999999523162841800 -0.00178441300522536039
-0.87000000476837158200 -0.00177088205236941576
-0.86000001430511474600 -0.00176086602732539177
-0.85000002384185791000 -0.00175400997977703810
-0.83999997377395629900 -0.00174669595435261726
-0.82999998331069946300 -0.00173947005532681942
-0.81999999284744262700 -0.00173076102510094643
-0.81000000238418579100 -0.00171971099916845560
-0.80000001192092895500 -0.00170665595214813948
-0.79000002145767211900 -0.00170194101519882679
-0.77999997138977050800 -0.00169079704210162163
-0.76999998092651367200 -0.00167830300051718950
-0.75999999046325683600 -0.00167250400409102440
-0.75000000000000000000 -0.00166694901417940855
-0.74000000953674316400 -0.00166217505466192961
-0.73000001907348632800 -0.00165580096654593945
-0.72000002861022949200 -0.00165189197286963463
-0.70999997854232788100 -0.00164133403450250626
-0.69999998807907104500 -0.00163003103807568550
-0.68999999761581420900 -0.00162649294361472130
-0.68000000715255737300 -0.00161744398064911366
-0.67000001668930053700 -0.00160682096611708403
-0.66000002622604370100 -0.00160067598335444927
-0.64999997615814209000 -0.00159626500681042671
-0.63999998569488525400 -0.00159249303396791220
-0.62999999523162841800 -0.00158809695858508349
-0.62000000476837158200 -0.00158438202925026417
-0.61000001430511474600 -0.00157626601867377758
-0.60000002384185791000 -0.00156426802277565002
-0.58999997377395629900 -0.00156159698963165283
-0.57999998331069946300 -0.00155447900760918856
-0.56999999284744262700 -0.00154406297951936722
-0.56000000238418579100 -0.00153823895379900932
-0.55000001192092895500 -0.00153448595665395260
-0.54000002145767211900 -0.00153081701137125492
-0.52999997138977050800 -0.00152646098285913467
-0.51999998092651367200 -0.00152446504216641188
-0.50999999046325683600 -0.00151499605271965265
-0.50000000000000000000 -0.00150575395673513413
-0.49000000953674316400 -0.00150372600182890892
-0.47999998927116394000 -0.00149579101707786322
-0.46999999880790710400 -0.00148548500146716833
-0.46000000834465026800 -0.00148190802428871393
-0.44999998807907104500 -0.00147739204112440348
-0.43999999761581420900 -0.00147438596468418837
-0.43000000715255737300 -0.00147116405423730612
-0.41999998688697814900 -0.00146727403625845909
-0.40999999642372131300 -0.00146071403287351131
-0.40000000596046447700 -0.00145102699752897024
-0.38999998569488525400 -0.00144668901339173317
-0.37999999523162841800 -0.00144146697130054236
-0.37000000476837158200 -0.00143198599107563496
-0.36000001430511474600 -0.00142645195592194796
-0.34999999403953552200 -0.00142274994868785143
-0.34000000357627868600 -0.00141987495590001345
-0.33000001311302185100 -0.00141613394953310490
-0.31999999284744262700 -0.00141359004192054272
-0.31000000238418579100 -0.00140699802432209253
-0.30000001192092895500 -0.00139945396222174168
-0.28999999165534973100 -0.00139330502133816481
-0.28000000119209289500 -0.00138885201886296272
-0.27000001072883606000 -0.00138047698419541121
-0.25999999046325683600 -0.00137347599957138300
-0.25000000000000000000 -0.00136939703952521086
-0.23999999463558197000 -0.00136625894811004400
-0.23000000417232513400 -0.00136345101054757834
-0.21999999880790710400 -0.00135886797215789557
-0.20999999344348907500 -0.00135497900191694498
-0.20000000298023223900 -0.00134679302573204041
-0.18999999761581420900 -0.00133944000117480755
-0.18000000715255737300 -0.00133587699383497238
-0.17000000178813934300 -0.00132867798674851656
-0.15999999642372131300 -0.00132055301219224930
-0.15000000596046447800 -0.00131579104345291853
-0.14000000059604644800 -0.00131246400997042656
-0.12999999523162841800 -0.00130824500229209662
-0.11999999731779098500 -0.00130514800548553467
-0.10999999940395355200 -0.00130072096362709999
-0.10000000149011611900 -0.00129256199579685926
-0.09000000357627868650 -0.00128401699475944042
-0.07999999821186065670 -0.00128106598276644945
-0.07000000029802322390 -0.00127381097991019487
-0.05999999865889549260 -0.00126447202637791634
-0.05000000074505805970 -0.00125956197734922171
-0.03999999910593032840 -0.00125483400188386440
-0.02999999932944774630 -0.00125129905063658953
-0.01999999955296516420 -0.00124707096256315708
-0.00999999977648258210 -0.00124200200662016869
0.00000000000000000000 -0.00123447098303586245
0.00999999977648258210 -0.00122517498675733805
0.01999999955296516420 -0.00121987704187631607
0.02999999932944774630 -0.00121329305693507195
0.03999999910593032840 -0.00120359798893332481
0.05000000074505805970 -0.00119624205399304628
0.05999999865889549260 -0.00119127298239618540
0.07000000029802322390 -0.00118634803220629692
0.07999999821186065670 -0.00118132599163800478
0.09000000357627868650 -0.00117599195800721645
0.10000000149011611900 -0.00116831203922629356
0.10999999940395355200 -0.00115780904889106751
0.11999999731779098500 -0.00115065695717930794
0.12999999523162841800 -0.00114221894182264805
0.14000000059604644800 -0.00113081501331180334
0.15000000596046447800 -0.00112185103353112936
0.15999999642372131300 -0.00111429602839052677
0.17000000178813934300 -0.00110727199353277683
0.18000000715255737300 -0.00109947996679693460
0.18999999761581420900 -0.00109129096381366253
0.20000000298023223900 -0.00108007597737014294
0.20999999344348907500 -0.00106760405469685793
0.21999999880790710400 -0.00105718395207077265
0.23000000417232513400 -0.00104530702810734510
0.23999999463558197000 -0.00103038200177252293
0.25000000000000000000 -0.00101653800811618567
0.25999999046325683600 -0.00100354396272450686
0.27000001072883606000 -0.00100632500834763050
0.28000000119209289500 -0.00097890454344451427
0.28999999165534973100 -0.00095996732125058770
0.30000001192092895500 -0.00094128871569409966
0.31000000238418579100 -0.00092144688824191690
0.31999999284744262700 -0.00090049172285944223
0.33000001311302185100 -0.00087789981625974178
0.34000000357627868600 -0.00084913201862946153
0.34999999403953552200 -0.00081689888611435890
0.36000001430511474600 -0.00078539637615904212
0.37000000476837158200 -0.00074706558370962739
0.37999999523162841800 -0.00070362980477511883
0.38999998569488525400 -0.00065793108660727739
0.40000000596046447700 -0.00060697959270328283
0.40999999642372131300 -0.00055034272372722626
0.41999998688697814900 -0.00048758159391582012
0.43000000715255737300 -0.00041600130498409271
0.43999999761581420900 -0.00033623049966990948
0.44999998807907104500 -0.00024672239669598639
0.46000000834465026800 -0.00014873220061417669
0.46999999880790710400 -0.00005585834878729656
0.47999998927116394000 0.00004283084126655012
0.49000000953674316400 0.00017565010057296604
0.50000000000000000000 0.00031996509642340243
0.50999999046325683600 0.00047256509424187243
0.51999998092651367200 0.00063698098529130220
0.52999997138977050800 0.00081154349027201533
0.54000002145767211900 0.00099725823383778334
0.55000001192092895500 0.00116698001511394978
0.56000000238418579100 0.00138198304921388626
0.56999999284744262700 0.00160368299111723900
0.57999998331069946300 0.00183638196904212236
0.58999997377395629900 0.00207971502095460892
0.60000002384185791000 0.00233211298473179340
0.61000001430511474600 0.00259555201046168804
0.62000000476837158200 0.00286838808096945286
0.62999999523162841800 0.00314741698093712330
0.63999998569488525400 0.00343694188632071018
0.64999997615814209000 0.00373632903210818768
0.66000002622604370100 0.00403862213715910912
0.67000001668930053700 0.00435108877718448639
0.68000000715255737300 0.00467121787369251251
0.68999999761581420900 0.00499777821823954582
0.69999998807907104500 0.00533382920548319817
0.70999997854232788100 0.00567275192588567734
0.72000002861022949200 0.00601720111444592476
0.73000001907348632800 0.00636276090517640114
0.74000000953674316400 0.00671184714883565903
0.75000000000000000000 0.00706927198916673660
0.75999999046325683600 0.00742865400388836861
0.76999998092651367200 0.00778815289959311486
0.77999997138977050800 0.00815518293529748917
0.79000002145767211900 0.00852974131703376770
0.80000001192092895500 0.00890471227467060089
0.81000000238418579100 0.00928220711648464203
0.81999999284744262700 0.00966258998960256577
0.82999998331069946300 0.01003757026046514510
0.83999997377395629900 0.01041106041520833970
0.85000002384185791000 0.01075746025890111920
0.86000001430511474600 0.01115258038043975830
0.87000000476837158200 0.01153529994189739230
0.87999999523162841800 0.01191153004765510560
0.88999998569488525400 0.01230676006525754930
0.89999997615814209000 0.01269127987325191500
0.91000002622604370100 0.01306539960205554960
0.92000001668930053700 0.01345476973801851270
0.93000000715255737300 0.01384777016937732700
0.93999999761581420900 0.01424176990985870360
0.94999998807907104500 0.01463458966463804250
0.95999997854232788100 0.01503109000623226170
0.97000002861022949200 0.01540540996938943860
0.98000001907348632800 0.01577576063573360440
0.99000000953674316400 0.01616927050054073330
1.00000000000000000000 0.01654526963829994200
