-1.00000000000000000000 -0.00566770508885383606
-0.99000000953674316400 -0.00564774777740240097
-0.98000001907348632800 -0.00565776787698268891
-0.97000002861022949200 -0.00565270520746707916
-0.95999997854232788100 -0.00562248378992080689
-0.94999998807907104500 -0.00559516018256545067
-0.93999999761581420900 -0.00560152903199195862
-0.93000000715255737300 -0.00557750789448618889
-0.92000001668930053700 -0.00555203389376401901
-0.91000002622604370100 -0.00554599892348051071
-0.89999997615814209000 -0.00553047889843583107
-0.88999998569488525400 -0.00554087897762656212
-0.87999999523162841800 -0.00554023915901780129
-0.87000000476837158200 -0.00553488498553633690
-0.86000001430511474600 -0.00551913818344473839
-0.85000002384185791000 -0.00548967998474836350
-0.83999997377395629900 -0.00548340613022446633
-0.82999998331069946300 -0.00547419721260666847
-0.81999999284744262700 -0.00544603914022445679
-0.81000000238418579100 -0.00542744295671582222
-0.80000001192092895500 -0.00542782992124557495
-0.79000002145767211900 -0.00542693398892879486
-0.77999997138977050800 -0.00542025407776236534
-0.76999998092651367200 -0.00542180985212326050
-0.75999999046325683600 -0.00540437921881675720
-0.75000000000000000000 -0.00536411115899682045
-0.74000000953674316400 -0.00536552490666508675
-0.73000001907348632800 -0.00535295577719807625
-0.72000002861022949200 -0.00531684095039963722
-0.70999997854232788100 -0.00530828116461634636
-0.69999998807907104500 -0.00530358217656612396
-0.68999999761581420900 -0.00529742985963821411
-0.68000000715255737300 -0.00529771298170089722
-0.67000001668930053700 -0.00529953697696328163
-0.66000002622604370100 -0.00527175888419151306
-0.64999997615814209000 -0.00524290092289447785
-0.63999998569488525400 -0.00524173397570848465
-0.62999999523162841800 -0.00522293383255600929
-0.62000000476837158200 -0.00519691081717610359
-0.61000001430511474600 -0.00518148113042116165
-0.60000002384185791000 -0.00517648179084062576
-0.58999997377395629900 -0.00517453718930482865
-0.57999998331069946300 -0.00516920909285545349
-0.56999999284744262700 -0.00516529800370335579
-0.56000000238418579100 -0.00515058822929859162
-0.55000001192092895500 -0.00511097023263573647
-0.54000002145767211900 -0.00510348100215196610
-0.52999997138977050800 -0.00509427813813090325
-0.51999998092651367200 -0.00505180284380912781
-0.50999999046325683600 -0.00503886211663484574
-0.50000000000000000000 -0.00503396615386009216
-0.49000000953674316400 -0.00502090388908982277
-0.47999998927116394000 -0.00501560978591442108
-0.46999999880790710400 -0.00501585192978382111
-0.46000000834465026800 -0.00497563323006033898
-0.44999998807907104500 -0.00494495499879121781
-0.43999999761581420900 -0.00494162878021597862
-0.43000000715255737300 -0.00490861292928457260
-0.41999998688697814900 -0.00488243903964757919
-0.40999999642372131300 -0.00486542982980608940
-0.40000000596046447700 -0.00484078284353017807
-0.38999998569488525400 -0.00484007690101861954
-0.37999999523162841800 -0.00483205495402216911
-0.37000000476837158200 -0.00480923987925052643
-0.36000001430511474600 -0.00479103717952966690
-0.34999999403953552200 -0.00475341686978936196
-0.34000000357627868600 -0.00472905393689870834
-0.33000001311302185100 -0.00471482798457145691
-0.31999999284744262700 -0.00467543816193938255
-0.31000000238418579100 -0.00463850516825914383
-0.30000001192092895500 -0.00462948391214013100
-0.28999999165534973100 -0.00462063308805227280
-0.28000000119209289500 -0.00459173601120710373
-0.27000001072883606000 -0.00458238506689667702
-0.25999999046325683600 -0.00454623578116297722
-0.25000000000000000000 -0.00449041416868567467
-0.23999999463558197000 -0.00447779800742864609
-0.23000000417232513400 -0.00444848602637648583
-0.21999999880790710400 -0.00439215218648314476
-0.20999999344348907500 -0.00436499621719121933
-0.20000000298023223900 -0.00434099603444337845
-0.18999999761581420900 -0.00430308887735009194
-0.18000000715255737300 -0.00428439490497112274
-0.17000000178813934300 -0.00425914907827973366
-0.15999999642372131300 -0.00420602317899465561
-0.15000000596046447800 -0.00415437994524836540
-0.14000000059604644800 -0.00412892922759056091
-0.12999999523162841800 -0.00408064294606447220
-0.11999999731779098500 -0.00402927212417125702
-0.10999999940395355200 -0.00399034982547163963
-0.10000000149011611900 -0.00394423492252826691
-0.09000000357627868650 -0.00391291920095682144
-0.07999999821186065670 -0.00387999205850064755
-0.07000000029802322390 -0.00383832398802042008
-0.05999999865889549260 -0.00378649402409791947
-0.05000000074505805970 -0.00372625701129436493
-0.03999999910593032840 -0.00368044804781675339
-0.02999999932944774630 -0.00363161391578614712
-0.01999999955296516420 -0.00357148796319961548
-0.00999999977648258210 -0.00351163209415972233
0.00000000000000000000 -0.00346692791208624840
0.00999999977648258210 -0.00342133594676852226
0.01999999955296516420 -0.00336762797087430954
0.02999999932944774630 -0.00332114589400589466
0.03999999910593032840 -0.00327001395635306835
0.05000000074505805970 -0.00319623807445168495
0.05999999865889549260 -0.00313681410625576973
0.07000000029802322390 -0.00308457389473915100
0.07999999821186065670 -0.00301503506489098072
0.09000000357627868650 -0.00295138498768210411
0.10000000149011611900 -0.00289536290802061558
0.10999999940395355200 -0.00283744907937943935
0.11999999731779098500 -0.00278561096638441086
0.12999999523162841800 -0.00272922799922525883
0.14000000059604644800 -0.00266409292817115784
0.15000000596046447800 -0.00259751593694090843
0.15999999642372131300 -0.00253165396861732006
0.17000000178813934300 -0.00247037410736083984
0.18000000715255737300 -0.00240631611086428166
0.18999999761581420900 -0.00233912095427513123
0.20000000298023223900 -0.00227635307237505913
0.20999999344348907500 -0.00221763597801327705
0.21999999880790710400 -0.00216411589644849300
0.23000000417232513400 -0.00210168608464300633
0.23999999463558197000 -0.00204271101392805576
0.25000000000000000000 -0.00197614706121385098
0.25999999046325683600 -0.00190636003389954567
0.27000001072883606000 -0.00184880802407860756
0.28000000119209289500 -0.00178730604238808155
0.28999999165534973100 -0.00171770795714110136
0.30000001192092895500 -0.00165677501354366541
0.31000000238418579100 -0.00160084804520010948
0.31999999284744262700 -0.00154140498489141464
0.33000001311302185100 -0.00148506602272391319
0.34000000357627868600 -0.00142742996104061604
0.34999999403953552200 -0.00136350898537784815
0.36000001430511474600 -0.00130066997371613979
0.37000000476837158200 -0.00124742498155683279
0.37999999523162841800 -0.00118896202184259892
0.38999998569488525400 -0.00112894398625940084
0.40000000596046447700 -0.00107441004365682602
0.40999999642372131300 -0.00102027703542262316
0.41999998688697814900 -0.00100763805676251650
0.43000000715255737300 -0.00094220612663775682
0.43999999761581420900 -0.00088376022176817060
0.44999998807907104500 -0.00083158351480960846
0.46000000834465026800 -0.00078017980558797717
0.46999999880790710400 -0.00072870001895353198
0.47999998927116394000 -0.00067835830850526691
0.49000000953674316400 -0.00062738510314375162
0.50000000000000000000 -0.00057711900444701314
0.50999999046325683600 -0.00053171132458373904
0.51999998092651367200 -0.00048397749196738005
0.52999997138977050800 -0.00043730650213547051
0.54000002145767211900 -0.00039454290526919067
0.55000001192092895500 -0.00035381381167098880
0.56000000238418579100 -0.00031268718885257840
0.56999999284744262700 -0.00027356579084880650
0.57999998331069946300 -0.00023828030680306256
0.58999997377395629900 -0.00019731359498109668
0.60000002384185791000 -0.00015946160419844091
0.61000001430511474600 -0.00012376169615890831
0.62000000476837158200 -0.00009424769814359024
0.62999999523162841800 -0.00006010891956975684
0.63999998569488525400 -0.00002772964035102632
0.64999997615814209000 0.00000231756598623178
0.66000002622604370100 0.00004355037890491076
0.67000001668930053700 0.00007555902993772179
0.68000000715255737300 0.00011068460298702121
0.68999999761581420900 0.00014364259550347924
0.69999998807907104500 0.00017159769777208567
0.70999997854232788100 0.00020514329662546515
0.72000002861022949200 0.00023203050659503788
0.73000001907348632800 0.00025900171021930873
0.74000000953674316400 0.00029036690830253065
0.75000000000000000000 0.00031969259725883603
0.75999999046325683600 0.00034703328856267035
0.76999998092651367200 0.00038002949440851808
0.77999997138977050800 0.00041112289181910455
0.79000002145767211900 0.00043877778807654977
0.80000001192092895500 0.00047125021228566766
0.81000000238418579100 0.00050155492499470711
0.81999999284744262700 0.00053424958605319262
0.82999998331069946300 0.00056717247935011983
0.83999997377395629900 0.00060502468841150403
0.85000002384185791000 0.00063726177904754877
0.86000001430511474600 0.00067241751821711659
0.87000000476837158200 0.00071454310091212392
0.87999999523162841800 0.00075745658250525594
0.88999998569488525400 0.00080389977665618062
0.89999997615814209000 0.00085116701666265726
0.91000002622604370100 0.00090811221161857247
0.92000001668930053700 0.00096480501815676689
0.93000000715255737300 0.00101645302493125200
0.93999999761581420900 0.00106041401159018278
0.94999998807907104500 0.00111792795360088348
0.95999997854232788100 0.00123752700164914131
0.97000002861022949200 0.00130774301942437887
0.98000001907348632800 0.00137392105534672737
0.99000000953674316400 0.00143478205427527428
1.00000000000000000000 0.00150345498695969582
