-1.00000000000000000000 -0.00471441401168704033
-0.99000000953674316400 -0.00471448898315429688
-0.98000001907348632800 -0.00471625011414289475
-0.97000002861022949200 -0.00469956919550895691
-0.95999997854232788100 -0.00469855777919292450
-0.94999998807907104500 -0.00469786999747157097
-0.93999999761581420900 -0.00470256293192505837
-0.93000000715255737300 -0.00471474602818489075
-0.92000001668930053700 -0.00472221197560429573
-0.91000002622604370100 -0.00471615977585315704
-0.89999997615814209000 -0.00470882002264261246
-0.88999998569488525400 -0.00469458382576704025
-0.87999999523162841800 -0.00470291217789053917
-0.87000000476837158200 -0.00469950912520289421
-0.86000001430511474600 -0.00468312297016382218
-0.85000002384185791000 -0.00468335580080747605
-0.83999997377395629900 -0.00469470396637916565
-0.82999998331069946300 -0.00470175314694643021
-0.81999999284744262700 -0.00470543978735804558
-0.81000000238418579100 -0.00471178488805890083
-0.80000001192092895500 -0.00469219405204057694
-0.79000002145767211900 -0.00467420089989900589
-0.77999997138977050800 -0.00468664802610874176
-0.76999998092651367200 -0.00467681512236595154
-0.75999999046325683600 -0.00465843779966235161
-0.75000000000000000000 -0.00466446578502655029
-0.74000000953674316400 -0.00466562993824481964
-0.73000001907348632800 -0.00467194803059101105
-0.72000002861022949200 -0.00468161981552839279
-0.70999997854232788100 -0.00468223821371793747
-0.69999998807907104500 -0.00466181989759206772
-0.68999999761581420900 -0.00465437117964029312
-0.68000000715255737300 -0.00466078612953424454
-0.67000001668930053700 -0.00464810710400342941
-0.66000002622604370100 -0.00464416807517409325
-0.64999997615814209000 -0.00464408798143267632
-0.63999998569488525400 -0.00463895406574010849
-0.62999999523162841800 -0.00465790415182709694
-0.62000000476837158200 -0.00466047599911689758
-0.61000001430511474600 -0.00466203177347779274
-0.60000002384185791000 -0.00465621193870902062
-0.58999997377395629900 -0.00463969213888049126
-0.57999998331069946300 -0.00464197015389800072
-0.56999999284744262700 -0.00464341510087251663
-0.56000000238418579100 -0.00462641799822449684
-0.55000001192092895500 -0.00462054321542382240
-0.54000002145767211900 -0.00463317008689045906
-0.52999997138977050800 -0.00464346585795283318
-0.51999998092651367200 -0.00464130518957972527
-0.50999999046325683600 -0.00465272786095738411
-0.50000000000000000000 -0.00463960180059075356
-0.49000000953674316400 -0.00461394200101494789
-0.47999998927116394000 -0.00463290791958570480
-0.46999999880790710400 -0.00462403614073991776
-0.46000000834465026800 -0.00459914980456233025
-0.44999998807907104500 -0.00460487883538007736
-0.43999999761581420900 -0.00460333004593849182
-0.43000000715255737300 -0.00460620783269405365
-0.41999998688697814900 -0.00461913086473941803
-0.40999999642372131300 -0.00462502799928188324
-0.40000000596046447700 -0.00460534915328025818
-0.38999998569488525400 -0.00459189200773835182
-0.37999999523162841800 -0.00459751812741160393
-0.37000000476837158200 -0.00458838976919651032
-0.36000001430511474600 -0.00457827001810073853
-0.34999999403953552200 -0.00457440502941608429
-0.34000000357627868600 -0.00457154214382171631
-0.33000001311302185100 -0.00458481581881642342
-0.31999999284744262700 -0.00458894576877355576
-0.31000000238418579100 -0.00458834320306777954
-0.30000001192092895500 -0.00458824587985873222
-0.28999999165534973100 -0.00456375814974308014
-0.28000000119209289500 -0.00456086499616503716
-0.27000001072883606000 -0.00456439377740025520
-0.25999999046325683600 -0.00454675313085317612
-0.25000000000000000000 -0.00453749578446149826
-0.23999999463558197000 -0.00454122619703412056
-0.23000000417232513400 -0.00454628979787230492
-0.21999999880790710400 -0.00454827304929494858
-0.20999999344348907500 -0.00455646496266126633
-0.20000000298023223900 -0.00454142922535538674
-0.18999999761581420900 -0.00452124187722802162
-0.18000000715255737300 -0.00452434411272406578
-0.17000000178813934300 -0.00451990496367216110
-0.15999999642372131300 -0.00449569895863533020
-0.15000000596046447800 -0.00449250917881727219
-0.14000000059604644800 -0.00449299579486250878
-0.12999999523162841800 -0.00448802905157208443
-0.11999999731779098500 -0.00450617494061589241
-0.10999999940395355200 -0.00450248084962368012
-0.10000000149011611900 -0.00449655391275882721
-0.09000000357627868650 -0.00449026282876729965
-0.07999999821186065670 -0.00447488017380237580
-0.07000000029802322390 -0.00446784589439630509
-0.05999999865889549260 -0.00445625884458422661
-0.05000000074505805970 -0.00444806879386305809
-0.03999999910593032840 -0.00444061309099197388
-0.02999999932944774630 -0.00445424485951662064
-0.01999999955296516420 -0.00445794593542814255
-0.00999999977648258210 -0.00444939779117703438
0.00000000000000000000 -0.00445167813450098038
0.00999999977648258210 -0.00443714112043380737
0.01999999955296516420 -0.00441120518371462822
0.02999999932944774630 -0.00442410213872790337
0.03999999910593032840 -0.00440981285646557808
0.05000000074505805970 -0.00438726879656314850
0.05999999865889549260 -0.00438513606786727905
0.07000000029802322390 -0.00437697488814592362
0.07999999821186065670 -0.00436926307156682015
0.09000000357627868650 -0.00437889806926250458
0.10000000149011611900 -0.00437233410775661469
0.10999999940395355200 -0.00435080379247665405
0.11999999731779098500 -0.00433923583477735520
0.12999999523162841800 -0.00432955985888838768
0.14000000059604644800 -0.00431012222543358803
0.15000000596046447800 -0.00429015280678868294
0.15999999642372131300 -0.00427914690226316452
0.17000000178813934300 -0.00427009677514433861
0.18000000715255737300 -0.00427325814962387085
0.18999999761581420900 -0.00427152076736092568
0.20000000298023223900 -0.00424946192651987076
0.20999999344348907500 -0.00423987396061420441
0.21999999880790710400 -0.00420950911939144135
0.23000000417232513400 -0.00419709319248795509
0.23999999463558197000 -0.00419013900682330132
0.25000000000000000000 -0.00414266018196940422
0.25999999046325683600 -0.00412517692893743515
0.27000001072883606000 -0.00411250023171305657
0.28000000119209289500 -0.00409476598724722862
0.28999999165534973100 -0.00404586177319288254
0.30000001192092895500 -0.00402713613584637642
0.31000000238418579100 -0.00396626815199851990
0.31999999284744262700 -0.00391866080462932587
0.33000001311302185100 -0.00389634398743510246
0.34000000357627868600 -0.00383011205121874809
0.34999999403953552200 -0.00374788790941238403
0.36000001430511474600 -0.00369830802083015442
0.37000000476837158200 -0.00356273888610303402
0.37999999523162841800 -0.00347606302239000797
0.38999998569488525400 -0.00328422989696264267
0.40000000596046447700 -0.00315329595468938351
0.40999999642372131300 -0.00301880389451980591
0.41999998688697814900 -0.00276496191509068012
0.43000000715255737300 -0.00245800707489252091
0.43999999761581420900 -0.00211754394695162773
0.44999998807907104500 -0.00201121694408357143
0.46000000834465026800 -0.00180749699939042330
0.46999999880790710400 -0.00146193895488977432
0.47999998927116394000 -0.00107396498788148165
0.49000000953674316400 -0.00077300932025536895
0.50000000000000000000 -0.00026846339460462332
0.50999999046325683600 -0.00017485629359725863
0.51999998092651367200 0.00010570190352154896
0.52999997138977050800 0.00041710439836606383
0.54000002145767211900 0.00061340577667579055
0.55000001192092895500 0.00099164072889834642
0.56000000238418579100 0.00122077600099146366
0.56999999284744262700 0.00139516498893499374
0.57999998331069946300 0.00139922800008207560
0.58999997377395629900 0.00179597001988440752
0.60000002384185791000 0.00187996798194944859
0.61000001430511474600 0.00198156200349330902
0.62000000476837158200 0.00211975909769535065
0.62999999523162841800 0.00222170609049499035
0.63999998569488525400 0.00230224500410258770
0.64999997615814209000 0.00236411299556493759
0.66000002622604370100 0.00244154199026525021
0.67000001668930053700 0.00248180096969008446
0.68000000715255737300 0.00253588799387216568
0.68999999761581420900 0.00258917990140616894
0.69999998807907104500 0.00261319288983941078
0.70999997854232788100 0.00267173908650875092
0.72000002861022949200 0.00271016289480030537
0.73000001907348632800 0.00273406691849231720
0.74000000953674316400 0.00279757706448435783
0.75000000000000000000 0.00285191694274544716
0.75999999046325683600 0.00287399394437670708
0.76999998092651367200 0.00291222799569368363
0.77999997138977050800 0.00293435994535684586
0.79000002145767211900 0.00297062005847692490
0.80000001192092895500 0.00300094392150640488
0.81000000238418579100 0.00303044309839606285
0.81999999284744262700 0.00309080607257783413
0.82999998331069946300 0.00313378102146089077
0.83999997377395629900 0.00316645298153162003
0.85000002384185791000 0.00320770498365163803
0.86000001430511474600 0.00324702798388898373
0.87000000476837158200 0.00327350990846753121
0.87999999523162841800 0.00329597597010433674
0.88999998569488525400 0.00334222894161939621
0.89999997615814209000 0.00336544704623520374
0.91000002622604370100 0.00341502996161580086
0.92000001668930053700 0.00346355699002742767
0.93000000715255737300 0.00350120989605784416
0.93999999761581420900 0.00351713597774505615
0.94999998807907104500 0.00356242991983890534
0.95999997854232788100 0.00360426190309226513
0.97000002861022949200 0.00363256991840898991
0.98000001907348632800 0.00367297790944576264
0.99000000953674316400 0.00370137207210063934
1.00000000000000000000 0.00372769008390605450
