-1.00000000000000000000 -0.00566490180790424347
-0.99000000953674316400 -0.00562559813261032105
-0.98000001907348632800 -0.00572275789454579354
-0.97000002861022949200 -0.00575745385140180588
-0.95999997854232788100 -0.00579794403165578842
-0.94999998807907104500 -0.00580662023276090622
-0.93999999761581420900 -0.00578232482075691223
-0.93000000715255737300 -0.00578023586422204972
-0.92000001668930053700 -0.00577809801325201988
-0.91000002622604370100 -0.00574918603524565697
-0.89999997615814209000 -0.00575150316581130028
-0.88999998569488525400 -0.00575485499575734139
-0.87999999523162841800 -0.00575631903484463692
-0.87000000476837158200 -0.00577580602839589119
-0.86000001430511474600 -0.00578056694939732552
-0.85000002384185791000 -0.00576983718201518059
-0.83999997377395629900 -0.00575562007725238800
-0.82999998331069946300 -0.00575192691758275032
-0.81999999284744262700 -0.00574285909533500672
-0.81000000238418579100 -0.00573580386117100716
-0.80000001192092895500 -0.00572362821549177170
-0.79000002145767211900 -0.00572495488449931145
-0.77999997138977050800 -0.00573955196887254715
-0.76999998092651367200 -0.00573924789205193520
-0.75999999046325683600 -0.00574379321187734604
-0.75000000000000000000 -0.00572424009442329407
-0.74000000953674316400 -0.00562871899455785752
-0.73000001907348632800 -0.00562385981902480126
-0.72000002861022949200 -0.00563410017639398575
-0.70999997854232788100 -0.00560728320851922035
-0.69999998807907104500 -0.00560460286214947701
-0.68999999761581420900 -0.00562631990760564804
-0.68000000715255737300 -0.00562170194461941719
-0.67000001668930053700 -0.00563433300703763962
-0.66000002622604370100 -0.00565463677048683167
-0.64999997615814209000 -0.00563477585092186928
-0.63999998569488525400 -0.00560281611979007721
-0.62999999523162841800 -0.00562743516638875008
-0.62000000476837158200 -0.00561171397566795349
-0.61000001430511474600 -0.00559133896604180336
-0.60000002384185791000 -0.00560924084857106209
-0.58999997377395629900 -0.00559740699827671051
-0.57999998331069946300 -0.00560909695923328400
-0.56999999284744262700 -0.00562690896913409233
-0.56000000238418579100 -0.00562266819179058075
-0.55000001192092895500 -0.00560891395434737206
-0.54000002145767211900 -0.00559790013357996941
-0.52999997138977050800 -0.00559084722772240639
-0.51999998092651367200 -0.00558830704540014267
-0.50999999046325683600 -0.00558114098384976387
-0.50000000000000000000 -0.00556350406259298325
-0.49000000953674316400 -0.00557744503021240235
-0.47999998927116394000 -0.00559026515111327172
-0.46999999880790710400 -0.00557770021259784699
-0.46000000834465026800 -0.00559143582358956337
-0.44999998807907104500 -0.00558851007372140885
-0.43999999761581420900 -0.00555120082572102547
-0.43000000715255737300 -0.00556700304150581360
-0.41999998688697814900 -0.00556991295889019966
-0.40999999642372131300 -0.00554344104602932930
-0.40000000596046447700 -0.00556136807426810265
-0.38999998569488525400 -0.00557772722095251084
-0.37999999523162841800 -0.00557671580463647843
-0.37000000476837158200 -0.00558839086443185806
-0.36000001430511474600 -0.00561062293127179146
-0.34999999403953552200 -0.00558555778115987778
-0.34000000357627868600 -0.00557543104514479637
-0.33000001311302185100 -0.00558933895081281662
-0.31999999284744262700 -0.00556915113702416420
-0.31000000238418579100 -0.00556528801098465920
-0.30000001192092895500 -0.00557136209681630135
-0.28999999165534973100 -0.00557021889835596085
-0.28000000119209289500 -0.00558660412207245827
-0.27000001072883606000 -0.00559549918398261070
-0.25999999046325683600 -0.00558802718296647072
-0.25000000000000000000 -0.00558219896629452706
-0.23999999463558197000 -0.00556715903803706169
-0.23000000417232513400 -0.00556373177096247673
-0.21999999880790710400 -0.00556252198293805123
-0.20999999344348907500 -0.00554988393560051918
-0.20000000298023223900 -0.00554624898359179497
-0.18999999761581420900 -0.00556079903617501259
-0.18000000715255737300 -0.00556992087513208389
-0.17000000178813934300 -0.00556080089882016182
-0.15999999642372131300 -0.00557552184909582138
-0.15000000596046447800 -0.00555717386305332184
-0.14000000059604644800 -0.00553660281002521515
-0.12999999523162841800 -0.00555107416585087776
-0.11999999731779098500 -0.00554292881861329079
-0.10999999940395355200 -0.00552013283595442772
-0.10000000149011611900 -0.00554030388593673706
-0.09000000357627868650 -0.00554841011762619019
-0.07999999821186065670 -0.00554874492809176445
-0.07000000029802322390 -0.00556814018636941910
-0.05999999865889549260 -0.00556257506832480431
-0.05000000074505805970 -0.00553967896848917008
-0.03999999910593032840 -0.00554846692830324173
-0.02999999932944774630 -0.00554320914670825005
-0.01999999955296516420 -0.00552117079496383667
-0.00999999977648258210 -0.00552436802536249161
0.00000000000000000000 -0.00552676618099212647
0.00999999977648258210 -0.00552281690761446953
0.01999999955296516420 -0.00553829921409487724
0.02999999932944774630 -0.00554420985281467438
0.03999999910593032840 -0.00553788291290402413
0.05000000074505805970 -0.00552840484306216240
0.05999999865889549260 -0.00550998421385884285
0.07000000029802322390 -0.00550177786499261856
0.07999999821186065670 -0.00549793895334005356
0.09000000357627868650 -0.00548134697601199150
0.10000000149011611900 -0.00547343492507934570
0.10999999940395355200 -0.00549010699614882469
0.11999999731779098500 -0.00549523113295435906
0.12999999523162841800 -0.00549439480528235436
0.14000000059604644800 -0.00550623005256056786
0.15000000596046447800 -0.00548604410141706467
0.15999999642372131300 -0.00547026516869664192
0.17000000178813934300 -0.00548942200839519501
0.18000000715255737300 -0.00546904001384973526
0.18999999761581420900 -0.00545139703899621964
0.20000000298023223900 -0.00547336181625723839
0.20999999344348907500 -0.00546280015259981156
0.21999999880790710400 -0.00546385999768972397
0.23000000417232513400 -0.00548270205035805702
0.23999999463558197000 -0.00545833213254809380
0.25000000000000000000 -0.00542667414993047714
0.25999999046325683600 -0.00543987099081277847
0.27000001072883606000 -0.00541858281940221787
0.28000000119209289500 -0.00539105106145143509
0.28999999165534973100 -0.00539687415584921837
0.30000001192092895500 -0.00537537923082709313
0.31000000238418579100 -0.00537667283788323403
0.31999999284744262700 -0.00538469618186354637
0.33000001311302185100 -0.00536772608757019043
0.34000000357627868600 -0.00534192798659205437
0.34999999403953552200 -0.00531587097793817520
0.36000001430511474600 -0.00529046915471553803
0.37000000476837158200 -0.00526899704709649086
0.37999999523162841800 -0.00524281011894345284
0.38999998569488525400 -0.00520429713651537895
0.40000000596046447700 -0.00519416388124227524
0.40999999642372131300 -0.00518105784431099892
0.41999998688697814900 -0.00514706177636981011
0.43000000715255737300 -0.00512353004887700081
0.43999999761581420900 -0.00508513720706105232
0.44999998807907104500 -0.00500745186582207680
0.46000000834465026800 -0.00498062977567315102
0.46999999880790710400 -0.00492552900686860085
0.47999998927116394000 -0.00483383610844612122
0.49000000953674316400 -0.00476501509547233582
0.50000000000000000000 -0.00469474308192729950
0.50999999046325683600 -0.00458439998328685761
0.51999998092651367200 -0.00449176179245114327
0.52999997138977050800 -0.00437259720638394356
0.54000002145767211900 -0.00419741077348589897
0.55000001192092895500 -0.00401199003681540489
0.56000000238418579100 -0.00381850311532616615
0.56999999284744262700 -0.00356912310235202313
0.57999998331069946300 -0.00330059207044541836
0.58999997377395629900 -0.00301112001761794090
0.60000002384185791000 -0.00268509401939809322
0.61000001430511474600 -0.00233987090177834034
0.62000000476837158200 -0.00196315697394311428
0.62999999523162841800 -0.00154767802450805903
0.63999998569488525400 -0.00110769795719534159
0.64999997615814209000 -0.00062770530348643661
0.66000002622604370100 -0.00016570959996897727
0.67000001668930053700 0.00029656759579665959
0.68000000715255737300 0.00081888370914384723
0.68999999761581420900 0.00140637601725757122
0.69999998807907104500 0.00197794707491993904
0.70999997854232788100 0.00256624701432883740
0.72000002861022949200 0.00317400204949080944
0.73000001907348632800 0.00380555796436965466
0.74000000953674316400 0.00445361202582716942
0.75000000000000000000 0.00512789003551006317
0.75999999046325683600 0.00582263898104429245
0.76999998092651367200 0.00654537696391344071
0.77999997138977050800 0.00729356193915009499
0.79000002145767211900 0.00806997530162334442
0.80000001192092895500 0.00888179894536733628
0.81000000238418579100 0.00971490144729614258
0.81999999284744262700 0.01019067037850618360
0.82999998331069946300 0.01102957967668771740
0.83999997377395629900 0.01192460954189300540
0.85000002384185791000 0.01283781975507736210
0.86000001430511474600 0.01377488020807504650
0.87000000476837158200 0.01474064961075782780
0.87999999523162841800 0.01572874002158641820
0.88999998569488525400 0.01674984954297542570
0.89999997615814209000 0.01782857999205589290
0.91000002622604370100 0.01889429986476898190
0.92000001668930053700 0.02000427991151809690
0.93000000715255737300 0.02114927954971790310
0.93999999761581420900 0.02228577993810176850
0.94999998807907104500 0.02348287962377071380
0.95999997854232788100 0.02467978000640869140
0.97000002861022949200 0.02588395960628986360
0.98000001907348632800 0.02714118920266628270
0.99000000953674316400 0.02841123938560485840
1.00000000000000000000 0.02967455983161926270
