-1.00000000000000000000 -0.02365555055439472200
-0.99000000953674316400 -0.02212313003838062290
-0.98000001907348632800 -0.02177976071834564210
-0.97000002861022949200 -0.02161430940032005310
-0.95999997854232788100 -0.02153743989765644070
-0.94999998807907104500 -0.02148948982357978820
-0.93999999761581420900 -0.02143906988203525540
-0.93000000715255737300 -0.02142585068941116330
-0.92000001668930053700 -0.02140920981764793400
-0.91000002622604370100 -0.02135746926069259640
-0.89999997615814209000 -0.02131360955536365510
-0.88999998569488525400 -0.02127291075885295870
-0.87999999523162841800 -0.02121393010020256040
-0.87000000476837158200 -0.02115266956388950350
-0.86000001430511474600 -0.02107533998787403110
-0.85000002384185791000 -0.02096801064908504490
-0.83999997377395629900 -0.02084898948669433590
-0.82999998331069946300 -0.02072120085358619690
-0.81999999284744262700 -0.02058671973645687100
-0.81000000238418579100 -0.02044091001152992250
-0.80000001192092895500 -0.02027777954936027530
-0.79000002145767211900 -0.02011662907898426060
-0.77999997138977050800 -0.01995619013905525210
-0.76999998092651367200 -0.01980000920593738560
-0.75999999046325683600 -0.01962375082075595860
-0.75000000000000000000 -0.01944240927696228030
-0.74000000953674316400 -0.01924870908260345460
-0.73000001907348632800 -0.01903014071285724640
-0.72000002861022949200 -0.01885250024497509000
-0.70999997854232788100 -0.01865126006305217740
-0.69999998807907104500 -0.01842520944774150850
-0.68999999761581420900 -0.01822521910071372990
-0.68000000715255737300 -0.01803141087293624880
-0.67000001668930053700 -0.01782871037721633910
-0.66000002622604370100 -0.01762750931084156040
-0.64999997615814209000 -0.01743190921843051910
-0.63999998569488525400 -0.01720440946519374850
-0.62999999523162841800 -0.01697099022567272190
-0.62000000476837158200 -0.01677683927118778230
-0.61000001430511474600 -0.01655467040836811070
-0.60000002384185791000 -0.01632273010909557340
-0.58999997377395629900 -0.01611609011888504030
-0.57999998331069946300 -0.01590299047529697420
-0.56999999284744262700 -0.01569662056863307950
-0.56000000238418579100 -0.01550513040274381640
-0.55000001192092895500 -0.01529026962816715240
-0.54000002145767211900 -0.01507482957094907760
-0.52999997138977050800 -0.01485892012715339660
-0.51999998092651367200 -0.01463869027793407440
-0.50999999046325683600 -0.01443418022245168690
-0.50000000000000000000 -0.01422751974314451220
-0.49000000953674316400 -0.01400444004684686660
-0.47999998927116394000 -0.01379771996289491650
-0.46999999880790710400 -0.01361150015145540240
-0.46000000834465026800 -0.01341006997972726820
-0.44999998807907104500 -0.01321515999734401700
-0.43999999761581420900 -0.01302492991089820860
-0.43000000715255737300 -0.01280735991895198820
-0.41999998688697814900 -0.01259041018784046170
-0.40999999642372131300 -0.01241756044328212740
-0.40000000596046447700 -0.01220684032887220380
-0.38999998569488525400 -0.01199309993535280230
-0.37999999523162841800 -0.01180689036846160890
-0.37000000476837158200 -0.01161477994173765180
-0.36000001430511474600 -0.01143264956772327420
-0.34999999403953552200 -0.01125765964388847350
-0.34000000357627868600 -0.01107195019721984860
-0.33000001311302185100 -0.01086510997265577320
-0.31999999284744262700 -0.01066949963569641110
-0.31000000238418579100 -0.01048864983022212980
-0.30000001192092895500 -0.01029126998037099840
-0.28999999165534973100 -0.01010018959641456600
-0.28000000119209289500 -0.00992972496896982193
-0.27000001072883606000 -0.00974893476814031601
-0.25999999046325683600 -0.00954486336559057236
-0.25000000000000000000 -0.00935491826385259629
-0.23999999463558197000 -0.00918746180832386017
-0.23000000417232513400 -0.00900976173579692841
-0.21999999880790710400 -0.00883581954985857010
-0.20999999344348907500 -0.00866611395031213761
-0.20000000298023223900 -0.00848536565899848938
-0.18999999761581420900 -0.00828912667930126190
-0.18000000715255737300 -0.00810913369059562683
-0.17000000178813934300 -0.00793676543980836869
-0.15999999642372131300 -0.00774590903893113137
-0.15000000596046447800 -0.00756347319111227989
-0.14000000059604644800 -0.00738481990993022919
-0.12999999523162841800 -0.00721365399658679962
-0.11999999731779098500 -0.00705257803201675415
-0.10999999940395355200 -0.00688308198004961014
-0.10000000149011611900 -0.00670994585379958153
-0.09000000357627868650 -0.00652656098827719689
-0.07999999821186065670 -0.00632862979546189308
-0.07000000029802322390 -0.00616328278556466103
-0.05999999865889549260 -0.00598640320822596550
-0.05000000074505805970 -0.00579508021473884583
-0.03999999910593032840 -0.00561119709163904190
-0.02999999932944774630 -0.00544147612527012825
-0.01999999955296516420 -0.00527787208557128906
-0.00999999977648258210 -0.00509982882067561150
0.00000000000000000000 -0.00493304291740059853
0.00999999977648258210 -0.00475001195445656777
0.01999999955296516420 -0.00454829400405287743
0.02999999932944774630 -0.00435511721298098564
0.03999999910593032840 -0.00418761791661381722
0.05000000074505805970 -0.00398618495091795921
0.05999999865889549260 -0.00378330005332827568
0.07000000029802322390 -0.00361042609438300133
0.07999999821186065670 -0.00342136691324412823
0.09000000357627868650 -0.00323586608283221722
0.10000000149011611900 -0.00306258094497025013
0.10999999940395355200 -0.00286724511533975601
0.11999999731779098500 -0.00265284092165529728
0.12999999523162841800 -0.00245202705264091492
0.14000000059604644800 -0.00225513102486729622
0.15000000596046447800 -0.00204457994550466538
0.15999999642372131300 -0.00183446402661502361
0.17000000178813934300 -0.00161997601389884949
0.18000000715255737300 -0.00140892504714429379
0.18999999761581420900 -0.00121558003593236208
0.20000000298023223900 -0.00100191996898502111
0.20999999344348907500 -0.00074350222712382674
0.21999999880790710400 -0.00054163747699931264
0.23000000417232513400 -0.00032084211125038564
0.23999999463558197000 -0.00006849884812254459
0.25000000000000000000 0.00017360340279992670
0.25999999046325683600 0.00040444370824843645
0.27000001072883606000 0.00063728768145665526
0.28000000119209289500 0.00086259230738505721
0.28999999165534973100 0.00115377502515912056
0.30000001192092895500 0.00139756198041141033
0.31000000238418579100 0.00163386901840567589
0.31999999284744262700 0.00188143400009721518
0.33000001311302185100 0.00213876995258033276
0.34000000357627868600 0.00240675709210336208
0.34999999403953552200 0.00269236904568970203
0.36000001430511474600 0.00296593690291047096
0.37000000476837158200 0.00323611195199191570
0.37999999523162841800 0.00352928810752928257
0.38999998569488525400 0.00382764311507344246
0.40000000596046447700 0.00411043409258127213
0.40999999642372131300 0.00439934991300106049
0.41999998688697814900 0.00469190115109086037
0.43000000715255737300 0.00499714212492108345
0.43999999761581420900 0.00530353607609868050
0.44999998807907104500 0.00563490577042102814
0.46000000834465026800 0.00596328498795628548
0.46999999880790710400 0.00628067692741751671
0.47999998927116394000 0.00663010915741324425
0.49000000953674316400 0.00697981193661689758
0.50000000000000000000 0.00732141220942139626
0.50999999046325683600 0.00766813522204756737
0.51999998092651367200 0.00801923964172601700
0.52999997138977050800 0.00837041903287172318
0.54000002145767211900 0.00874340906739234925
0.55000001192092895500 0.00913299992680549622
0.56000000238418579100 0.00953297130763530732
0.56999999284744262700 0.00992299988865852356
0.57999998331069946300 0.01032613031566143040
0.58999997377395629900 0.01083537004888057710
0.60000002384185791000 0.01126809045672416690
0.61000001430511474600 0.01169214025139808650
0.62000000476837158200 0.01212511025369167330
0.62999999523162841800 0.01259221974760293960
0.63999998569488525400 0.01305873040109872820
0.64999997615814209000 0.01352433953434228900
0.66000002622604370100 0.01400791015475988390
0.67000001668930053700 0.01450676005333662030
0.68000000715255737300 0.01501314993947744370
0.68999999761581420900 0.01554702967405319210
0.69999998807907104500 0.01611237041652202610
0.70999997854232788100 0.01668477989733219150
0.72000002861022949200 0.01727144978940486910
0.73000001907348632800 0.01789725013077259060
0.74000000953674316400 0.01853373087942600250
0.75000000000000000000 0.01919516921043396000
0.75999999046325683600 0.01987924985587596890
0.76999998092651367200 0.02057926915585994720
0.77999997138977050800 0.02132548950612545010
0.79000002145767211900 0.02209809049963951110
0.80000001192092895500 0.02291050925850868230
0.81000000238418579100 0.02376976981759071350
0.81999999284744262700 0.02465040050446987150
0.82999998331069946300 0.02556017972528934480
0.83999997377395629900 0.02652513049542903900
0.85000002384185791000 0.02751060016453266140
0.86000001430511474600 0.02851751074194908140
0.87000000476837158200 0.02955948933959007260
0.87999999523162841800 0.03062337078154087070
0.88999998569488525400 0.03170482069253921510
0.89999997615814209000 0.03281952068209648130
0.91000002622604370100 0.03395057842135429380
0.92000001668930053700 0.03508245944976806640
0.93000000715255737300 0.03622389957308769230
0.93999999761581420900 0.03738575056195259090
0.94999998807907104500 0.03854596987366676330
0.95999997854232788100 0.03970213979482650760
0.97000002861022949200 0.04085730016231536870
0.98000001907348632800 0.04200981929898262020
0.99000000953674316400 0.04317500069737434390
1.00000000000000000000 0.04433491080999374390
