-1.00000000000000000000 -0.00593859190121293068
-0.99000000953674316400 -0.00594837917014956474
-0.98000001907348632800 -0.00594809185713529587
-0.97000002861022949200 -0.00594278890639543534
-0.95999997854232788100 -0.00592482881620526314
-0.94999998807907104500 -0.00593347987160086632
-0.93999999761581420900 -0.00593617791309952736
-0.93000000715255737300 -0.00592127582058310509
-0.92000001668930053700 -0.00591899221763014794
-0.91000002622604370100 -0.00594052486121654511
-0.89999997615814209000 -0.00595226278528571129
-0.88999998569488525400 -0.00595397781580686569
-0.87999999523162841800 -0.00596882682293653488
-0.87000000476837158200 -0.00595339480787515640
-0.86000001430511474600 -0.00593508221209049225
-0.85000002384185791000 -0.00595197500661015511
-0.83999997377395629900 -0.00593711109831929207
-0.82999998331069946300 -0.00592394918203353882
-0.81999999284744262700 -0.00593161210417747498
-0.81000000238418579100 -0.00594147108495235443
-0.80000001192092895500 -0.00594496401026844978
-0.79000002145767211900 -0.00596149498596787453
-0.77999997138977050800 -0.00595459807664155960
-0.76999998092651367200 -0.00593646708875894547
-0.75999999046325683600 -0.00593942496925592423
-0.75000000000000000000 -0.00593610201030969620
-0.74000000953674316400 -0.00591341312974691391
-0.73000001907348632800 -0.00591378100216388703
-0.72000002861022949200 -0.00591632584109902382
-0.70999997854232788100 -0.00592264113947749138
-0.69999998807907104500 -0.00593852112069725990
-0.68999999761581420900 -0.00594069110229611397
-0.68000000715255737300 -0.00593183096498250962
-0.67000001668930053700 -0.00591772608458995819
-0.66000002622604370100 -0.00592747796326875687
-0.64999997615814209000 -0.00592270307242870331
-0.63999998569488525400 -0.00591529393568634987
-0.62999999523162841800 -0.00591121800243854523
-0.62000000476837158200 -0.00592015311121940613
-0.61000001430511474600 -0.00593906315043568611
-0.60000002384185791000 -0.00593865197151899338
-0.58999997377395629900 -0.00594865484163165093
-0.57999998331069946300 -0.00594528717920184136
-0.56999999284744262700 -0.00591870397329330444
-0.56000000238418579100 -0.00593260722234845162
-0.55000001192092895500 -0.00593246798962354660
-0.54000002145767211900 -0.00590604403987526894
-0.52999997138977050800 -0.00590769015252590180
-0.51999998092651367200 -0.00592221599072217942
-0.50999999046325683600 -0.00591966090723872185
-0.50000000000000000000 -0.00592519016936421395
-0.49000000953674316400 -0.00593328615650534630
-0.47999998927116394000 -0.00590546010062098503
-0.46999999880790710400 -0.00588642898947000504
-0.46000000834465026800 -0.00589862605556845665
-0.44999998807907104500 -0.00586734386160969734
-0.43999999761581420900 -0.00585764786228537560
-0.43000000715255737300 -0.00587205914780497551
-0.41999998688697814900 -0.00586515618488192558
-0.40999999642372131300 -0.00588133698329329491
-0.40000000596046447700 -0.00589763000607490540
-0.38999998569488525400 -0.00588250579312443733
-0.37999999523162841800 -0.00587229710072278977
-0.37000000476837158200 -0.00588833913207054138
-0.36000001430511474600 -0.00587220815941691399
-0.34999999403953552200 -0.00586119992658495903
-0.34000000357627868600 -0.00586896296590566635
-0.33000001311302185100 -0.00586679391562938690
-0.31999999284744262700 -0.00588561082258820534
-0.31000000238418579100 -0.00589402811601758003
-0.30000001192092895500 -0.00589510099962353707
-0.28999999165534973100 -0.00588711397722363472
-0.28000000119209289500 -0.00586915807798504830
-0.27000001072883606000 -0.00587019091472029686
-0.25999999046325683600 -0.00586936483159661293
-0.25000000000000000000 -0.00585071276873350144
-0.23999999463558197000 -0.00584743916988372803
-0.23000000417232513400 -0.00586399016901850701
-0.21999999880790710400 -0.00587166985496878624
-0.20999999344348907500 -0.00587276602163910866
-0.20000000298023223900 -0.00587685406208038330
-0.18999999761581420900 -0.00586196919903159142
-0.18000000715255737300 -0.00584712903946638108
-0.17000000178813934300 -0.00585551001131534577
-0.15999999642372131300 -0.00583559414371848107
-0.15000000596046447800 -0.00581935513764619827
-0.14000000059604644800 -0.00582986092194914818
-0.12999999523162841800 -0.00583553500473499298
-0.11999999731779098500 -0.00584666291251778603
-0.10999999940395355200 -0.00585478078573942185
-0.10000000149011611900 -0.00585199985653162003
-0.09000000357627868650 -0.00582883693277835846
-0.07999999821186065670 -0.00584189081564545632
-0.07000000029802322390 -0.00583192100748419762
-0.05999999865889549260 -0.00581440888345241547
-0.05000000074505805970 -0.00581834604963660240
-0.03999999910593032840 -0.00582210719585418701
-0.02999999932944774630 -0.00583130493760108948
-0.01999999955296516420 -0.00584298092871904373
-0.00999999977648258210 -0.00584920123219490051
0.00000000000000000000 -0.00583541486412286759
0.00999999977648258210 -0.00582895986735820770
0.01999999955296516420 -0.00581933883950114250
0.02999999932944774630 -0.00581578677520155907
0.03999999910593032840 -0.00580208981409668923
0.05000000074505805970 -0.00578740006312727928
0.05999999865889549260 -0.00578051479533314705
0.07000000029802322390 -0.00578603520989418030
0.07999999821186065670 -0.00579112488776445389
0.09000000357627868650 -0.00578189082443714142
0.10000000149011611900 -0.00577876903116703034
0.10999999940395355200 -0.00575861101970076561
0.11999999731779098500 -0.00574481021612882614
0.12999999523162841800 -0.00574338017031550408
0.14000000059604644800 -0.00571979302912950516
0.15000000596046447800 -0.00570574495941400528
0.15999999642372131300 -0.00571820884943008423
0.17000000178813934300 -0.00572567200288176537
0.18000000715255737300 -0.00572331296280026436
0.18999999761581420900 -0.00573798222467303276
0.20000000298023223900 -0.00572075322270393372
0.20999999344348907500 -0.00569139514118432999
0.21999999880790710400 -0.00570657989010214806
0.23000000417232513400 -0.00569085497409105301
0.23999999463558197000 -0.00565918115898966789
0.25000000000000000000 -0.00566035788506269455
0.25999999046325683600 -0.00565992994233965874
0.27000001072883606000 -0.00565575109794735909
0.28000000119209289500 -0.00566072296351194382
0.28999999165534973100 -0.00565194990485906601
0.30000001192092895500 -0.00562468497082591057
0.31000000238418579100 -0.00560729298740625382
0.31999999284744262700 -0.00560090178623795510
0.33000001311302185100 -0.00557468784973025322
0.34000000357627868600 -0.00554881012067198754
0.34999999403953552200 -0.00553677789866924286
0.36000001430511474600 -0.00552424089983105660
0.37000000476837158200 -0.00552048487588763237
0.37999999523162841800 -0.00549753289669752121
0.38999998569488525400 -0.00547745497897267342
0.40000000596046447700 -0.00544205494225025177
0.40999999642372131300 -0.00539758987724781037
0.41999998688697814900 -0.00536011299118399620
0.43000000715255737300 -0.00531452102586627007
0.43999999761581420900 -0.00525871198624372482
0.44999998807907104500 -0.00520749483257532120
0.46000000834465026800 -0.00515862088650465012
0.46999999880790710400 -0.00508058117702603340
0.47999998927116394000 -0.00500060617923736572
0.49000000953674316400 -0.00489881122484803200
0.50000000000000000000 -0.00476139085367321968
0.50999999046325683600 -0.00463522598147392273
0.51999998092651367200 -0.00448937993496656418
0.52999997138977050800 -0.00430622603744268418
0.54000002145767211900 -0.00412741582840681076
0.55000001192092895500 -0.00394182698801159859
0.56000000238418579100 -0.00373348104767501354
0.56999999284744262700 -0.00351632293313741684
0.57999998331069946300 -0.00328972609713673592
0.58999997377395629900 -0.00303436908870935440
0.60000002384185791000 -0.00277555896900594235
0.61000001430511474600 -0.00252105388790369034
0.62000000476837158200 -0.00224313396029174328
0.62999999523162841800 -0.00196176697500050068
0.63999998569488525400 -0.00168271304573863745
0.64999997615814209000 -0.00138945295475423336
0.66000002622604370100 -0.00109889695886522532
0.67000001668930053700 -0.00076612108387053013
0.68000000715255737300 -0.00046848299098201096
0.68999999761581420900 -0.00017608969938009977
0.69999998807907104500 0.00010783709876704961
0.70999997854232788100 0.00042440681136213243
0.72000002861022949200 0.00072993087815120816
0.73000001907348632800 0.00104065402410924435
0.74000000953674316400 0.00141105602961033583
0.75000000000000000000 0.00174616894219070673
0.75999999046325683600 0.00208138511516153812
0.76999998092651367200 0.00241991598159074783
0.77999997138977050800 0.00276446202769875527
0.79000002145767211900 0.00310914800502359867
0.80000001192092895500 0.00345755810849368572
0.81000000238418579100 0.00381072703748941422
0.81999999284744262700 0.00416560610756278038
0.82999998331069946300 0.00452342722564935684
0.83999997377395629900 0.00488551380112767220
0.85000002384185791000 0.00524976383894681931
0.86000001430511474600 0.00561894290149211884
0.87000000476837158200 0.00599022395908832550
0.87999999523162841800 0.00636406987905502320
0.88999998569488525400 0.00674216402694582939
0.89999997615814209000 0.00712222000584006310
0.91000002622604370100 0.00750530976802110672
0.92000001668930053700 0.00789234042167663574
0.93000000715255737300 0.00828073918819427490
0.93999999761581420900 0.00867436826229095459
0.94999998807907104500 0.00907007604837417603
0.95999997854232788100 0.00946506392210721970
0.97000002861022949200 0.00986488256603479386
0.98000001907348632800 0.01026878971606493000
0.99000000953674316400 0.01016954984515905380
1.00000000000000000000 0.01055767014622688290
