-1.00000000000000000000 -0.01331689022481441500
-0.99000000953674316400 -0.01319579035043716430
-0.98000001907348632800 -0.01306544989347457890
-0.97000002861022949200 -0.01293229032307863240
-0.95999997854232788100 -0.01280261017382144930
-0.94999998807907104500 -0.01265170983970165250
-0.93999999761581420900 -0.01250956021249294280
-0.93000000715255737300 -0.01238042954355478290
-0.92000001668930053700 -0.01223418954759836200
-0.91000002622604370100 -0.01207423955202102660
-0.89999997615814209000 -0.01192779000848531720
-0.88999998569488525400 -0.01177082024514675140
-0.87999999523162841800 -0.01162721961736679080
-0.87000000476837158200 -0.01148169022053480150
-0.86000001430511474600 -0.01131867989897727970
-0.85000002384185791000 -0.01117158029228448870
-0.83999997377395629900 -0.01102504041045904160
-0.82999998331069946300 -0.01084871962666511540
-0.81999999284744262700 -0.01070280000567436220
-0.81000000238418579100 -0.01054887007921934130
-0.80000001192092895500 -0.01041292957961559300
-0.79000002145767211900 -0.01026329025626182560
-0.77999997138977050800 -0.01011423021554946900
-0.76999998092651367200 -0.00995658524334430695
-0.75999999046325683600 -0.00980180129408836365
-0.75000000000000000000 -0.00964446738362312317
-0.74000000953674316400 -0.00950795132666826248
-0.73000001907348632800 -0.00934427324682474137
-0.72000002861022949200 -0.00922265276312828064
-0.70999997854232788100 -0.00907592102885246277
-0.69999998807907104500 -0.00892470870167016983
-0.68999999761581420900 -0.00875099562108516693
-0.68000000715255737300 -0.00860571768134832382
-0.67000001668930053700 -0.00845713261514902115
-0.66000002622604370100 -0.00831486098468303681
-0.64999997615814209000 -0.00815508142113685608
-0.63999998569488525400 -0.00801017414778470993
-0.62999999523162841800 -0.00785834155976772309
-0.62000000476837158200 -0.00770793808624148369
-0.61000001430511474600 -0.00756929488852620125
-0.60000002384185791000 -0.00743775907903909683
-0.58999997377395629900 -0.00728690018877387047
-0.57999998331069946300 -0.00715277297422289849
-0.56999999284744262700 -0.00700214598327875138
-0.56000000238418579100 -0.00686059985309839249
-0.55000001192092895500 -0.00672130798920989037
-0.54000002145767211900 -0.00659308210015296936
-0.52999997138977050800 -0.00644121691584587097
-0.51999998092651367200 -0.00629793619737029076
-0.50999999046325683600 -0.00616126181557774544
-0.50000000000000000000 -0.00602791178971529007
-0.49000000953674316400 -0.00589257804676890373
-0.47999998927116394000 -0.00575888715684413910
-0.46999999880790710400 -0.00562295597046613693
-0.46000000834465026800 -0.00549852009862661362
-0.44999998807907104500 -0.00535499397665262222
-0.43999999761581420900 -0.00521971192210912705
-0.43000000715255737300 -0.00508692022413015366
-0.41999998688697814900 -0.00495287682861089707
-0.40999999642372131300 -0.00482292799279093743
-0.40000000596046447700 -0.00468752114102244377
-0.38999998569488525400 -0.00456067221239209175
-0.37999999523162841800 -0.00443199183791875839
-0.37000000476837158200 -0.00430289795622229576
-0.36000001430511474600 -0.00417092302814126015
-0.34999999403953552200 -0.00404377002269029617
-0.34000000357627868600 -0.00391621002927422524
-0.33000001311302185100 -0.00378538295626640320
-0.31999999284744262700 -0.00366604910232126713
-0.31000000238418579100 -0.00353981601074337959
-0.30000001192092895500 -0.00341834104619920254
-0.28999999165534973100 -0.00329742790199816227
-0.28000000119209289500 -0.00317471800372004509
-0.27000001072883606000 -0.00306028197519481182
-0.25999999046325683600 -0.00293633202090859413
-0.25000000000000000000 -0.00281586707569658756
-0.23999999463558197000 -0.00269741099327802658
-0.23000000417232513400 -0.00257510598748922348
-0.21999999880790710400 -0.00245809694752097130
-0.20999999344348907500 -0.00234189699403941631
-0.20000000298023223900 -0.00222999393008649349
-0.18999999761581420900 -0.00211435090750455856
-0.18000000715255737300 -0.00199910905212163925
-0.17000000178813934300 -0.00188523996621370316
-0.15999999642372131300 -0.00177040300332009792
-0.15000000596046447800 -0.00165994802955538034
-0.14000000059604644800 -0.00154435297008603811
-0.12999999523162841800 -0.00143200403545051813
-0.11999999731779098500 -0.00131903996225446463
-0.10999999940395355200 -0.00120993796736001968
-0.10000000149011611900 -0.00110049895010888577
-0.09000000357627868650 -0.00098874280229210854
-0.07999999821186065670 -0.00088076491374522448
-0.07000000029802322390 -0.00076948001515120268
-0.05999999865889549260 -0.00065872981213033199
-0.05000000074505805970 -0.00055150018306449056
-0.03999999910593032840 -0.00044086351408623159
-0.02999999932944774630 -0.00033220328623428941
-0.01999999955296516420 -0.00022331879881676286
-0.00999999977648258210 -0.00011397079651942477
0.00000000000000000000 -0.00000494507003168110
0.00999999977648258210 0.00010336300329072401
0.01999999955296516420 0.00021330050367396325
0.02999999932944774630 0.00032450520666316152
0.03999999910593032840 0.00043537971214391291
0.05000000074505805970 0.00054641201859340072
0.05999999865889549260 0.00065796711714938283
0.07000000029802322390 0.00076968502253293991
0.07999999821186065670 0.00088475237134844065
0.09000000357627868650 0.00099814694840461016
0.10000000149011611900 0.00110982800833880901
0.10999999940395355200 0.00122616696171462536
0.11999999731779098500 0.00134394795168191195
0.12999999523162841800 0.00145996001083403826
0.14000000059604644800 0.00157681503333151341
0.15000000596046447800 0.00169743900187313557
0.15999999642372131300 0.00181504199281334877
0.17000000178813934300 0.00193793303333222866
0.18000000715255737300 0.00205177208408713341
0.18999999761581420900 0.00217109010554850102
0.20000000298023223900 0.00229015992954373360
0.20999999344348907500 0.00241778907366096974
0.21999999880790710400 0.00254410505294799805
0.23000000417232513400 0.00266705802641808987
0.23999999463558197000 0.00278995302505791187
0.25000000000000000000 0.00291320704855024815
0.25999999046325683600 0.00304355402477085590
0.27000001072883606000 0.00317218690179288387
0.28000000119209289500 0.00329860392957925797
0.28999999165534973100 0.00342330802232027054
0.30000001192092895500 0.00355335907079279423
0.31000000238418579100 0.00368297100067138672
0.31999999284744262700 0.00381831894628703594
0.33000001311302185100 0.00394467078149318695
0.34000000357627868600 0.00407967017963528633
0.34999999403953552200 0.00421246979385614395
0.36000001430511474600 0.00434925779700279236
0.37000000476837158200 0.00448141992092132568
0.37999999523162841800 0.00461362581700086594
0.38999998569488525400 0.00475308997556567192
0.40000000596046447700 0.00489406520500779152
0.40999999642372131300 0.00503001781180500984
0.41999998688697814900 0.00517404684796929360
0.43000000715255737300 0.00531422905623912811
0.43999999761581420900 0.00544570712372660637
0.44999998807907104500 0.00558069301769137383
0.46000000834465026800 0.00572919705882668495
0.46999999880790710400 0.00587775278836488724
0.47999998927116394000 0.00600811606273055077
0.49000000953674316400 0.00615752488374710083
0.50000000000000000000 0.00630789017304778099
0.50999999046325683600 0.00643473397940397263
0.51999998092651367200 0.00659947609528899193
0.52999997138977050800 0.00674057193100452423
0.54000002145767211900 0.00688306707888841629
0.55000001192092895500 0.00703512085601687432
0.56000000238418579100 0.00718531012535095215
0.56999999284744262700 0.00733326794579625130
0.57999998331069946300 0.00748467398807406426
0.58999997377395629900 0.00763925584033131600
0.60000002384185791000 0.00779782002791762352
0.61000001430511474600 0.00794255919754505158
0.62000000476837158200 0.00809993222355842591
0.62999999523162841800 0.00824630539864301682
0.63999998569488525400 0.00839579757302999497
0.64999997615814209000 0.00854662153869867325
0.66000002622604370100 0.00869863480329513550
0.67000001668930053700 0.00884047336876392365
0.68000000715255737300 0.00899407453835010529
0.68999999761581420900 0.00915381778031587601
0.69999998807907104500 0.00931774079799652100
0.70999997854232788100 0.00947509519755840302
0.72000002861022949200 0.00962330494076013565
0.73000001907348632800 0.00980875361710786820
0.74000000953674316400 0.00995495822280645371
0.75000000000000000000 0.01010962016880512240
0.75999999046325683600 0.01026028953492641450
0.76999998092651367200 0.01043395046144723890
0.77999997138977050800 0.01059809979051351550
0.79000002145767211900 0.01076659001410007480
0.80000001192092895500 0.01091932971030473710
0.81000000238418579100 0.01108284015208482740
0.81999999284744262700 0.01125197019428014760
0.82999998331069946300 0.01140027027577161790
0.83999997377395629900 0.01156894024461507800
0.85000002384185791000 0.01172002032399177550
0.86000001430511474600 0.01188679970800876620
0.87000000476837158200 0.01205637026578187940
0.87999999523162841800 0.01222730986773967740
0.88999998569488525400 0.01240659039467573170
0.89999997615814209000 0.01257667038589715960
0.91000002622604370100 0.01274666003882884980
0.92000001668930053700 0.01291264966130256650
0.93000000715255737300 0.01310482993721961980
0.93999999761581420900 0.01326401997357606890
0.94999998807907104500 0.01344291027635335920
0.95999997854232788100 0.01362934987992048260
0.97000002861022949200 0.01377847976982593540
0.98000001907348632800 0.01395403034985065460
0.99000000953674316400 0.01412723027169704440
1.00000000000000000000 0.01431533042341470720
