-1.00000000000000000000 -0.00506722601130604744
-0.99000000953674316400 -0.00506124319508671761
-0.98000001907348632800 -0.00503339013084769249
-0.97000002861022949200 -0.00504850316792726517
-0.95999997854232788100 -0.00503967795521020889
-0.94999998807907104500 -0.00500847399234771729
-0.93999999761581420900 -0.00500950403511524201
-0.93000000715255737300 -0.00501234317198395729
-0.92000001668930053700 -0.00500254379585385323
-0.91000002622604370100 -0.00501273805275559426
-0.89999997615814209000 -0.00501319719478487969
-0.88999998569488525400 -0.00498304888606071472
-0.87999999523162841800 -0.00496719218790531159
-0.87000000476837158200 -0.00497638480737805367
-0.86000001430511474600 -0.00495386077091097832
-0.85000002384185791000 -0.00494005717337131500
-0.83999997377395629900 -0.00493826018646359444
-0.82999998331069946300 -0.00492844777181744576
-0.81999999284744262700 -0.00494261691346764565
-0.81000000238418579100 -0.00494004786014556885
-0.80000001192092895500 -0.00493271695449948311
-0.79000002145767211900 -0.00492014177143573761
-0.77999997138977050800 -0.00490060215815901756
-0.76999998092651367200 -0.00489136716350913048
-0.75999999046325683600 -0.00489127077162265778
-0.75000000000000000000 -0.00487270113080739975
-0.74000000953674316400 -0.00485621578991413117
-0.73000001907348632800 -0.00486651482060551644
-0.72000002861022949200 -0.00487195700407028198
-0.70999997854232788100 -0.00486436579376459122
-0.69999998807907104500 -0.00487787090241909027
-0.68999999761581420900 -0.00486509781330823898
-0.68000000715255737300 -0.00483082095161080361
-0.67000001668930053700 -0.00484948186203837395
-0.66000002622604370100 -0.00484665716066956520
-0.64999997615814209000 -0.00481340801343321800
-0.63999998569488525400 -0.00481878407299518585
-0.62999999523162841800 -0.00482416199520230293
-0.62000000476837158200 -0.00482265418395400047
-0.61000001430511474600 -0.00483273714780807495
-0.60000002384185791000 -0.00484135001897811890
-0.58999997377395629900 -0.00481481617316603661
-0.57999998331069946300 -0.00480181304737925530
-0.56999999284744262700 -0.00481454702094197273
-0.56000000238418579100 -0.00479871081188321114
-0.55000001192092895500 -0.00478440197184681893
-0.54000002145767211900 -0.00478299288079142571
-0.52999997138977050800 -0.00477454205974936485
-0.51999998092651367200 -0.00478772586211562157
-0.50999999046325683600 -0.00479674991220235825
-0.50000000000000000000 -0.00478885695338249207
-0.49000000953674316400 -0.00478312186896800995
-0.47999998927116394000 -0.00476140296086668968
-0.46999999880790710400 -0.00475950120016932488
-0.46000000834465026800 -0.00475669000297784805
-0.44999998807907104500 -0.00473976787179708481
-0.43999999761581420900 -0.00473038619384169579
-0.43000000715255737300 -0.00473853899165987969
-0.41999998688697814900 -0.00474766222760081291
-0.40999999642372131300 -0.00474245101213455200
-0.40000000596046447700 -0.00475857593119144440
-0.38999998569488525400 -0.00474604498594999314
-0.37999999523162841800 -0.00471650995314121246
-0.37000000476837158200 -0.00473349494859576225
-0.36000001430511474600 -0.00472513120621442795
-0.34999999403953552200 -0.00470026303082704544
-0.34000000357627868600 -0.00470443721860647202
-0.33000001311302185100 -0.00470783608034253121
-0.31999999284744262700 -0.00470303185284137726
-0.31000000238418579100 -0.00471989205107092858
-0.30000001192092895500 -0.00472577987238764763
-0.28999999165534973100 -0.00470276782289147377
-0.28000000119209289500 -0.00469169905409216881
-0.27000001072883606000 -0.00469778198748826981
-0.25999999046325683600 -0.00467947917059063912
-0.25000000000000000000 -0.00466801179572939873
-0.23999999463558197000 -0.00466806301847100258
-0.23000000417232513400 -0.00465584592893719673
-0.21999999880790710400 -0.00467150611802935600
-0.20999999344348907500 -0.00467761000618338585
-0.20000000298023223900 -0.00467300601303577423
-0.18999999761581420900 -0.00466359499841928482
-0.18000000715255737300 -0.00464003300294280052
-0.17000000178813934300 -0.00464065186679363251
-0.15999999642372131300 -0.00464728288352489472
-0.15000000596046447800 -0.00462014786899089813
-0.14000000059604644800 -0.00461839092895388603
-0.12999999523162841800 -0.00462906109169125557
-0.11999999731779098500 -0.00462857680395245552
-0.10999999940395355200 -0.00462936796247959137
-0.10000000149011611900 -0.00464425189420580864
-0.09000000357627868650 -0.00462406501173973084
-0.07999999821186065670 -0.00459814583882689476
-0.07000000029802322390 -0.00461696507409214974
-0.05999999865889549260 -0.00460647977888584137
-0.05000000074505805970 -0.00458688288927078247
-0.03999999910593032840 -0.00459010107442736626
-0.02999999932944774630 -0.00458548404276371002
-0.01999999955296516420 -0.00459011318162083626
-0.00999999977648258210 -0.00459766713902354241
0.00000000000000000000 -0.00459772022441029549
0.00999999977648258210 -0.00458016898483037949
0.01999999955296516420 -0.00456172181293368340
0.02999999932944774630 -0.00456356583163142204
0.03999999910593032840 -0.00454818317666649819
0.05000000074505805970 -0.00454054307192564011
0.05999999865889549260 -0.00453238887712359429
0.07000000029802322390 -0.00452022394165396690
0.07999999821186065670 -0.00453335512429475784
0.09000000357627868650 -0.00453949207440018654
0.10000000149011611900 -0.00453174393624067307
0.10999999940395355200 -0.00452452106401324272
0.11999999731779098500 -0.00449912296608090401
0.12999999523162841800 -0.00449880398809909821
0.14000000059604644800 -0.00449789501726627350
0.15000000596046447800 -0.00447874097153544426
0.15999999642372131300 -0.00446609780192375183
0.17000000178813934300 -0.00446676416322588921
0.18000000715255737300 -0.00446908315643668175
0.18999999761581420900 -0.00446683121845126152
0.20000000298023223900 -0.00447749998420476914
0.20999999344348907500 -0.00445368885993957520
0.21999999880790710400 -0.00442678295075893402
0.23000000417232513400 -0.00443604681640863419
0.23999999463558197000 -0.00441775983199477196
0.25000000000000000000 -0.00439485814422369003
0.25999999046325683600 -0.00438986299559473992
0.27000001072883606000 -0.00438339682295918465
0.28000000119209289500 -0.00437897816300392151
0.28999999165534973100 -0.00438796589151024819
0.30000001192092895500 -0.00437883194535970688
0.31000000238418579100 -0.00435704318806529045
0.31999999284744262700 -0.00433674221858382225
0.33000001311302185100 -0.00432677008211612702
0.34000000357627868600 -0.00431182887405157089
0.34999999403953552200 -0.00429099984467029572
0.36000001430511474600 -0.00427250005304813385
0.37000000476837158200 -0.00426346715539693833
0.37999999523162841800 -0.00426963390782475472
0.38999998569488525400 -0.00425211107358336449
0.40000000596046447700 -0.00425140000879764557
0.40999999642372131300 -0.00423071021214127541
0.41999998688697814900 -0.00419121282175183296
0.43000000715255737300 -0.00419064704328775406
0.43999999761581420900 -0.00417173095047473908
0.44999998807907104500 -0.00413049990311264992
0.46000000834465026800 -0.00411372818052768707
0.46999999880790710400 -0.00409823609516024590
0.47999998927116394000 -0.00407149596139788628
0.49000000953674316400 -0.00405871123075485230
0.50000000000000000000 -0.00403164699673652649
0.50999999046325683600 -0.00397723587229847908
0.51999998092651367200 -0.00392434699460864067
0.52999997138977050800 -0.00388889410533010960
0.54000002145767211900 -0.00381856691092252731
0.55000001192092895500 -0.00374521897174417973
0.56000000238418579100 -0.00367562100291252136
0.56999999284744262700 -0.00358003610745072365
0.57999998331069946300 -0.00349272810854017735
0.58999997377395629900 -0.00337593094445765019
0.60000002384185791000 -0.00324341794475913048
0.61000001430511474600 -0.00308520207181572914
0.62000000476837158200 -0.00289602903649210930
0.62999999523162841800 -0.00270251696929335594
0.63999998569488525400 -0.00248601101338863373
0.64999997615814209000 -0.00223362003453075886
0.66000002622604370100 -0.00196405802853405476
0.67000001668930053700 -0.00168518105056136847
0.68000000715255737300 -0.00138353498186916113
0.68999999761581420900 -0.00105617905501276255
0.69999998807907104500 -0.00072192569496110082
0.70999997854232788100 -0.00037152558797970414
0.72000002861022949200 -0.00001482496008975431
0.73000001907348632800 0.00034663159749470651
0.74000000953674316400 0.00071001908509060740
0.75000000000000000000 0.00106758205220103264
0.75999999046325683600 0.00142582005355507135
0.76999998092651367200 0.00176897295750677586
0.77999997138977050800 0.00209536403417587280
0.79000002145767211900 0.00240193097852170467
0.80000001192092895500 0.00268704909831285477
0.81000000238418579100 0.00295007391832768917
0.81999999284744262700 0.00319241196848452091
0.82999998331069946300 0.00341046997345983982
0.83999997377395629900 0.00360577111132442951
0.85000002384185791000 0.00378627609461545944
0.86000001430511474600 0.00394701818004250527
0.87000000476837158200 0.00409003812819719315
0.87999999523162841800 0.00422658678144216538
0.88999998569488525400 0.00435440288856625557
0.89999997615814209000 0.00446939701214432716
0.91000002622604370100 0.00458272080868482590
0.92000001668930053700 0.00468804500997066498
0.93000000715255737300 0.00478166714310646057
0.93999999761581420900 0.00487761478871107102
0.94999998807907104500 0.00497384415939450264
0.95999997854232788100 0.00505720404908061028
0.97000002861022949200 0.00514585198834538460
0.98000001907348632800 0.00523611996322870255
0.99000000953674316400 0.00532084796577692032
1.00000000000000000000 0.00541257020086050034
