-1.00000000000000000000 -0.00004667735993280075
-0.99000000953674316400 -0.00003955564898205921
-0.98000001907348632800 -0.00003671721060527489
-0.97000002861022949200 -0.00003771467891056091
-0.95999997854232788100 -0.00003753686905838549
-0.94999998807907104500 -0.00003522452971083112
-0.93999999761581420900 -0.00003436878978391178
-0.93000000715255737300 -0.00002979137934744358
-0.92000001668930053700 -0.00002993419002450537
-0.91000002622604370100 -0.00002783897980407346
-0.89999997615814209000 -0.00002831023084581830
-0.88999998569488525400 -0.00002679652061488014
-0.87999999523162841800 -0.00002650339047249872
-0.87000000476837158200 -0.00002706738086999394
-0.86000001430511474600 -0.00002538682929298375
-0.85000002384185791000 -0.00002520983071008231
-0.83999997377395629900 -0.00002495973967597820
-0.82999998331069946300 -0.00002304367080796510
-0.81999999284744262700 -0.00002261134977743495
-0.81000000238418579100 -0.00002304414920217823
-0.80000001192092895500 -0.00002264665090478957
-0.79000002145767211900 -0.00002183031938329805
-0.77999997138977050800 -0.00002137267983925994
-0.76999998092651367200 -0.00001943447023222689
-0.75999999046325683600 -0.00001962060923688114
-0.75000000000000000000 -0.00001969190998352133
-0.74000000953674316400 -0.00001901683026517276
-0.73000001907348632800 -0.00001811492984415963
-0.72000002861022949200 -0.00001811756919778418
-0.70999997854232788100 -0.00001685407914919779
-0.69999998807907104500 -0.00001621599949430674
-0.68999999761581420900 -0.00001584108940733131
-0.68000000715255737300 -0.00001512414019089192
-0.67000001668930053700 -0.00001489831993239932
-0.66000002622604370100 -0.00001440494997950736
-0.64999997615814209000 -0.00001475841963838320
-0.63999998569488525400 -0.00001357757992082043
-0.62999999523162841800 -0.00001339447044301778
-0.62000000476837158200 -0.00001316535963269416
-0.61000001430511474600 -0.00001303389035456348
-0.60000002384185791000 -0.00001263696958631044
-0.58999997377395629900 -0.00001212907955050468
-0.57999998331069946300 -0.00001148865976574598
-0.56999999284744262700 -0.00001116228031605715
-0.56000000238418579100 -0.00001097395033866633
-0.55000001192092895500 -0.00001026260997605277
-0.54000002145767211900 -0.00001001143027679063
-0.52999997138977050800 -0.00000954053939494770
-0.51999998092651367200 -0.00000929201542021474
-0.50999999046325683600 -0.00000912586074264254
-0.50000000000000000000 -0.00000873839690029854
-0.49000000953674316400 -0.00000848485433380120
-0.47999998927116394000 -0.00000818692660686793
-0.46999999880790710400 -0.00000791563343227608
-0.46000000834465026800 -0.00000751254083297681
-0.44999998807907104500 -0.00000735926414563437
-0.43999999761581420900 -0.00000706929995430983
-0.43000000715255737300 -0.00000677528214509948
-0.41999998688697814900 -0.00000673651220495231
-0.40999999642372131300 -0.00000656607699056622
-0.40000000596046447700 -0.00000631564898867509
-0.38999998569488525400 -0.00000610709594184300
-0.37999999523162841800 -0.00000579152811042150
-0.37000000476837158200 -0.00000548837715541595
-0.36000001430511474600 -0.00000547238914805348
-0.34999999403953552200 -0.00000504547278978862
-0.34000000357627868600 -0.00000489510284751304
-0.33000001311302185100 -0.00000472388592243078
-0.31999999284744262700 -0.00000437939388575614
-0.31000000238418579100 -0.00000412500321544940
-0.30000001192092895500 -0.00000380080200557131
-0.28999999165534973100 -0.00000372260410586023
-0.28000000119209289500 -0.00000341441500495421
-0.27000001072883606000 -0.00000304599507217063
-0.25999999046325683600 -0.00000286207500721503
-0.25000000000000000000 -0.00000276047398983792
-0.23999999463558197000 -0.00000258405498243519
-0.23000000417232513400 -0.00000241299107983650
-0.21999999880790710400 -0.00000230678801926842
-0.20999999344348907500 -0.00000221073105421965
-0.20000000298023223900 -0.00000205134506359173
-0.18999999761581420900 -0.00000180681604433630
-0.18000000715255737300 -0.00000163928302754357
-0.17000000178813934300 -0.00000140525298775174
-0.15999999642372131300 -0.00000133676098812430
-0.15000000596046447800 -0.00000112172904209729
-0.14000000059604644800 -0.00000101562898180418
-0.12999999523162841800 -0.00000081586517808319
-0.11999999731779098500 -0.00000068688780174853
-0.10999999940395355200 -0.00000047431359462280
-0.10000000149011611900 -0.00000038506490795953
-0.09000000357627868650 -0.00000020370480058318
-0.07999999821186065670 -0.00000008379745253251
-0.07000000029802322390 0.00000007934019663480
-0.05999999865889549260 0.00000023290850492685
-0.05000000074505805970 0.00000030966089070716
-0.03999999910593032840 0.00000050015000852000
-0.02999999932944774630 0.00000060322247463773
-0.01999999955296516420 0.00000079540808428646
-0.00999999977648258210 0.00000092268209073154
0.00000000000000000000 0.00000106045104075747
0.00999999977648258210 0.00000126903603359096
0.01999999955296516420 0.00000137382994580548
0.02999999932944774630 0.00000157096997099870
0.03999999910593032840 0.00000169031102359440
0.05000000074505805970 0.00000187198395451560
0.05999999865889549260 0.00000201628199647530
0.07000000029802322390 0.00000222802009375300
0.07999999821186065670 0.00000238063307733682
0.09000000357627868650 0.00000254947303801600
0.10000000149011611900 0.00000279022106042248
0.10999999940395355200 0.00000290168804895075
0.11999999731779098500 0.00000317074295708153
0.12999999523162841800 0.00000329047793456994
0.14000000059604644800 0.00000348994490195764
0.15000000596046447800 0.00000378385198018805
0.15999999642372131300 0.00000398506699639256
0.17000000178813934300 0.00000406691287935246
0.18000000715255737300 0.00000427193981522578
0.18999999761581420900 0.00000453093798569171
0.20000000298023223900 0.00000469804490421666
0.20999999344348907500 0.00000501911381434184
0.21999999880790710400 0.00000529084309164318
0.23000000417232513400 0.00000552113488083705
0.23999999463558197000 0.00000568106088394416
0.25000000000000000000 0.00000570787415199447
0.25999999046325683600 0.00000611892801316571
0.27000001072883606000 0.00000634770503893378
0.28000000119209289500 0.00000661960621073376
0.28999999165534973100 0.00000678031619827379
0.30000001192092895500 0.00000702411216479959
0.31000000238418579100 0.00000724884193914477
0.31999999284744262700 0.00000746346722735325
0.33000001311302185100 0.00000772923885961063
0.34000000357627868600 0.00000798386736278189
0.34999999403953552200 0.00000819050001155119
0.36000001430511474600 0.00000853875826578587
0.37000000476837158200 0.00000889003240445163
0.37999999523162841800 0.00000935729167395039
0.38999998569488525400 0.00000966974675975507
0.40000000596046447700 0.00000977944455371471
0.40999999642372131300 0.00001021189018501900
0.41999998688697814900 0.00001036283993016696
0.43000000715255737300 0.00001035731020238018
0.43999999761581420900 0.00001074890042218613
0.44999998807907104500 0.00001083214010577649
0.46000000834465026800 0.00001122931007557781
0.46999999880790710400 0.00001176703972305404
0.47999998927116394000 0.00001203925967274699
0.49000000953674316400 0.00001196554967464181
0.50000000000000000000 0.00001262828027392970
0.50999999046325683600 0.00001280848027818138
0.51999998092651367200 0.00001308843002334470
0.52999997138977050800 0.00001361991962767206
0.54000002145767211900 0.00001394100036122836
0.55000001192092895500 0.00001406892988597974
0.56000000238418579100 0.00001468574009777512
0.56999999284744262700 0.00001480746959714452
0.57999998331069946300 0.00001517707005405100
0.58999997377395629900 0.00001570371023262851
0.60000002384185791000 0.00001597347909410018
0.61000001430511474600 0.00001615996006876230
0.62000000476837158200 0.00001676951069384813
0.62999999523162841800 0.00001685947972873691
0.63999998569488525400 0.00001701555993349757
0.64999997615814209000 0.00001738450919219758
0.66000002622604370100 0.00001777818033588119
0.67000001668930053700 0.00001828658059821464
0.68000000715255737300 0.00001837230047385674
0.68999999761581420900 0.00001906175020849332
0.69999998807907104500 0.00001927959056047257
0.70999997854232788100 0.00001984091977647040
0.72000002861022949200 0.00002062554085568991
0.73000001907348632800 0.00002072583083645441
0.74000000953674316400 0.00002105189014400821
0.75000000000000000000 0.00002166713056794833
0.75999999046325683600 0.00002235784086224157
0.76999998092651367200 0.00002238078923255671
0.77999997138977050800 0.00002260117071273271
0.79000002145767211900 0.00002295319973200094
0.80000001192092895500 0.00002376076918153558
0.81000000238418579100 0.00002398744072706904
0.81999999284744262700 0.00002446723920002114
0.82999998331069946300 0.00002411111017863732
0.83999997377395629900 0.00002533806946303230
0.85000002384185791000 0.00002542619949963409
0.86000001430511474600 0.00002576561018940993
0.87000000476837158200 0.00002760003917501308
0.87999999523162841800 0.00002789913014566991
0.88999998569488525400 0.00002775536086119246
0.89999997615814209000 0.00002820168083417229
0.91000002622604370100 0.00002935662996605970
0.92000001668930053700 0.00003048071084776893
0.93000000715255737300 0.00003111678961431608
0.93999999761581420900 0.00003059302980545908
0.94999998807907104500 0.00003190497955074534
0.95999997854232788100 0.00003163401925121434
0.97000002861022949200 0.00003291722168796696
0.98000001907348632800 0.00003275564085924998
0.99000000953674316400 0.00003291506072855555
1.00000000000000000000 0.00003332587948534638
