-1.00000000000000000000 -0.00422817980870604515
-0.99000000953674316400 -0.00419126916676759720
-0.98000001907348632800 -0.00415668403729796410
-0.97000002861022949200 -0.00414306018501520157
-0.95999997854232788100 -0.00413469085469841957
-0.94999998807907104500 -0.00412876391783356667
-0.93999999761581420900 -0.00411931006237864494
-0.93000000715255737300 -0.00411691097542643547
-0.92000001668930053700 -0.00409770896658301354
-0.91000002622604370100 -0.00407374883070588112
-0.89999997615814209000 -0.00407618610188364983
-0.88999998569488525400 -0.00406360113993287087
-0.87999999523162841800 -0.00404104497283697128
-0.87000000476837158200 -0.00403442606329917908
-0.86000001430511474600 -0.00403031287714838982
-0.85000002384185791000 -0.00402773777022957802
-0.83999997377395629900 -0.00403140019625425339
-0.82999998331069946300 -0.00402821321040391922
-0.81999999284744262700 -0.00401538889855146408
-0.81000000238418579100 -0.00399827677756547928
-0.80000001192092895500 -0.00399519503116607666
-0.79000002145767211900 -0.00398628599941730499
-0.77999997138977050800 -0.00396947702392935753
-0.76999998092651367200 -0.00395944714546203613
-0.75999999046325683600 -0.00395782804116606712
-0.75000000000000000000 -0.00396161479875445366
-0.74000000953674316400 -0.00395829277113080025
-0.73000001907348632800 -0.00395794305950403214
-0.72000002861022949200 -0.00395314721390604973
-0.70999997854232788100 -0.00393383577466011048
-0.69999998807907104500 -0.00392746599391102791
-0.68999999761581420900 -0.00392325595021247864
-0.68000000715255737300 -0.00390972895547747612
-0.67000001668930053700 -0.00389542104676365852
-0.66000002622604370100 -0.00389568507671356201
-0.64999997615814209000 -0.00389439007267355919
-0.63999998569488525400 -0.00389582104980945587
-0.62999999523162841800 -0.00389464106410741806
-0.62000000476837158200 -0.00389159400947391987
-0.61000001430511474600 -0.00387918297201395035
-0.60000002384185791000 -0.00386476097628474236
-0.58999997377395629900 -0.00386352790519595146
-0.57999998331069946300 -0.00385330501012504101
-0.56999999284744262700 -0.00383847090415656567
-0.56000000238418579100 -0.00383338704705238342
-0.55000001192092895500 -0.00383488205261528492
-0.54000002145767211900 -0.00383501406759023666
-0.52999997138977050800 -0.00383475190028548241
-0.51999998092651367200 -0.00383525807410478592
-0.50999999046325683600 -0.00382071104831993580
-0.50000000000000000000 -0.00380485109053552151
-0.49000000953674316400 -0.00380691606551408768
-0.47999998927116394000 -0.00379627104848623276
-0.46999999880790710400 -0.00377842597663402558
-0.46000000834465026800 -0.00377356191165745258
-0.44999998807907104500 -0.00377090089023113251
-0.43999999761581420900 -0.00377218611538410187
-0.43000000715255737300 -0.00377015909180045128
-0.41999998688697814900 -0.00376894394867122173
-0.40999999642372131300 -0.00375989801250398159
-0.40000000596046447700 -0.00374648906290531159
-0.38999998569488525400 -0.00373659795150160790
-0.37999999523162841800 -0.00373561098240315914
-0.37000000476837158200 -0.00372237688861787319
-0.36000001430511474600 -0.00370578491128981114
-0.34999999403953552200 -0.00370784895494580269
-0.34000000357627868600 -0.00370683404617011547
-0.33000001311302185100 -0.00370338000357151032
-0.31999999284744262700 -0.00370393809862434864
-0.31000000238418579100 -0.00370107195340096951
-0.30000001192092895500 -0.00367958401329815388
-0.28999999165534973100 -0.00367223704233765602
-0.28000000119209289500 -0.00367020000703632832
-0.27000001072883606000 -0.00365405995398759842
-0.25999999046325683600 -0.00364303798414766789
-0.25000000000000000000 -0.00363801605999469757
-0.23999999463558197000 -0.00363417994230985642
-0.23000000417232513400 -0.00363495294004678726
-0.21999999880790710400 -0.00363328005187213421
-0.20999999344348907500 -0.00362327299080789089
-0.20000000298023223900 -0.00361426500603556633
-0.18999999761581420900 -0.00359599594958126545
-0.18000000715255737300 -0.00359367998316884041
-0.17000000178813934300 -0.00358453905209898949
-0.15999999642372131300 -0.00356596009805798531
-0.15000000596046447800 -0.00356138893403112888
-0.14000000059604644800 -0.00355668505653738976
-0.12999999523162841800 -0.00355507689528167248
-0.11999999731779098500 -0.00354953901842236519
-0.10999999940395355200 -0.00354986498132348061
-0.10000000149011611900 -0.00353485299274325371
-0.09000000357627868650 -0.00351549009792506695
-0.07999999821186065670 -0.00351392105221748352
-0.07000000029802322390 -0.00350107997655868530
-0.05999999865889549260 -0.00347950402647256851
-0.05000000074505805970 -0.00346909789368510246
-0.03999999910593032840 -0.00346428900957107544
-0.02999999932944774630 -0.00345892691984772682
-0.01999999955296516420 -0.00345599907450377941
-0.00999999977648258210 -0.00345012289471924305
0.00000000000000000000 -0.00343731604516506195
0.00999999977648258210 -0.00342062697745859623
0.01999999955296516420 -0.00340109504759311676
0.02999999932944774630 -0.00339525006711483002
0.03999999910593032840 -0.00338174495846033096
0.05000000074505805970 -0.00335892406292259693
0.05999999865889549260 -0.00334841106086969376
0.07000000029802322390 -0.00334149599075317383
0.07999999821186065670 -0.00333240907639265061
0.09000000357627868650 -0.00332402600906789303
0.10000000149011611900 -0.00331194000318646431
0.10999999940395355200 -0.00329158105887472630
0.11999999731779098500 -0.00326587888412177563
0.12999999523162841800 -0.00325625203549861908
0.14000000059604644800 -0.00323842396028339863
0.15000000596046447800 -0.00321027892641723156
0.15999999642372131300 -0.00319322291761636734
0.17000000178813934300 -0.00317905191332101822
0.18000000715255737300 -0.00316317495889961720
0.18999999761581420900 -0.00314611010253429413
0.20000000298023223900 -0.00313096307218074799
0.20999999344348907500 -0.00310386810451745987
0.21999999880790710400 -0.00307081406936049461
0.23000000417232513400 -0.00305250892415642738
0.23999999463558197000 -0.00302374293096363545
0.25000000000000000000 -0.00298758200369775295
0.25999999046325683600 -0.00295945396646857262
0.27000001072883606000 -0.00293209590017795563
0.28000000119209289500 -0.00290373689495027065
0.28999999165534973100 -0.00287442794069647789
0.30000001192092895500 -0.00284110591746866703
0.31000000238418579100 -0.00280225602909922600
0.31999999284744262700 -0.00275662308558821678
0.33000001311302185100 -0.00271200388669967651
0.34000000357627868600 -0.00266470201313495636
0.34999999403953552200 -0.00261461501941084862
0.36000001430511474600 -0.00255793402902781963
0.37000000476837158200 -0.00250113592483103275
0.37999999523162841800 -0.00244720908813178539
0.38999998569488525400 -0.00238707102835178375
0.40000000596046447700 -0.00232071196660399437
0.40999999642372131300 -0.00225092610344290733
0.41999998688697814900 -0.00217278604395687580
0.43000000715255737300 -0.00208531599491834641
0.43999999761581420900 -0.00200317800045013428
0.44999998807907104500 -0.00191063294187188149
0.46000000834465026800 -0.00180704798549413681
0.46999999880790710400 -0.00170697597786784172
0.47999998927116394000 -0.00160162698011845350
0.49000000953674316400 -0.00148882099892944098
0.50000000000000000000 -0.00137142802122980356
0.50999999046325683600 -0.00124895595945417881
0.51999998092651367200 -0.00111427495721727610
0.52999997138977050800 -0.00099878653418272734
0.54000002145767211900 -0.00085091282380744815
0.55000001192092895500 -0.00070165062788873911
0.56000000238418579100 -0.00054793362505733967
0.56999999284744262700 -0.00039050838677212596
0.57999998331069946300 -0.00023100030375644565
0.58999997377395629900 -0.00008261345647042617
0.60000002384185791000 0.00004342294050729834
0.61000001430511474600 0.00024144319468177855
0.62000000476837158200 0.00041714721010066569
0.62999999523162841800 0.00059193657943978906
0.63999998569488525400 0.00076768267899751663
0.64999997615814209000 0.00094370980514213443
0.66000002622604370100 0.00110496697016060352
0.67000001668930053700 0.00128433899953961372
0.68000000715255737300 0.00145944801624864340
0.68999999761581420900 0.00163483398500829935
0.69999998807907104500 0.00180936104152351618
0.70999997854232788100 0.00198291288688778877
0.72000002861022949200 0.00215467694215476513
0.73000001907348632800 0.00232520489953458309
0.74000000953674316400 0.00249076611362397671
0.75000000000000000000 0.00265263696201145649
0.75999999046325683600 0.00281838793307542801
0.76999998092651367200 0.00297799194231629372
0.77999997138977050800 0.00313382502645254135
0.79000002145767211900 0.00329057103954255581
0.80000001192092895500 0.00344777409918606281
0.81000000238418579100 0.00360322999767959118
0.81999999284744262700 0.00375814503058791161
0.82999998331069946300 0.00391115015372633934
0.83999997377395629900 0.00405674707144498825
0.85000002384185791000 0.00419832998886704445
0.86000001430511474600 0.00434512412175536156
0.87000000476837158200 0.00448726490139961243
0.87999999523162841800 0.00462155696004629135
0.88999998569488525400 0.00475976616144180298
0.89999997615814209000 0.00490062218159437180
0.91000002622604370100 0.00504216877743601799
0.92000001668930053700 0.00518078496679663658
0.93000000715255737300 0.00532000698149204254
0.93999999761581420900 0.00545263383537530899
0.94999998807907104500 0.00557631300762295723
0.95999997854232788100 0.00570565182715654373
0.97000002861022949200 0.00583560392260551453
0.98000001907348632800 0.00595451379194855690
0.99000000953674316400 0.00607883883640170098
1.00000000000000000000 0.00620643002912402153
