-1.00000000000000000000 -0.00488135591149330139
-0.99000000953674316400 -0.00487392581999301911
-0.98000001907348632800 -0.00487180519849061966
-0.97000002861022949200 -0.00485061481595039368
-0.95999997854232788100 -0.00484694307669997215
-0.94999998807907104500 -0.00485408911481499672
-0.93999999761581420900 -0.00483831716701388359
-0.93000000715255737300 -0.00482483906671404839
-0.92000001668930053700 -0.00484359497204422951
-0.91000002622604370100 -0.00485012307763099671
-0.89999997615814209000 -0.00484625482931733132
-0.88999998569488525400 -0.00486780609935522080
-0.87999999523162841800 -0.00485650077462196350
-0.87000000476837158200 -0.00482500111684203148
-0.86000001430511474600 -0.00484635587781667710
-0.85000002384185791000 -0.00484338216483592987
-0.83999997377395629900 -0.00481505878269672394
-0.82999998331069946300 -0.00482917809858918190
-0.81999999284744262700 -0.00483579980209469795
-0.81000000238418579100 -0.00483399396762251854
-0.80000001192092895500 -0.00485297804698348046
-0.79000002145767211900 -0.00486479792743921280
-0.77999997138977050800 -0.00483945291489362717
-0.76999998092651367200 -0.00483408290892839432
-0.75999999046325683600 -0.00484109995886683464
-0.75000000000000000000 -0.00482566701248288155
-0.74000000953674316400 -0.00481993099674582482
-0.73000001907348632800 -0.00481871422380208969
-0.72000002861022949200 -0.00480841286480426788
-0.70999997854232788100 -0.00483006285503506661
-0.69999998807907104500 -0.00483693787828087807
-0.68999999761581420900 -0.00482753477990627289
-0.68000000715255737300 -0.00482972897589206696
-0.67000001668930053700 -0.00481103407219052315
-0.66000002622604370100 -0.00480871601030230522
-0.64999997615814209000 -0.00481636309996247292
-0.63999998569488525400 -0.00480036903172731400
-0.62999999523162841800 -0.00478361779823899269
-0.62000000476837158200 -0.00480180280283093453
-0.61000001430511474600 -0.00480845198035240174
-0.60000002384185791000 -0.00480741588398814202
-0.58999997377395629900 -0.00482882605865597725
-0.57999998331069946300 -0.00481868814677000046
-0.56999999284744262700 -0.00479313405230641365
-0.56000000238418579100 -0.00480936188250780106
-0.55000001192092895500 -0.00480781681835651398
-0.54000002145767211900 -0.00478484202176332474
-0.52999997138977050800 -0.00479475688189268112
-0.51999998092651367200 -0.00479494407773017883
-0.50999999046325683600 -0.00479632802307605744
-0.50000000000000000000 -0.00481766322627663613
-0.49000000953674316400 -0.00482089677825570107
-0.47999998927116394000 -0.00481088599190115929
-0.46999999880790710400 -0.00480092922225594521
-0.46000000834465026800 -0.00479611381888389588
-0.44999998807907104500 -0.00478973099961876869
-0.43999999761581420900 -0.00478838384151458740
-0.43000000715255737300 -0.00478003686293959618
-0.41999998688697814900 -0.00476866681128740311
-0.40999999642372131300 -0.00478793215006589890
-0.40000000596046447700 -0.00479119690135121346
-0.38999998569488525400 -0.00479115080088376999
-0.37999999523162841800 -0.00479485886171460152
-0.37000000476837158200 -0.00477482797577977181
-0.36000001430511474600 -0.00476161390542984009
-0.34999999403953552200 -0.00477762101218104363
-0.34000000357627868600 -0.00476163998246192932
-0.33000001311302185100 -0.00474693113937973976
-0.31999999284744262700 -0.00475931586697697640
-0.31000000238418579100 -0.00476060900837182999
-0.30000001192092895500 -0.00476807216182351113
-0.28999999165534973100 -0.00478247599676251412
-0.28000000119209289500 -0.00476981280371546745
-0.27000001072883606000 -0.00475190114229917526
-0.25999999046325683600 -0.00476049492135643959
-0.25000000000000000000 -0.00475360220298171044
-0.23999999463558197000 -0.00474029406905174256
-0.23000000417232513400 -0.00473995879292488098
-0.21999999880790710400 -0.00473499996587634087
-0.20999999344348907500 -0.00474519282579421997
-0.20000000298023223900 -0.00475765205919742584
-0.18999999761581420900 -0.00475648092105984688
-0.18000000715255737300 -0.00474709691479802132
-0.17000000178813934300 -0.00473590288311243057
-0.15999999642372131300 -0.00472227018326520920
-0.15000000596046447800 -0.00472292210906744003
-0.14000000059604644800 -0.00471987901255488396
-0.12999999523162841800 -0.00470140483230352402
-0.11999999731779098500 -0.00470286002382636070
-0.10999999940395355200 -0.00471450900658965111
-0.10000000149011611900 -0.00471234600991010666
-0.09000000357627868650 -0.00471372902393341065
-0.07999999821186065670 -0.00472032418474555016
-0.07000000029802322390 -0.00469478406012058258
-0.05999999865889549260 -0.00468374323099851608
-0.05000000074505805970 -0.00470101181417703629
-0.03999999910593032840 -0.00468147685751318932
-0.02999999932944774630 -0.00466938596218824387
-0.01999999955296516420 -0.00467766216024756432
-0.00999999977648258210 -0.00467756297439336777
0.00000000000000000000 -0.00468305312097072601
0.00999999977648258210 -0.00469508580863475800
0.01999999955296516420 -0.00469175819307565689
0.02999999932944774630 -0.00466951681300997734
0.03999999910593032840 -0.00466728815808892250
0.05000000074505805970 -0.00466646719723939896
0.05999999865889549260 -0.00465649599209427834
0.07000000029802322390 -0.00464541697874665260
0.07999999821186065670 -0.00463710119947791100
0.09000000357627868650 -0.00463631981983780861
0.10000000149011611900 -0.00465618493035435677
0.10999999940395355200 -0.00464747287333011627
0.11999999731779098500 -0.00464443303644657135
0.12999999523162841800 -0.00463398220017552376
0.14000000059604644800 -0.00460945395752787590
0.15000000596046447800 -0.00461190380156040192
0.15999999642372131300 -0.00461085513234138489
0.17000000178813934300 -0.00458510685712099075
0.18000000715255737300 -0.00457724090665578842
0.18999999761581420900 -0.00458701513707637787
0.20000000298023223900 -0.00458365399390459061
0.20999999344348907500 -0.00458120694383978844
0.21999999880790710400 -0.00458889501169323921
0.23000000417232513400 -0.00456665502861142159
0.23999999463558197000 -0.00454171979799866676
0.25000000000000000000 -0.00455662887543439865
0.25999999046325683600 -0.00453976215794682503
0.27000001072883606000 -0.00451485905796289444
0.28000000119209289500 -0.00451724603772163391
0.28999999165534973100 -0.00451128184795379639
0.30000001192092895500 -0.00451222201809287071
0.31000000238418579100 -0.00451643578708171845
0.31999999284744262700 -0.00450600683689117432
0.33000001311302185100 -0.00448625907301902771
0.34000000357627868600 -0.00446667103096842766
0.34999999403953552200 -0.00445968890562653542
0.36000001430511474600 -0.00444570509716868401
0.37000000476837158200 -0.00442594382911920548
0.37999999523162841800 -0.00440633483231067658
0.38999998569488525400 -0.00440213503316044808
0.40000000596046447700 -0.00440027518197894096
0.40999999642372131300 -0.00438213488087058067
0.41999998688697814900 -0.00437066191807389259
0.43000000715255737300 -0.00434431899338960648
0.43999999761581420900 -0.00429924391210079193
0.44999998807907104500 -0.00429086200892925263
0.46000000834465026800 -0.00426431000232696533
0.46999999880790710400 -0.00420895498245954514
0.47999998927116394000 -0.00418474199250340462
0.49000000953674316400 -0.00415791012346744538
0.50000000000000000000 -0.00411262409761548042
0.50999999046325683600 -0.00407574884593486786
0.51999998092651367200 -0.00402912590652704239
0.52999997138977050800 -0.00394318997859954834
0.54000002145767211900 -0.00386201101355254650
0.55000001192092895500 -0.00379036506637930870
0.56000000238418579100 -0.00367876398377120495
0.56999999284744262700 -0.00356248696334660053
0.57999998331069946300 -0.00344100990332663059
0.58999997377395629900 -0.00329153100028634071
0.60000002384185791000 -0.00314385001547634602
0.61000001430511474600 -0.00297363195568323135
0.62000000476837158200 -0.00276755494996905327
0.62999999523162841800 -0.00255087693221867085
0.63999998569488525400 -0.00230807508341968060
0.64999997615814209000 -0.00205445801839232445
0.66000002622604370100 -0.00178861501626670361
0.67000001668930053700 -0.00149995402898639441
0.68000000715255737300 -0.00119978899601846933
0.68999999761581420900 -0.00091200089082121849
0.69999998807907104500 -0.00059436308220028877
0.70999997854232788100 -0.00026833760784938931
0.72000002861022949200 0.00003996679151896387
0.73000001907348632800 0.00035530570312403142
0.74000000953674316400 0.00067589391255751252
0.75000000000000000000 0.00098881905432790518
0.75999999046325683600 0.00128531001973897219
0.76999998092651367200 0.00157482502982020378
0.77999997138977050800 0.00185189896728843451
0.79000002145767211900 0.00211242004297673702
0.80000001192092895500 0.00235575600527226925
0.81000000238418579100 0.00258294004015624523
0.81999999284744262700 0.00279537797905504704
0.82999998331069946300 0.00298942206427454949
0.83999997377395629900 0.00316505902446806431
0.85000002384185791000 0.00332636688835918903
0.86000001430511474600 0.00346862501464784145
0.87000000476837158200 0.00360027910210192204
0.87999999523162841800 0.00372302602045238018
0.88999998569488525400 0.00382936210371553898
0.89999997615814209000 0.00392701802775263786
0.91000002622604370100 0.00402547419071197510
0.92000001668930053700 0.00411684019491076470
0.93000000715255737300 0.00419675884768366814
0.93999999761581420900 0.00428161304444074631
0.94999998807907104500 0.00435293512418866158
0.95999997854232788100 0.00441554607823491097
0.97000002861022949200 0.00449386611580848694
0.98000001907348632800 0.00455951178446412087
0.99000000953674316400 0.00461761280894279480
1.00000000000000000000 0.00468763196840882301
