-1.00000000000000000000 -0.00579641107469797135
-0.99000000953674316400 -0.00579045619815587998
-0.98000001907348632800 -0.00579212699085474014
-0.97000002861022949200 -0.00580473104491829872
-0.95999997854232788100 -0.00581565406173467636
-0.94999998807907104500 -0.00581747200340032578
-0.93999999761581420900 -0.00581727316603064537
-0.93000000715255737300 -0.00579764600843191147
-0.92000001668930053700 -0.00579380197450518608
-0.91000002622604370100 -0.00579598080366849900
-0.89999997615814209000 -0.00577830616384744644
-0.88999998569488525400 -0.00576624786481261254
-0.87999999523162841800 -0.00577750802040100098
-0.87000000476837158200 -0.00578751787543296814
-0.86000001430511474600 -0.00579077703878283501
-0.85000002384185791000 -0.00580375408753752709
-0.83999997377395629900 -0.00579778989776968956
-0.82999998331069946300 -0.00577649800106883049
-0.81999999284744262700 -0.00577648589387536049
-0.81000000238418579100 -0.00577940000221133232
-0.80000001192092895500 -0.00575687782838940621
-0.79000002145767211900 -0.00575106218457221985
-0.77999997138977050800 -0.00575679913163185120
-0.76999998092651367200 -0.00576134910807013512
-0.75999999046325683600 -0.00577449100092053414
-0.75000000000000000000 -0.00578048499301075936
-0.74000000953674316400 -0.00577701209113001824
-0.73000001907348632800 -0.00576528115198016167
-0.72000002861022949200 -0.00575539190322160721
-0.70999997854232788100 -0.00575658399611711502
-0.69999998807907104500 -0.00574237713590264321
-0.68999999761581420900 -0.00572797888889908791
-0.68000000715255737300 -0.00573136797174811363
-0.67000001668930053700 -0.00574329681694507599
-0.66000002622604370100 -0.00575097277760505676
-0.64999997615814209000 -0.00575939007103443146
-0.63999998569488525400 -0.00575876701623201370
-0.62999999523162841800 -0.00574563397094607353
-0.62000000476837158200 -0.00573102990165352822
-0.61000001430511474600 -0.00574104906991124153
-0.60000002384185791000 -0.00572843896225094795
-0.58999997377395629900 -0.00570937385782599449
-0.57999998331069946300 -0.00571502977982163429
-0.56999999284744262700 -0.00571892596781253815
-0.56000000238418579100 -0.00572988018393516541
-0.55000001192092895500 -0.00573586579412221909
-0.54000002145767211900 -0.00573653820902109146
-0.52999997138977050800 -0.00572325196117162705
-0.51999998092651367200 -0.00570552097633481026
-0.50999999046325683600 -0.00571208680048584938
-0.50000000000000000000 -0.00570313492789864540
-0.49000000953674316400 -0.00568827288225293160
-0.47999998927116394000 -0.00568518089130520821
-0.46999999880790710400 -0.00569418678060173989
-0.46000000834465026800 -0.00570412911474704743
-0.44999998807907104500 -0.00570444390177726746
-0.43999999761581420900 -0.00571143114939332009
-0.43000000715255737300 -0.00570118706673383713
-0.41999998688697814900 -0.00567373214289546013
-0.40999999642372131300 -0.00568950222805142403
-0.40000000596046447700 -0.00568159483373165131
-0.38999998569488525400 -0.00565010821446776390
-0.37999999523162841800 -0.00565800117328763008
-0.37000000476837158200 -0.00566611578688025475
-0.36000001430511474600 -0.00567329581826925278
-0.34999999403953552200 -0.00568009307608008385
-0.34000000357627868600 -0.00569032598286867142
-0.33000001311302185100 -0.00566947879269719124
-0.31999999284744262700 -0.00564989820122718811
-0.31000000238418579100 -0.00566155603155493736
-0.30000001192092895500 -0.00564546277746558190
-0.28999999165534973100 -0.00562625378370285034
-0.28000000119209289500 -0.00562952598556876183
-0.27000001072883606000 -0.00563141610473394394
-0.25999999046325683600 -0.00564238894730806351
-0.25000000000000000000 -0.00565171800553798676
-0.23999999463558197000 -0.00565559091046452522
-0.23000000417232513400 -0.00564328208565711975
-0.21999999880790710400 -0.00561817502602934838
-0.20999999344348907500 -0.00562178296968340874
-0.20000000298023223900 -0.00561514589935541153
-0.18999999761581420900 -0.00559558300301432610
-0.18000000715255737300 -0.00558995315805077553
-0.17000000178813934300 -0.00559714110568165779
-0.15999999642372131300 -0.00560793094336986542
-0.15000000596046447800 -0.00560615817084908486
-0.14000000059604644800 -0.00562103977426886559
-0.12999999523162841800 -0.00560540007427334786
-0.11999999731779098500 -0.00557326478883624077
-0.10999999940395355200 -0.00558862183243036270
-0.10000000149011611900 -0.00558088393881917000
-0.09000000357627868650 -0.00554898008704185486
-0.07999999821186065670 -0.00555314403027296066
-0.07000000029802322390 -0.00555855501443147659
-0.05999999865889549260 -0.00555745977908372879
-0.05000000074505805970 -0.00556791899725794792
-0.03999999910593032840 -0.00557550881057977677
-0.02999999932944774630 -0.00555336894467473030
-0.01999999955296516420 -0.00553401699289679527
-0.00999999977648258210 -0.00554417120292782784
0.00000000000000000000 -0.00552708003669977188
0.00999999977648258210 -0.00551769696176052094
0.01999999955296516420 -0.00550120184198021889
0.02999999932944774630 -0.00550353387370705605
0.03999999910593032840 -0.00551040517166256905
0.05000000074505805970 -0.00551098119467496872
0.05999999865889549260 -0.00551422778517007828
0.07000000029802322390 -0.00551126897335052490
0.07999999821186065670 -0.00548670720309019089
0.09000000357627868650 -0.00547774415463209152
0.10000000149011611900 -0.00547497579827904701
0.10999999940395355200 -0.00545988883823156357
0.11999999731779098500 -0.00543966004624962807
0.12999999523162841800 -0.00544445915147662163
0.14000000059604644800 -0.00544540211558341980
0.15000000596046447800 -0.00544827897101640701
0.15999999642372131300 -0.00544893508777022362
0.17000000178813934300 -0.00544331222772598267
0.18000000715255737300 -0.00541983079165220261
0.18999999761581420900 -0.00540677877143025398
0.20000000298023223900 -0.00540278991684317589
0.20999999344348907500 -0.00538139510899782181
0.21999999880790710400 -0.00536290509626269341
0.23000000417232513400 -0.00535745220258831978
0.23999999463558197000 -0.00535992812365293503
0.25000000000000000000 -0.00535982986912131310
0.25999999046325683600 -0.00535692507401108742
0.27000001072883606000 -0.00534255802631378174
0.28000000119209289500 -0.00532442796975374222
0.28999999165534973100 -0.00530075095593929291
0.30000001192092895500 -0.00529243890196084976
0.31000000238418579100 -0.00527037912979722023
0.31999999284744262700 -0.00524199986830353737
0.33000001311302185100 -0.00523037509992718697
0.34000000357627868600 -0.00522548984736204148
0.34999999403953552200 -0.00521566206589341164
0.36000001430511474600 -0.00520018907263875008
0.37000000476837158200 -0.00518318684771656990
0.37999999523162841800 -0.00514245079830288887
0.38999998569488525400 -0.00510383117944002152
0.40000000596046447700 -0.00508190598338842392
0.40999999642372131300 -0.00503999693319201470
0.41999998688697814900 -0.00499239983037114144
0.43000000715255737300 -0.00495381094515323639
0.43999999761581420900 -0.00491222180426120758
0.44999998807907104500 -0.00486340699717402458
0.46000000834465026800 -0.00481219403445720673
0.46999999880790710400 -0.00474116019904613495
0.47999998927116394000 -0.00465661613270640373
0.49000000953674316400 -0.00455668894574046135
0.50000000000000000000 -0.00446122698485851288
0.50999999046325683600 -0.00434454204514622688
0.51999998092651367200 -0.00420678500086069107
0.52999997138977050800 -0.00406651105731725693
0.54000002145767211900 -0.00391544308513402939
0.55000001192092895500 -0.00374882295727729797
0.56000000238418579100 -0.00355475302785634995
0.56999999284744262700 -0.00335022690705955029
0.57999998331069946300 -0.00311382394284009934
0.58999997377395629900 -0.00285370694473385811
0.60000002384185791000 -0.00259593711234629154
0.61000001430511474600 -0.00231179292313754559
0.62000000476837158200 -0.00200494891032576561
0.62999999523162841800 -0.00170050794258713722
0.63999998569488525400 -0.00138509098906069994
0.64999997615814209000 -0.00105905404780060053
0.66000002622604370100 -0.00074912648415192962
0.67000001668930053700 -0.00041561850230209529
0.68000000715255737300 -0.00012392569624353200
0.68999999761581420900 0.00020053010666742921
0.69999998807907104500 0.00051846541464328766
0.70999997854232788100 0.00081383279757574201
0.72000002861022949200 0.00107687804847955704
0.73000001907348632800 0.00133428594563156366
0.74000000953674316400 0.00156410201452672482
0.75000000000000000000 0.00177050195634365082
0.75999999046325683600 0.00195202801842242479
0.76999998092651367200 0.00211091199889779091
0.77999997138977050800 0.00224875402636826038
0.79000002145767211900 0.00236611603759229183
0.80000001192092895500 0.00246553192846477032
0.81000000238418579100 0.00255363201722502709
0.81999999284744262700 0.00262977904640138149
0.82999998331069946300 0.00269525405019521713
0.83999997377395629900 0.00275599211454391480
0.85000002384185791000 0.00281021208502352238
0.86000001430511474600 0.00286454497836530209
0.87000000476837158200 0.00291352206841111183
0.87999999523162841800 0.00295830494724214077
0.88999998569488525400 0.00300166197121143341
0.89999997615814209000 0.00303838704712688923
0.91000002622604370100 0.00307390606030821800
0.92000001668930053700 0.00311344093643128872
0.93000000715255737300 0.00314658600836992264
0.93999999761581420900 0.00317810499109327793
0.94999998807907104500 0.00321438303217291832
0.95999997854232788100 0.00325085106305778027
0.97000002861022949200 0.00328450300730764866
0.98000001907348632800 0.00331966998055577278
0.99000000953674316400 0.00335266091860830784
1.00000000000000000000 0.00337690510787069798
