-1.00000000000000000000 -0.00580864818766713143
-0.99000000953674316400 -0.00581434508785605431
-0.98000001907348632800 -0.00583028513938188553
-0.97000002861022949200 -0.00583259807899594307
-0.95999997854232788100 -0.00581949995830655098
-0.94999998807907104500 -0.00580418994650244713
-0.93999999761581420900 -0.00582171091809868813
-0.93000000715255737300 -0.00581579282879829407
-0.92000001668930053700 -0.00580128096044063568
-0.91000002622604370100 -0.00580596504732966423
-0.89999997615814209000 -0.00582015793770551682
-0.88999998569488525400 -0.00582927279174327850
-0.87999999523162841800 -0.00583525421097874642
-0.87000000476837158200 -0.00584127800539135933
-0.86000001430511474600 -0.00581675581634044647
-0.85000002384185791000 -0.00582136819139122963
-0.83999997377395629900 -0.00582673912867903710
-0.82999998331069946300 -0.00580604607239365578
-0.81999999284744262700 -0.00580114917829632759
-0.81000000238418579100 -0.00581358792260289192
-0.80000001192092895500 -0.00581870181486010552
-0.79000002145767211900 -0.00582642201334238053
-0.77999997138977050800 -0.00583744794130325318
-0.76999998092651367200 -0.00581349804997444153
-0.75999999046325683600 -0.00579813309013843537
-0.75000000000000000000 -0.00580847682431340218
-0.74000000953674316400 -0.00579697405919432640
-0.73000001907348632800 -0.00577468192204833031
-0.72000002861022949200 -0.00577704608440399170
-0.70999997854232788100 -0.00578598817810416222
-0.69999998807907104500 -0.00579004921019077301
-0.68999999761581420900 -0.00580273289233446121
-0.68000000715255737300 -0.00580705422908067703
-0.67000001668930053700 -0.00579036399722099304
-0.66000002622604370100 -0.00578702986240386963
-0.64999997615814209000 -0.00579435518011450768
-0.63999998569488525400 -0.00578171294182538986
-0.62999999523162841800 -0.00578191410750150681
-0.62000000476837158200 -0.00579455401748418808
-0.61000001430511474600 -0.00580019596964120865
-0.60000002384185791000 -0.00581736490130424500
-0.58999997377395629900 -0.00582886207848787308
-0.57999998331069946300 -0.00581951206550002098
-0.56999999284744262700 -0.00580388912931084633
-0.56000000238418579100 -0.00581379793584346771
-0.55000001192092895500 -0.00580885680392384529
-0.54000002145767211900 -0.00579346995800733566
-0.52999997138977050800 -0.00579978898167610169
-0.51999998092651367200 -0.00580717297270894051
-0.50999999046325683600 -0.00581590412184596062
-0.50000000000000000000 -0.00582017702981829643
-0.49000000953674316400 -0.00582712702453136444
-0.47999998927116394000 -0.00580642698332667351
-0.46999999880790710400 -0.00578942801803350449
-0.46000000834465026800 -0.00579729815945029259
-0.44999998807907104500 -0.00578236114233732224
-0.43999999761581420900 -0.00577103486284613610
-0.43000000715255737300 -0.00577995879575610161
-0.41999998688697814900 -0.00579338101670145989
-0.40999999642372131300 -0.00579896708950400353
-0.40000000596046447700 -0.00581600889563560486
-0.38999998569488525400 -0.00580657878890633583
-0.37999999523162841800 -0.00578769808635115624
-0.37000000476837158200 -0.00579814799129962921
-0.36000001430511474600 -0.00579504109919071198
-0.34999999403953552200 -0.00577466096729040146
-0.34000000357627868600 -0.00577855203300714493
-0.33000001311302185100 -0.00578840076923370362
-0.31999999284744262700 -0.00579842599108815193
-0.31000000238418579100 -0.00580861512571573258
-0.30000001192092895500 -0.00581275578588247299
-0.28999999165534973100 -0.00580233288928866387
-0.28000000119209289500 -0.00578488688915967942
-0.27000001072883606000 -0.00579518498852849007
-0.25999999046325683600 -0.00578401889652013779
-0.25000000000000000000 -0.00576660502701997757
-0.23999999463558197000 -0.00577191589400172234
-0.23000000417232513400 -0.00577871920540928841
-0.21999999880790710400 -0.00578071596100926399
-0.20999999344348907500 -0.00578477699309587479
-0.20000000298023223900 -0.00577763887122273445
-0.18999999761581420900 -0.00575350085273385048
-0.18000000715255737300 -0.00575254485011100769
-0.17000000178813934300 -0.00575148919597268105
-0.15999999642372131300 -0.00573297403752803803
-0.15000000596046447800 -0.00573102291673421860
-0.14000000059604644800 -0.00574476690962910652
-0.12999999523162841800 -0.00575479399412870407
-0.11999999731779098500 -0.00576440896838903427
-0.10999999940395355200 -0.00577900186181068421
-0.10000000149011611900 -0.00576609978452324867
-0.09000000357627868650 -0.00574701512232422829
-0.07999999821186065670 -0.00576866511255502701
-0.07000000029802322390 -0.00576287601143121720
-0.05999999865889549260 -0.00574340578168630600
-0.05000000074505805970 -0.00575552415102720261
-0.03999999910593032840 -0.00576720898970961571
-0.02999999932944774630 -0.00576915312558412552
-0.01999999955296516420 -0.00577950803562998772
-0.00999999977648258210 -0.00578036485239863396
0.00000000000000000000 -0.00575724383816123009
0.00999999977648258210 -0.00575083401054143906
0.01999999955296516420 -0.00575772300362586975
0.02999999932944774630 -0.00574043113738298416
0.03999999910593032840 -0.00572558585554361344
0.05000000074505805970 -0.00572514906525611878
0.05999999865889549260 -0.00572560913860797882
0.07000000029802322390 -0.00573686277493834496
0.07999999821186065670 -0.00573336798697710037
0.09000000357627868650 -0.00572823220863938332
0.10000000149011611900 -0.00570786511525511742
0.10999999940395355200 -0.00570564391091465950
0.11999999731779098500 -0.00569946505129337311
0.12999999523162841800 -0.00568118598312139511
0.14000000059604644800 -0.00567529816180467606
0.15000000596046447800 -0.00567187508568167687
0.15999999642372131300 -0.00568093778565526009
0.17000000178813934300 -0.00568181183189153671
0.18000000715255737300 -0.00568052101880311966
0.18999999761581420900 -0.00566201284527778626
0.20000000298023223900 -0.00563120283186435700
0.20999999344348907500 -0.00563436420634388924
0.21999999880790710400 -0.00561662297695875168
0.23000000417232513400 -0.00558604020625352860
0.23999999463558197000 -0.00558263389393687248
0.25000000000000000000 -0.00557593302801251412
0.25999999046325683600 -0.00556671479716897011
0.27000001072883606000 -0.00555939879268407822
0.28000000119209289500 -0.00553148612380027771
0.28999999165534973100 -0.00549319619312882424
0.30000001192092895500 -0.00547483097761869431
0.31000000238418579100 -0.00544647313654422760
0.31999999284744262700 -0.00540451612323522568
0.33000001311302185100 -0.00537598598748445511
0.34000000357627868600 -0.00535651994869112969
0.34999999403953552200 -0.00533070694655179978
0.36000001430511474600 -0.00531278410926461220
0.37000000476837158200 -0.00528761604800820351
0.37999999523162841800 -0.00523802079260349274
0.38999998569488525400 -0.00518978899344801903
0.40000000596046447700 -0.00516174500808119774
0.40999999642372131300 -0.00510944379493594170
0.41999998688697814900 -0.00505272392183542252
0.43000000715255737300 -0.00501386821269989014
0.43999999761581420900 -0.00496138911694288254
0.44999998807907104500 -0.00491718994453549385
0.46000000834465026800 -0.00485945818945765495
0.46999999880790710400 -0.00478167599067091942
0.47999998927116394000 -0.00469485903158783913
0.49000000953674316400 -0.00461358297616243363
0.50000000000000000000 -0.00451831612735986710
0.50999999046325683600 -0.00440462213009595871
0.51999998092651367200 -0.00429288903251290322
0.52999997138977050800 -0.00417614215984940529
0.54000002145767211900 -0.00404955819249153137
0.55000001192092895500 -0.00389834702946245670
0.56000000238418579100 -0.00373863591812551022
0.56999999284744262700 -0.00354115711525082588
0.57999998331069946300 -0.00332226301543414593
0.58999997377395629900 -0.00309702497906982899
0.60000002384185791000 -0.00282945903018116951
0.61000001430511474600 -0.00252705602906644344
0.62000000476837158200 -0.00220188498497009277
0.62999999523162841800 -0.00183889304753392935
0.63999998569488525400 -0.00142839294858276844
0.64999997615814209000 -0.00094603461911901832
0.66000002622604370100 -0.00047498379717580974
0.67000001668930053700 -0.00001216386044688988
0.68000000715255737300 0.00054273201385512948
0.68999999761581420900 0.00119254994206130505
0.69999998807907104500 0.00189220800530165434
0.70999997854232788100 0.00263924407772719860
0.72000002861022949200 0.00339593505486845970
0.73000001907348632800 0.00419676490128040314
0.74000000953674316400 0.00505434209480881691
0.75000000000000000000 0.00594616914168000221
0.75999999046325683600 0.00664240913465619087
0.76999998092651367200 0.00773704191669821739
0.77999997138977050800 0.00837541371583938599
0.79000002145767211900 0.00965704023838043213
0.80000001192092895500 0.01022095978260040280
0.81000000238418579100 0.01104456000030040740
0.81999999284744262700 0.01202603988349437710
0.82999998331069946300 0.01300441008061170580
0.83999997377395629900 0.01402136031538248060
0.85000002384185791000 0.01503910962492227550
0.86000001430511474600 0.01606521010398864750
0.87000000476837158200 0.01719401963055133820
0.87999999523162841800 0.01823507063090801240
0.88999998569488525400 0.01923111081123352050
0.89999997615814209000 0.02032209932804107670
0.91000002622604370100 0.02140720002353191380
0.92000001668930053700 0.02252819947898387910
0.93000000715255737300 0.02365490049123764040
0.93999999761581420900 0.02467980980873107910
0.94999998807907104500 0.02581173926591873170
0.95999997854232788100 0.02693060040473937990
0.97000002861022949200 0.02832416072487831120
0.98000001907348632800 0.02917386032640933990
0.99000000953674316400 0.03030896931886672970
1.00000000000000000000 0.03147131949663162230
