-1.00000000000000000000 -0.00559523701667785645
-0.99000000953674316400 -0.00559127517044544220
-0.98000001907348632800 -0.00556345703080296517
-0.97000002861022949200 -0.00557535607367753983
-0.95999997854232788100 -0.00557929603382945061
-0.94999998807907104500 -0.00558219710364937782
-0.93999999761581420900 -0.00559672713279724121
-0.93000000715255737300 -0.00560842780396342278
-0.92000001668930053700 -0.00558858411386609078
-0.91000002622604370100 -0.00557487411424517632
-0.89999997615814209000 -0.00558501016348600388
-0.88999998569488525400 -0.00557482801377773285
-0.87999999523162841800 -0.00556566100567579270
-0.87000000476837158200 -0.00556375179439783096
-0.86000001430511474600 -0.00557204708456993103
-0.85000002384185791000 -0.00559124117717146874
-0.83999997377395629900 -0.00559668801724910736
-0.82999998331069946300 -0.00560064194723963738
-0.81999999284744262700 -0.00560474721714854241
-0.81000000238418579100 -0.00557333510369062424
-0.80000001192092895500 -0.00558345997706055641
-0.79000002145767211900 -0.00558864418417215347
-0.77999997138977050800 -0.00556195992976427078
-0.76999998092651367200 -0.00555832684040069580
-0.75999999046325683600 -0.00557689787819981575
-0.75000000000000000000 -0.00557744177058339119
-0.74000000953674316400 -0.00558030605316162110
-0.73000001907348632800 -0.00560347083956003189
-0.72000002861022949200 -0.00557520892471075058
-0.70999997854232788100 -0.00554657587781548500
-0.69999998807907104500 -0.00556873623281717301
-0.68999999761581420900 -0.00554790394380688667
-0.68000000715255737300 -0.00552812404930591583
-0.67000001668930053700 -0.00554623780772089958
-0.66000002622604370100 -0.00554490415379405022
-0.64999997615814209000 -0.00555509096011519432
-0.63999998569488525400 -0.00557962618768215180
-0.62999999523162841800 -0.00557094207033514977
-0.62000000476837158200 -0.00556634506210684776
-0.61000001430511474600 -0.00556479487568140030
-0.60000002384185791000 -0.00556208379566669464
-0.58999997377395629900 -0.00555716082453727722
-0.57999998331069946300 -0.00555953383445739746
-0.56999999284744262700 -0.00554967811331152916
-0.56000000238418579100 -0.00556304678320884705
-0.55000001192092895500 -0.00558781996369361878
-0.54000002145767211900 -0.00557472696527838707
-0.52999997138977050800 -0.00558840017765760422
-0.51999998092651367200 -0.00558501621708273888
-0.50999999046325683600 -0.00555545696988701821
-0.50000000000000000000 -0.00556478183716535568
-0.49000000953674316400 -0.00556439720094203949
-0.47999998927116394000 -0.00553839979693293572
-0.46999999880790710400 -0.00554646598175168038
-0.46000000834465026800 -0.00556497508659958840
-0.44999998807907104500 -0.00555595010519027710
-0.43999999761581420900 -0.00556697696447372437
-0.43000000715255737300 -0.00558146601542830467
-0.41999998688697814900 -0.00554914213716983795
-0.40999999642372131300 -0.00553732691332697869
-0.40000000596046447700 -0.00555127719417214394
-0.38999998569488525400 -0.00552632007747888565
-0.37999999523162841800 -0.00552140502259135246
-0.37000000476837158200 -0.00553239323198795319
-0.36000001430511474600 -0.00552794197574257851
-0.34999999403953552200 -0.00554642779752612114
-0.34000000357627868600 -0.00556133780628442764
-0.33000001311302185100 -0.00555200595408678055
-0.31999999284744262700 -0.00553629500791430474
-0.31000000238418579100 -0.00554099399596452713
-0.30000001192092895500 -0.00553081603720784188
-0.28999999165534973100 -0.00552836991846561432
-0.28000000119209289500 -0.00552498782053589821
-0.27000001072883606000 -0.00551885692402720452
-0.25999999046325683600 -0.00553680118173360825
-0.25000000000000000000 -0.00554552581161260605
-0.23999999463558197000 -0.00554542522877454758
-0.23000000417232513400 -0.00554624106734991074
-0.21999999880790710400 -0.00552887097001075745
-0.20999999344348907500 -0.00552293797954916954
-0.20000000298023223900 -0.00552381109446287155
-0.18999999761581420900 -0.00550902681425213814
-0.18000000715255737300 -0.00548945507034659386
-0.17000000178813934300 -0.00550217414274811745
-0.15999999642372131300 -0.00550490291789174080
-0.15000000596046447800 -0.00550424586981534958
-0.14000000059604644800 -0.00552087603136897087
-0.12999999523162841800 -0.00551107805222272873
-0.11999999731779098500 -0.00547674298286437988
-0.10999999940395355200 -0.00549243390560150147
-0.10000000149011611900 -0.00548586901277303696
-0.09000000357627868650 -0.00546416593715548516
-0.07999999821186065670 -0.00547582097351551056
-0.07000000029802322390 -0.00548246083781123162
-0.05999999865889549260 -0.00549189187586307526
-0.05000000074505805970 -0.00551213789731264115
-0.03999999910593032840 -0.00551692489534616470
-0.02999999932944774630 -0.00549665698781609535
-0.01999999955296516420 -0.00549091212451457977
-0.00999999977648258210 -0.00548860803246498108
0.00000000000000000000 -0.00547935301437973976
0.00999999977648258210 -0.00547096878290176392
0.01999999955296516420 -0.00546615198254585266
0.02999999932944774630 -0.00545914983376860619
0.03999999910593032840 -0.00547468289732933045
0.05000000074505805970 -0.00548403989523649216
0.05999999865889549260 -0.00547955511137843132
0.07000000029802322390 -0.00547847198322415352
0.07999999821186065670 -0.00545920617878437042
0.09000000357627868650 -0.00544677115976810456
0.10000000149011611900 -0.00544626917690038681
0.10999999940395355200 -0.00542266992852091789
0.11999999731779098500 -0.00541188986971974373
0.12999999523162841800 -0.00541802123188972473
0.14000000059604644800 -0.00541977817192673683
0.15000000596046447800 -0.00541552295908331871
0.15999999642372131300 -0.00542819220572710037
0.17000000178813934300 -0.00540321087464690209
0.18000000715255737300 -0.00536825414746999741
0.18999999761581420900 -0.00537862908095121384
0.20000000298023223900 -0.00536505784839391709
0.20999999344348907500 -0.00533597823232412338
0.21999999880790710400 -0.00534614222124218941
0.23000000417232513400 -0.00533641409128904343
0.23999999463558197000 -0.00533196795731782913
0.25000000000000000000 -0.00534612918272614479
0.25999999046325683600 -0.00533629022538661957
0.27000001072883606000 -0.00531232589855790138
0.28000000119209289500 -0.00529331713914871216
0.28999999165534973100 -0.00528316712006926537
0.30000001192092895500 -0.00526499701663851738
0.31000000238418579100 -0.00524552119895815849
0.31999999284744262700 -0.00522286305204033852
0.33000001311302185100 -0.00521621387451887131
0.34000000357627868600 -0.00521981203928589821
0.34999999403953552200 -0.00519381184130907059
0.36000001430511474600 -0.00518628116697072983
0.37000000476837158200 -0.00516156107187271118
0.37999999523162841800 -0.00510608498007059097
0.38999998569488525400 -0.00509410677477717400
0.40000000596046447700 -0.00506939599290490151
0.40999999642372131300 -0.00500793894752860069
0.41999998688697814900 -0.00498365797102451325
0.43000000715255737300 -0.00496709486469626427
0.43999999761581420900 -0.00492089521139860153
0.44999998807907104500 -0.00489387009292840958
0.46000000834465026800 -0.00486086914315819740
0.46999999880790710400 -0.00478626415133476257
0.47999998927116394000 -0.00472467392683029175
0.49000000953674316400 -0.00467490078881382942
0.50000000000000000000 -0.00458334619179368019
0.50999999046325683600 -0.00449562305584549904
0.51999998092651367200 -0.00441404897719621658
0.52999997138977050800 -0.00430227397009730339
0.54000002145767211900 -0.00418885983526706696
0.55000001192092895500 -0.00405013421550393105
0.56000000238418579100 -0.00387236406095325947
0.56999999284744262700 -0.00366564095020294190
0.57999998331069946300 -0.00343663594685494900
0.58999997377395629900 -0.00316774798557162285
0.60000002384185791000 -0.00286348303779959679
0.61000001430511474600 -0.00252471910789608955
0.62000000476837158200 -0.00214480911381542683
0.62999999523162841800 -0.00173900194931775332
0.63999998569488525400 -0.00128907605540007353
0.64999997615814209000 -0.00074250687612220645
0.66000002622604370100 -0.00024893181398510933
0.67000001668930053700 0.00025580890360288322
0.68000000715255737300 0.00085257709724828601
0.68999999761581420900 0.00155422103125602007
0.69999998807907104500 0.00220767990685999394
0.70999997854232788100 0.00288863503374159336
0.72000002861022949200 0.00359037099406123161
0.73000001907348632800 0.00431799422949552536
0.74000000953674316400 0.00506679806858301163
0.75000000000000000000 0.00583694176748394966
0.75999999046325683600 0.00663071917369961739
0.76999998092651367200 0.00743645802140235901
0.77999997138977050800 0.00826190412044525147
0.79000002145767211900 0.00911128800362348557
0.80000001192092895500 0.00996842607855796814
0.81000000238418579100 0.01041513960808515550
0.81999999284744262700 0.01124749984592199330
0.82999998331069946300 0.01210618019104003910
0.83999997377395629900 0.01297063007950782780
0.85000002384185791000 0.01385954953730106350
0.86000001430511474600 0.01477270014584064480
0.87000000476837158200 0.01567330025136470790
0.87999999523162841800 0.01659536920487880710
0.88999998569488525400 0.01752473972737789150
0.89999997615814209000 0.01843688078224658970
0.91000002622604370100 0.01939046010375022890
0.92000001668930053700 0.02033925987780094150
0.93000000715255737300 0.02126573026180267330
0.93999999761581420900 0.02224705927073955540
0.94999998807907104500 0.02326492965221405030
0.95999997854232788100 0.02423058077692985530
0.97000002861022949200 0.02525647915899753570
0.98000001907348632800 0.02627366967499256130
0.99000000953674316400 0.02722718939185142520
1.00000000000000000000 0.02827827073633670810
