-1.00000000000000000000 -0.00507258204743266106
-0.99000000953674316400 -0.00505596399307250977
-0.98000001907348632800 -0.00506876502186059952
-0.97000002861022949200 -0.00507895788177847862
-0.95999997854232788100 -0.00506248697638511658
-0.94999998807907104500 -0.00506667187437415123
-0.93999999761581420900 -0.00505537679418921471
-0.93000000715255737300 -0.00502421194687485695
-0.92000001668930053700 -0.00503843603655695915
-0.91000002622604370100 -0.00503254681825637818
-0.89999997615814209000 -0.00499494699761271477
-0.88999998569488525400 -0.00500399991869926453
-0.87999999523162841800 -0.00501159997656941414
-0.87000000476837158200 -0.00499798590317368508
-0.86000001430511474600 -0.00500839715823531151
-0.85000002384185791000 -0.00501136621460318566
-0.83999997377395629900 -0.00497915223240852356
-0.82999998331069946300 -0.00496808812022209168
-0.81999999284744262700 -0.00497648399323225022
-0.81000000238418579100 -0.00495584681630134583
-0.80000001192092895500 -0.00493999291211366654
-0.79000002145767211900 -0.00493771303445100784
-0.77999997138977050800 -0.00492786383256316185
-0.76999998092651367200 -0.00493748998269438744
-0.75999999046325683600 -0.00494331214576959610
-0.75000000000000000000 -0.00493388716131448746
-0.74000000953674316400 -0.00492357695475220680
-0.73000001907348632800 -0.00490210298448801041
-0.72000002861022949200 -0.00489808712154626846
-0.70999997854232788100 -0.00489533785730600357
-0.69999998807907104500 -0.00487813493236899376
-0.68999999761581420900 -0.00486059719696640968
-0.68000000715255737300 -0.00486631691455841065
-0.67000001668930053700 -0.00487445713952183724
-0.66000002622604370100 -0.00486973207443952561
-0.64999997615814209000 -0.00488306814804673195
-0.63999998569488525400 -0.00487466901540756226
-0.62999999523162841800 -0.00484352605417370796
-0.62000000476837158200 -0.00485292682424187660
-0.61000001430511474600 -0.00485211890190839768
-0.60000002384185791000 -0.00482061505317687988
-0.58999997377395629900 -0.00482519716024398804
-0.57999998331069946300 -0.00483238417655229569
-0.56999999284744262700 -0.00482736714184284210
-0.56000000238418579100 -0.00483993580564856529
-0.55000001192092895500 -0.00484476191923022270
-0.54000002145767211900 -0.00482399715110659599
-0.52999997138977050800 -0.00481153000146150589
-0.51999998092651367200 -0.00481502013280987740
-0.50999999046325683600 -0.00479630520567297936
-0.50000000000000000000 -0.00478824321180582047
-0.49000000953674316400 -0.00477943103760480881
-0.47999998927116394000 -0.00476957112550735474
-0.46999999880790710400 -0.00478323083370923996
-0.46000000834465026800 -0.00478916801512241364
-0.44999998807907104500 -0.00478285783901810646
-0.43999999761581420900 -0.00477831577882170677
-0.43000000715255737300 -0.00476201716810464859
-0.41999998688697814900 -0.00474760401993989945
-0.40999999642372131300 -0.00475464481860399246
-0.40000000596046447700 -0.00474085891619324684
-0.38999998569488525400 -0.00472169183194637299
-0.37999999523162841800 -0.00473544001579284668
-0.37000000476837158200 -0.00474045006558299065
-0.36000001430511474600 -0.00473552197217941284
-0.34999999403953552200 -0.00474665500223636627
-0.34000000357627868600 -0.00474182190373539925
-0.33000001311302185100 -0.00471055600792169571
-0.31999999284744262700 -0.00471669994294643402
-0.31000000238418579100 -0.00471679307520389557
-0.30000001192092895500 -0.00468519609421491623
-0.28999999165534973100 -0.00468240911141037941
-0.28000000119209289500 -0.00469365809112787247
-0.27000001072883606000 -0.00468137487769126892
-0.25999999046325683600 -0.00469664717093110085
-0.25000000000000000000 -0.00470133498311042786
-0.23999999463558197000 -0.00468457210808992386
-0.23000000417232513400 -0.00467333383858203888
-0.21999999880790710400 -0.00466787116602063179
-0.20999999344348907500 -0.00465231016278266907
-0.20000000298023223900 -0.00464639207348227501
-0.18999999761581420900 -0.00463865883648395538
-0.18000000715255737300 -0.00462016090750694275
-0.17000000178813934300 -0.00463236402720212937
-0.15999999642372131300 -0.00463882694020867348
-0.15000000596046447800 -0.00462298793718218804
-0.14000000059604644800 -0.00463000684976577759
-0.12999999523162841800 -0.00461499998345971108
-0.11999999731779098500 -0.00458870595321059227
-0.10999999940395355200 -0.00459904689341783524
-0.10000000149011611900 -0.00459023984149098396
-0.09000000357627868650 -0.00455991597846150398
-0.07999999821186065670 -0.00456864619627594948
-0.07000000029802322390 -0.00457272678613662720
-0.05999999865889549260 -0.00455796997994184494
-0.05000000074505805970 -0.00456797191873192787
-0.03999999910593032840 -0.00456248922273516655
-0.02999999932944774630 -0.00452760700136423111
-0.01999999955296516420 -0.00451862486079335213
-0.00999999977648258210 -0.00451834080740809441
0.00000000000000000000 -0.00448974221944808960
0.00999999977648258210 -0.00447845878079533577
0.01999999955296516420 -0.00447607506066560745
0.02999999932944774630 -0.00444330601021647453
0.03999999910593032840 -0.00444936100393533707
0.05000000074505805970 -0.00444994401186704636
0.05999999865889549260 -0.00443072896450757980
0.07000000029802322390 -0.00441403500735759735
0.07999999821186065670 -0.00439143087714910507
0.09000000357627868650 -0.00437866384163498879
0.10000000149011611900 -0.00436886819079518318
0.10999999940395355200 -0.00435322290286421776
0.11999999731779098500 -0.00432614190503954888
0.12999999523162841800 -0.00433135498315095902
0.14000000059604644800 -0.00432902900502085686
0.15000000596046447800 -0.00431399280205368996
0.15999999642372131300 -0.00431072106584906578
0.17000000178813934300 -0.00428493414074182510
0.18000000715255737300 -0.00424172496423125267
0.18999999761581420900 -0.00424488401040434837
0.20000000298023223900 -0.00422162981703877449
0.20999999344348907500 -0.00417174585163593292
0.21999999880790710400 -0.00416141422465443611
0.23000000417232513400 -0.00414398917928338051
0.23999999463558197000 -0.00410421285778284073
0.25000000000000000000 -0.00407934514805674553
0.25999999046325683600 -0.00404833396896719933
0.27000001072883606000 -0.00398904411122202873
0.28000000119209289500 -0.00392588414251804352
0.28999999165534973100 -0.00388238392770290375
0.30000001192092895500 -0.00379093107767403126
0.31000000238418579100 -0.00371945509687066078
0.31999999284744262700 -0.00365951005369424820
0.33000001311302185100 -0.00354407611303031445
0.34000000357627868600 -0.00344134401530027390
0.34999999403953552200 -0.00332480994984507561
0.36000001430511474600 -0.00316474610008299351
0.37000000476837158200 -0.00298397801816463471
0.37999999523162841800 -0.00279046199284493923
0.38999998569488525400 -0.00258991890586912632
0.40000000596046447700 -0.00238927500322461128
0.40999999642372131300 -0.00215194607153534889
0.41999998688697814900 -0.00190849602222442627
0.43000000715255737300 -0.00166598102077841759
0.43999999761581420900 -0.00130958203226327896
0.44999998807907104500 -0.00113659200724214315
0.46000000834465026800 -0.00076152879046276212
0.46999999880790710400 -0.00050380057655274868
0.47999998927116394000 -0.00019027800590265542
0.49000000953674316400 0.00010104660032084212
0.50000000000000000000 0.00036534739774651825
0.50999999046325683600 0.00059240817790850997
0.51999998092651367200 0.00087513338075950742
0.52999997138977050800 0.00123371498193591833
0.54000002145767211900 0.00142965803388506174
0.55000001192092895500 0.00171099498402327299
0.56000000238418579100 0.00189541501458734274
0.56999999284744262700 0.00204566400498151779
0.57999998331069946300 0.00226238206960260868
0.58999997377395629900 0.00243874196894466877
0.60000002384185791000 0.00259485607966780663
0.61000001430511474600 0.00279266410507261753
0.62000000476837158200 0.00287910201586782932
0.62999999523162841800 0.00299711409024894238
0.63999998569488525400 0.00309761590324342251
0.64999997615814209000 0.00319855893030762673
0.66000002622604370100 0.00323963607661426067
0.67000001668930053700 0.00335356802679598332
0.68000000715255737300 0.00342783005908131600
0.68999999761581420900 0.00349618610925972462
0.69999998807907104500 0.00358288805000483990
0.70999997854232788100 0.00363468402065336704
0.72000002861022949200 0.00369113404303789139
0.73000001907348632800 0.00375052494928240776
0.74000000953674316400 0.00381693104282021523
0.75000000000000000000 0.00387592311017215252
0.75999999046325683600 0.00392801919952034950
0.76999998092651367200 0.00400012405589222908
0.77999997138977050800 0.00405670795589685440
0.79000002145767211900 0.00413682078942656517
0.80000001192092895500 0.00418967707082629204
0.81000000238418579100 0.00424943212419748306
0.81999999284744262700 0.00429147807881236076
0.82999998331069946300 0.00434778211638331413
0.83999997377395629900 0.00438550906255841255
0.85000002384185791000 0.00445637479424476624
0.86000001430511474600 0.00448560900986194611
0.87000000476837158200 0.00453938683494925499
0.87999999523162841800 0.00461716298013925553
0.88999998569488525400 0.00468510203063488007
0.89999997615814209000 0.00475193001329898834
0.91000002622604370100 0.00481495680287480354
0.92000001668930053700 0.00488200597465038300
0.93000000715255737300 0.00492052687332034111
0.93999999761581420900 0.00499356398358941078
0.94999998807907104500 0.00505131483078002930
0.95999997854232788100 0.00511121889576315880
0.97000002861022949200 0.00517713278532028198
0.98000001907348632800 0.00523323193192481995
0.99000000953674316400 0.00531249120831489563
1.00000000000000000000 0.00537812476977705956
