-1.00000000000000000000 -0.00598578481003642082
-0.99000000953674316400 -0.00600563501939177513
-0.98000001907348632800 -0.00600942596793174744
-0.97000002861022949200 -0.00602321885526180268
-0.95999997854232788100 -0.00601535290479660034
-0.94999998807907104500 -0.00599735090509057045
-0.93999999761581420900 -0.00600789813324809075
-0.93000000715255737300 -0.00600392278283834458
-0.92000001668930053700 -0.00597919803112745285
-0.91000002622604370100 -0.00597782013937830925
-0.89999997615814209000 -0.00599147006869316101
-0.88999998569488525400 -0.00599776301532983780
-0.87999999523162841800 -0.00600244617089629174
-0.87000000476837158200 -0.00600152881816029549
-0.86000001430511474600 -0.00598896993324160576
-0.85000002384185791000 -0.00596578605473041535
-0.83999997377395629900 -0.00597862899303436280
-0.82999998331069946300 -0.00596974696964025498
-0.81999999284744262700 -0.00594305898994207382
-0.81000000238418579100 -0.00595858506858348847
-0.80000001192092895500 -0.00596482399851083756
-0.79000002145767211900 -0.00597467506304383278
-0.77999997138977050800 -0.00598794501274824143
-0.76999998092651367200 -0.00599173596128821373
-0.75999999046325683600 -0.00597598589956760407
-0.75000000000000000000 -0.00597551092505455017
-0.74000000953674316400 -0.00598001480102539063
-0.73000001907348632800 -0.00597488507628440857
-0.72000002861022949200 -0.00596901820972561836
-0.70999997854232788100 -0.00597369018942117691
-0.69999998807907104500 -0.00599217694252729416
-0.68999999761581420900 -0.00600712886080145836
-0.68000000715255737300 -0.00601194705814123154
-0.67000001668930053700 -0.00600610999390482903
-0.66000002622604370100 -0.00598692381754517555
-0.64999997615814209000 -0.00599469291046261788
-0.63999998569488525400 -0.00599360512569546700
-0.62999999523162841800 -0.00597523618489503861
-0.62000000476837158200 -0.00597230205312371254
-0.61000001430511474600 -0.00598246697336435318
-0.60000002384185791000 -0.00599097786471247673
-0.58999997377395629900 -0.00599333597347140312
-0.57999998331069946300 -0.00600552884861826897
-0.56999999284744262700 -0.00598683115094900131
-0.56000000238418579100 -0.00596944103017449379
-0.55000001192092895500 -0.00598911708220839501
-0.54000002145767211900 -0.00598146300762891770
-0.52999997138977050800 -0.00595870707184076309
-0.51999998092651367200 -0.00597403803840279579
-0.50999999046325683600 -0.00598432682454586029
-0.50000000000000000000 -0.00599606381729245186
-0.49000000953674316400 -0.00600613886490464211
-0.47999998927116394000 -0.00600001821294426918
-0.46999999880790710400 -0.00598012516275048256
-0.46000000834465026800 -0.00598961487412452698
-0.44999998807907104500 -0.00598865980282425881
-0.43999999761581420900 -0.00596774322912096977
-0.43000000715255737300 -0.00596817489713430405
-0.41999998688697814900 -0.00597388297319412232
-0.40999999642372131300 -0.00598732987418770790
-0.40000000596046447700 -0.00599428592249751091
-0.38999998569488525400 -0.00599800515919923783
-0.37999999523162841800 -0.00598876597359776497
-0.37000000476837158200 -0.00596596719697117806
-0.36000001430511474600 -0.00597076211124658585
-0.34999999403953552200 -0.00596287706866860390
-0.34000000357627868600 -0.00594114977866411209
-0.33000001311302185100 -0.00593746779486536980
-0.31999999284744262700 -0.00595151400193572045
-0.31000000238418579100 -0.00595222692936658859
-0.30000001192092895500 -0.00595852918922901154
-0.28999999165534973100 -0.00596686499193310738
-0.28000000119209289500 -0.00595209421589970589
-0.27000001072883606000 -0.00593894580379128456
-0.25999999046325683600 -0.00595317780971527100
-0.25000000000000000000 -0.00593991484493017197
-0.23999999463558197000 -0.00593010894954204560
-0.23000000417232513400 -0.00594783807173371315
-0.21999999880790710400 -0.00595733104273676872
-0.20999999344348907500 -0.00596708990633487702
-0.20000000298023223900 -0.00598555104807019234
-0.18999999761581420900 -0.00597890513017773628
-0.18000000715255737300 -0.00595678482204675675
-0.17000000178813934300 -0.00597658008337020874
-0.15999999642372131300 -0.00597226200625300408
-0.15000000596046447800 -0.00594634190201759339
-0.14000000059604644800 -0.00595647096633911133
-0.12999999523162841800 -0.00596314715221524239
-0.11999999731779098500 -0.00597001286223530770
-0.10999999940395355200 -0.00598111981526017189
-0.10000000149011611900 -0.00598475290462374687
-0.09000000357627868650 -0.00596512109041213989
-0.07999999821186065670 -0.00594992097467184067
-0.07000000029802322390 -0.00595722487196326256
-0.05999999865889549260 -0.00594491418451070786
-0.05000000074505805970 -0.00593236321583390236
-0.03999999910593032840 -0.00593377416953444481
-0.02999999932944774630 -0.00594472000375390053
-0.01999999955296516420 -0.00595523789525032044
-0.00999999977648258210 -0.00596372690051794052
0.00000000000000000000 -0.00596584100276231766
0.00999999977648258210 -0.00595681183040142060
0.01999999955296516420 -0.00593837304040789604
0.02999999932944774630 -0.00594935379922389984
0.03999999910593032840 -0.00594354979693889618
0.05000000074505805970 -0.00592307699844241142
0.05999999865889549260 -0.00592865515500307083
0.07000000029802322390 -0.00593804102391004563
0.07999999821186065670 -0.00594872189685702324
0.09000000357627868650 -0.00595094682648777962
0.10000000149011611900 -0.00595215382054448128
0.10999999940395355200 -0.00593000184744596482
0.11999999731779098500 -0.00592240784317255020
0.12999999523162841800 -0.00592293310910463333
0.14000000059604644800 -0.00590117182582616806
0.15000000596046447800 -0.00589042296633124352
0.15999999642372131300 -0.00588875915855169296
0.17000000178813934300 -0.00589422602206468582
0.18000000715255737300 -0.00589459715411067009
0.18999999761581420900 -0.00589782511815428734
0.20000000298023223900 -0.00587570015341043472
0.20999999344348907500 -0.00585752306506037712
0.21999999880790710400 -0.00585662107914686203
0.23000000417232513400 -0.00584024004638195038
0.23999999463558197000 -0.00582407787442207337
0.25000000000000000000 -0.00582152884453535080
0.25999999046325683600 -0.00582169694826006890
0.27000001072883606000 -0.00582924718037247658
0.28000000119209289500 -0.00582714192569255829
0.28999999165534973100 -0.00580960884690284729
0.30000001192092895500 -0.00579618802294135094
0.31000000238418579100 -0.00577565515413880348
0.31999999284744262700 -0.00576352188363671303
0.33000001311302185100 -0.00573908491060137749
0.34000000357627868600 -0.00571495713666081429
0.34999999403953552200 -0.00570540409535169602
0.36000001430511474600 -0.00569625804200768471
0.37000000476837158200 -0.00568346399813890457
0.37999999523162841800 -0.00566744105890393257
0.38999998569488525400 -0.00563077721744775772
0.40000000596046447700 -0.00558039499446749687
0.40999999642372131300 -0.00556385517120361328
0.41999998688697814900 -0.00552428001537919045
0.43000000715255737300 -0.00546494405716657639
0.43999999761581420900 -0.00543111702427268028
0.44999998807907104500 -0.00538892298936843872
0.46000000834465026800 -0.00535010686144232750
0.46999999880790710400 -0.00530891679227352142
0.47999998927116394000 -0.00525772990658879280
0.49000000953674316400 -0.00518330885097384453
0.50000000000000000000 -0.00511331297457218170
0.50999999046325683600 -0.00504893995821475983
0.51999998092651367200 -0.00495854206383228302
0.52999997138977050800 -0.00486269220709800720
0.54000002145767211900 -0.00475989188998937607
0.55000001192092895500 -0.00465261097997426987
0.56000000238418579100 -0.00452604098245501518
0.56999999284744262700 -0.00437399791553616524
0.57999998331069946300 -0.00418525794520974159
0.58999997377395629900 -0.00395921384915709496
0.60000002384185791000 -0.00371433189138770104
0.61000001430511474600 -0.00342364888638257980
0.62000000476837158200 -0.00308023602701723576
0.62999999523162841800 -0.00270011089742183685
0.63999998569488525400 -0.00227661593817174435
0.64999997615814209000 -0.00179906503763049841
0.66000002622604370100 -0.00127238500863313675
0.67000001668930053700 -0.00067799532553181052
0.68000000715255737300 -0.00009015917021315545
0.68999999761581420900 0.00051744398660957813
0.69999998807907104500 0.00123060902114957571
0.70999997854232788100 0.00200940901413559914
0.72000002861022949200 0.00280769402161240578
0.73000001907348632800 0.00364594394341111183
0.74000000953674316400 0.00451459502801299095
0.75000000000000000000 0.00541007518768310547
0.75999999046325683600 0.00633218511939048767
0.76999998092651367200 0.00727362697944045067
0.77999997138977050800 0.00824602227658033371
0.79000002145767211900 0.00924188084900379181
0.80000001192092895500 0.01024392992258071900
0.81000000238418579100 0.01068953983485698700
0.81999999284744262700 0.01169374026358127590
0.82999998331069946300 0.01270906999707221980
0.83999997377395629900 0.01373632997274398800
0.85000002384185791000 0.01476837974041700360
0.86000001430511474600 0.01582553982734680180
0.87000000476837158200 0.01689611002802848820
0.87999999523162841800 0.01794743910431861880
0.88999998569488525400 0.01902355998754501340
0.89999997615814209000 0.02012557908892631530
0.91000002622604370100 0.02122008986771106720
0.92000001668930053700 0.02233970910310745240
0.93000000715255737300 0.02345024980604648590
0.93999999761581420900 0.02457432076334953310
0.94999998807907104500 0.02570760063827037810
0.95999997854232788100 0.02684413082897663120
0.97000002861022949200 0.02800988964736461640
0.98000001907348632800 0.02900966070592403410
0.99000000953674316400 0.03019388020038604740
1.00000000000000000000 0.03143101185560226440
