-1.00000000000000000000 -0.00596193084493279457
-0.99000000953674316400 -0.00597346294671297074
-0.98000001907348632800 -0.00596332503482699394
-0.97000002861022949200 -0.00595168396830558777
-0.95999997854232788100 -0.00595992384478449822
-0.94999998807907104500 -0.00595049513503909111
-0.93999999761581420900 -0.00594243314117193222
-0.93000000715255737300 -0.00594681315124034882
-0.92000001668930053700 -0.00595219712704420090
-0.91000002622604370100 -0.00597200309857726097
-0.89999997615814209000 -0.00598451402038335800
-0.88999998569488525400 -0.00599086377769708634
-0.87999999523162841800 -0.00598663697019219399
-0.87000000476837158200 -0.00596768409013748169
-0.86000001430511474600 -0.00597591605037450791
-0.85000002384185791000 -0.00597499078139662743
-0.83999997377395629900 -0.00595842720940709114
-0.82999998331069946300 -0.00595999322831630707
-0.81999999284744262700 -0.00597406784072518349
-0.81000000238418579100 -0.00598639901727437973
-0.80000001192092895500 -0.00599092012271285057
-0.79000002145767211900 -0.00599621981382369995
-0.77999997138977050800 -0.00598066300153732300
-0.76999998092651367200 -0.00596445193514227867
-0.75999999046325683600 -0.00597070902585983277
-0.75000000000000000000 -0.00596340885385870934
-0.74000000953674316400 -0.00594290299341082573
-0.73000001907348632800 -0.00594599498435854912
-0.72000002861022949200 -0.00595739902928471565
-0.70999997854232788100 -0.00597070390358567238
-0.69999998807907104500 -0.00597639288753271103
-0.68999999761581420900 -0.00597617402672767639
-0.68000000715255737300 -0.00596070801839232445
-0.67000001668930053700 -0.00596735021099448204
-0.66000002622604370100 -0.00596577394753694534
-0.64999997615814209000 -0.00595059897750616074
-0.63999998569488525400 -0.00595164299011230469
-0.62999999523162841800 -0.00596053013578057289
-0.62000000476837158200 -0.00597521988674998284
-0.61000001430511474600 -0.00598436221480369568
-0.60000002384185791000 -0.00599179696291685105
-0.58999997377395629900 -0.00598642509430646897
-0.57999998331069946300 -0.00596800120547413826
-0.56999999284744262700 -0.00597302196547389031
-0.56000000238418579100 -0.00596926081925630570
-0.55000001192092895500 -0.00595092587172985077
-0.54000002145767211900 -0.00595342507585883141
-0.52999997138977050800 -0.00596140092238783837
-0.51999998092651367200 -0.00597360590472817421
-0.50999999046325683600 -0.00597469881176948548
-0.50000000000000000000 -0.00598074914887547493
-0.49000000953674316400 -0.00596194388344883919
-0.47999998927116394000 -0.00594144500792026520
-0.46999999880790710400 -0.00594755820930004120
-0.46000000834465026800 -0.00593497790396213532
-0.44999998807907104500 -0.00592066720128059387
-0.43999999761581420900 -0.00592250376939773560
-0.43000000715255737300 -0.00593489315360784531
-0.41999998688697814900 -0.00594731187447905541
-0.40999999642372131300 -0.00596410082653164864
-0.40000000596046447700 -0.00595304695889353752
-0.38999998569488525400 -0.00594072276726365090
-0.37999999523162841800 -0.00595540506765246392
-0.37000000476837158200 -0.00595165882259607315
-0.36000001430511474600 -0.00593218998983502388
-0.34999999403953552200 -0.00593986222520470619
-0.34000000357627868600 -0.00594673585146665573
-0.33000001311302185100 -0.00596361281350255013
-0.31999999284744262700 -0.00597302801907062531
-0.31000000238418579100 -0.00597473280504345894
-0.30000001192092895500 -0.00597186898812651634
-0.28999999165534973100 -0.00595339993014931679
-0.28000000119209289500 -0.00595941999927163124
-0.27000001072883606000 -0.00595847098156809807
-0.25999999046325683600 -0.00594053184613585472
-0.25000000000000000000 -0.00593820493668317795
-0.23999999463558197000 -0.00595148000866174698
-0.23000000417232513400 -0.00596148194745182991
-0.21999999880790710400 -0.00596454879269003868
-0.20999999344348907500 -0.00596919702365994454
-0.20000000298023223900 -0.00594863900914788246
-0.18999999761581420900 -0.00593524798750877381
-0.18000000715255737300 -0.00594134395942091942
-0.17000000178813934300 -0.00592007488012313843
-0.15999999642372131300 -0.00591590721160173416
-0.15000000596046447800 -0.00592001620680093765
-0.14000000059604644800 -0.00593173084780573845
-0.12999999523162841800 -0.00594575004652142525
-0.11999999731779098500 -0.00595975713804364205
-0.10999999940395355200 -0.00595103716477751732
-0.10000000149011611900 -0.00593316601589322090
-0.09000000357627868650 -0.00593963777646422386
-0.07999999821186065670 -0.00593814579769968987
-0.07000000029802322390 -0.00592187419533729553
-0.05999999865889549260 -0.00592726282775402069
-0.05000000074505805970 -0.00593499792739748955
-0.03999999910593032840 -0.00594841409474611283
-0.02999999932944774630 -0.00595465907827019692
-0.01999999955296516420 -0.00596433319151401520
-0.00999999977648258210 -0.00594858918339014054
0.00000000000000000000 -0.00593200884759426117
0.00999999977648258210 -0.00593637395650148392
0.01999999955296516420 -0.00593559583649039269
0.02999999932944774630 -0.00591561291366815567
0.03999999910593032840 -0.00590818887576460838
0.05000000074505805970 -0.00590815022587776184
0.05999999865889549260 -0.00591207202523946762
0.07000000029802322390 -0.00591421220451593399
0.07999999821186065670 -0.00592200504615902901
0.09000000357627868650 -0.00590580794960260391
0.10000000149011611900 -0.00588507205247879028
0.10999999940395355200 -0.00589599087834358216
0.11999999731779098500 -0.00589214079082012177
0.12999999523162841800 -0.00586546817794442177
0.14000000059604644800 -0.00587319908663630486
0.15000000596046447800 -0.00588483316823840142
0.15999999642372131300 -0.00588904600590467453
0.17000000178813934300 -0.00590644683688879013
0.18000000715255737300 -0.00591077795252203942
0.18999999761581420900 -0.00589100783690810204
0.20000000298023223900 -0.00587962800636887551
0.20999999344348907500 -0.00588971283286809921
0.21999999880790710400 -0.00587490387260913849
0.23000000417232513400 -0.00586211122572422028
0.23999999463558197000 -0.00586512917652726174
0.25000000000000000000 -0.00586874783039093018
0.25999999046325683600 -0.00587912416085600853
0.27000001072883606000 -0.00587746407836675644
0.28000000119209289500 -0.00586801907047629357
0.28999999165534973100 -0.00583926588296890259
0.30000001192092895500 -0.00583714013919234276
0.31000000238418579100 -0.00582493515685200691
0.31999999284744262700 -0.00579633004963397980
0.33000001311302185100 -0.00578026007860898972
0.34000000357627868600 -0.00577249983325600624
0.34999999403953552200 -0.00576232606545090676
0.36000001430511474600 -0.00574932200834155083
0.37000000476837158200 -0.00574381416663527489
0.37999999523162841800 -0.00570901902392506600
0.38999998569488525400 -0.00566994491964578629
0.40000000596046447700 -0.00566012179479002953
0.40999999642372131300 -0.00563069107010960579
0.41999998688697814900 -0.00558301992714405060
0.43000000715255737300 -0.00555768096819519997
0.43999999761581420900 -0.00553899910300970078
0.44999998807907104500 -0.00550332898274064064
0.46000000834465026800 -0.00547611899673938751
0.46999999880790710400 -0.00543637108057737351
0.47999998927116394000 -0.00537202414125204086
0.49000000953674316400 -0.00531231379136443138
0.50000000000000000000 -0.00525920698419213295
0.50999999046325683600 -0.00517999194562435150
0.51999998092651367200 -0.00510080484673380852
0.52999997138977050800 -0.00502973189577460289
0.54000002145767211900 -0.00493725808337330818
0.55000001192092895500 -0.00483625382184982300
0.56000000238418579100 -0.00471916422247886658
0.56999999284744262700 -0.00455864518880844116
0.57999998331069946300 -0.00437135994434356690
0.58999997377395629900 -0.00417630001902580261
0.60000002384185791000 -0.00393410678952932358
0.61000001430511474600 -0.00363905890844762325
0.62000000476837158200 -0.00332152703776955605
0.62999999523162841800 -0.00293455598875880242
0.63999998569488525400 -0.00251561799086630344
0.64999997615814209000 -0.00201817206107079983
0.66000002622604370100 -0.00146200100425630808
0.67000001668930053700 -0.00083830178482457995
0.68000000715255737300 -0.00020304419740568846
0.68999999761581420900 0.00047270330833271146
0.69999998807907104500 0.00129453395493328571
0.70999997854232788100 0.00212330394424498081
0.72000002861022949200 0.00303192599676549435
0.73000001907348632800 0.00398009596392512322
0.74000000953674316400 0.00493462290614843369
0.75000000000000000000 0.00597230298444628716
0.75999999046325683600 0.00701039377599954605
0.76999998092651367200 0.00808731745928525925
0.77999997138977050800 0.00919094309210777283
0.79000002145767211900 0.01034227013587951660
0.80000001192092895500 0.01088660955429077150
0.81000000238418579100 0.01204812992364168170
0.81999999284744262700 0.01319088973104953770
0.82999998331069946300 0.01436837017536163330
0.83999997377395629900 0.01555033959448337560
0.85000002384185791000 0.01677428930997848510
0.86000001430511474600 0.01798750087618827820
0.87000000476837158200 0.01923000067472457890
0.87999999523162841800 0.02047049999237060550
0.88999998569488525400 0.02170314081013202670
0.89999997615814209000 0.02300200983881950380
0.91000002622604370100 0.02424965053796768190
0.92000001668930053700 0.02554279007017612460
0.93000000715255737300 0.02683264017105102540
0.93999999761581420900 0.02815414965152740480
0.94999998807907104500 0.02947817929089069370
0.95999997854232788100 0.03081518970429897310
0.97000002861022949200 0.03214998915791511540
0.98000001907348632800 0.03348251059651374820
0.99000000953674316400 0.03484848886728286740
1.00000000000000000000 0.03618239983916282650
