-1.00000000000000000000 -0.00764960423111915589
-0.99000000953674316400 -0.00754138315096497536
-0.98000001907348632800 -0.00744772423058748246
-0.97000002861022949200 -0.00735696405172348023
-0.95999997854232788100 -0.00729089416563510895
-0.94999998807907104500 -0.00720092700794339180
-0.93999999761581420900 -0.00712246214970946312
-0.93000000715255737300 -0.00702423183247447014
-0.92000001668930053700 -0.00694985408335924149
-0.91000002622604370100 -0.00685994885861873627
-0.89999997615814209000 -0.00677629187703132630
-0.88999998569488525400 -0.00667708599939942360
-0.87999999523162841800 -0.00658811489120125771
-0.87000000476837158200 -0.00650315219536423683
-0.86000001430511474600 -0.00642413692548871041
-0.85000002384185791000 -0.00632074009627103806
-0.83999997377395629900 -0.00623219506815075874
-0.82999998331069946300 -0.00615383079275488854
-0.81999999284744262700 -0.00605851504951715470
-0.81000000238418579100 -0.00597579590976238251
-0.80000001192092895500 -0.00588414305821061134
-0.79000002145767211900 -0.00579903600737452507
-0.77999997138977050800 -0.00572779821231961250
-0.76999998092651367200 -0.00562651408836245537
-0.75999999046325683600 -0.00555154401808977127
-0.75000000000000000000 -0.00546688400208950043
-0.74000000953674316400 -0.00537471799179911614
-0.73000001907348632800 -0.00529916398227214813
-0.72000002861022949200 -0.00521419988945126534
-0.70999997854232788100 -0.00513027701526880264
-0.69999998807907104500 -0.00503927189856767655
-0.68999999761581420900 -0.00497207418084144592
-0.68000000715255737300 -0.00489086611196398735
-0.67000001668930053700 -0.00481363898143172264
-0.66000002622604370100 -0.00472302315756678581
-0.64999997615814209000 -0.00464399904012680054
-0.63999998569488525400 -0.00456209480762481690
-0.62999999523162841800 -0.00448620505630970001
-0.62000000476837158200 -0.00440473202615976334
-0.61000001430511474600 -0.00432718684896826744
-0.60000002384185791000 -0.00425043422728776932
-0.58999997377395629900 -0.00416930392384529114
-0.57999998331069946300 -0.00408187694847583771
-0.56999999284744262700 -0.00399936502799391747
-0.56000000238418579100 -0.00392017187550663948
-0.55000001192092895500 -0.00384284299798309803
-0.54000002145767211900 -0.00376816396601498127
-0.52999997138977050800 -0.00369070307351648808
-0.51999998092651367200 -0.00361514091491699219
-0.50999999046325683600 -0.00353776593692600727
-0.50000000000000000000 -0.00346057093702256680
-0.49000000953674316400 -0.00338572100736200810
-0.47999998927116394000 -0.00331120798364281654
-0.46999999880790710400 -0.00322911795228719711
-0.46000000834465026800 -0.00315693300217390061
-0.44999998807907104500 -0.00308475992642343044
-0.43999999761581420900 -0.00300815096125006676
-0.43000000715255737300 -0.00293642305769026280
-0.41999998688697814900 -0.00285996403545141220
-0.40999999642372131300 -0.00278535205870866776
-0.40000000596046447700 -0.00271427002735435963
-0.38999998569488525400 -0.00264050392434000969
-0.37999999523162841800 -0.00257017207331955433
-0.37000000476837158200 -0.00249960203655064106
-0.36000001430511474600 -0.00242923898622393608
-0.34999999403953552200 -0.00235933391377329826
-0.34000000357627868600 -0.00228693499229848385
-0.33000001311302185100 -0.00221858499571681023
-0.31999999284744262700 -0.00215056608431041241
-0.31000000238418579100 -0.00208036089316010475
-0.30000001192092895500 -0.00200715102255344391
-0.28999999165534973100 -0.00193942000623792410
-0.28000000119209289500 -0.00186869397293776274
-0.27000001072883606000 -0.00179709901567548513
-0.25999999046325683600 -0.00172981596551835537
-0.25000000000000000000 -0.00166490697301924229
-0.23999999463558197000 -0.00159702799282968044
-0.23000000417232513400 -0.00152968300972133875
-0.21999999880790710400 -0.00145804404746741056
-0.20999999344348907500 -0.00139302294701337814
-0.20000000298023223900 -0.00132826797198504210
-0.18999999761581420900 -0.00125891994684934616
-0.18000000715255737300 -0.00119212397839874029
-0.17000000178813934300 -0.00112542998977005482
-0.15999999642372131300 -0.00105733796954154968
-0.15000000596046447800 -0.00098904152400791645
-0.14000000059604644800 -0.00092342612333595753
-0.12999999523162841800 -0.00085812172619625926
-0.11999999731779098500 -0.00079089339124038816
-0.10999999940395355200 -0.00072512449696660042
-0.10000000149011611900 -0.00066128367325291038
-0.09000000357627868650 -0.00059460452757775784
-0.07999999821186065670 -0.00052771682385355234
-0.07000000029802322390 -0.00046273518819361925
-0.05999999865889549260 -0.00039649888640269637
-0.05000000074505805970 -0.00033069201163016260
-0.03999999910593032840 -0.00026465908740647137
-0.02999999932944774630 -0.00019896250159945339
-0.01999999955296516420 -0.00013320600555744022
-0.00999999977648258210 -0.00006793830834794790
0.00000000000000000000 -0.00000188184196758812
0.00999999977648258210 0.00006386529275914654
0.01999999955296516420 0.00013003530330024660
0.02999999932944774630 0.00019716929818969220
0.03999999910593032840 0.00026456240448169410
0.05000000074505805970 0.00033094410900957882
0.05999999865889549260 0.00039906668826006353
0.07000000029802322390 0.00046664549154229462
0.07999999821186065670 0.00053483509691432118
0.09000000357627868650 0.00060430867597460747
0.10000000149011611900 0.00067211687564849854
0.10999999940395355200 0.00074066809611395001
0.11999999731779098500 0.00080943241482600570
0.12999999523162841800 0.00087822019122540951
0.14000000059604644800 0.00094631727552041411
0.15000000596046447800 0.00101803801953792572
0.15999999642372131300 0.00108821201138198376
0.17000000178813934300 0.00115901301614940167
0.18000000715255737300 0.00123184302356094122
0.18999999761581420900 0.00130283401813358069
0.20000000298023223900 0.00137730105780065060
0.20999999344348907500 0.00144997495226562023
0.21999999880790710400 0.00152035802602767944
0.23000000417232513400 0.00159237405750900507
0.23999999463558197000 0.00166726997122168541
0.25000000000000000000 0.00174241198692470789
0.25999999046325683600 0.00181820499710738659
0.27000001072883606000 0.00188963697291910648
0.28000000119209289500 0.00196733488701283932
0.28999999165534973100 0.00204111495986580849
0.30000001192092895500 0.00211891997605562210
0.31000000238418579100 0.00219880603253841400
0.31999999284744262700 0.00227329693734645844
0.33000001311302185100 0.00234899600036442280
0.34000000357627868600 0.00243209395557641983
0.34999999403953552200 0.00250816694460809231
0.36000001430511474600 0.00258617708459496498
0.37000000476837158200 0.00266531994566321373
0.37999999523162841800 0.00274838111363351345
0.38999998569488525400 0.00282542989589273930
0.40000000596046447700 0.00290647195652127266
0.40999999642372131300 0.00299081602133810520
0.41999998688697814900 0.00307284109294414520
0.43000000715255737300 0.00314882909879088402
0.43999999761581420900 0.00323216198012232781
0.44999998807907104500 0.00330832996405661106
0.46000000834465026800 0.00339403911493718624
0.46999999880790710400 0.00347516592592000961
0.47999998927116394000 0.00356417591683566570
0.49000000953674316400 0.00364327896386384964
0.50000000000000000000 0.00372962304390966892
0.50999999046325683600 0.00381540902890264988
0.51999998092651367200 0.00390334893018007279
0.52999997138977050800 0.00399067718535661698
0.54000002145767211900 0.00406989781185984612
0.55000001192092895500 0.00415414012968540192
0.56000000238418579100 0.00424773804843425751
0.56999999284744262700 0.00433154311031103134
0.57999998331069946300 0.00441967276856303215
0.58999997377395629900 0.00450542382895946503
0.60000002384185791000 0.00459324801340699196
0.61000001430511474600 0.00468536978587508202
0.62000000476837158200 0.00476990314200520516
0.62999999523162841800 0.00485937576740980148
0.63999998569488525400 0.00494864396750926972
0.64999997615814209000 0.00503896083682775498
0.66000002622604370100 0.00513334805145859718
0.67000001668930053700 0.00522969197481870651
0.68000000715255737300 0.00531110493466258049
0.68999999761581420900 0.00540230609476566315
0.69999998807907104500 0.00550004700198769570
0.70999997854232788100 0.00558714102953672409
0.72000002861022949200 0.00568162417039275170
0.73000001907348632800 0.00577796204015612602
0.74000000953674316400 0.00587297603487968445
0.75000000000000000000 0.00596981123089790344
0.75999999046325683600 0.00605595996603369713
0.76999998092651367200 0.00615274021402001381
0.77999997138977050800 0.00625036098062992096
0.79000002145767211900 0.00635040597990155220
0.80000001192092895500 0.00644469819962978363
0.81000000238418579100 0.00654072221368551254
0.81999999284744262700 0.00664331298321485520
0.82999998331069946300 0.00674047088250517845
0.83999997377395629900 0.00683330092579126358
0.85000002384185791000 0.00693451194092631340
0.86000001430511474600 0.00703986408188939095
0.87000000476837158200 0.00713816797360777855
0.87999999523162841800 0.00724464887753129006
0.88999998569488525400 0.00733912596479058266
0.89999997615814209000 0.00744914682582020760
0.91000002622604370100 0.00755231687799096108
0.92000001668930053700 0.00765560707077383995
0.93000000715255737300 0.00774732278659939766
0.93999999761581420900 0.00786861032247543335
0.94999998807907104500 0.00796706881374120713
0.95999997854232788100 0.00807314645498991013
0.97000002861022949200 0.00816287565976381302
0.98000001907348632800 0.00828799139708280564
0.99000000953674316400 0.00838281027972698212
1.00000000000000000000 0.00849305465817451477
