-1.00000000000000000000 -0.00187055894639343023
-0.99000000953674316400 -0.00183020997792482376
-0.98000001907348632800 -0.00180185004137456417
-0.97000002861022949200 -0.00177933403756469488
-0.95999997854232788100 -0.00175949500408023596
-0.94999998807907104500 -0.00174206099472939968
-0.93999999761581420900 -0.00172162300441414118
-0.93000000715255737300 -0.00170614605303853750
-0.92000001668930053700 -0.00169324001763015986
-0.91000002622604370100 -0.00167622999288141728
-0.89999997615814209000 -0.00166217202786356211
-0.88999998569488525400 -0.00165311200544238091
-0.87999999523162841800 -0.00164424395188689232
-0.87000000476837158200 -0.00163675996009260416
-0.86000001430511474600 -0.00162888097111135721
-0.85000002384185791000 -0.00161964795552194119
-0.83999997377395629900 -0.00160910096019506455
-0.82999998331069946300 -0.00159614405129104853
-0.81999999284744262700 -0.00159030500799417496
-0.81000000238418579100 -0.00158098002430051565
-0.80000001192092895500 -0.00156931998208165169
-0.79000002145767211900 -0.00156276300549507141
-0.77999997138977050800 -0.00155751802958548069
-0.76999998092651367200 -0.00155305804219096899
-0.75999999046325683600 -0.00154674903023988009
-0.75000000000000000000 -0.00154197996016591787
-0.74000000953674316400 -0.00153177604079246521
-0.73000001907348632800 -0.00152211100794374943
-0.72000002861022949200 -0.00151811295654624701
-0.70999997854232788100 -0.00150928902439773083
-0.69999998807907104500 -0.00149923202116042376
-0.68999999761581420900 -0.00149321299977600575
-0.68000000715255737300 -0.00148903194349259138
-0.67000001668930053700 -0.00148527603596448898
-0.66000002622604370100 -0.00148162001278251410
-0.64999997615814209000 -0.00147709797602146864
-0.63999998569488525400 -0.00146831397432833910
-0.62999999523162841800 -0.00145923998206853867
-0.62000000476837158200 -0.00145549501758068800
-0.61000001430511474600 -0.00144927296787500382
-0.60000002384185791000 -0.00143954704981297255
-0.58999997377395629900 -0.00143479998223483563
-0.57999998331069946300 -0.00143066002056002617
-0.56999999284744262700 -0.00142779794987291098
-0.56000000238418579100 -0.00142310594674199820
-0.55000001192092895500 -0.00142124295234680176
-0.54000002145767211900 -0.00141322298441082239
-0.52999997138977050800 -0.00140312500298023224
-0.51999998092651367200 -0.00140083604492247105
-0.50999999046325683600 -0.00139511201996356249
-0.50000000000000000000 -0.00138468004297465086
-0.49000000953674316400 -0.00137998303398489952
-0.47999998927116394000 -0.00137693295255303383
-0.46999999880790710400 -0.00137316703330725431
-0.46000000834465026800 -0.00137069995980709791
-0.44999998807907104500 -0.00136795605067163706
-0.43999999761581420900 -0.00136043597012758255
-0.43000000715255737300 -0.00135187199339270592
-0.41999998688697814900 -0.00134973297826945782
-0.40999999642372131300 -0.00134305795654654503
-0.40000000596046447700 -0.00133386405650526285
-0.38999998569488525400 -0.00133015401661396027
-0.37999999523162841800 -0.00132551195565611124
-0.37000000476837158200 -0.00132274697534739971
-0.36000001430511474600 -0.00131971598602831364
-0.34999999403953552200 -0.00131571001838892698
-0.34000000357627868600 -0.00131015200167894363
-0.33000001311302185100 -0.00130293297115713358
-0.31999999284744262700 -0.00129791395738720894
-0.31000000238418579100 -0.00129314605146646500
-0.30000001192092895500 -0.00128559605218470097
-0.28999999165534973100 -0.00127867504488676786
-0.28000000119209289500 -0.00127607700414955616
-0.27000001072883606000 -0.00127339502796530724
-0.25999999046325683600 -0.00126910500694066286
-0.25000000000000000000 -0.00126686494331806898
-0.23999999463558197000 -0.00126225396525114775
-0.23000000417232513400 -0.00125393597409129143
-0.21999999880790710400 -0.00124847504775971174
-0.20999999344348907500 -0.00124477897770702839
-0.20000000298023223900 -0.00123685505241155624
-0.18999999761581420900 -0.00123123102821409702
-0.18000000715255737300 -0.00122681201901286840
-0.17000000178813934300 -0.00122276297770440578
-0.15999999642372131300 -0.00122007401660084724
-0.15000000596046447800 -0.00121721101459115744
-0.14000000059604644800 -0.00121203996241092682
-0.12999999523162841800 -0.00120526505634188652
-0.11999999731779098500 -0.00119831401389092207
-0.10999999940395355200 -0.00119485799223184586
-0.10000000149011611900 -0.00118776201270520687
-0.09000000357627868650 -0.00118060305248945952
-0.07999999821186065670 -0.00117494899313896894
-0.07000000029802322390 -0.00117118796333670616
-0.05999999865889549260 -0.00116816000081598759
-0.05000000074505805970 -0.00116383098065853119
-0.03999999910593032840 -0.00115989800542593002
-0.02999999932944774630 -0.00115252402611076832
-0.01999999955296516420 -0.00114397704601287842
-0.00999999977648258210 -0.00114037503954023123
0.00000000000000000000 -0.00113342504482716322
0.00999999977648258210 -0.00112463301047682762
0.01999999955296516420 -0.00111878104507923126
0.02999999932944774630 -0.00111405295319855213
0.03999999910593032840 -0.00110927305649966002
0.05000000074505805970 -0.00110517104621976614
0.05999999865889549260 -0.00109993899241089821
0.07000000029802322390 -0.00109264301136136055
0.07999999821186065670 -0.00108241103589534760
0.09000000357627868650 -0.00107709597796201706
0.10000000149011611900 -0.00106985005550086498
0.10999999940395355200 -0.00105946697294712067
0.11999999731779098500 -0.00105171604081988335
0.12999999523162841800 -0.00104508805088698864
0.14000000059604644800 -0.00103917205706238747
0.15000000596046447800 -0.00103146501351147890
0.15999999642372131300 -0.00102533004246652126
0.17000000178813934300 -0.00101582298520952463
0.18000000715255737300 -0.00100458599627017975
0.18999999761581420900 -0.00101427896879613400
0.20000000298023223900 -0.00099659443367272615
0.20999999344348907500 -0.00098250492010265589
0.21999999880790710400 -0.00096719362773001194
0.23000000417232513400 -0.00095591798890382052
0.23999999463558197000 -0.00094238860765472055
0.25000000000000000000 -0.00092626077821478248
0.25999999046325683600 -0.00091138348216190934
0.27000001072883606000 -0.00089677912183105946
0.28000000119209289500 -0.00088235421571880579
0.28999999165534973100 -0.00086510682012885809
0.30000001192092895500 -0.00084734178381040692
0.31000000238418579100 -0.00082573830150067806
0.31999999284744262700 -0.00080031371908262372
0.33000001311302185100 -0.00077609199797734618
0.34000000357627868600 -0.00074820802547037601
0.34999999403953552200 -0.00071488990215584636
0.36000001430511474600 -0.00068104261299595237
0.37000000476837158200 -0.00064406177261844277
0.37999999523162841800 -0.00060258817393332720
0.38999998569488525400 -0.00055701192468404770
0.40000000596046447700 -0.00050547602586448193
0.40999999642372131300 -0.00044702118611894548
0.41999998688697814900 -0.00038160229451023042
0.43000000715255737300 -0.00031106118694879115
0.43999999761581420900 -0.00023253790277522057
0.44999998807907104500 -0.00014562059368472546
0.46000000834465026800 -0.00006562424823641777
0.46999999880790710400 0.00002335329008928966
0.47999998927116394000 0.00013668340397998691
0.49000000953674316400 0.00026201439322903752
0.50000000000000000000 0.00039330890285782516
0.50999999046325683600 0.00053257431136444211
0.51999998092651367200 0.00068121362710371614
0.52999997138977050800 0.00083937187446281314
0.54000002145767211900 0.00100605096668004990
0.55000001192092895500 0.00115769996773451567
0.56000000238418579100 0.00134779501240700483
0.56999999284744262700 0.00154281104914844036
0.57999998331069946300 0.00174630305264145136
0.58999997377395629900 0.00195712503045797348
0.60000002384185791000 0.00217386102303862572
0.61000001430511474600 0.00239886110648512840
0.62000000476837158200 0.00263169710524380207
0.62999999523162841800 0.00286846095696091652
0.63999998569488525400 0.00311297504231333733
0.64999997615814209000 0.00336513505317270756
0.66000002622604370100 0.00362197402864694595
0.67000001668930053700 0.00388547405600547791
0.68000000715255737300 0.00415246700868010521
0.68999999761581420900 0.00442529888823628426
0.69999998807907104500 0.00469888886436820030
0.70999997854232788100 0.00497634615749120712
0.72000002861022949200 0.00526353716850280762
0.73000001907348632800 0.00554874679073691368
0.74000000953674316400 0.00583586795255541802
0.75000000000000000000 0.00613158987835049629
0.75999999046325683600 0.00643046712502837181
0.76999998092651367200 0.00673302682116627693
0.77999997138977050800 0.00703765405341982842
0.79000002145767211900 0.00734381983056664467
0.80000001192092895500 0.00764757813885807991
0.81000000238418579100 0.00795183982700109482
0.81999999284744262700 0.00826576910912990570
0.82999998331069946300 0.00857672840356826782
0.83999997377395629900 0.00888409279286861420
0.85000002384185791000 0.00919997785240411759
0.86000001430511474600 0.00952021218836307526
0.87000000476837158200 0.00984191894531250000
0.87999999523162841800 0.01016260962933301930
0.88999998569488525400 0.01048794016242027280
0.89999997615814209000 0.01075363997370004650
0.91000002622604370100 0.01108833961188793180
0.92000001668930053700 0.01141635980457067490
0.93000000715255737300 0.01174452994018793110
0.93999999761581420900 0.01206421013921499250
0.94999998807907104500 0.01237719971686601640
0.95999997854232788100 0.01270083989948034290
0.97000002861022949200 0.01302228029817342760
0.98000001907348632800 0.01333502028137445450
0.99000000953674316400 0.01365508046001195910
1.00000000000000000000 0.01398233044892549510
