-1.00000000000000000000 -0.00426888186484575272
-0.99000000953674316400 -0.00422586314380168915
-0.98000001907348632800 -0.00420300289988517761
-0.97000002861022949200 -0.00419104704633355141
-0.95999997854232788100 -0.00418588286265730858
-0.94999998807907104500 -0.00417601503431797028
-0.93999999761581420900 -0.00417300686240196228
-0.93000000715255737300 -0.00415638089179992676
-0.92000001668930053700 -0.00413588108494877815
-0.91000002622604370100 -0.00412634899839758873
-0.89999997615814209000 -0.00412092404440045357
-0.88999998569488525400 -0.00409942911937832832
-0.87999999523162841800 -0.00408744998276233673
-0.87000000476837158200 -0.00408511888235807419
-0.86000001430511474600 -0.00408210698515176773
-0.85000002384185791000 -0.00408161012455821037
-0.83999997377395629900 -0.00407865317538380623
-0.82999998331069946300 -0.00407290598377585411
-0.81999999284744262700 -0.00405655102804303169
-0.81000000238418579100 -0.00404517492279410362
-0.80000001192092895500 -0.00404255418106913567
-0.79000002145767211900 -0.00402896897867321968
-0.77999997138977050800 -0.00401499588042497635
-0.76999998092651367200 -0.00401072902604937554
-0.75999999046325683600 -0.00401190901175141335
-0.75000000000000000000 -0.00400996394455432892
-0.74000000953674316400 -0.00401355419307947159
-0.73000001907348632800 -0.00400741398334503174
-0.72000002861022949200 -0.00399413099512457848
-0.70999997854232788100 -0.00397991714999079704
-0.69999998807907104500 -0.00398082798346877098
-0.68999999761581420900 -0.00396973313763737679
-0.68000000715255737300 -0.00395269785076379776
-0.67000001668930053700 -0.00394966406747698784
-0.66000002622604370100 -0.00394692877307534218
-0.64999997615814209000 -0.00395157700404524803
-0.63999998569488525400 -0.00394872808828949928
-0.62999999523162841800 -0.00395009620115160942
-0.62000000476837158200 -0.00393576780334115028
-0.61000001430511474600 -0.00391897419467568398
-0.60000002384185791000 -0.00391937512904405594
-0.58999997377395629900 -0.00391188077628612518
-0.57999998331069946300 -0.00389537611044943333
-0.56999999284744262700 -0.00388793810270726681
-0.56000000238418579100 -0.00388961308635771275
-0.55000001192092895500 -0.00389068503864109516
-0.54000002145767211900 -0.00388654298149049282
-0.52999997138977050800 -0.00389126990921795368
-0.51999998092651367200 -0.00388187402859330177
-0.50999999046325683600 -0.00385846896097064018
-0.50000000000000000000 -0.00386160402558743954
-0.49000000953674316400 -0.00385622796602547169
-0.47999998927116394000 -0.00383453094400465489
-0.46999999880790710400 -0.00383138703182339668
-0.46000000834465026800 -0.00382820400409400463
-0.44999998807907104500 -0.00382578000426292420
-0.43999999761581420900 -0.00383092393167316914
-0.43000000715255737300 -0.00383088993839919567
-0.41999998688697814900 -0.00381881697103381157
-0.40999999642372131300 -0.00380880990996956825
-0.40000000596046447700 -0.00379866710864007473
-0.38999998569488525400 -0.00379335600882768631
-0.37999999523162841800 -0.00378625001758337021
-0.37000000476837158200 -0.00377024710178375244
-0.36000001430511474600 -0.00376391201280057430
-0.34999999403953552200 -0.00376562890596687794
-0.34000000357627868600 -0.00376736000180244446
-0.33000001311302185100 -0.00376122188754379749
-0.31999999284744262700 -0.00376282399520277977
-0.31000000238418579100 -0.00374751305207610130
-0.30000001192092895500 -0.00373117206618189812
-0.28999999165534973100 -0.00373499607667326927
-0.28000000119209289500 -0.00372132007032632828
-0.27000001072883606000 -0.00370265706442296505
-0.25999999046325683600 -0.00369847193360328674
-0.25000000000000000000 -0.00369695411063730717
-0.23999999463558197000 -0.00369529495947062969
-0.23000000417232513400 -0.00369655690155923367
-0.21999999880790710400 -0.00369275989942252636
-0.20999999344348907500 -0.00367963593453168869
-0.20000000298023223900 -0.00366113800555467606
-0.18999999761581420900 -0.00366023997776210308
-0.18000000715255737300 -0.00365107692778110504
-0.17000000178813934300 -0.00363227794878184796
-0.15999999642372131300 -0.00362500501796603203
-0.15000000596046447800 -0.00362263596616685391
-0.14000000059604644800 -0.00362184690311551094
-0.12999999523162841800 -0.00361797492951154709
-0.11999999731779098500 -0.00361538096331059933
-0.10999999940395355200 -0.00360231008380651474
-0.10000000149011611900 -0.00358159793540835381
-0.09000000357627868650 -0.00357936299405992031
-0.07999999821186065670 -0.00356929888948798180
-0.07000000029802322390 -0.00354903098195791245
-0.05999999865889549260 -0.00353718595579266548
-0.05000000074505805970 -0.00353456404991447926
-0.03999999910593032840 -0.00353016192093491554
-0.02999999932944774630 -0.00352529110386967659
-0.01999999955296516420 -0.00352167594246566296
-0.00999999977648258210 -0.00350913894362747669
0.00000000000000000000 -0.00348575506359338760
0.00999999977648258210 -0.00347409700043499470
0.01999999955296516420 -0.00346600008197128773
0.02999999932944774630 -0.00345023209229111672
0.03999999910593032840 -0.00343130994588136673
0.05000000074505805970 -0.00342052010819315910
0.05999999865889549260 -0.00341425905935466290
0.07000000029802322390 -0.00340675702318549156
0.07999999821186065670 -0.00339990598149597645
0.09000000357627868650 -0.00338738807477056980
0.10000000149011611900 -0.00336667499504983425
0.10999999940395355200 -0.00334435189142823219
0.11999999731779098500 -0.00333544705063104630
0.12999999523162841800 -0.00331677310168743134
0.14000000059604644800 -0.00329038896597921848
0.15000000596046447800 -0.00327325589023530483
0.15999999642372131300 -0.00325853400863707066
0.17000000178813934300 -0.00324696605093777180
0.18000000715255737300 -0.00323058594949543476
0.18999999761581420900 -0.00321445497684180737
0.20000000298023223900 -0.00318792299367487431
0.20999999344348907500 -0.00315495999529957771
0.21999999880790710400 -0.00313557591289281845
0.23000000417232513400 -0.00310938293114304543
0.23999999463558197000 -0.00307232001796364784
0.25000000000000000000 -0.00304320501163601875
0.25999999046325683600 -0.00301980809308588505
0.27000001072883606000 -0.00299280509352684021
0.28000000119209289500 -0.00296183396130800247
0.28999999165534973100 -0.00293028797022998333
0.30000001192092895500 -0.00289170397445559502
0.31000000238418579100 -0.00284282793290913105
0.31999999284744262700 -0.00280373892746865749
0.33000001311302185100 -0.00275860098190605640
0.34000000357627868600 -0.00270286505110561848
0.34999999403953552200 -0.00265001389198005200
0.36000001430511474600 -0.00259863701649010182
0.37000000476837158200 -0.00254182796925306320
0.37999999523162841800 -0.00248426711186766625
0.38999998569488525400 -0.00242143403738737106
0.40000000596046447700 -0.00234821205958724022
0.40999999642372131300 -0.00226990994997322559
0.41999998688697814900 -0.00218591606244444847
0.43000000715255737300 -0.00210085208527743816
0.43999999761581420900 -0.00200810888782143593
0.44999998807907104500 -0.00190810696221888065
0.46000000834465026800 -0.00180457695387303829
0.46999999880790710400 -0.00169890304096043110
0.47999998927116394000 -0.00158743897918611765
0.49000000953674316400 -0.00146583502646535635
0.50000000000000000000 -0.00134145701304078102
0.50999999046325683600 -0.00120614003390073776
0.51999998092651367200 -0.00106308900285512209
0.52999997138977050800 -0.00094364362303167582
0.54000002145767211900 -0.00078484590630978346
0.55000001192092895500 -0.00062393589178100228
0.56000000238418579100 -0.00046046890201978385
0.56999999284744262700 -0.00029471318703144789
0.57999998331069946300 -0.00012234499445185065
0.58999997377395629900 0.00003574879156076349
0.60000002384185791000 0.00020048259466420859
0.61000001430511474600 0.00038772058906033635
0.62000000476837158200 0.00057427468709647656
0.62999999523162841800 0.00076116441050544381
0.63999998569488525400 0.00094992999220266938
0.64999997615814209000 0.00112355197779834271
0.66000002622604370100 0.00131678394973278046
0.67000001668930053700 0.00150731403846293688
0.68000000715255737300 0.00169735495001077652
0.68999999761581420900 0.00188771996181458235
0.69999998807907104500 0.00207724608480930328
0.70999997854232788100 0.00226482097059488297
0.72000002861022949200 0.00245268689468502998
0.73000001907348632800 0.00263520795851945877
0.74000000953674316400 0.00281346589326858521
0.75000000000000000000 0.00299692689441144466
0.75999999046325683600 0.00317465397529304028
0.76999998092651367200 0.00334593700245022774
0.77999997138977050800 0.00352217908948659897
0.79000002145767211900 0.00369714503176510334
0.80000001192092895500 0.00386956194415688515
0.81000000238418579100 0.00404274603351950646
0.81999999284744262700 0.00421348307281732559
0.82999998331069946300 0.00437595695257186890
0.83999997377395629900 0.00453514186665415764
0.85000002384185791000 0.00470239715650677681
0.86000001430511474600 0.00485993688926100731
0.87000000476837158200 0.00501300022006034851
0.87999999523162841800 0.00517107080668210983
0.88999998569488525400 0.00532830879092216492
0.89999997615814209000 0.00548815215006470680
0.91000002622604370100 0.00564521783962845802
0.92000001668930053700 0.00579994404688477516
0.93000000715255737300 0.00594850722700357437
0.93999999761581420900 0.00609052320942282677
0.94999998807907104500 0.00624134205281734467
0.95999997854232788100 0.00638699112460017204
0.97000002861022949200 0.00652237003669142723
0.98000001907348632800 0.00666319206357002258
0.99000000953674316400 0.00681303488090634346
1.00000000000000000000 0.00695855589583516121
