-1.00000000000000000000 -0.01741556078195571900
-0.99000000953674316400 -0.01788174919784069060
-0.98000001907348632800 -0.01806437037885189060
-0.97000002861022949200 -0.01813999935984611510
-0.95999997854232788100 -0.01815707050263881680
-0.94999998807907104500 -0.01815192960202693940
-0.93999999761581420900 -0.01809521019458770750
-0.93000000715255737300 -0.01801517046988010410
-0.92000001668930053700 -0.01791461929678916930
-0.91000002622604370100 -0.01779997907578945160
-0.89999997615814209000 -0.01769977994263172150
-0.88999998569488525400 -0.01755042932927608490
-0.87999999523162841800 -0.01740268059074878690
-0.87000000476837158200 -0.01723299920558929440
-0.86000001430511474600 -0.01704755984246730800
-0.85000002384185791000 -0.01687387935817241670
-0.83999997377395629900 -0.01669367961585521700
-0.82999998331069946300 -0.01648299954831600190
-0.81999999284744262700 -0.01627760939300060270
-0.81000000238418579100 -0.01609647087752819060
-0.80000001192092895500 -0.01589920930564403530
-0.79000002145767211900 -0.01569342054426670070
-0.77999997138977050800 -0.01550251990556716920
-0.76999998092651367200 -0.01528286002576351170
-0.75999999046325683600 -0.01505139004439115520
-0.75000000000000000000 -0.01486007031053304670
-0.74000000953674316400 -0.01464215014129877090
-0.73000001907348632800 -0.01441755983978509900
-0.72000002861022949200 -0.01420781016349792480
-0.70999997854232788100 -0.01398827042430639270
-0.69999998807907104500 -0.01377991028130054470
-0.68999999761581420900 -0.01358040980994701390
-0.68000000715255737300 -0.01337138004601001740
-0.67000001668930053700 -0.01314099971204996110
-0.66000002622604370100 -0.01292064972221851350
-0.64999997615814209000 -0.01271404046565294270
-0.63999998569488525400 -0.01249052025377750400
-0.62999999523162841800 -0.01226987969130277630
-0.62000000476837158200 -0.01206240989267826080
-0.61000001430511474600 -0.01184995006769895550
-0.60000002384185791000 -0.01165707036852836610
-0.58999997377395629900 -0.01145157031714916230
-0.57999998331069946300 -0.01124264020472764970
-0.56999999284744262700 -0.01103765983134508130
-0.56000000238418579100 -0.01082096993923187260
-0.55000001192092895500 -0.01062010042369365690
-0.54000002145767211900 -0.01042304001748561860
-0.52999997138977050800 -0.01020872965455055240
-0.51999998092651367200 -0.01000155974179506300
-0.50999999046325683600 -0.00979889743030071259
-0.50000000000000000000 -0.00959786958992481232
-0.49000000953674316400 -0.00941343978047370911
-0.47999998927116394000 -0.00923546683043241501
-0.46999999880790710400 -0.00905379932373762131
-0.46000000834465026800 -0.00888176355510950089
-0.44999998807907104500 -0.00871091429144144058
-0.43999999761581420900 -0.00851694494485855103
-0.43000000715255737300 -0.00833221338689327240
-0.41999998688697814900 -0.00816606357693672180
-0.40999999642372131300 -0.00798031315207481385
-0.40000000596046447700 -0.00780791882425546646
-0.38999998569488525400 -0.00764311291277408600
-0.37999999523162841800 -0.00747490022331476212
-0.37000000476837158200 -0.00732925208285450936
-0.36000001430511474600 -0.00718333804979920388
-0.34999999403953552200 -0.00702131912112236023
-0.34000000357627868600 -0.00687136594206094742
-0.33000001311302185100 -0.00671014096587896347
-0.31999999284744262700 -0.00656091189011931420
-0.31000000238418579100 -0.00642923917621374130
-0.30000001192092895500 -0.00628300197422504425
-0.28999999165534973100 -0.00614161416888237000
-0.28000000119209289500 -0.00602511782199144364
-0.27000001072883606000 -0.00591285619884729386
-0.25999999046325683600 -0.00578670995309948921
-0.25000000000000000000 -0.00569302216172218323
-0.23999999463558197000 -0.00557164102792739868
-0.23000000417232513400 -0.00544179882854223252
-0.21999999880790710400 -0.00536271184682846070
-0.20999999344348907500 -0.00526714278385043144
-0.20000000298023223900 -0.00515364017337560654
-0.18999999761581420900 -0.00508061982691287995
-0.18000000715255737300 -0.00500643905252218247
-0.17000000178813934300 -0.00493003288283944130
-0.15999999642372131300 -0.00488060712814331055
-0.15000000596046447800 -0.00482255918905138970
-0.14000000059604644800 -0.00474359421059489250
-0.12999999523162841800 -0.00468199979513883591
-0.11999999731779098500 -0.00464049121364951134
-0.10999999940395355200 -0.00457998318597674370
-0.10000000149011611900 -0.00453181192278862000
-0.09000000357627868650 -0.00449375109747052193
-0.07999999821186065670 -0.00445419410243630409
-0.07000000029802322390 -0.00443928083404898644
-0.05999999865889549260 -0.00441408203914761543
-0.05000000074505805970 -0.00438878498971462250
-0.03999999910593032840 -0.00435466179624199867
-0.02999999932944774630 -0.00431317882612347603
-0.01999999955296516420 -0.00429676799103617668
-0.00999999977648258210 -0.00427766609936952591
0.00000000000000000000 -0.00423566112294793129
0.00999999977648258210 -0.00420713610947132111
0.01999999955296516420 -0.00420208508148789406
0.02999999932944774630 -0.00419039884582161904
0.03999999910593032840 -0.00417031720280647278
0.05000000074505805970 -0.00416368898004293442
0.05999999865889549260 -0.00413656793534755707
0.07000000029802322390 -0.00408877385780215264
0.07999999821186065670 -0.00407969020307064057
0.09000000357627868650 -0.00405560480430722237
0.10000000149011611900 -0.00400857720524072647
0.10999999940395355200 -0.00399026786908507347
0.11999999731779098500 -0.00396714080125093460
0.12999999523162841800 -0.00393754523247480393
0.14000000059604644800 -0.00392013182863593102
0.15000000596046447800 -0.00389467389322817326
0.15999999642372131300 -0.00384408608078956604
0.17000000178813934300 -0.00379633088596165180
0.18000000715255737300 -0.00376432202756404877
0.18999999761581420900 -0.00371537311002612114
0.20000000298023223900 -0.00366220390424132347
0.20999999344348907500 -0.00361220701597630978
0.21999999880790710400 -0.00355897704139351845
0.23000000417232513400 -0.00352059211581945419
0.23999999463558197000 -0.00346811790950596333
0.25000000000000000000 -0.00340849091298878193
0.25999999046325683600 -0.00333848688751459122
0.27000001072883606000 -0.00324992602691054344
0.28000000119209289500 -0.00318448501639068127
0.28999999165534973100 -0.00311190006323158741
0.30000001192092895500 -0.00300954491831362248
0.31000000238418579100 -0.00292822904884815216
0.31999999284744262700 -0.00284225493669509888
0.33000001311302185100 -0.00274994410574436188
0.34000000357627868600 -0.00265447609126567841
0.34999999403953552200 -0.00255833496339619160
0.36000001430511474600 -0.00242814305238425732
0.37000000476837158200 -0.00229667010717093945
0.37999999523162841800 -0.00218552397564053536
0.38999998569488525400 -0.00204119202680885792
0.40000000596046447700 -0.00189416902139782906
0.40999999642372131300 -0.00175418204162269831
0.41999998688697814900 -0.00159501598682254553
0.43000000715255737300 -0.00144288199953734875
0.43999999761581420900 -0.00128745101392269135
0.44999998807907104500 -0.00110839703120291233
0.46000000834465026800 -0.00089964707149192691
0.46999999880790710400 -0.00072064448613673449
0.47999998927116394000 -0.00052258232608437538
0.49000000953674316400 -0.00031425899942405522
0.50000000000000000000 -0.00007936722977319732
0.50999999046325683600 0.00013545350520871580
0.51999998092651367200 0.00035905049298889935
0.52999997138977050800 0.00060220417799428105
0.54000002145767211900 0.00087466259719803929
0.55000001192092895500 0.00112770695704966784
0.56000000238418579100 0.00139224703889340162
0.56999999284744262700 0.00167609204072505236
0.57999998331069946300 0.00199019396677613258
0.58999997377395629900 0.00229668407700955868
0.60000002384185791000 0.00261652399785816670
0.61000001430511474600 0.00295975501649081707
0.62000000476837158200 0.00330749689601361752
0.62999999523162841800 0.00366311194375157356
0.63999998569488525400 0.00403880886733531952
0.64999997615814209000 0.00441686995327472687
0.66000002622604370100 0.00481816614046692848
0.67000001668930053700 0.00523950578644871712
0.68000000715255737300 0.00567867001518607140
0.68999999761581420900 0.00612366478890180588
0.69999998807907104500 0.00658129295334219933
0.70999997854232788100 0.00705056218430399895
0.72000002861022949200 0.00754041085019707680
0.73000001907348632800 0.00803662929683923722
0.74000000953674316400 0.00853949226438999176
0.75000000000000000000 0.00905370153486728668
0.75999999046325683600 0.00957953091710805893
0.76999998092651367200 0.01011294033378362660
0.77999997138977050800 0.01066476013511419300
0.79000002145767211900 0.01120597030967473980
0.80000001192092895500 0.01174778956919908520
0.81000000238418579100 0.01230121962726116180
0.81999999284744262700 0.01286649983376264570
0.82999998331069946300 0.01341942045837640760
0.83999997377395629900 0.01398266013711690900
0.85000002384185791000 0.01454322971403598790
0.86000001430511474600 0.01510064955800771710
0.87000000476837158200 0.01565607078373432160
0.87999999523162841800 0.01621228083968162540
0.88999998569488525400 0.01676419936120510100
0.89999997615814209000 0.01731367036700248720
0.91000002622604370100 0.01785797998309135440
0.92000001668930053700 0.01840181089937686920
0.93000000715255737300 0.01894354075193405150
0.93999999761581420900 0.01948031038045883180
0.94999998807907104500 0.02001699060201644900
0.95999997854232788100 0.02054885029792785640
0.97000002861022949200 0.02108155004680156710
0.98000001907348632800 0.02161066979169845580
0.99000000953674316400 0.02213942073285579680
1.00000000000000000000 0.02266925945878028870
