-1.00000000000000000000 -0.00613622507080435753
-0.99000000953674316400 -0.00614257995039224625
-0.98000001907348632800 -0.00612270506098866463
-0.97000002861022949200 -0.00611374806612730026
-0.95999997854232788100 -0.00612523779273033142
-0.94999998807907104500 -0.00612971512600779534
-0.93999999761581420900 -0.00612986693158745766
-0.93000000715255737300 -0.00614182185381650925
-0.92000001668930053700 -0.00613113911822438240
-0.91000002622604370100 -0.00609992304816842079
-0.89999997615814209000 -0.00610833009704947472
-0.88999998569488525400 -0.00610229279845952988
-0.87999999523162841800 -0.00608176505193114281
-0.87000000476837158200 -0.00608630711212754250
-0.86000001430511474600 -0.00609232205897569657
-0.85000002384185791000 -0.00610728794708848000
-0.83999997377395629900 -0.00612365314736962319
-0.82999998331069946300 -0.00612786505371332169
-0.81999999284744262700 -0.00611984403803944588
-0.81000000238418579100 -0.00610894802957773209
-0.80000001192092895500 -0.00611614622175693512
-0.79000002145767211900 -0.00611173221841454506
-0.77999997138977050800 -0.00610306393355131150
-0.76999998092651367200 -0.00610246323049068451
-0.75999999046325683600 -0.00610815687105059624
-0.75000000000000000000 -0.00613143900409340859
-0.74000000953674316400 -0.00612632697448134422
-0.73000001907348632800 -0.00613097706809639931
-0.72000002861022949200 -0.00613158708438277245
-0.70999997854232788100 -0.00610575918108224869
-0.69999998807907104500 -0.00611133780330419541
-0.68999999761581420900 -0.00611086422577500344
-0.68000000715255737300 -0.00609188200905919075
-0.67000001668930053700 -0.00609343219548463822
-0.66000002622604370100 -0.00611373176798224449
-0.64999997615814209000 -0.00611390080302953720
-0.63999998569488525400 -0.00611990783363580704
-0.62999999523162841800 -0.00612491089850664139
-0.62000000476837158200 -0.00609770091250538826
-0.61000001430511474600 -0.00609656190499663353
-0.60000002384185791000 -0.00610537407919764519
-0.58999997377395629900 -0.00607447000220417977
-0.57999998331069946300 -0.00607735477387905121
-0.56999999284744262700 -0.00609388109296560288
-0.56000000238418579100 -0.00609263218939304352
-0.55000001192092895500 -0.00611119391396641731
-0.54000002145767211900 -0.00612897798418998718
-0.52999997138977050800 -0.00610967399552464485
-0.51999998092651367200 -0.00609538005664944649
-0.50999999046325683600 -0.00611978117376565933
-0.50000000000000000000 -0.00610006181523203850
-0.49000000953674316400 -0.00608659908175468445
-0.47999998927116394000 -0.00609569391235709191
-0.46999999880790710400 -0.00609299913048744202
-0.46000000834465026800 -0.00610946584492921829
-0.44999998807907104500 -0.00612343195825815201
-0.43999999761581420900 -0.00611684890463948250
-0.43000000715255737300 -0.00610913522541522980
-0.41999998688697814900 -0.00609615119174122811
-0.40999999642372131300 -0.00609035184606909752
-0.40000000596046447700 -0.00608400208875536919
-0.38999998569488525400 -0.00606906507164239884
-0.37999999523162841800 -0.00605939282104372978
-0.37000000476837158200 -0.00607095798477530480
-0.36000001430511474600 -0.00607869401574134827
-0.34999999403953552200 -0.00607232283800840378
-0.34000000357627868600 -0.00607619807124137879
-0.33000001311302185100 -0.00606674700975418091
-0.31999999284744262700 -0.00605072220787405968
-0.31000000238418579100 -0.00606135511770844460
-0.30000001192092895500 -0.00604733312502503395
-0.28999999165534973100 -0.00603361614048480988
-0.28000000119209289500 -0.00604685908183455467
-0.27000001072883606000 -0.00605913996696472168
-0.25999999046325683600 -0.00606540916487574578
-0.25000000000000000000 -0.00608188286423683167
-0.23999999463558197000 -0.00607982510700821877
-0.23000000417232513400 -0.00604890519753098488
-0.21999999880790710400 -0.00606805691495537758
-0.20999999344348907500 -0.00606003403663635254
-0.20000000298023223900 -0.00603557797148823738
-0.18999999761581420900 -0.00604409677907824516
-0.18000000715255737300 -0.00604993384331464768
-0.17000000178813934300 -0.00605642003938555718
-0.15999999642372131300 -0.00606573186814785004
-0.15000000596046447800 -0.00607673078775405884
-0.14000000059604644800 -0.00605566985905170441
-0.12999999523162841800 -0.00604656198993325234
-0.11999999731779098500 -0.00605366192758083344
-0.10999999940395355200 -0.00604220293462276459
-0.10000000149011611900 -0.00602710479870438576
-0.09000000357627868650 -0.00602721795439720154
-0.07999999821186065670 -0.00603428110480308533
-0.07000000029802322390 -0.00604749796912074089
-0.05999999865889549260 -0.00604396080598235130
-0.05000000074505805970 -0.00604485115036368370
-0.03999999910593032840 -0.00603721290826797486
-0.02999999932944774630 -0.00602443981915712357
-0.01999999955296516420 -0.00602672388777136803
-0.00999999977648258210 -0.00602045003324747086
0.00000000000000000000 -0.00601036008447408676
0.00999999977648258210 -0.00601501017808914185
0.01999999955296516420 -0.00602787593379616738
0.02999999932944774630 -0.00604555290192365647
0.03999999910593032840 -0.00604602787643671036
0.05000000074505805970 -0.00605871202424168587
0.05999999865889549260 -0.00604557897895574570
0.07000000029802322390 -0.00602507218718528748
0.07999999821186065670 -0.00603687902912497521
0.09000000357627868650 -0.00602861819788813591
0.10000000149011611900 -0.00600607180967926979
0.10999999940395355200 -0.00601137196645140648
0.11999999731779098500 -0.00602486403658986092
0.12999999523162841800 -0.00602533901110291481
0.14000000059604644800 -0.00603290507569909096
0.15000000596046447800 -0.00602635880932211876
0.15999999642372131300 -0.00600311486050486565
0.17000000178813934300 -0.00599648989737033844
0.18000000715255737300 -0.00598925119265913964
0.18999999761581420900 -0.00595806306228041649
0.20000000298023223900 -0.00595446210354566574
0.20999999344348907500 -0.00595718203112483025
0.21999999880790710400 -0.00595626002177596092
0.23000000417232513400 -0.00596806919202208519
0.23999999463558197000 -0.00596887478604912758
0.25000000000000000000 -0.00595758482813835144
0.25999999046325683600 -0.00593938399106264115
0.27000001072883606000 -0.00594566389918327332
0.28000000119209289500 -0.00593189988285303116
0.28999999165534973100 -0.00591878779232501984
0.30000001192092895500 -0.00591500010341405869
0.31000000238418579100 -0.00591243989765644074
0.31999999284744262700 -0.00592123297974467278
0.33000001311302185100 -0.00591772794723510742
0.34000000357627868600 -0.00591708207502961159
0.34999999403953552200 -0.00589845888316631317
0.36000001430511474600 -0.00586238410323858261
0.37000000476837158200 -0.00585317797958850861
0.37999999523162841800 -0.00583471683785319328
0.38999998569488525400 -0.00578820798546075821
0.40000000596046447700 -0.00576578080654144287
0.40999999642372131300 -0.00574723584577441216
0.41999998688697814900 -0.00571240996941924095
0.43000000715255737300 -0.00566932884976267815
0.43999999761581420900 -0.00562582910060882569
0.44999998807907104500 -0.00554125383496284485
0.46000000834465026800 -0.00545089878141880036
0.46999999880790710400 -0.00537552498281002045
0.47999998927116394000 -0.00525414291769266129
0.49000000953674316400 -0.00512318406254053116
0.50000000000000000000 -0.00499778799712657929
0.50999999046325683600 -0.00484303012490272522
0.51999998092651367200 -0.00468109920620918274
0.52999997138977050800 -0.00450620520859956741
0.54000002145767211900 -0.00429860316216945648
0.55000001192092895500 -0.00407509878277778626
0.56000000238418579100 -0.00385581795126199722
0.56999999284744262700 -0.00360947893932461739
0.57999998331069946300 -0.00335118896327912808
0.58999997377395629900 -0.00309415208175778389
0.60000002384185791000 -0.00282143196091055870
0.61000001430511474600 -0.00254695490002632141
0.62000000476837158200 -0.00226444099098443985
0.62999999523162841800 -0.00196778192184865475
0.63999998569488525400 -0.00166619103401899338
0.64999997615814209000 -0.00135602697264403105
0.66000002622604370100 -0.00104251794982701540
0.67000001668930053700 -0.00070043490268290043
0.68000000715255737300 -0.00038948480505496264
0.68999999761581420900 -0.00007699291745666415
0.69999998807907104500 0.00023419760691467673
0.70999997854232788100 0.00055369577603414655
0.72000002861022949200 0.00087784411152824760
0.73000001907348632800 0.00126266898587346077
0.74000000953674316400 0.00160795799456536770
0.75000000000000000000 0.00195554899983108044
0.75999999046325683600 0.00230925809592008591
0.76999998092651367200 0.00266467104665935040
0.77999997138977050800 0.00302093103528022766
0.79000002145767211900 0.00338190188631415367
0.80000001192092895500 0.00374422594904899597
0.81000000238418579100 0.00410862313583493233
0.81999999284744262700 0.00447609787806868553
0.82999998331069946300 0.00484422780573368073
0.83999997377395629900 0.00521654076874256134
0.85000002384185791000 0.00558977294713258743
0.86000001430511474600 0.00596656696870923042
0.87000000476837158200 0.00634564785286784172
0.87999999523162841800 0.00672500813379883766
0.88999998569488525400 0.00710776215419173241
0.89999997615814209000 0.00749296601861715317
0.91000002622604370100 0.00787783693522214890
0.92000001668930053700 0.00826691836118698120
0.93000000715255737300 0.00865774508565664292
0.93999999761581420900 0.00904968380928039551
0.94999998807907104500 0.00944413058459758759
0.95999997854232788100 0.00983889680355787278
0.97000002861022949200 0.01023450959473848340
0.98000001907348632800 0.01013327017426490780
0.99000000953674316400 0.01051503978669643400
1.00000000000000000000 0.01089772023260593410
