-1.00000000000000000000 -0.00507587706670165062
-0.99000000953674316400 -0.00504722585901618004
-0.98000001907348632800 -0.00505170319229364395
-0.97000002861022949200 -0.00505681615322828293
-0.95999997854232788100 -0.00503433402627706528
-0.94999998807907104500 -0.00503032514825463295
-0.93999999761581420900 -0.00504470616579055786
-0.93000000715255737300 -0.00505062099546194077
-0.92000001668930053700 -0.00505081983283162117
-0.91000002622604370100 -0.00507279392331838608
-0.89999997615814209000 -0.00505398213863372803
-0.88999998569488525400 -0.00502722105011343956
-0.87999999523162841800 -0.00504812877625226975
-0.87000000476837158200 -0.00504417018964886666
-0.86000001430511474600 -0.00502303382381796837
-0.85000002384185791000 -0.00503419479355216026
-0.83999997377395629900 -0.00503555499017238617
-0.82999998331069946300 -0.00503657199442386627
-0.81999999284744262700 -0.00506256194785237312
-0.81000000238418579100 -0.00506464298814535141
-0.80000001192092895500 -0.00505040585994720459
-0.79000002145767211900 -0.00504215992987155914
-0.77999997138977050800 -0.00504158483818173409
-0.76999998092651367200 -0.00503609701991081238
-0.75999999046325683600 -0.00503022409975528717
-0.75000000000000000000 -0.00502441078424453736
-0.74000000953674316400 -0.00502048805356025696
-0.73000001907348632800 -0.00504294177517294884
-0.72000002861022949200 -0.00504135899245738983
-0.70999997854232788100 -0.00504193594679236412
-0.69999998807907104500 -0.00504485797137022019
-0.68999999761581420900 -0.00501931505277752876
-0.68000000715255737300 -0.00501526100561022759
-0.67000001668930053700 -0.00503096077591180802
-0.66000002622604370100 -0.00501039717346429825
-0.64999997615814209000 -0.00499206781387329102
-0.63999998569488525400 -0.00500862486660480499
-0.62999999523162841800 -0.00501044187694787979
-0.62000000476837158200 -0.00501776393502950668
-0.61000001430511474600 -0.00503591680899262428
-0.60000002384185791000 -0.00502842804417014122
-0.58999997377395629900 -0.00500676594674587250
-0.57999998331069946300 -0.00500818388536572457
-0.56999999284744262700 -0.00501283910125494003
-0.56000000238418579100 -0.00500035891309380531
-0.55000001192092895500 -0.00499826716259121895
-0.54000002145767211900 -0.00499799987301230431
-0.52999997138977050800 -0.00499924598261713982
-0.51999998092651367200 -0.00501845590770244599
-0.50999999046325683600 -0.00501778209581971169
-0.50000000000000000000 -0.00501366611570119858
-0.49000000953674316400 -0.00501093314960598946
-0.47999998927116394000 -0.00498937303200364113
-0.46999999880790710400 -0.00499226897954940796
-0.46000000834465026800 -0.00499756215140223503
-0.44999998807907104500 -0.00497624604031443596
-0.43999999761581420900 -0.00497193308547139168
-0.43000000715255737300 -0.00498498603701591492
-0.41999998688697814900 -0.00498956022784113884
-0.40999999642372131300 -0.00498510990291833878
-0.40000000596046447700 -0.00499926693737506867
-0.38999998569488525400 -0.00497782183811068535
-0.37999999523162841800 -0.00495771691203117371
-0.37000000476837158200 -0.00497756619006395340
-0.36000001430511474600 -0.00496500311419367790
-0.34999999403953552200 -0.00494108209386467934
-0.34000000357627868600 -0.00495680002495646477
-0.33000001311302185100 -0.00495700584724545479
-0.31999999284744262700 -0.00496117398142814636
-0.31000000238418579100 -0.00498184608295559883
-0.30000001192092895500 -0.00497800018638372421
-0.28999999165534973100 -0.00496247317641973496
-0.28000000119209289500 -0.00495532015338540077
-0.27000001072883606000 -0.00496047781780362129
-0.25999999046325683600 -0.00495129497721791268
-0.25000000000000000000 -0.00494146905839443207
-0.23999999463558197000 -0.00493897497653961182
-0.23000000417232513400 -0.00494036683812737465
-0.21999999880790710400 -0.00496023194864392281
-0.20999999344348907500 -0.00495400419458746910
-0.20000000298023223900 -0.00495686102658510208
-0.18999999761581420900 -0.00495262490585446358
-0.18000000715255737300 -0.00492584006860852242
-0.17000000178813934300 -0.00493213813751935959
-0.15999999642372131300 -0.00493351696059107781
-0.15000000596046447800 -0.00490823807194828987
-0.14000000059604644800 -0.00490640709176659584
-0.12999999523162841800 -0.00491620507091283798
-0.11999999731779098500 -0.00491372589021921158
-0.10999999940395355200 -0.00492251385003328324
-0.10000000149011611900 -0.00493259495124220848
-0.09000000357627868650 -0.00490876799449324608
-0.07999999821186065670 -0.00488977180793881416
-0.07000000029802322390 -0.00490385200828313828
-0.05999999865889549260 -0.00488856621086597443
-0.05000000074505805970 -0.00487406505271792412
-0.03999999910593032840 -0.00487957289442420006
-0.02999999932944774630 -0.00487410277128219605
-0.01999999955296516420 -0.00489002978429198265
-0.00999999977648258210 -0.00489736394956707955
0.00000000000000000000 -0.00489452201873064041
0.00999999977648258210 -0.00488298013806343079
0.01999999955296516420 -0.00487162917852401734
0.02999999932944774630 -0.00486659677699208260
0.03999999910593032840 -0.00486160814762115479
0.05000000074505805970 -0.00485410680994391442
0.05999999865889549260 -0.00484196096658706665
0.07000000029802322390 -0.00483975978568196297
0.07999999821186065670 -0.00485191494226455689
0.09000000357627868650 -0.00484657380729913712
0.10000000149011611900 -0.00485034799203276634
0.10999999940395355200 -0.00484469020739197731
0.11999999731779098500 -0.00481138285249471665
0.12999999523162841800 -0.00481445482000708580
0.14000000059604644800 -0.00481544388458132744
0.15000000596046447800 -0.00478593586012721062
0.15999999642372131300 -0.00478023989126086235
0.17000000178813934300 -0.00478191999718546868
0.18000000715255737300 -0.00477634696289896965
0.18999999761581420900 -0.00478347297757863999
0.20000000298023223900 -0.00479414779692888260
0.20999999344348907500 -0.00477230595424771309
0.21999999880790710400 -0.00475562177598476410
0.23000000417232513400 -0.00475514680147171021
0.23999999463558197000 -0.00474359979853034020
0.25000000000000000000 -0.00472846301272511482
0.25999999046325683600 -0.00472161406651139260
0.27000001072883606000 -0.00470839114859700203
0.28000000119209289500 -0.00471705617383122444
0.28999999165534973100 -0.00472450209781527519
0.30000001192092895500 -0.00471016019582748413
0.31000000238418579100 -0.00470494199544191361
0.31999999284744262700 -0.00468412600457668305
0.33000001311302185100 -0.00466023618355393410
0.34000000357627868600 -0.00466104596853256226
0.34999999403953552200 -0.00464549614116549492
0.36000001430511474600 -0.00461189122870564461
0.37000000476837158200 -0.00461180787533521652
0.37999999523162841800 -0.00461209192872047424
0.38999998569488525400 -0.00458986219018697739
0.40000000596046447700 -0.00458913622424006462
0.40999999642372131300 -0.00457322504371404648
0.41999998688697814900 -0.00452253920957446098
0.43000000715255737300 -0.00450404686853289604
0.43999999761581420900 -0.00448743579909205437
0.44999998807907104500 -0.00443739583715796471
0.46000000834465026800 -0.00440540397539734841
0.46999999880790710400 -0.00437527522444725037
0.47999998927116394000 -0.00433205580338835716
0.49000000953674316400 -0.00430098501965403557
0.50000000000000000000 -0.00425581587478518486
0.50999999046325683600 -0.00418514618650078774
0.51999998092651367200 -0.00410929881036281586
0.52999997138977050800 -0.00403056386858224869
0.54000002145767211900 -0.00393454078584909439
0.55000001192092895500 -0.00383243197575211525
0.56000000238418579100 -0.00371334701776504517
0.56999999284744262700 -0.00357671291567385197
0.57999998331069946300 -0.00344319897703826428
0.58999997377395629900 -0.00329176895320415497
0.60000002384185791000 -0.00311319506727159023
0.61000001430511474600 -0.00292382203042507172
0.62000000476837158200 -0.00270843808539211750
0.62999999523162841800 -0.00247310311533510685
0.63999998569488525400 -0.00224566902033984661
0.64999997615814209000 -0.00198850594460964203
0.66000002622604370100 -0.00171295995824038982
0.67000001668930053700 -0.00144398701377213001
0.68000000715255737300 -0.00116307300049811602
0.68999999761581420900 -0.00087175931548699737
0.69999998807907104500 -0.00057368818670511246
0.70999997854232788100 -0.00027275469619780779
0.72000002861022949200 0.00002392699025222100
0.73000001907348632800 0.00032552640186622739
0.74000000953674316400 0.00062748161144554615
0.75000000000000000000 0.00092834507813677192
0.75999999046325683600 0.00121401599608361721
0.76999998092651367200 0.00149802200030535460
0.77999997138977050800 0.00177177297882735729
0.79000002145767211900 0.00203251605853438377
0.80000001192092895500 0.00227967696264386177
0.81000000238418579100 0.00251357094384729862
0.81999999284744262700 0.00273324595764279366
0.82999998331069946300 0.00293641304597258568
0.83999997377395629900 0.00312077905982732773
0.85000002384185791000 0.00329364393837749958
0.86000001430511474600 0.00345157203264534474
0.87000000476837158200 0.00359150208532810211
0.87999999523162841800 0.00372094195336103439
0.88999998569488525400 0.00384158804081380367
0.89999997615814209000 0.00395017722621560097
0.91000002622604370100 0.00405523087829351425
0.92000001668930053700 0.00415069982409477234
0.93000000715255737300 0.00423616217449307442
0.93999999761581420900 0.00431702099740505219
0.94999998807907104500 0.00439578387886285782
0.95999997854232788100 0.00447022309526801109
0.97000002861022949200 0.00454260315746068955
0.98000001907348632800 0.00461104605346918106
0.99000000953674316400 0.00467855622991919518
1.00000000000000000000 0.00475085293874144554
