-1.00000000000000000000 -0.00627853302285075188
-0.99000000953674316400 -0.00629781698808073998
-0.98000001907348632800 -0.00627669086679816246
-0.97000002861022949200 -0.00623905612155795098
-0.95999997854232788100 -0.00624796515330672264
-0.94999998807907104500 -0.00624432787299156189
-0.93999999761581420900 -0.00623780209571123123
-0.93000000715255737300 -0.00626057479530572891
-0.92000001668930053700 -0.00625479221343994141
-0.91000002622604370100 -0.00623067514970898628
-0.89999997615814209000 -0.00621404312551021576
-0.88999998569488525400 -0.00621898192912340164
-0.87999999523162841800 -0.00620360113680362702
-0.87000000476837158200 -0.00618938077241182327
-0.86000001430511474600 -0.00617868499830365181
-0.85000002384185791000 -0.00617282604798674584
-0.83999997377395629900 -0.00619404902681708336
-0.82999998331069946300 -0.00619066180661320687
-0.81999999284744262700 -0.00618944503366947174
-0.81000000238418579100 -0.00619055097922682762
-0.80000001192092895500 -0.00616217590868473053
-0.79000002145767211900 -0.00615224521607160568
-0.77999997138977050800 -0.00616092188283801079
-0.76999998092651367200 -0.00613156193867325783
-0.75999999046325683600 -0.00610544299706816674
-0.75000000000000000000 -0.00612607877701520920
-0.74000000953674316400 -0.00612322287634015084
-0.73000001907348632800 -0.00612528901547193527
-0.72000002861022949200 -0.00613669911399483681
-0.70999997854232788100 -0.00612902315333485604
-0.69999998807907104500 -0.00610367301851511002
-0.68999999761581420900 -0.00610102387145161629
-0.68000000715255737300 -0.00609774608165025711
-0.67000001668930053700 -0.00608344608917832375
-0.66000002622604370100 -0.00607467209920287132
-0.64999997615814209000 -0.00606402195990085602
-0.63999998569488525400 -0.00606267107650637627
-0.62999999523162841800 -0.00608254177495837212
-0.62000000476837158200 -0.00608225492760539055
-0.61000001430511474600 -0.00607931800186634064
-0.60000002384185791000 -0.00607441505417227745
-0.58999997377395629900 -0.00603830022737383843
-0.57999998331069946300 -0.00604580715298652649
-0.56999999284744262700 -0.00605220720171928406
-0.56000000238418579100 -0.00601731287315487862
-0.55000001192092895500 -0.00600643502548336983
-0.54000002145767211900 -0.00602234480902552605
-0.52999997138977050800 -0.00602346798405051232
-0.51999998092651367200 -0.00601656222715973854
-0.50999999046325683600 -0.00603997800499200821
-0.50000000000000000000 -0.00601263297721743584
-0.49000000953674316400 -0.00598436221480369568
-0.47999998927116394000 -0.00600542221218347550
-0.46999999880790710400 -0.00598657177761197090
-0.46000000834465026800 -0.00595319923013448715
-0.44999998807907104500 -0.00595869077369570732
-0.43999999761581420900 -0.00595810404047369957
-0.43000000715255737300 -0.00595908798277378082
-0.41999998688697814900 -0.00597922084853053093
-0.40999999642372131300 -0.00597430579364299774
-0.40000000596046447700 -0.00596531899645924568
-0.38999998569488525400 -0.00595503579825162888
-0.37999999523162841800 -0.00593844009563326836
-0.37000000476837158200 -0.00593647919595241547
-0.36000001430511474600 -0.00593448197469115257
-0.34999999403953552200 -0.00591287715360522270
-0.34000000357627868600 -0.00590525707229971886
-0.33000001311302185100 -0.00592056987807154656
-0.31999999284744262700 -0.00592368701472878456
-0.31000000238418579100 -0.00591749511659145355
-0.30000001192092895500 -0.00593324704095721245
-0.28999999165534973100 -0.00591184291988611222
-0.28000000119209289500 -0.00587833393365144730
-0.27000001072883606000 -0.00590302189812064171
-0.25999999046325683600 -0.00588862178847193718
-0.25000000000000000000 -0.00585618196055293083
-0.23999999463558197000 -0.00586607493460178375
-0.23000000417232513400 -0.00586457084864377976
-0.21999999880790710400 -0.00586857181042432785
-0.20999999344348907500 -0.00588276982307434082
-0.20000000298023223900 -0.00588278612121939659
-0.18999999761581420900 -0.00586225185543298722
-0.18000000715255737300 -0.00584710296243429184
-0.17000000178813934300 -0.00585170602425932884
-0.15999999642372131300 -0.00584008684381842613
-0.15000000596046447800 -0.00582704599946737290
-0.14000000059604644800 -0.00581355905160307884
-0.12999999523162841800 -0.00580924097448587418
-0.11999999731779098500 -0.00582543201744556427
-0.10999999940395355200 -0.00582711817696690560
-0.10000000149011611900 -0.00582457100972533226
-0.09000000357627868650 -0.00583408493548631668
-0.07999999821186065670 -0.00580642092972993851
-0.07000000029802322390 -0.00578588014468550682
-0.05999999865889549260 -0.00579771911725401879
-0.05000000074505805970 -0.00578294321894645691
-0.03999999910593032840 -0.00576283922418951988
-0.02999999932944774630 -0.00576381897553801537
-0.01999999955296516420 -0.00576577987521886826
-0.00999999977648258210 -0.00576349487528204918
0.00000000000000000000 -0.00578060001134872437
0.00999999977648258210 -0.00577930780127644539
0.01999999955296516420 -0.00575304403901100159
0.02999999932944774630 -0.00572332320734858513
0.03999999910593032840 -0.00573764508590102196
0.05000000074505805970 -0.00572178093716502190
0.05999999865889549260 -0.00569568108767271042
0.07000000029802322390 -0.00569929182529449463
0.07999999821186065670 -0.00568686192855238915
0.09000000357627868650 -0.00569078000262379646
0.10000000149011611900 -0.00570161081850528717
0.10999999940395355200 -0.00569379981607198715
0.11999999731779098500 -0.00568044884130358696
0.12999999523162841800 -0.00565858790650963783
0.14000000059604644800 -0.00564441317692399025
0.15000000596046447800 -0.00565050914883613587
0.15999999642372131300 -0.00563029991462826729
0.17000000178813934300 -0.00560163985937833786
0.18000000715255737300 -0.00560357002541422844
0.18999999761581420900 -0.00560885807499289513
0.20000000298023223900 -0.00560537585988640785
0.20999999344348907500 -0.00560134788975119591
0.21999999880790710400 -0.00560046778991818428
0.23000000417232513400 -0.00556985102593898773
0.23999999463558197000 -0.00554893584921956062
0.25000000000000000000 -0.00555060803890228272
0.25999999046325683600 -0.00552513496950268746
0.27000001072883606000 -0.00550237810239195824
0.28000000119209289500 -0.00549364509060978890
0.28999999165534973100 -0.00548571022227406502
0.30000001192092895500 -0.00548767996951937676
0.31000000238418579100 -0.00548399705439805985
0.31999999284744262700 -0.00546839600428938866
0.33000001311302185100 -0.00544441118836402893
0.34000000357627868600 -0.00540845002979040146
0.34999999403953552200 -0.00540370214730501175
0.36000001430511474600 -0.00538366520777344704
0.37000000476837158200 -0.00535427778959274292
0.37999999523162841800 -0.00532606290653347969
0.38999998569488525400 -0.00531351193785667420
0.40000000596046447700 -0.00531210703775286675
0.40999999642372131300 -0.00528756901621818543
0.41999998688697814900 -0.00527526997029781342
0.43000000715255737300 -0.00524716312065720558
0.43999999761581420900 -0.00519391382113099098
0.44999998807907104500 -0.00517430808395147324
0.46000000834465026800 -0.00515019986778497696
0.46999999880790710400 -0.00509118614718317986
0.47999998927116394000 -0.00505080213770270348
0.49000000953674316400 -0.00502700591459870339
0.50000000000000000000 -0.00498326821252703667
0.50999999046325683600 -0.00495108310133218765
0.51999998092651367200 -0.00490658916532993317
0.52999997138977050800 -0.00485000293701887131
0.54000002145767211900 -0.00477328896522521973
0.55000001192092895500 -0.00470015313476324082
0.56000000238418579100 -0.00461992993950843811
0.56999999284744262700 -0.00452783284708857536
0.57999998331069946300 -0.00442140921950340271
0.58999997377395629900 -0.00430602999404072762
0.60000002384185791000 -0.00419178511947393418
0.61000001430511474600 -0.00406527519226074219
0.62000000476837158200 -0.00391455087810754776
0.62999999523162841800 -0.00374944391660392284
0.63999998569488525400 -0.00355791510082781315
0.64999997615814209000 -0.00333349499851465225
0.66000002622604370100 -0.00312063004821538925
0.67000001668930053700 -0.00288483104668557644
0.68000000715255737300 -0.00261090695858001709
0.68999999761581420900 -0.00233840802684426308
0.69999998807907104500 -0.00205737398937344551
0.70999997854232788100 -0.00175532395951449871
0.72000002861022949200 -0.00144041795283555985
0.73000001907348632800 -0.00111760897561907768
0.74000000953674316400 -0.00076505268225446343
0.75000000000000000000 -0.00041939961374737322
0.75999999046325683600 -0.00006005249088048004
0.76999998092651367200 0.00235082791186869145
0.77999997138977050800 0.00287325191311538220
0.79000002145767211900 0.00329260993748903275
0.80000001192092895500 0.00361959706060588360
0.81000000238418579100 0.00406943680718541145
0.81999999284744262700 0.00416583986952900887
0.82999998331069946300 0.00913944654166698456
0.83999997377395629900 0.00867659691721200943
0.85000002384185791000 0.00742245791479945183
0.86000001430511474600 0.00794534664601087570
0.87000000476837158200 0.00830893218517303467
0.87999999523162841800 0.00710982084274291992
0.88999998569488525400 0.00708966189995408058
0.89999997615814209000 0.00728021282702684403
0.91000002622604370100 0.00743673322722315788
0.92000001668930053700 0.00760939111933112145
0.93000000715255737300 0.00780273322016000748
0.93999999761581420900 0.00810880307108163834
0.94999998807907104500 0.00820222310721874237
0.95999997854232788100 0.00821012817323207856
0.97000002861022949200 0.00835071224719285965
0.98000001907348632800 0.00861105136573314667
0.99000000953674316400 0.00869573745876550675
1.00000000000000000000 0.00883064884692430496
