-1.00000000000000000000 -0.00563015602529048920
-0.99000000953674316400 -0.00562979793176054955
-0.98000001907348632800 -0.00562702910974621773
-0.97000002861022949200 -0.00563843082636594773
-0.95999997854232788100 -0.00565221207216382027
-0.94999998807907104500 -0.00563097884878516197
-0.93999999761581420900 -0.00560685386881232262
-0.93000000715255737300 -0.00561932614073157311
-0.92000001668930053700 -0.00560961710289120674
-0.91000002622604370100 -0.00558614311739802361
-0.89999997615814209000 -0.00558685977011919022
-0.88999998569488525400 -0.00558515777811408043
-0.87999999523162841800 -0.00559685379266738892
-0.87000000476837158200 -0.00560980895534157753
-0.86000001430511474600 -0.00561064807698130608
-0.85000002384185791000 -0.00560224102810025215
-0.83999997377395629900 -0.00557910092175006867
-0.82999998331069946300 -0.00557974399998784065
-0.81999999284744262700 -0.00557278981432318688
-0.81000000238418579100 -0.00555654009804129601
-0.80000001192092895500 -0.00554658891633152962
-0.79000002145767211900 -0.00554928509518504143
-0.77999997138977050800 -0.00555853219702839852
-0.76999998092651367200 -0.00555829191580414772
-0.75999999046325683600 -0.00557000981643795967
-0.75000000000000000000 -0.00555419595912098885
-0.74000000953674316400 -0.00553015805780887604
-0.73000001907348632800 -0.00553187588229775429
-0.72000002861022949200 -0.00552979391068220139
-0.70999997854232788100 -0.00550694577395915985
-0.69999998807907104500 -0.00549897784367203713
-0.68999999761581420900 -0.00550187285989522934
-0.68000000715255737300 -0.00550460396334528923
-0.67000001668930053700 -0.00551780080422759056
-0.66000002622604370100 -0.00551970908418297768
-0.64999997615814209000 -0.00551217282190918923
-0.63999998569488525400 -0.00549364788457751274
-0.62999999523162841800 -0.00548394815996289253
-0.62000000476837158200 -0.00548121100291609764
-0.61000001430511474600 -0.00547059113159775734
-0.60000002384185791000 -0.00545300496742129326
-0.58999997377395629900 -0.00545713910833001137
-0.57999998331069946300 -0.00547043699771165848
-0.56999999284744262700 -0.00546532310545444489
-0.56000000238418579100 -0.00547889200970530510
-0.55000001192092895500 -0.00546857202425599098
-0.54000002145767211900 -0.00543342297896742821
-0.52999997138977050800 -0.00543600507080554962
-0.51999998092651367200 -0.00543856620788574219
-0.50999999046325683600 -0.00539872981607913971
-0.50000000000000000000 -0.00539672793820500374
-0.49000000953674316400 -0.00540374219417572022
-0.47999998927116394000 -0.00539329601451754570
-0.46999999880790710400 -0.00540645606815814972
-0.46000000834465026800 -0.00541421491652727127
-0.44999998807907104500 -0.00539050390943884850
-0.43999999761581420900 -0.00537370005622506142
-0.43000000715255737300 -0.00537540297955274582
-0.41999998688697814900 -0.00535420700907707215
-0.40999999642372131300 -0.00534312287345528603
-0.40000000596046447700 -0.00533525319769978523
-0.38999998569488525400 -0.00531972805038094521
-0.37999999523162841800 -0.00533856777474284172
-0.37000000476837158200 -0.00534489098936319351
-0.36000001430511474600 -0.00533331977203488350
-0.34999999403953552200 -0.00533000193536281586
-0.34000000357627868600 -0.00531103508546948433
-0.33000001311302185100 -0.00529362820088863373
-0.31999999284744262700 -0.00529788108542561531
-0.31000000238418579100 -0.00527931796386837959
-0.30000001192092895500 -0.00525128608569502831
-0.28999999165534973100 -0.00525736808776855469
-0.28000000119209289500 -0.00526086287572979927
-0.27000001072883606000 -0.00525155803188681603
-0.25999999046325683600 -0.00525619694963097572
-0.25000000000000000000 -0.00524738105013966561
-0.23999999463558197000 -0.00520710414275527001
-0.23000000417232513400 -0.00520607922226190567
-0.21999999880790710400 -0.00519540999084711075
-0.20999999344348907500 -0.00515686115249991417
-0.20000000298023223900 -0.00514629483222961426
-0.18999999761581420900 -0.00513990689069032669
-0.18000000715255737300 -0.00512882182374596596
-0.17000000178813934300 -0.00512880692258477211
-0.15999999642372131300 -0.00512538617476820946
-0.15000000596046447800 -0.00509669911116361618
-0.14000000059604644800 -0.00506608793511986733
-0.12999999523162841800 -0.00505605805665254593
-0.11999999731779098500 -0.00502948323264718056
-0.10999999940395355200 -0.00499855587258934975
-0.10000000149011611900 -0.00497562810778617859
-0.09000000357627868650 -0.00495621701702475548
-0.07999999821186065670 -0.00494488002732396126
-0.07000000029802322390 -0.00493576703593134880
-0.05999999865889549260 -0.00491045787930488587
-0.05000000074505805970 -0.00488462485373020172
-0.03999999910593032840 -0.00484474981203675270
-0.02999999932944774630 -0.00480835605412721634
-0.01999999955296516420 -0.00478007784113287926
-0.00999999977648258210 -0.00473414501175284386
0.00000000000000000000 -0.00468935584649443627
0.00999999977648258210 -0.00465929321944713593
0.01999999955296516420 -0.00462963711470365524
0.02999999932944774630 -0.00458706310018897057
0.03999999910593032840 -0.00455516390502452850
0.05000000074505805970 -0.00451296288520097733
0.05999999865889549260 -0.00444756122305989266
0.07000000029802322390 -0.00438703782856464386
0.07999999821186065670 -0.00434585614129900932
0.09000000357627868650 -0.00427860999479889870
0.10000000149011611900 -0.00420996593311429024
0.10999999940395355200 -0.00415459182113409042
0.11999999731779098500 -0.00409183884039521217
0.12999999523162841800 -0.00404121307656168938
0.14000000059604644800 -0.00398022914305329323
0.15000000596046447800 -0.00391505984589457512
0.15999999642372131300 -0.00383541709743440151
0.17000000178813934300 -0.00375252589583396912
0.18000000715255737300 -0.00368369696661829949
0.18999999761581420900 -0.00360514200292527676
0.20000000298023223900 -0.00351682701148092747
0.20999999344348907500 -0.00343612395226955414
0.21999999880790710400 -0.00336017599329352379
0.23000000417232513400 -0.00328486505895853043
0.23999999463558197000 -0.00320234801620244980
0.25000000000000000000 -0.00312034809030592442
0.25999999046325683600 -0.00303001189604401589
0.27000001072883606000 -0.00292815105058252812
0.28000000119209289500 -0.00284896302036941052
0.28999999165534973100 -0.00275690201669931412
0.30000001192092895500 -0.00265747006051242352
0.31000000238418579100 -0.00256975507363677025
0.31999999284744262700 -0.00248046405613422394
0.33000001311302185100 -0.00239535910077393055
0.34000000357627868600 -0.00230914191342890263
0.34999999403953552200 -0.00222206790931522846
0.36000001430511474600 -0.00212719105184078217
0.37000000476837158200 -0.00203184294514358044
0.37999999523162841800 -0.00194783799815922976
0.38999998569488525400 -0.00186133198440074921
0.40000000596046447700 -0.00177046796306967735
0.40999999642372131300 -0.00168520596344023943
0.41999998688697814900 -0.00160544994287192822
0.43000000715255737300 -0.00152824399992823601
0.43999999761581420900 -0.00144968298263847828
0.44999998807907104500 -0.00137558497954159975
0.46000000834465026800 -0.00129746599122881889
0.46999999880790710400 -0.00121679203584790230
0.47999998927116394000 -0.00114870397374033928
0.49000000953674316400 -0.00107883696909993887
0.50000000000000000000 -0.00100544397719204426
0.50999999046325683600 -0.00101238302886486054
0.51999998092651367200 -0.00092898181173950434
0.52999997138977050800 -0.00085441151168197393
0.54000002145767211900 -0.00078839570051059127
0.55000001192092895500 -0.00072839268250390887
0.56000000238418579100 -0.00067010981729254127
0.56999999284744262700 -0.00061734078917652369
0.57999998331069946300 -0.00056625058641657233
0.58999997377395629900 -0.00051524961600080132
0.60000002384185791000 -0.00046838819980621338
0.61000001430511474600 -0.00042370820301584899
0.62000000476837158200 -0.00038100330857560039
0.62999999523162841800 -0.00034179611247964203
0.63999998569488525400 -0.00030383860575966537
0.64999997615814209000 -0.00026817168691195548
0.66000002622604370100 -0.00023633470118511468
0.67000001668930053700 -0.00020571869390551001
0.68000000715255737300 -0.00017508410383015871
0.68999999761581420900 -0.00014724080392625183
0.69999998807907104500 -0.00011934510257560760
0.70999997854232788100 -0.00009527948714094236
0.72000002861022949200 -0.00006878651765873656
0.73000001907348632800 -0.00004375656862976030
0.74000000953674316400 -0.00001987172072404064
0.75000000000000000000 0.00000316755199492036
0.75999999046325683600 0.00002690869951038621
0.76999998092651367200 0.00005060699913883582
0.77999997138977050800 0.00007451372948708013
0.79000002145767211900 0.00009860814316198230
0.80000001192092895500 0.00012572189734783024
0.81000000238418579100 0.00015025539323687553
0.81999999284744262700 0.00017566529277246445
0.82999998331069946300 0.00020183890592306852
0.83999997377395629900 0.00022910299594514072
0.85000002384185791000 0.00025755859678611159
0.86000001430511474600 0.00028694421052932739
0.87000000476837158200 0.00031765410676598549
0.87999999523162841800 0.00035016681067645550
0.88999998569488525400 0.00038363458588719368
0.89999997615814209000 0.00041849759873002768
0.91000002622604370100 0.00045554988901130855
0.92000001668930053700 0.00049421930452808738
0.93000000715255737300 0.00053398922318592668
0.93999999761581420900 0.00057592272059991956
0.94999998807907104500 0.00061872252263128757
0.95999997854232788100 0.00066150329075753689
0.97000002861022949200 0.00070705468533560634
0.98000001907348632800 0.00075386971002444625
0.99000000953674316400 0.00080072710989043117
1.00000000000000000000 0.00084914680337533355
