-1.00000000000000000000 -0.00001278170020668767
-0.99000000953674316400 -0.00001159867042588303
-0.98000001907348632800 -0.00001131199041992659
-0.97000002861022949200 -0.00001106376021198230
-0.95999997854232788100 -0.00001079553021554602
-0.94999998807907104500 -0.00001055475968314568
-0.93999999761581420900 -0.00001027595044433838
-0.93000000715255737300 -0.00001005536978482269
-0.92000001668930053700 -0.00000971452573139686
-0.91000002622604370100 -0.00000951503443502588
-0.89999997615814209000 -0.00000925449330679839
-0.88999998569488525400 -0.00000905035358300665
-0.87999999523162841800 -0.00000878901209944161
-0.87000000476837158200 -0.00000859196097735548
-0.86000001430511474600 -0.00000833671674627112
-0.85000002384185791000 -0.00000813300357549451
-0.83999997377395629900 -0.00000794954667071579
-0.82999998331069946300 -0.00000769843063608278
-0.81999999284744262700 -0.00000753843096390483
-0.81000000238418579100 -0.00000733046681489213
-0.80000001192092895500 -0.00000718247792974580
-0.79000002145767211900 -0.00000697382893122267
-0.77999997138977050800 -0.00000684078486301587
-0.76999998092651367200 -0.00000663066521155997
-0.75999999046325683600 -0.00000647439901513280
-0.75000000000000000000 -0.00000632233195574372
-0.74000000953674316400 -0.00000612968506175093
-0.73000001907348632800 -0.00000599695613345830
-0.72000002861022949200 -0.00000581958511247649
-0.70999997854232788100 -0.00000570943893762887
-0.69999998807907104500 -0.00000553987410967238
-0.68999999761581420900 -0.00000545105285709724
-0.68000000715255737300 -0.00000527252495885477
-0.67000001668930053700 -0.00000515620422447682
-0.66000002622604370100 -0.00000502214879816165
-0.64999997615814209000 -0.00000488474779558601
-0.63999998569488525400 -0.00000476986178910010
-0.62999999523162841800 -0.00000462351317764842
-0.62000000476837158200 -0.00000452461881650379
-0.61000001430511474600 -0.00000437482003690093
-0.60000002384185791000 -0.00000429232977694483
-0.58999997377395629900 -0.00000411754490414751
-0.57999998331069946300 -0.00000402977593694231
-0.56999999284744262700 -0.00000387693989978288
-0.56000000238418579100 -0.00000374122191715287
-0.55000001192092895500 -0.00000361551406058425
-0.54000002145767211900 -0.00000346575507137459
-0.52999997138977050800 -0.00000334257606482424
-0.51999998092651367200 -0.00000318377101393708
-0.50999999046325683600 -0.00000309492406813661
-0.50000000000000000000 -0.00000292037589133542
-0.49000000953674316400 -0.00000283614303953073
-0.47999998927116394000 -0.00000267005088971928
-0.46999999880790710400 -0.00000255827490036609
-0.46000000834465026800 -0.00000244835996454640
-0.44999998807907104500 -0.00000233859805121028
-0.43999999761581420900 -0.00000226233191824576
-0.43000000715255737300 -0.00000217244792111160
-0.41999998688697814900 -0.00000215578302231734
-0.40999999642372131300 -0.00000206526397050766
-0.40000000596046447700 -0.00000207233097171411
-0.38999998569488525400 -0.00000198381599147979
-0.37999999523162841800 -0.00000194586391444318
-0.37000000476837158200 -0.00000187045600341662
-0.36000001430511474600 -0.00000179595701865765
-0.34999999403953552200 -0.00000171039005181228
-0.34000000357627868600 -0.00000161870104875561
-0.33000001311302185100 -0.00000155503903442877
-0.31999999284744262700 -0.00000143191005008703
-0.31000000238418579100 -0.00000140736904086225
-0.30000001192092895500 -0.00000127341797906411
-0.28999999165534973100 -0.00000121022799248749
-0.28000000119209289500 -0.00000110812698039808
-0.27000001072883606000 -0.00000102700198567618
-0.25999999046325683600 -0.00000095539405720046
-0.25000000000000000000 -0.00000087709781837475
-0.23999999463558197000 -0.00000076066487508797
-0.23000000417232513400 -0.00000068889687554474
-0.21999999880790710400 -0.00000057486721516398
-0.20999999344348907500 -0.00000049529921852809
-0.20000000298023223900 -0.00000040580340510132
-0.18999999761581420900 -0.00000028711841082441
-0.18000000715255737300 -0.00000023751189814902
-0.17000000178813934300 -0.00000010154420237996
-0.15999999642372131300 -0.00000005406529979268
-0.15000000596046447800 0.00000006804779673075
-0.14000000059604644800 0.00000014109730273049
-0.12999999523162841800 0.00000026279678877472
-0.11999999731779098500 0.00000033607250315981
-0.10999999940395355200 0.00000044388229980541
-0.10000000149011611900 0.00000055313620350717
-0.09000000357627868650 0.00000061953971908224
-0.07999999821186065670 0.00000076288597483654
-0.07000000029802322390 0.00000081540349583520
-0.05999999865889549260 0.00000095050910431382
-0.05000000074505805970 0.00000102732701634523
-0.03999999910593032840 0.00000109972097561695
-0.02999999932944774630 0.00000125474900869449
-0.01999999955296516420 0.00000130974899548164
-0.00999999977648258210 0.00000146991703786625
0.00000000000000000000 0.00000155071995777689
0.00999999977648258210 0.00000168592396221356
0.01999999955296516420 0.00000179048402060289
0.02999999932944774630 0.00000193468190445856
0.03999999910593032840 0.00000203534500542446
0.05000000074505805970 0.00000216399098462716
0.05999999865889549260 0.00000232114007303608
0.07000000029802322390 0.00000239742303165258
0.07999999821186065670 0.00000258056502389081
0.09000000357627868650 0.00000268371400125034
0.10000000149011611900 0.00000285193209492718
0.10999999940395355200 0.00000297535893878376
0.11999999731779098500 0.00000316331602334685
0.12999999523162841800 0.00000327917791764776
0.14000000059604644800 0.00000344147497344238
0.15000000596046447800 0.00000361743695975747
0.15999999642372131300 0.00000374550495507719
0.17000000178813934300 0.00000393895197703387
0.18000000715255737300 0.00000407822108172695
0.18999999761581420900 0.00000427779286837904
0.20000000298023223900 0.00000443462704424746
0.20999999344348907500 0.00000465576385977329
0.21999999880790710400 0.00000480843300465494
0.23000000417232513400 0.00000500649684909149
0.23999999463558197000 0.00000519250579600339
0.25000000000000000000 0.00000537027881364338
0.25999999046325683600 0.00000558536703465506
0.27000001072883606000 0.00000574332989344839
0.28000000119209289500 0.00000599409895585268
0.28999999165534973100 0.00000617899877397576
0.30000001192092895500 0.00000642073609924410
0.31000000238418579100 0.00000662898219161434
0.31999999284744262700 0.00000687405190546997
0.33000001311302185100 0.00000703564683135482
0.34000000357627868600 0.00000729293697077082
0.34999999403953552200 0.00000754408802094986
0.36000001430511474600 0.00000771135728427907
0.37000000476837158200 0.00000799773806647863
0.37999999523162841800 0.00000821793855720898
0.38999998569488525400 0.00000848251875140704
0.40000000596046447700 0.00000873253884492442
0.40999999642372131300 0.00000904588887351565
0.41999998688697814900 0.00000924264440982370
0.43000000715255737300 0.00000950170579017140
0.43999999761581420900 0.00000980766799330013
0.44999998807907104500 0.00001002706994768232
0.46000000834465026800 0.00001029948998620966
0.46999999880790710400 0.00001042876010615146
0.47999998927116394000 0.00001067160974344006
0.49000000953674316400 0.00001103361955756554
0.50000000000000000000 0.00001129912016040180
0.50999999046325683600 0.00001162419994216179
0.51999998092651367200 0.00001191260980704101
0.52999997138977050800 0.00001219072964886436
0.54000002145767211900 0.00001248307034984464
0.55000001192092895500 0.00001279074967897031
0.56000000238418579100 0.00001309252002101857
0.56999999284744262700 0.00001334770968242083
0.57999998331069946300 0.00001372395036014495
0.58999997377395629900 0.00001403459009452490
0.60000002384185791000 0.00001438590970792575
0.61000001430511474600 0.00001474172040616395
0.62000000476837158200 0.00001507649994891835
0.62999999523162841800 0.00001531993075332139
0.63999998569488525400 0.00001569714004290290
0.64999997615814209000 0.00001603987948328722
0.66000002622604370100 0.00001630446968192700
0.67000001668930053700 0.00001669175981078297
0.68000000715255737300 0.00001701616929494776
0.68999999761581420900 0.00001744107066770084
0.69999998807907104500 0.00001778943078534212
0.70999997854232788100 0.00001822351987357251
0.72000002861022949200 0.00001853614958235994
0.73000001907348632800 0.00001885385972855147
0.74000000953674316400 0.00001927185985550750
0.75000000000000000000 0.00001960850931936875
0.75999999046325683600 0.00001994281046791002
0.76999998092651367200 0.00002029491042776499
0.77999997138977050800 0.00002074535041174386
0.79000002145767211900 0.00002112293077516370
0.80000001192092895500 0.00002156015943910461
0.81000000238418579100 0.00002198512083850801
0.81999999284744262700 0.00002237810986116529
0.82999998331069946300 0.00002266279989271425
0.83999997377395629900 0.00002311940079380292
0.85000002384185791000 0.00002352231058466714
0.86000001430511474600 0.00002381576996413060
0.87000000476837158200 0.00002428865991532803
0.87999999523162841800 0.00002469582977937534
0.88999998569488525400 0.00002514640073059127
0.89999997615814209000 0.00002562966983532533
0.91000002622604370100 0.00002611992022139020
0.92000001668930053700 0.00002643082007125486
0.93000000715255737300 0.00002680651959963143
0.93999999761581420900 0.00002731065069383476
0.94999998807907104500 0.00002768008016573731
0.95999997854232788100 0.00002812517959682737
0.97000002861022949200 0.00002853951991710346
0.98000001907348632800 0.00002899134051403962
0.99000000953674316400 0.00002951964052044787
1.00000000000000000000 0.00003000772994710132
