-1.00000000000000000000 -0.00592070491984486580
-0.99000000953674316400 -0.00593603122979402542
-0.98000001907348632800 -0.00592204323038458824
-0.97000002861022949200 -0.00590430200099945069
-0.95999997854232788100 -0.00590385403484106064
-0.94999998807907104500 -0.00590677699074149132
-0.93999999761581420900 -0.00592005113139748574
-0.93000000715255737300 -0.00593314180150628090
-0.92000001668930053700 -0.00593867618590593338
-0.91000002622604370100 -0.00593076692894101143
-0.89999997615814209000 -0.00591152114793658257
-0.88999998569488525400 -0.00591408601030707360
-0.87999999523162841800 -0.00591482780873775482
-0.87000000476837158200 -0.00589685700833797455
-0.86000001430511474600 -0.00588931981474161148
-0.85000002384185791000 -0.00589737016707658768
-0.83999997377395629900 -0.00591087620705366135
-0.82999998331069946300 -0.00591387785971164704
-0.81999999284744262700 -0.00592113099992275238
-0.81000000238418579100 -0.00591853493824601174
-0.80000001192092895500 -0.00589877180755138397
-0.79000002145767211900 -0.00589761417359113693
-0.77999997138977050800 -0.00590581400319933892
-0.76999998092651367200 -0.00588234188035130501
-0.75999999046325683600 -0.00587116414681077004
-0.75000000000000000000 -0.00588490813970565796
-0.74000000953674316400 -0.00588990794494748116
-0.73000001907348632800 -0.00589956482872366905
-0.72000002861022949200 -0.00591208599507808686
-0.70999997854232788100 -0.00590912485495209694
-0.69999998807907104500 -0.00589095987379550934
-0.68999999761581420900 -0.00589083787053823471
-0.68000000715255737300 -0.00588535377755761147
-0.67000001668930053700 -0.00587303983047604561
-0.66000002622604370100 -0.00586792407557368279
-0.64999997615814209000 -0.00586678786203265190
-0.63999998569488525400 -0.00587787386029958725
-0.62999999523162841800 -0.00589187303557991982
-0.62000000476837158200 -0.00589556619524955750
-0.61000001430511474600 -0.00588988699018955231
-0.60000002384185791000 -0.00588968303054571152
-0.58999997377395629900 -0.00586687587201595307
-0.57999998331069946300 -0.00587474415078759194
-0.56999999284744262700 -0.00587437488138675690
-0.56000000238418579100 -0.00584942102432250977
-0.55000001192092895500 -0.00584997888654470444
-0.54000002145767211900 -0.00586498016491532326
-0.52999997138977050800 -0.00587256299331784249
-0.51999998092651367200 -0.00586801720783114434
-0.50999999046325683600 -0.00589005090296268463
-0.50000000000000000000 -0.00586961815133690834
-0.49000000953674316400 -0.00584429688751697540
-0.47999998927116394000 -0.00586775597184896469
-0.46999999880790710400 -0.00585441011935472489
-0.46000000834465026800 -0.00582503713667392731
-0.44999998807907104500 -0.00584005517885088921
-0.43999999761581420900 -0.00584207801148295403
-0.43000000715255737300 -0.00584778608754277230
-0.41999998688697814900 -0.00586831709370017052
-0.40999999642372131300 -0.00587057415395975113
-0.40000000596046447700 -0.00585007620975375176
-0.38999998569488525400 -0.00584261910989880562
-0.37999999523162841800 -0.00585019215941429138
-0.37000000476837158200 -0.00583577109500765801
-0.36000001430511474600 -0.00582586089149117470
-0.34999999403953552200 -0.00582199916243553162
-0.34000000357627868600 -0.00582286203280091286
-0.33000001311302185100 -0.00584582099691033364
-0.31999999284744262700 -0.00584325380623340607
-0.31000000238418579100 -0.00584886316210031510
-0.30000001192092895500 -0.00584707083180546761
-0.28999999165534973100 -0.00582055421546101570
-0.28000000119209289500 -0.00582449696958065033
-0.27000001072883606000 -0.00583062693476676941
-0.25999999046325683600 -0.00580064393579959870
-0.25000000000000000000 -0.00579458288848400116
-0.23999999463558197000 -0.00581361819058656693
-0.23000000417232513400 -0.00581820495426654816
-0.21999999880790710400 -0.00582120893523097038
-0.20999999344348907500 -0.00584147078916430474
-0.20000000298023223900 -0.00582521408796310425
-0.18999999761581420900 -0.00579882599413394928
-0.18000000715255737300 -0.00581701518967747688
-0.17000000178813934300 -0.00580654898658394814
-0.15999999642372131300 -0.00577661581337451935
-0.15000000596046447800 -0.00579087715595960617
-0.14000000059604644800 -0.00578524218872189522
-0.12999999523162841800 -0.00579508021473884583
-0.11999999731779098500 -0.00580951990559697151
-0.10999999940395355200 -0.00581642379984259606
-0.10000000149011611900 -0.00580073799937963486
-0.09000000357627868650 -0.00578917888924479485
-0.07999999821186065670 -0.00578732881695032120
-0.07000000029802322390 -0.00578029500320553780
-0.05999999865889549260 -0.00576828187331557274
-0.05000000074505805970 -0.00575417093932628632
-0.03999999910593032840 -0.00575935002416372299
-0.02999999932944774630 -0.00577380694448947907
-0.01999999955296516420 -0.00577876111492514610
-0.00999999977648258210 -0.00578006403520703316
0.00000000000000000000 -0.00578226009383797646
0.00999999977648258210 -0.00575874280184507370
0.01999999955296516420 -0.00574258714914321900
0.02999999932944774630 -0.00575686618685722351
0.03999999910593032840 -0.00573726883158087731
0.05000000074505805970 -0.00571886403486132622
0.05999999865889549260 -0.00572724686935544014
0.07000000029802322390 -0.00572675699368119240
0.07999999821186065670 -0.00573504297062754631
0.09000000357627868650 -0.00574599718675017357
0.10000000149011611900 -0.00574101507663726807
0.10999999940395355200 -0.00572585314512252808
0.11999999731779098500 -0.00570984696969389916
0.12999999523162841800 -0.00571216177195310593
0.14000000059604644800 -0.00570244202390313149
0.15000000596046447800 -0.00568623887374997139
0.15999999642372131300 -0.00567946908995509148
0.17000000178813934300 -0.00568199018016457558
0.18000000715255737300 -0.00569748319685459137
0.18999999761581420900 -0.00569427199661731720
0.20000000298023223900 -0.00569790508598089218
0.20999999344348907500 -0.00568388402462005615
0.21999999880790710400 -0.00565349683165550232
0.23000000417232513400 -0.00566094601526856423
0.23999999463558197000 -0.00565542094409465790
0.25000000000000000000 -0.00562410615384578705
0.25999999046325683600 -0.00562184397131204605
0.27000001072883606000 -0.00562840793281793595
0.28000000119209289500 -0.00562358181923627854
0.28999999165534973100 -0.00562407309189438820
0.30000001192092895500 -0.00562740582972764969
0.31000000238418579100 -0.00560341682285070420
0.31999999284744262700 -0.00557348504662513733
0.33000001311302185100 -0.00558162108063697815
0.34000000357627868600 -0.00555881019681692124
0.34999999403953552200 -0.00552689703181385994
0.36000001430511474600 -0.00551909487694501877
0.37000000476837158200 -0.00550871482118964195
0.37999999523162841800 -0.00550153292715549469
0.38999998569488525400 -0.00549382995814085007
0.40000000596046447700 -0.00548296095803380013
0.40999999642372131300 -0.00544441398233175278
0.41999998688697814900 -0.00540067581459879875
0.43000000715255737300 -0.00537882419303059578
0.43999999761581420900 -0.00533661805093288422
0.44999998807907104500 -0.00527797080576419830
0.46000000834465026800 -0.00522978883236646652
0.46999999880790710400 -0.00518119102343916893
0.47999998927116394000 -0.00512889586389064789
0.49000000953674316400 -0.00506207486614584923
0.50000000000000000000 -0.00498129194602370262
0.50999999046325683600 -0.00488189700990915299
0.51999998092651367200 -0.00475064106285572052
0.52999997138977050800 -0.00463353702798485756
0.54000002145767211900 -0.00449069403111934662
0.55000001192092895500 -0.00431432295590639115
0.56000000238418579100 -0.00414104200899600983
0.56999999284744262700 -0.00395363522693514824
0.57999998331069946300 -0.00374529906548559666
0.58999997377395629900 -0.00351754110306501389
0.60000002384185791000 -0.00327654392458498478
0.61000001430511474600 -0.00300391903147101402
0.62000000476837158200 -0.00271072890609502792
0.62999999523162841800 -0.00241844006814062595
0.63999998569488525400 -0.00210532895289361477
0.64999997615814209000 -0.00177513202652335167
0.66000002622604370100 -0.00144703802652657032
0.67000001668930053700 -0.00111379905138164759
0.68000000715255737300 -0.00080137548502534628
0.68999999761581420900 -0.00045418078661896288
0.69999998807907104500 -0.00011621649900916964
0.70999997854232788100 0.00020949030295014381
0.72000002861022949200 0.00053546961862593889
0.73000001907348632800 0.00084531877655535936
0.74000000953674316400 0.00112829194404184818
0.75000000000000000000 0.00140919699333608151
0.75999999046325683600 0.00166836997959762812
0.76999998092651367200 0.00190712104085832834
0.77999997138977050800 0.00212429207749664784
0.79000002145767211900 0.00231912103481590748
0.80000001192092895500 0.00249131396412849426
0.81000000238418579100 0.00264359894208610058
0.81999999284744262700 0.00277740205638110638
0.82999998331069946300 0.00289190397597849369
0.83999997377395629900 0.00299299298785626888
0.85000002384185791000 0.00308332196436822414
0.86000001430511474600 0.00316215888597071171
0.87000000476837158200 0.00323367095552384853
0.87999999523162841800 0.00329873408190906048
0.88999998569488525400 0.00335648399777710438
0.89999997615814209000 0.00340763293206691742
0.91000002622604370100 0.00345819396898150444
0.92000001668930053700 0.00350521109066903591
0.93000000715255737300 0.00354812899604439736
0.93999999761581420900 0.00359062408097088337
0.94999998807907104500 0.00363199994899332523
0.95999997854232788100 0.00367376999929547310
0.97000002861022949200 0.00371512700803577900
0.98000001907348632800 0.00375324301421642304
0.99000000953674316400 0.00379074597731232643
1.00000000000000000000 0.00382641609758138657
