-1.00000000000000000000 -0.00618681497871875763
-0.99000000953674316400 -0.00617897789925336838
-0.98000001907348632800 -0.00616453588008880615
-0.97000002861022949200 -0.00615214090794324875
-0.95999997854232788100 -0.00616772705689072609
-0.94999998807907104500 -0.00618340121582150460
-0.93999999761581420900 -0.00617028912529349327
-0.93000000715255737300 -0.00618363404646515846
-0.92000001668930053700 -0.00617255503311753273
-0.91000002622604370100 -0.00615189177915453911
-0.89999997615814209000 -0.00616349000483751297
-0.88999998569488525400 -0.00615907600149512291
-0.87999999523162841800 -0.00613733101636171341
-0.87000000476837158200 -0.00615693721920251846
-0.86000001430511474600 -0.00617768615484237671
-0.85000002384185791000 -0.00617400510236620903
-0.83999997377395629900 -0.00619223294779658318
-0.82999998331069946300 -0.00619675684720277786
-0.81999999284744262700 -0.00616503320634365082
-0.81000000238418579100 -0.00617544120177626610
-0.80000001192092895500 -0.00618099886924028397
-0.79000002145767211900 -0.00614939723163843155
-0.77999997138977050800 -0.00615660194307565689
-0.76999998092651367200 -0.00616928096860647202
-0.75999999046325683600 -0.00616779411211609841
-0.75000000000000000000 -0.00618404522538185120
-0.74000000953674316400 -0.00619881600141525269
-0.73000001907348632800 -0.00617654621601104736
-0.72000002861022949200 -0.00616031279787421227
-0.70999997854232788100 -0.00617650896310806275
-0.69999998807907104500 -0.00615997891873121262
-0.68999999761581420900 -0.00614117784425616265
-0.68000000715255737300 -0.00614710897207260132
-0.67000001668930053700 -0.00614596903324127197
-0.66000002622604370100 -0.00616011396050453186
-0.64999997615814209000 -0.00616967119276523590
-0.63999998569488525400 -0.00617155618965625763
-0.62999999523162841800 -0.00616102479398250580
-0.62000000476837158200 -0.00614761281758546829
-0.61000001430511474600 -0.00615418283268809319
-0.60000002384185791000 -0.00614901911467313767
-0.58999997377395629900 -0.00613901810720562935
-0.57999998331069946300 -0.00614095805212855339
-0.56999999284744262700 -0.00615911791101098061
-0.56000000238418579100 -0.00617222115397453308
-0.55000001192092895500 -0.00617845309898257256
-0.54000002145767211900 -0.00618031714111566544
-0.52999997138977050800 -0.00616830680519342423
-0.51999998092651367200 -0.00616300804540514946
-0.50999999046325683600 -0.00616313097998499870
-0.50000000000000000000 -0.00614443095400929451
-0.49000000953674316400 -0.00613697478547692299
-0.47999998927116394000 -0.00614889198914170265
-0.46999999880790710400 -0.00615478493273258209
-0.46000000834465026800 -0.00615994911640882492
-0.44999998807907104500 -0.00616925209760665894
-0.43999999761581420900 -0.00615218421444296837
-0.43000000715255737300 -0.00612480379641056061
-0.41999998688697814900 -0.00613586092367768288
-0.40999999642372131300 -0.00611999304965138436
-0.40000000596046447700 -0.00609452417120337486
-0.38999998569488525400 -0.00609946809709072113
-0.37999999523162841800 -0.00609993794932961464
-0.37000000476837158200 -0.00611149892210960388
-0.36000001430511474600 -0.00612339004874229431
-0.34999999403953552200 -0.00612241588532924652
-0.34000000357627868600 -0.00611203396692872048
-0.33000001311302185100 -0.00610117893666028977
-0.31999999284744262700 -0.00610657688230276108
-0.31000000238418579100 -0.00610275613144040108
-0.30000001192092895500 -0.00609855819493532181
-0.28999999165534973100 -0.00609308388084173203
-0.28000000119209289500 -0.00610966514796018601
-0.27000001072883606000 -0.00613128300756216049
-0.25999999046325683600 -0.00613105809316039086
-0.25000000000000000000 -0.00612910510972142220
-0.23999999463558197000 -0.00613001221790909767
-0.23000000417232513400 -0.00610859319567680359
-0.21999999880790710400 -0.00611225422471761704
-0.20999999344348907500 -0.00610749982297420502
-0.20000000298023223900 -0.00608821306377649307
-0.18999999761581420900 -0.00609637983143329621
-0.18000000715255737300 -0.00611293502151966095
-0.17000000178813934300 -0.00611263513565063477
-0.15999999642372131300 -0.00612017093226313591
-0.15000000596046447800 -0.00612464919686317444
-0.14000000059604644800 -0.00609261402860283852
-0.12999999523162841800 -0.00610035378485918045
-0.11999999731779098500 -0.00610384903848171234
-0.10999999940395355200 -0.00606857798993587494
-0.10000000149011611900 -0.00606840010732412338
-0.09000000357627868650 -0.00608591688796877861
-0.07999999821186065670 -0.00608445005491375923
-0.07000000029802322390 -0.00609527900815010071
-0.05999999865889549260 -0.00611096899956464768
-0.05000000074505805970 -0.00608440907672047615
-0.03999999910593032840 -0.00607261480763554573
-0.02999999932944774630 -0.00609474908560514450
-0.01999999955296516420 -0.00607766583561897278
-0.00999999977648258210 -0.00606798008084297180
0.00000000000000000000 -0.00607751216739416123
0.00999999977648258210 -0.00607617711648344994
0.01999999955296516420 -0.00608641980215907097
0.02999999932944774630 -0.00610434403643012047
0.03999999910593032840 -0.00610593194141983986
0.05000000074505805970 -0.00609437702223658562
0.05999999865889549260 -0.00607784185558557511
0.07000000029802322390 -0.00608343910425901413
0.07999999821186065670 -0.00607355497777462006
0.09000000357627868650 -0.00605780491605401039
0.10000000149011611900 -0.00604851916432380676
0.10999999940395355200 -0.00605355203151702881
0.11999999731779098500 -0.00607050908729434014
0.12999999523162841800 -0.00606055418029427529
0.14000000059604644800 -0.00606046989560127258
0.15000000596046447800 -0.00604713382199406624
0.15999999642372131300 -0.00601852312684059143
0.17000000178813934300 -0.00602639280259609223
0.18000000715255737300 -0.00601736176759004593
0.18999999761581420900 -0.00598915293812751770
0.20000000298023223900 -0.00599524099379777908
0.20999999344348907500 -0.00601084576919674874
0.21999999880790710400 -0.00600863480940461159
0.23000000417232513400 -0.00601936085149645806
0.23999999463558197000 -0.00602420000359416008
0.25000000000000000000 -0.00599708408117294312
0.25999999046325683600 -0.00599526101723313332
0.27000001072883606000 -0.00600499706342816353
0.28000000119209289500 -0.00597006501629948616
0.28999999165534973100 -0.00596432900056242943
0.30000001192092895500 -0.00597802782431244850
0.31000000238418579100 -0.00596366915851831436
0.31999999284744262700 -0.00597123289480805397
0.33000001311302185100 -0.00597731210291385651
0.34000000357627868600 -0.00594235211610794068
0.34999999403953552200 -0.00591628905385732651
0.36000001430511474600 -0.00592103088274598122
0.37000000476837158200 -0.00587954511865973473
0.37999999523162841800 -0.00584168592467904091
0.38999998569488525400 -0.00582195818424224854
0.40000000596046447700 -0.00578370178118348122
0.40999999642372131300 -0.00575960520654916764
0.41999998688697814900 -0.00571832107380032540
0.43000000715255737300 -0.00565811805427074433
0.43999999761581420900 -0.00558169605210423470
0.44999998807907104500 -0.00549080921337008476
0.46000000834465026800 -0.00539667112752795220
0.46999999880790710400 -0.00528684817254543305
0.47999998927116394000 -0.00515739480033516884
0.49000000953674316400 -0.00501643819734454155
0.50000000000000000000 -0.00487399706616997719
0.50999999046325683600 -0.00471179513260722160
0.51999998092651367200 -0.00452724192291498184
0.52999997138977050800 -0.00433382205665111542
0.54000002145767211900 -0.00411706091836094856
0.55000001192092895500 -0.00389107293449342251
0.56000000238418579100 -0.00365996197797358036
0.56999999284744262700 -0.00341020897030830383
0.57999998331069946300 -0.00315282610245049000
0.58999997377395629900 -0.00289611006155610085
0.60000002384185791000 -0.00262875109910964966
0.61000001430511474600 -0.00235339510254561901
0.62000000476837158200 -0.00207336503081023693
0.62999999523162841800 -0.00178239005617797375
0.63999998569488525400 -0.00148066901601850987
0.64999997615814209000 -0.00118479202501475811
0.66000002622604370100 -0.00084809347754344344
0.67000001668930053700 -0.00054591259686276317
0.68000000715255737300 -0.00024548888904973865
0.68999999761581420900 0.00005387777127907611
0.69999998807907104500 0.00035280050360597670
0.70999997854232788100 0.00066310900729149580
0.72000002861022949200 0.00097383267711848021
0.73000001907348632800 0.00134435202926397324
0.74000000953674316400 0.00167662301100790501
0.75000000000000000000 0.00201016198843717575
0.75999999046325683600 0.00234705209732055664
0.76999998092651367200 0.00268529611639678478
0.77999997138977050800 0.00302524189464747906
0.79000002145767211900 0.00336779188364744186
0.80000001192092895500 0.00371171394363045693
0.81000000238418579100 0.00405644020065665245
0.81999999284744262700 0.00440368894487619400
0.82999998331069946300 0.00475165899842977524
0.83999997377395629900 0.00510235177353024483
0.85000002384185791000 0.00545425014570355416
0.86000001430511474600 0.00580882094800472260
0.87000000476837158200 0.00616409583017230034
0.87999999523162841800 0.00652016000822186470
0.88999998569488525400 0.00687810685485601425
0.89999997615814209000 0.00723786978051066399
0.91000002622604370100 0.00759800802916288376
0.92000001668930053700 0.00795993860810995102
0.93000000715255737300 0.00832286756485700608
0.93999999761581420900 0.00868795718997716904
0.94999998807907104500 0.00905269384384155274
0.95999997854232788100 0.00941882096230983734
0.97000002861022949200 0.00978715531527996064
0.98000001907348632800 0.01015482004731893540
0.99000000953674316400 0.01002958044409751890
1.00000000000000000000 0.01038387976586818700
