-1.00000000000000000000 -0.00612277491018176079
-0.99000000953674316400 -0.00613910285755991936
-0.98000001907348632800 -0.00615649018436670304
-0.97000002861022949200 -0.00615588109940290451
-0.95999997854232788100 -0.00616206880658864975
-0.94999998807907104500 -0.00614508287981152535
-0.93999999761581420900 -0.00613010488450527191
-0.93000000715255737300 -0.00613888306543231011
-0.92000001668930053700 -0.00612127687782049179
-0.91000002622604370100 -0.00611230777576565743
-0.89999997615814209000 -0.00612284382805228234
-0.88999998569488525400 -0.00613211281597614288
-0.87999999523162841800 -0.00613566720858216286
-0.87000000476837158200 -0.00615487294271588326
-0.86000001430511474600 -0.00614434201270341873
-0.85000002384185791000 -0.00612290389835834503
-0.83999997377395629900 -0.00613995408639311791
-0.82999998331069946300 -0.00613725604489445687
-0.81999999284744262700 -0.00611469289287924767
-0.81000000238418579100 -0.00611611315980553627
-0.80000001192092895500 -0.00613145995885133744
-0.79000002145767211900 -0.00614069914445281029
-0.77999997138977050800 -0.00615546200424432755
-0.76999998092651367200 -0.00615674117580056191
-0.75999999046325683600 -0.00614630291238427162
-0.75000000000000000000 -0.00612678797915577889
-0.74000000953674316400 -0.00613779015839099884
-0.73000001907348632800 -0.00613178219646215439
-0.72000002861022949200 -0.00610833102837204933
-0.70999997854232788100 -0.00611212197691202164
-0.69999998807907104500 -0.00612074695527553559
-0.68999999761581420900 -0.00612715492025017739
-0.68000000715255737300 -0.00612567691132426262
-0.67000001668930053700 -0.00612988509237766266
-0.66000002622604370100 -0.00610127020627260208
-0.64999997615814209000 -0.00609614001587033272
-0.63999998569488525400 -0.00610310304909944534
-0.62999999523162841800 -0.00608783308416604996
-0.62000000476837158200 -0.00607783487066626549
-0.61000001430511474600 -0.00609169201925396919
-0.60000002384185791000 -0.00610943604260683060
-0.58999997377395629900 -0.00610695406794548035
-0.57999998331069946300 -0.00613106600940227509
-0.56999999284744262700 -0.00612317398190498352
-0.56000000238418579100 -0.00609677098691463471
-0.55000001192092895500 -0.00612102216109633446
-0.54000002145767211900 -0.00611686706542968750
-0.52999997138977050800 -0.00609138980507850647
-0.51999998092651367200 -0.00610481481999158859
-0.50999999046325683600 -0.00611582119017839432
-0.50000000000000000000 -0.00611926894634962082
-0.49000000953674316400 -0.00614061020314693451
-0.47999998927116394000 -0.00614549918100237847
-0.46999999880790710400 -0.00613093888387084007
-0.46000000834465026800 -0.00611760420724749565
-0.44999998807907104500 -0.00613012909889221192
-0.43999999761581420900 -0.00612212810665369034
-0.43000000715255737300 -0.00610469188541173935
-0.41999998688697814900 -0.00610584020614624024
-0.40999999642372131300 -0.00611561723053455353
-0.40000000596046447700 -0.00612649880349636078
-0.38999998569488525400 -0.00612535094842314720
-0.37999999523162841800 -0.00612652115523815155
-0.37000000476837158200 -0.00610264576971530914
-0.36000001430511474600 -0.00610180292278528214
-0.34999999403953552200 -0.00610952498391270638
-0.34000000357627868600 -0.00609239889308810234
-0.33000001311302185100 -0.00608764588832855225
-0.31999999284744262700 -0.00610316684469580650
-0.31000000238418579100 -0.00611560884863138199
-0.30000001192092895500 -0.00612057419493794441
-0.28999999165534973100 -0.00613725977018475533
-0.28000000119209289500 -0.00612524617463350296
-0.27000001072883606000 -0.00610481109470129013
-0.25999999046325683600 -0.00612173788249492645
-0.25000000000000000000 -0.00611567217856645584
-0.23999999463558197000 -0.00609506806358695030
-0.23000000417232513400 -0.00609552115201950073
-0.21999999880790710400 -0.00610704813152551651
-0.20999999344348907500 -0.00610765721648931504
-0.20000000298023223900 -0.00612289784476161003
-0.18999999761581420900 -0.00612029386684298516
-0.18000000715255737300 -0.00610255217179656029
-0.17000000178813934300 -0.00608742097392678261
-0.15999999642372131300 -0.00609325477853417397
-0.15000000596046447800 -0.00607755221426486969
-0.14000000059604644800 -0.00606203405186533928
-0.12999999523162841800 -0.00606850581243634224
-0.11999999731779098500 -0.00607389491051435471
-0.10999999940395355200 -0.00608060089871287346
-0.10000000149011611900 -0.00608758721500635147
-0.09000000357627868650 -0.00608322722837328911
-0.07999999821186065670 -0.00605943799018859864
-0.07000000029802322390 -0.00606913911178708077
-0.05999999865889549260 -0.00607258686795830727
-0.05000000074505805970 -0.00605498487129807472
-0.03999999910593032840 -0.00605863193050026894
-0.02999999932944774630 -0.00607298919931054116
-0.01999999955296516420 -0.00608615484088659287
-0.00999999977648258210 -0.00608990387991070748
0.00000000000000000000 -0.00610311608761548996
0.00999999977648258210 -0.00609472393989562988
0.01999999955296516420 -0.00607422180473804474
0.02999999932944774630 -0.00608115177601575852
0.03999999910593032840 -0.00608164304867386818
0.05000000074505805970 -0.00606088479980826378
0.05999999865889549260 -0.00606104312464594841
0.07000000029802322390 -0.00606926204636693001
0.07999999821186065670 -0.00607787398621439934
0.09000000357627868650 -0.00608864100649952889
0.10000000149011611900 -0.00608965801075100899
0.10999999940395355200 -0.00607268279418349266
0.11999999731779098500 -0.00605589197948575020
0.12999999523162841800 -0.00606588600203394890
0.14000000059604644800 -0.00605015084147453308
0.15000000596046447800 -0.00603234302252531052
0.15999999642372131300 -0.00603740522637963295
0.17000000178813934300 -0.00603553280234336853
0.18000000715255737300 -0.00604747515171766281
0.18999999761581420900 -0.00604998692870140076
0.20000000298023223900 -0.00604455219581723213
0.20999999344348907500 -0.00602736510336399079
0.21999999880790710400 -0.00602087611332535744
0.23000000417232513400 -0.00601714011281728745
0.23999999463558197000 -0.00600078003481030464
0.25000000000000000000 -0.00598666118457913399
0.25999999046325683600 -0.00598395382985472679
0.27000001072883606000 -0.00598948588594794274
0.28000000119209289500 -0.00598755385726690293
0.28999999165534973100 -0.00598852522671222687
0.30000001192092895500 -0.00596482818946242333
0.31000000238418579100 -0.00593205820769071579
0.31999999284744262700 -0.00593009684234857559
0.33000001311302185100 -0.00590443285182118416
0.34000000357627868600 -0.00586701417341828346
0.34999999403953552200 -0.00585240079089999199
0.36000001430511474600 -0.00583891011774539948
0.37000000476837158200 -0.00581817887723445892
0.37999999523162841800 -0.00580391893163323403
0.38999998569488525400 -0.00577623210847377777
0.40000000596046447700 -0.00573446182534098625
0.40999999642372131300 -0.00569395022466778755
0.41999998688697814900 -0.00566821079701185227
0.43000000715255737300 -0.00562482886016368866
0.43999999761581420900 -0.00557819008827209473
0.44999998807907104500 -0.00554983317852020264
0.46000000834465026800 -0.00551114603877067566
0.46999999880790710400 -0.00547601981088519097
0.47999998927116394000 -0.00543554592877626419
0.49000000953674316400 -0.00536517100408673287
0.50000000000000000000 -0.00528960721567273140
0.50999999046325683600 -0.00522602302953600884
0.51999998092651367200 -0.00513693317770957947
0.52999997138977050800 -0.00503157591447234154
0.54000002145767211900 -0.00493054417893290520
0.55000001192092895500 -0.00480263307690620423
0.56000000238418579100 -0.00466983485966920853
0.56999999284744262700 -0.00450884317979216576
0.57999998331069946300 -0.00431020697578787804
0.58999997377395629900 -0.00407574418932199478
0.60000002384185791000 -0.00379993300884962082
0.61000001430511474600 -0.00349684595130383968
0.62000000476837158200 -0.00313771492801606655
0.62999999523162841800 -0.00274697598069906235
0.63999998569488525400 -0.00227620801888406277
0.64999997615814209000 -0.00179381703492254019
0.66000002622604370100 -0.00125773204490542412
0.67000001668930053700 -0.00064507627394050360
0.68000000715255737300 -0.00006968583329580724
0.68999999761581420900 0.00052454648539423943
0.69999998807907104500 0.00123538600746542215
0.70999997854232788100 0.00202086707577109337
0.72000002861022949200 0.00280094891786575317
0.73000001907348632800 0.00361333601176738739
0.74000000953674316400 0.00446558510884642601
0.75000000000000000000 0.00535147078335285187
0.75999999046325683600 0.00621039699763059616
0.76999998092651367200 0.00717564299702644348
0.77999997138977050800 0.00809557922184467316
0.79000002145767211900 0.00904733687639236450
0.80000001192092895500 0.01006061024963855740
0.81000000238418579100 0.01046441961079835890
0.81999999284744262700 0.01141306012868881230
0.82999998331069946300 0.01240670029073953630
0.83999997377395629900 0.01344804000109434130
0.85000002384185791000 0.01435049995779991150
0.86000001430511474600 0.01538197044283151630
0.87000000476837158200 0.01637684926390647890
0.87999999523162841800 0.01740195043385028840
0.88999998569488525400 0.01841757073998451230
0.89999997615814209000 0.01958304084837436680
0.91000002622604370100 0.02039906941354274750
0.92000001668930053700 0.02160461992025375370
0.93000000715255737300 0.02262970060110092160
0.93999999761581420900 0.02378123998641967770
0.94999998807907104500 0.02476776950061321260
0.95999997854232788100 0.02597738057374954220
0.97000002861022949200 0.02697736024856567380
0.98000001907348632800 0.02808061055839061740
0.99000000953674316400 0.02923640981316566470
1.00000000000000000000 0.03034023009240627290
