-1.00000000000000000000 -0.00548201100900769234
-0.99000000953674316400 -0.00547170685604214668
-0.98000001907348632800 -0.00548108480870723725
-0.97000002861022949200 -0.00546958483755588532
-0.95999997854232788100 -0.00546479877084493637
-0.94999998807907104500 -0.00545788882300257683
-0.93999999761581420900 -0.00546606397256255150
-0.93000000715255737300 -0.00548743503168225289
-0.92000001668930053700 -0.00548249902203679085
-0.91000002622604370100 -0.00548305781558156014
-0.89999997615814209000 -0.00548175908625125885
-0.88999998569488525400 -0.00545696308836340904
-0.87999999523162841800 -0.00545785110443830490
-0.87000000476837158200 -0.00546086812391877175
-0.86000001430511474600 -0.00543716596439480782
-0.85000002384185791000 -0.00544188311323523522
-0.83999997377395629900 -0.00546312611550092697
-0.82999998331069946300 -0.00545915402472019196
-0.81999999284744262700 -0.00546547304838895798
-0.81000000238418579100 -0.00547886919230222702
-0.80000001192092895500 -0.00544862914830446243
-0.79000002145767211900 -0.00545031204819679260
-0.77999997138977050800 -0.00546376081183552742
-0.76999998092651367200 -0.00543401716277003288
-0.75999999046325683600 -0.00543684698641300202
-0.75000000000000000000 -0.00545347901061177254
-0.74000000953674316400 -0.00544859282672405243
-0.73000001907348632800 -0.00546191679313778877
-0.72000002861022949200 -0.00548663502559065819
-0.70999997854232788100 -0.00546121085062623024
-0.69999998807907104500 -0.00544729921966791153
-0.68999999761581420900 -0.00546226417645812035
-0.68000000715255737300 -0.00544142583385109902
-0.67000001668930053700 -0.00542612699791789055
-0.66000002622604370100 -0.00543305883184075356
-0.64999997615814209000 -0.00542606506496667862
-0.63999998569488525400 -0.00544091500341892243
-0.62999999523162841800 -0.00544869108125567436
-0.62000000476837158200 -0.00544339977204799652
-0.61000001430511474600 -0.00543769402429461479
-0.60000002384185791000 -0.00542345410212874413
-0.58999997377395629900 -0.00542361801490187645
-0.57999998331069946300 -0.00543088186532258988
-0.56999999284744262700 -0.00541833415627479553
-0.56000000238418579100 -0.00541372084990143776
-0.55000001192092895500 -0.00543409213423728943
-0.54000002145767211900 -0.00544834416359663010
-0.52999997138977050800 -0.00544555578380823136
-0.51999998092651367200 -0.00546669913455843926
-0.50999999046325683600 -0.00545614305883646012
-0.50000000000000000000 -0.00542807299643754959
-0.49000000953674316400 -0.00545091507956385613
-0.47999998927116394000 -0.00544669898226857186
-0.46999999880790710400 -0.00541625497862696648
-0.46000000834465026800 -0.00542751001194119454
-0.44999998807907104500 -0.00543863279744982720
-0.43999999761581420900 -0.00543719902634620667
-0.43000000715255737300 -0.00545818498358130455
-0.41999998688697814900 -0.00545438518747687340
-0.40999999642372131300 -0.00543550122529268265
-0.40000000596046447700 -0.00543046090751886368
-0.38999998569488525400 -0.00543685117736458779
-0.37999999523162841800 -0.00542055582627654076
-0.37000000476837158200 -0.00541317509487271309
-0.36000001430511474600 -0.00541567523032426834
-0.34999999403953552200 -0.00541425682604312897
-0.34000000357627868600 -0.00543142994865775108
-0.33000001311302185100 -0.00543351797387003899
-0.31999999284744262700 -0.00543213589116930962
-0.31000000238418579100 -0.00542589789256453514
-0.30000001192092895500 -0.00540576316416263580
-0.28999999165534973100 -0.00540755689144134522
-0.28000000119209289500 -0.00540977390483021736
-0.27000001072883606000 -0.00539206899702548981
-0.25999999046325683600 -0.00539365783333778382
-0.25000000000000000000 -0.00541820004582405090
-0.23999999463558197000 -0.00541406078264117241
-0.23000000417232513400 -0.00542412512004375458
-0.21999999880790710400 -0.00543389795348048210
-0.20999999344348907500 -0.00540641695261001587
-0.20000000298023223900 -0.00540260598063468933
-0.18999999761581420900 -0.00541583402082324028
-0.18000000715255737300 -0.00538476090878248215
-0.17000000178813934300 -0.00538218999281525612
-0.15999999642372131300 -0.00540219200775027275
-0.15000000596046447800 -0.00539733003824949265
-0.14000000059604644800 -0.00540947215631604195
-0.12999999523162841800 -0.00542753981426358223
-0.11999999731779098500 -0.00539988884702324867
-0.10999999940395355200 -0.00537929497659206391
-0.10000000149011611900 -0.00539812492206692696
-0.09000000357627868650 -0.00537269888445734978
-0.07999999821186065670 -0.00535829877480864525
-0.07000000029802322390 -0.00536629697307944298
-0.05999999865889549260 -0.00535547919571399689
-0.05000000074505805970 -0.00537290982902050018
-0.03999999910593032840 -0.00538788503035902977
-0.02999999932944774630 -0.00537963397800922394
-0.01999999955296516420 -0.00538060208782553673
-0.00999999977648258210 -0.00537058897316455841
0.00000000000000000000 -0.00536516308784484863
0.00999999977648258210 -0.00537314778193831444
0.01999999955296516420 -0.00537570519372820854
0.02999999932944774630 -0.00535979401320219040
0.03999999910593032840 -0.00536700198426842690
0.05000000074505805970 -0.00538725778460502625
0.05999999865889549260 -0.00538510503247380257
0.07000000029802322390 -0.00539050484076142311
0.07999999821186065670 -0.00539748184382915497
0.09000000357627868650 -0.00536425784230232239
0.10000000149011611900 -0.00537373078987002373
0.10999999940395355200 -0.00538273202255368233
0.11999999731779098500 -0.00534633686766028404
0.12999999523162841800 -0.00534971617162227631
0.14000000059604644800 -0.00536123802885413170
0.15000000596046447800 -0.00535694696009159088
0.15999999642372131300 -0.00536597194150090218
0.17000000178813934300 -0.00538295786827802658
0.18000000715255737300 -0.00534912897273898125
0.18999999761581420900 -0.00533406389877200127
0.20000000298023223900 -0.00535076577216386795
0.20999999344348907500 -0.00532664218917489052
0.21999999880790710400 -0.00530538614839315415
0.23000000417232513400 -0.00531301600858569145
0.23999999463558197000 -0.00530193001031875611
0.25000000000000000000 -0.00531309703364968300
0.25999999046325683600 -0.00532656209543347359
0.27000001072883606000 -0.00531199807301163674
0.28000000119209289500 -0.00530837103724479675
0.28999999165534973100 -0.00528840813785791397
0.30000001192092895500 -0.00527935009449720383
0.31000000238418579100 -0.00526911299675703049
0.31999999284744262700 -0.00525490101426839829
0.33000001311302185100 -0.00524180196225643158
0.34000000357627868600 -0.00524917384609580040
0.34999999403953552200 -0.00525190914049744606
0.36000001430511474600 -0.00523385079577565193
0.37000000476837158200 -0.00523445615544915199
0.37999999523162841800 -0.00520583195611834526
0.38999998569488525400 -0.00517457211390137673
0.40000000596046447700 -0.00517375022172927857
0.40999999642372131300 -0.00514608295634388924
0.41999998688697814900 -0.00511083379387855530
0.43000000715255737300 -0.00509903812780976296
0.43999999761581420900 -0.00508178491145372391
0.44999998807907104500 -0.00505816983059048653
0.46000000834465026800 -0.00504274899140000343
0.46999999880790710400 -0.00500016985461115837
0.47999998927116394000 -0.00494165113195776940
0.49000000953674316400 -0.00490534305572509766
0.50000000000000000000 -0.00485844817012548447
0.50999999046325683600 -0.00478898780420422554
0.51999998092651367200 -0.00473679695278406143
0.52999997138977050800 -0.00466772494837641716
0.54000002145767211900 -0.00459262682124972344
0.55000001192092895500 -0.00451273797079920769
0.56000000238418579100 -0.00440214108675718308
0.56999999284744262700 -0.00426117889583110809
0.57999998331069946300 -0.00409231381490826607
0.58999997377395629900 -0.00389666901901364327
0.60000002384185791000 -0.00366519601084291935
0.61000001430511474600 -0.00340299098752439022
0.62000000476837158200 -0.00309071294032037258
0.62999999523162841800 -0.00274841510690748692
0.63999998569488525400 -0.00238016108050942421
0.64999997615814209000 -0.00194673496298491955
0.66000002622604370100 -0.00148474297020584345
0.67000001668930053700 -0.00093854998704046011
0.68000000715255737300 -0.00042709711124189198
0.68999999761581420900 0.00012624560622498393
0.69999998807907104500 0.00069672067184001207
0.70999997854232788100 0.00137692398857325316
0.72000002861022949200 0.00204532803036272526
0.73000001907348632800 0.00274509796872735024
0.74000000953674316400 0.00346248107962310314
0.75000000000000000000 0.00420185597613453865
0.75999999046325683600 0.00496069388464093208
0.76999998092651367200 0.00573840085417032242
0.77999997138977050800 0.00653820810839533806
0.79000002145767211900 0.00734999217092990876
0.80000001192092895500 0.00817705783993005753
0.81000000238418579100 0.00902320723980665207
0.81999999284744262700 0.00988004170358181000
0.82999998331069946300 0.01026637014001607900
0.83999997377395629900 0.01110802963376045230
0.85000002384185791000 0.01194948982447385790
0.86000001430511474600 0.01283099036663770680
0.87000000476837158200 0.01372313965111970900
0.87999999523162841800 0.01459383033215999600
0.88999998569488525400 0.01551283989101648330
0.89999997615814209000 0.01645275019109249120
0.91000002622604370100 0.01736610941588878630
0.92000001668930053700 0.01832688041031360630
0.93000000715255737300 0.01929634064435958860
0.93999999761581420900 0.02022209018468856810
0.94999998807907104500 0.02120036073029041290
0.95999997854232788100 0.02220679074525833130
0.97000002861022949200 0.02316527068614959720
0.98000001907348632800 0.02417599037289619450
0.99000000953674316400 0.02521885931491851810
1.00000000000000000000 0.02622750028967857360
