-1.00000000000000000000 -0.00616645487025380135
-0.99000000953674316400 -0.00615952117368578911
-0.98000001907348632800 -0.00617170799523591995
-0.97000002861022949200 -0.00617799814790487290
-0.95999997854232788100 -0.00619771005585789681
-0.94999998807907104500 -0.00620457995682954788
-0.93999999761581420900 -0.00620879884809255600
-0.93000000715255737300 -0.00619133422151207924
-0.92000001668930053700 -0.00618346314877271652
-0.91000002622604370100 -0.00619074888527393341
-0.89999997615814209000 -0.00617257598787546158
-0.88999998569488525400 -0.00616550212725996971
-0.87999999523162841800 -0.00616877200081944466
-0.87000000476837158200 -0.00617515621706843376
-0.86000001430511474600 -0.00618002284318208695
-0.85000002384185791000 -0.00618421705439686775
-0.83999997377395629900 -0.00617368984967470169
-0.82999998331069946300 -0.00615899078547954560
-0.81999999284744262700 -0.00615039980039000511
-0.81000000238418579100 -0.00615534791722893715
-0.80000001192092895500 -0.00614684214815497399
-0.79000002145767211900 -0.00613383296877145767
-0.77999997138977050800 -0.00614434294402599335
-0.76999998092651367200 -0.00615418702363967896
-0.75999999046325683600 -0.00616986490786075592
-0.75000000000000000000 -0.00618315301835536957
-0.74000000953674316400 -0.00618377700448036194
-0.73000001907348632800 -0.00616992916911840439
-0.72000002861022949200 -0.00616932287812232971
-0.70999997854232788100 -0.00617350684478878975
-0.69999998807907104500 -0.00616387510672211647
-0.68999999761581420900 -0.00615968508645892143
-0.68000000715255737300 -0.00615959288552403450
-0.67000001668930053700 -0.00617964193224906922
-0.66000002622604370100 -0.00619147811084985733
-0.64999997615814209000 -0.00619013886898756027
-0.63999998569488525400 -0.00619560386985540390
-0.62999999523162841800 -0.00617414806038141251
-0.62000000476837158200 -0.00617033522576093674
-0.61000001430511474600 -0.00617521489039063454
-0.60000002384185791000 -0.00615970278158783913
-0.58999997377395629900 -0.00615011621266603470
-0.57999998331069946300 -0.00615757983177900314
-0.56999999284744262700 -0.00616530282422900200
-0.56000000238418579100 -0.00617276597768068314
-0.55000001192092895500 -0.00618062121793627739
-0.54000002145767211900 -0.00617494294419884682
-0.52999997138977050800 -0.00615111598744988442
-0.51999998092651367200 -0.00615258980542421341
-0.50999999046325683600 -0.00615632580593228340
-0.50000000000000000000 -0.00614175805822014809
-0.49000000953674316400 -0.00614146189764142037
-0.47999998927116394000 -0.00614890083670616150
-0.46999999880790710400 -0.00616538291797041893
-0.46000000834465026800 -0.00617285491898655892
-0.44999998807907104500 -0.00618565781041979790
-0.43999999761581420900 -0.00617653317749500275
-0.43000000715255737300 -0.00615755096077919007
-0.41999998688697814900 -0.00616816990077495575
-0.40999999642372131300 -0.00616435799747705460
-0.40000000596046447700 -0.00614908291026949883
-0.38999998569488525400 -0.00614553410559892655
-0.37999999523162841800 -0.00615699077025055886
-0.37000000476837158200 -0.00616997899487614632
-0.36000001430511474600 -0.00617924006655812264
-0.34999999403953552200 -0.00618414906784892082
-0.34000000357627868600 -0.00617646891623735428
-0.33000001311302185100 -0.00615452602505683899
-0.31999999284744262700 -0.00614837091416120529
-0.31000000238418579100 -0.00615043798461556435
-0.30000001192092895500 -0.00611611409112811089
-0.28999999165534973100 -0.00611344119533896446
-0.28000000119209289500 -0.00611683819442987442
-0.27000001072883606000 -0.00612077303230762482
-0.25999999046325683600 -0.00613018590956926346
-0.25000000000000000000 -0.00614610081538558006
-0.23999999463558197000 -0.00613265112042427063
-0.23000000417232513400 -0.00611986313015222550
-0.21999999880790710400 -0.00612792279571294785
-0.20999999344348907500 -0.00612723687663674355
-0.20000000298023223900 -0.00611589197069406510
-0.18999999761581420900 -0.00611465610563755036
-0.18000000715255737300 -0.00612894911319017410
-0.17000000178813934300 -0.00614013988524675369
-0.15999999642372131300 -0.00615070620551705361
-0.15000000596046447800 -0.00616200687363743782
-0.14000000059604644800 -0.00615281891077756882
-0.12999999523162841800 -0.00613330816850066185
-0.11999999731779098500 -0.00614901492372155190
-0.10999999940395355200 -0.00614165188744664192
-0.10000000149011611900 -0.00612094299867749214
-0.09000000357627868650 -0.00612736912444233895
-0.07999999821186065670 -0.00613188790157437325
-0.07000000029802322390 -0.00614303816109895706
-0.05999999865889549260 -0.00614977814257144928
-0.05000000074505805970 -0.00616340106353163719
-0.03999999910593032840 -0.00614295294508337975
-0.02999999932944774630 -0.00612196419388055802
-0.01999999955296516420 -0.00613306602463126183
-0.00999999977648258210 -0.00611752411350607872
0.00000000000000000000 -0.00609760079532861710
0.00999999977648258210 -0.00609265780076384545
0.01999999955296516420 -0.00610212609171867371
0.02999999932944774630 -0.00610941182821989060
0.03999999910593032840 -0.00611811690032482147
0.05000000074505805970 -0.00612683407962322235
0.05999999865889549260 -0.00612980686128139496
0.07000000029802322390 -0.00610848795622587204
0.07999999821186065670 -0.00610235799103975296
0.09000000357627868650 -0.00610734289512038231
0.10000000149011611900 -0.00609517795965075493
0.10999999940395355200 -0.00608339812606573105
0.11999999731779098500 -0.00608893018215894699
0.12999999523162841800 -0.00610520597547292710
0.14000000059604644800 -0.00610726000741124153
0.15000000596046447800 -0.00611557997763156891
0.15999999642372131300 -0.00611079297959804535
0.17000000178813934300 -0.00608725287020206452
0.18000000715255737300 -0.00608504097908735275
0.18999999761581420900 -0.00608506612479686737
0.20000000298023223900 -0.00605657091364264488
0.20999999344348907500 -0.00604409910738468170
0.21999999880790710400 -0.00604920787736773491
0.23000000417232513400 -0.00604629795998334885
0.23999999463558197000 -0.00604467885568737984
0.25000000000000000000 -0.00604092609137296677
0.25999999046325683600 -0.00602300791069865227
0.27000001072883606000 -0.00598806887865066528
0.28000000119209289500 -0.00598289119079709053
0.28999999165534973100 -0.00596756581217050553
0.30000001192092895500 -0.00593879912048578262
0.31000000238418579100 -0.00592715386301279068
0.31999999284744262700 -0.00592126185074448586
0.33000001311302185100 -0.00591964088380336762
0.34000000357627868600 -0.00591302616521716118
0.34999999403953552200 -0.00591429881751537323
0.36000001430511474600 -0.00588198797777295113
0.37000000476837158200 -0.00584921380504965782
0.37999999523162841800 -0.00583738787099719048
0.38999998569488525400 -0.00581237208098173142
0.40000000596046447700 -0.00576918618753552437
0.40999999642372131300 -0.00574549287557601929
0.41999998688697814900 -0.00572445383295416832
0.43000000715255737300 -0.00569611601531505585
0.43999999761581420900 -0.00567469513043761254
0.44999998807907104500 -0.00563981290906667710
0.46000000834465026800 -0.00558220781385898590
0.46999999880790710400 -0.00551889603957533837
0.47999998927116394000 -0.00547988712787628174
0.49000000953674316400 -0.00540602114051580429
0.50000000000000000000 -0.00532111804932355881
0.50999999046325683600 -0.00524829188361763954
0.51999998092651367200 -0.00516324210911989212
0.52999997138977050800 -0.00506961485370993614
0.54000002145767211900 -0.00495833111926913262
0.55000001192092895500 -0.00483050895854830742
0.56000000238418579100 -0.00466446205973625183
0.56999999284744262700 -0.00447787111625075340
0.57999998331069946300 -0.00428181001916527748
0.58999997377395629900 -0.00403930107131600380
0.60000002384185791000 -0.00376467802561819554
0.61000001430511474600 -0.00345417391508817673
0.62000000476837158200 -0.00310900295153260231
0.62999999523162841800 -0.00271921209059655666
0.63999998569488525400 -0.00227788090705871582
0.64999997615814209000 -0.00179264601320028305
0.66000002622604370100 -0.00125256099272519350
0.67000001668930053700 -0.00067350472090765834
0.68000000715255737300 -0.00013258929539006203
0.68999999761581420900 0.00045576260890811682
0.69999998807907104500 0.00120889802929013968
0.70999997854232788100 0.00196798704564571381
0.72000002861022949200 0.00275753601454198361
0.73000001907348632800 0.00357135408557951450
0.74000000953674316400 0.00443061720579862595
0.75000000000000000000 0.00529500190168619156
0.75999999046325683600 0.00620478903874754906
0.76999998092651367200 0.00711880298331379891
0.77999997138977050800 0.00804384425282478333
0.79000002145767211900 0.00900643784552812577
0.80000001192092895500 0.00998953916132450104
0.81000000238418579100 0.01040284987539052960
0.81999999284744262700 0.01135061960667371750
0.82999998331069946300 0.01235099043697118760
0.83999997377395629900 0.01334786973893642430
0.85000002384185791000 0.01435489021241664890
0.86000001430511474600 0.01537539996206760410
0.87000000476837158200 0.01640277914702892300
0.87999999523162841800 0.01743330992758274080
0.88999998569488525400 0.01850184984505176540
0.89999997615814209000 0.01956598088145256040
0.91000002622604370100 0.02062558010220527650
0.92000001668930053700 0.02172813937067985530
0.93000000715255737300 0.02279821038246154790
0.93999999761581420900 0.02389826998114585880
0.94999998807907104500 0.02527987025678157810
0.95999997854232788100 0.02614385075867176060
0.97000002861022949200 0.02723911963403224950
0.98000001907348632800 0.02838327921926975250
0.99000000953674316400 0.02947670035064220430
1.00000000000000000000 0.03061708062887191770
