-1.00000000000000000000 -0.00616083294153213501
-0.99000000953674316400 -0.00617175083607435227
-0.98000001907348632800 -0.00618040002882480622
-0.97000002861022949200 -0.00615957891568541527
-0.95999997854232788100 -0.00616090605035424233
-0.94999998807907104500 -0.00618071295320987702
-0.93999999761581420900 -0.00619035912677645684
-0.93000000715255737300 -0.00619666697457432747
-0.92000001668930053700 -0.00621465686708688736
-0.91000002622604370100 -0.00620015291497111321
-0.89999997615814209000 -0.00617987383157014847
-0.88999998569488525400 -0.00620034802705049515
-0.87999999523162841800 -0.00619316287338733673
-0.87000000476837158200 -0.00616151094436645508
-0.86000001430511474600 -0.00617666402831673622
-0.85000002384185791000 -0.00618032785132527352
-0.83999997377395629900 -0.00619007879868149758
-0.82999998331069946300 -0.00619823019951581955
-0.81999999284744262700 -0.00620010215789079666
-0.81000000238418579100 -0.00618143798783421517
-0.80000001192092895500 -0.00617667101323604584
-0.79000002145767211900 -0.00617986591532826424
-0.77999997138977050800 -0.00616289209574460984
-0.76999998092651367200 -0.00616269279271364212
-0.75999999046325683600 -0.00616839481517672539
-0.75000000000000000000 -0.00618107290938496590
-0.74000000953674316400 -0.00619498593732714653
-0.73000001907348632800 -0.00620512804016470909
-0.72000002861022949200 -0.00619909912347793579
-0.70999997854232788100 -0.00617771781980991364
-0.69999998807907104500 -0.00618701707571744919
-0.68999999761581420900 -0.00618552602827548981
-0.68000000715255737300 -0.00616207020357251168
-0.67000001668930053700 -0.00616236682981252670
-0.66000002622604370100 -0.00618139887228608132
-0.64999997615814209000 -0.00618178118020296097
-0.63999998569488525400 -0.00618976587429642678
-0.62999999523162841800 -0.00619611190631985665
-0.62000000476837158200 -0.00617147795855998993
-0.61000001430511474600 -0.00616595521569252014
-0.60000002384185791000 -0.00617040600627660752
-0.58999997377395629900 -0.00614747777581214905
-0.57999998331069946300 -0.00613646302372217179
-0.56999999284744262700 -0.00614481186494231224
-0.56000000238418579100 -0.00614916812628507614
-0.55000001192092895500 -0.00615552486851811409
-0.54000002145767211900 -0.00617490522563457489
-0.52999997138977050800 -0.00616193516179919243
-0.51999998092651367200 -0.00613823812454938889
-0.50999999046325683600 -0.00616063922643661499
-0.50000000000000000000 -0.00615700799971818924
-0.49000000953674316400 -0.00612880801782011986
-0.47999998927116394000 -0.00614689616486430168
-0.46999999880790710400 -0.00615521194413304329
-0.46000000834465026800 -0.00616266299039125443
-0.44999998807907104500 -0.00617902679368853569
-0.43999999761581420900 -0.00618535187095403671
-0.43000000715255737300 -0.00616713706403970719
-0.41999998688697814900 -0.00616333307698369026
-0.40999999642372131300 -0.00617005117237567902
-0.40000000596046447700 -0.00616331212222576142
-0.38999998569488525400 -0.00615595700219273567
-0.37999999523162841800 -0.00615589786320924759
-0.37000000476837158200 -0.00617191102355718613
-0.36000001430511474600 -0.00618318282067775726
-0.34999999403953552200 -0.00619027018547058106
-0.34000000357627868600 -0.00617905706167221070
-0.33000001311302185100 -0.00615572417154908180
-0.31999999284744262700 -0.00616235379129648209
-0.31000000238418579100 -0.00616238778457045555
-0.30000001192092895500 -0.00613756896927952767
-0.28999999165534973100 -0.00613382412120699883
-0.28000000119209289500 -0.00615357700735330582
-0.27000001072883606000 -0.00616064202040433884
-0.25999999046325683600 -0.00616851681843400002
-0.25000000000000000000 -0.00617688801139593125
-0.23999999463558197000 -0.00616712821647524834
-0.23000000417232513400 -0.00614787079393863678
-0.21999999880790710400 -0.00616408977657556534
-0.20999999344348907500 -0.00615116115659475327
-0.20000000298023223900 -0.00613164715468883515
-0.18999999761581420900 -0.00614579115062952042
-0.18000000715255737300 -0.00615230994299054146
-0.17000000178813934300 -0.00616325577720999718
-0.15999999642372131300 -0.00617753202095627785
-0.15000000596046447800 -0.00616441713646054268
-0.14000000059604644800 -0.00614316016435623169
-0.12999999523162841800 -0.00615223404020071030
-0.11999999731779098500 -0.00614666799083352089
-0.10999999940395355200 -0.00612392788752913475
-0.10000000149011611900 -0.00612410111352801323
-0.09000000357627868650 -0.00612465199083089829
-0.07999999821186065670 -0.00613706279546022415
-0.07000000029802322390 -0.00614070380106568337
-0.05999999865889549260 -0.00614139810204505921
-0.05000000074505805970 -0.00612639402970671654
-0.03999999910593032840 -0.00610487116500735283
-0.02999999932944774630 -0.00610808888450264931
-0.01999999955296516420 -0.00610755477100610733
-0.00999999977648258210 -0.00608766311779618263
0.00000000000000000000 -0.00608595181256532669
0.00999999977648258210 -0.00609529996290802956
0.01999999955296516420 -0.00611423095688223839
0.02999999932944774630 -0.00612010713666677475
0.03999999910593032840 -0.00612881314009428024
0.05000000074505805970 -0.00612697796896100044
0.05999999865889549260 -0.00610051490366458893
0.07000000029802322390 -0.00611451081931591034
0.07999999821186065670 -0.00610862299799919129
0.09000000357627868650 -0.00608737999573349953
0.10000000149011611900 -0.00609244080260396004
0.10999999940395355200 -0.00610422994941473007
0.11999999731779098500 -0.00610645906999707222
0.12999999523162841800 -0.00611240183934569359
0.14000000059604644800 -0.00611658720299601555
0.15000000596046447800 -0.00608620978891849518
0.15999999642372131300 -0.00608081696555018425
0.17000000178813934300 -0.00608318904414772988
0.18000000715255737300 -0.00605540489777922630
0.18999999761581420900 -0.00604696199297904968
0.20000000298023223900 -0.00604254798963665962
0.20999999344348907500 -0.00604609400033950806
0.21999999880790710400 -0.00604825001209974289
0.23000000417232513400 -0.00605143886059522629
0.23999999463558197000 -0.00602708477526903153
0.25000000000000000000 -0.00600403686985373497
0.25999999046325683600 -0.00600208109244704247
0.27000001072883606000 -0.00598884280771017075
0.28000000119209289500 -0.00596425589174032212
0.28999999165534973100 -0.00595829309895634651
0.30000001192092895500 -0.00595647515729069710
0.31000000238418579100 -0.00595274195075035095
0.31999999284744262700 -0.00594916287809610367
0.33000001311302185100 -0.00593230314552783966
0.34000000357627868600 -0.00591086922213435173
0.34999999403953552200 -0.00587511900812387467
0.36000001430511474600 -0.00586283113807439804
0.37000000476837158200 -0.00583142088726162911
0.37999999523162841800 -0.00579797616228461266
0.38999998569488525400 -0.00578194996342062950
0.40000000596046447700 -0.00576396100223064423
0.40999999642372131300 -0.00573729909956455231
0.41999998688697814900 -0.00571772688999772072
0.43000000715255737300 -0.00567300897091627121
0.43999999761581420900 -0.00561150209978222847
0.44999998807907104500 -0.00558269303292036057
0.46000000834465026800 -0.00552901485934853554
0.46999999880790710400 -0.00545867206528782845
0.47999998927116394000 -0.00541231315582990647
0.49000000953674316400 -0.00535211386159062386
0.50000000000000000000 -0.00529360491782426834
0.50999999046325683600 -0.00522701302543282509
0.51999998092651367200 -0.00514648901298642159
0.52999997138977050800 -0.00503131095319986344
0.54000002145767211900 -0.00491722812876105309
0.55000001192092895500 -0.00479584420099854469
0.56000000238418579100 -0.00463908119127154350
0.56999999284744262700 -0.00445656711235642433
0.57999998331069946300 -0.00425933115184307099
0.58999997377395629900 -0.00402972800657153130
0.60000002384185791000 -0.00376595905981957913
0.61000001430511474600 -0.00345531501807272434
0.62000000476837158200 -0.00308622303418815136
0.62999999523162841800 -0.00266568292863667011
0.63999998569488525400 -0.00220485497266054154
0.64999997615814209000 -0.00167868600692600012
0.66000002622604370100 -0.00110065704211592674
0.67000001668930053700 -0.00049528502859175205
0.68000000715255737300 0.00007242419815156609
0.68999999761581420900 0.00073966290801763535
0.69999998807907104500 0.00156890403013676405
0.70999997854232788100 0.00241089006885886192
0.72000002861022949200 0.00329017802141606808
0.73000001907348632800 0.00419759703800082207
0.74000000953674316400 0.00523778004571795464
0.75000000000000000000 0.00614532595500349999
0.75999999046325683600 0.00715688616037368775
0.76999998092651367200 0.00815727282315492630
0.77999997138977050800 0.00929302629083395005
0.79000002145767211900 0.01038679014891386030
0.80000001192092895500 0.01087426021695137020
0.81000000238418579100 0.01197673007845878600
0.81999999284744262700 0.01309891976416110990
0.82999998331069946300 0.01423035003244876860
0.83999997377395629900 0.01539060007780790330
0.85000002384185791000 0.01656253077089786530
0.86000001430511474600 0.01775136962532997130
0.87000000476837158200 0.01895928010344505310
0.87999999523162841800 0.02017991058528423310
0.88999998569488525400 0.02140988036990165710
0.89999997615814209000 0.02266057021915912630
0.91000002622604370100 0.02392279915511608120
0.92000001668930053700 0.02519419044256210330
0.93000000715255737300 0.02648640051484107970
0.93999999761581420900 0.02780850976705551150
0.94999998807907104500 0.02912826091051101680
0.95999997854232788100 0.03044614009559154510
0.97000002861022949200 0.03181061893701553340
0.98000001907348632800 0.03314501047134399410
0.99000000953674316400 0.03450015932321548460
1.00000000000000000000 0.03590428084135055540
