-1.00000000000000000000 -0.00550831807777285576
-0.99000000953674316400 -0.00550584821030497551
-0.98000001907348632800 -0.00548296095803380013
-0.97000002861022949200 -0.00548234116286039353
-0.95999997854232788100 -0.00550195388495922089
-0.94999998807907104500 -0.00549720413982868195
-0.93999999761581420900 -0.00550846988335251808
-0.93000000715255737300 -0.00551905995234847069
-0.92000001668930053700 -0.00548103079199790955
-0.91000002622604370100 -0.00549300294369459152
-0.89999997615814209000 -0.00550929317250847817
-0.88999998569488525400 -0.00547973299399018288
-0.87999999523162841800 -0.00547906802967190743
-0.87000000476837158200 -0.00550181511789560318
-0.86000001430511474600 -0.00550012197345495224
-0.85000002384185791000 -0.00551858777180314064
-0.83999997377395629900 -0.00553261302411556244
-0.82999998331069946300 -0.00551381800323724747
-0.81999999284744262700 -0.00549635896459221840
-0.81000000238418579100 -0.00551500497385859490
-0.80000001192092895500 -0.00549678876996040344
-0.79000002145767211900 -0.00548441708087921143
-0.77999997138977050800 -0.00549317803233861923
-0.76999998092651367200 -0.00548691302537918091
-0.75999999046325683600 -0.00550844520330429077
-0.75000000000000000000 -0.00551475491374731064
-0.74000000953674316400 -0.00551454396918416023
-0.73000001907348632800 -0.00550451781600713730
-0.72000002861022949200 -0.00549116311594843865
-0.70999997854232788100 -0.00548867695033550263
-0.69999998807907104500 -0.00548784201964735985
-0.68999999761581420900 -0.00547123281285166741
-0.68000000715255737300 -0.00546569703146815300
-0.67000001668930053700 -0.00548133486881852150
-0.66000002622604370100 -0.00548921711742877960
-0.64999997615814209000 -0.00548542803153395653
-0.63999998569488525400 -0.00549652101472020149
-0.62999999523162841800 -0.00548429088667035103
-0.62000000476837158200 -0.00546706188470125199
-0.61000001430511474600 -0.00548488600179553032
-0.60000002384185791000 -0.00547057110816240311
-0.58999997377395629900 -0.00545679405331611633
-0.57999998331069946300 -0.00547607615590095520
-0.56999999284744262700 -0.00547407800331711769
-0.56000000238418579100 -0.00548214418813586235
-0.55000001192092895500 -0.00550523400306701660
-0.54000002145767211900 -0.00549092097207903862
-0.52999997138977050800 -0.00546871684491634369
-0.51999998092651367200 -0.00548211019486188889
-0.50999999046325683600 -0.00546902883797883988
-0.50000000000000000000 -0.00545393116772174835
-0.49000000953674316400 -0.00546030886471271515
-0.47999998927116394000 -0.00545005314052104950
-0.46999999880790710400 -0.00546030420809984207
-0.46000000834465026800 -0.00547685194760560990
-0.44999998807907104500 -0.00547074712812900543
-0.43999999761581420900 -0.00546224787831306458
-0.43000000715255737300 -0.00545220589265227318
-0.41999998688697814900 -0.00543942023068666458
-0.40999999642372131300 -0.00543723395094275475
-0.40000000596046447700 -0.00542864296585321427
-0.38999998569488525400 -0.00541399419307708740
-0.37999999523162841800 -0.00542987417429685593
-0.37000000476837158200 -0.00544627988710999489
-0.36000001430511474600 -0.00544278882443904877
-0.34999999403953552200 -0.00545951491221785546
-0.34000000357627868600 -0.00545961176976561546
-0.33000001311302185100 -0.00542915705591440201
-0.31999999284744262700 -0.00545058818534016609
-0.31000000238418579100 -0.00545096118003129959
-0.30000001192092895500 -0.00542578520253300667
-0.28999999165534973100 -0.00543784396722912789
-0.28000000119209289500 -0.00544917117804288864
-0.27000001072883606000 -0.00544884381815791130
-0.25999999046325683600 -0.00546637503430247307
-0.25000000000000000000 -0.00547441001981496811
-0.23999999463558197000 -0.00544881680980324745
-0.23000000417232513400 -0.00544063420966267586
-0.21999999880790710400 -0.00545090017840266228
-0.20999999344348907500 -0.00543426303192973137
-0.20000000298023223900 -0.00542370323091745377
-0.18999999761581420900 -0.00542877288535237312
-0.18000000715255737300 -0.00543195707723498345
-0.17000000178813934300 -0.00544534111395478249
-0.15999999642372131300 -0.00545141799375414848
-0.15000000596046447800 -0.00544358883053064346
-0.14000000059604644800 -0.00543246278539299965
-0.12999999523162841800 -0.00541992997750639916
-0.11999999731779098500 -0.00541439419612288475
-0.10999999940395355200 -0.00541306892409920693
-0.10000000149011611900 -0.00539646297693252564
-0.09000000357627868650 -0.00539670512080192566
-0.07999999821186065670 -0.00541890785098075867
-0.07000000029802322390 -0.00541542703285813332
-0.05999999865889549260 -0.00542325805872678757
-0.05000000074505805970 -0.00542835704982280731
-0.03999999910593032840 -0.00539965089410543442
-0.02999999932944774630 -0.00540588377043604851
-0.01999999955296516420 -0.00541366217657923699
-0.00999999977648258210 -0.00538631109520792961
0.00000000000000000000 -0.00538430316373705864
0.00999999977648258210 -0.00538880378007888794
0.01999999955296516420 -0.00540280714631080628
0.02999999932944774630 -0.00540068885311484337
0.03999999910593032840 -0.00541377579793334007
0.05000000074505805970 -0.00541364308446645737
0.05999999865889549260 -0.00539281591773033142
0.07000000029802322390 -0.00538516882807016373
0.07999999821186065670 -0.00538775417953729630
0.09000000357627868650 -0.00536696985363960266
0.10000000149011611900 -0.00535793323069810867
0.10999999940395355200 -0.00535810785368084908
0.11999999731779098500 -0.00535858795046806336
0.12999999523162841800 -0.00537183601409196854
0.14000000059604644800 -0.00536571582779288292
0.15000000596046447800 -0.00535896094515919686
0.15999999642372131300 -0.00534614594653248787
0.17000000178813934300 -0.00533411093056201935
0.18000000715255737300 -0.00532564520835876465
0.18999999761581420900 -0.00531955016776919365
0.20000000298023223900 -0.00530774192884564400
0.20999999344348907500 -0.00530834309756755829
0.21999999880790710400 -0.00532831298187375069
0.23000000417232513400 -0.00531925121322274208
0.23999999463558197000 -0.00532716698944568634
0.25000000000000000000 -0.00532481679692864418
0.25999999046325683600 -0.00528812082484364510
0.27000001072883606000 -0.00529587501659989357
0.28000000119209289500 -0.00529503589496016503
0.28999999165534973100 -0.00525198783725500107
0.30000001192092895500 -0.00525099877268075943
0.31000000238418579100 -0.00525904400274157524
0.31999999284744262700 -0.00524199800565838814
0.33000001311302185100 -0.00524445297196507454
0.34000000357627868600 -0.00524400500580668450
0.34999999403953552200 -0.00520570296794176102
0.36000001430511474600 -0.00517220981419086456
0.37000000476837158200 -0.00517470203340053558
0.37999999523162841800 -0.00513561582192778588
0.38999998569488525400 -0.00510235782712697983
0.40000000596046447700 -0.00509065808728337288
0.40999999642372131300 -0.00505913514643907547
0.41999998688697814900 -0.00504339206963777542
0.43000000715255737300 -0.00502084707841277123
0.43999999761581420900 -0.00497966492548584938
0.44999998807907104500 -0.00493244593963027001
0.46000000834465026800 -0.00488103087991476059
0.46999999880790710400 -0.00483088381588459015
0.47999998927116394000 -0.00477611506357789040
0.49000000953674316400 -0.00471143377944827080
0.50000000000000000000 -0.00464202696457505226
0.50999999046325683600 -0.00458506308495998383
0.51999998092651367200 -0.00451029883697628975
0.52999997138977050800 -0.00441495003178715706
0.54000002145767211900 -0.00431401422247290611
0.55000001192092895500 -0.00418353220447897911
0.56000000238418579100 -0.00402032816782593727
0.56999999284744262700 -0.00386394211091101170
0.57999998331069946300 -0.00366380508057773113
0.58999997377395629900 -0.00342094688676297665
0.60000002384185791000 -0.00316773704253137112
0.61000001430511474600 -0.00287741911597549915
0.62000000476837158200 -0.00253378110937774181
0.62999999523162841800 -0.00215910910628736019
0.63999998569488525400 -0.00172696495428681374
0.64999997615814209000 -0.00123423000331968069
0.66000002622604370100 -0.00070084142498672009
0.67000001668930053700 -0.00017631550144869834
0.68000000715255737300 0.00038847888936288655
0.68999999761581420900 0.00102017901372164488
0.69999998807907104500 0.00174911099020391703
0.70999997854232788100 0.00246455194428563118
0.72000002861022949200 0.00320976111106574535
0.73000001907348632800 0.00398652395233511925
0.74000000953674316400 0.00478851702064275742
0.75000000000000000000 0.00561789190396666527
0.75999999046325683600 0.00647130701690912247
0.76999998092651367200 0.00734592089429497719
0.77999997138977050800 0.00824250373989343643
0.79000002145767211900 0.00916510913521051407
0.80000001192092895500 0.01009819004684686660
0.81000000238418579100 0.01052332017570734020
0.81999999284744262700 0.01145995035767555240
0.82999998331069946300 0.01241779979318380360
0.83999997377395629900 0.01338350959122180940
0.85000002384185791000 0.01437645033001899720
0.86000001430511474600 0.01539488043636083600
0.87000000476837158200 0.01639181934297084810
0.87999999523162841800 0.01746712066233158110
0.88999998569488525400 0.01850892975926399230
0.89999997615814209000 0.01956984959542751310
0.91000002622604370100 0.02064427919685840610
0.92000001668930053700 0.02173526026308536530
0.93000000715255737300 0.02281999029219150540
0.93999999761581420900 0.02394532039761543270
0.94999998807907104500 0.02507885918021202090
0.95999997854232788100 0.02617130987346172330
0.97000002861022949200 0.02731288969516754150
0.98000001907348632800 0.02847951091825962070
0.99000000953674316400 0.02961206063628196720
1.00000000000000000000 0.03077970072627067570
