-1.00000000000000000000 -0.00619301199913024903
-0.99000000953674316400 -0.00620585307478904724
-0.98000001907348632800 -0.00621244404464960098
-0.97000002861022949200 -0.00621033878996968270
-0.95999997854232788100 -0.00622186111286282540
-0.94999998807907104500 -0.00620430614799261093
-0.93999999761581420900 -0.00617507193237543106
-0.93000000715255737300 -0.00619245320558547974
-0.92000001668930053700 -0.00618827203288674355
-0.91000002622604370100 -0.00615888601168990135
-0.89999997615814209000 -0.00617195386439561844
-0.88999998569488525400 -0.00618350598961114884
-0.87999999523162841800 -0.00619008112698793411
-0.87000000476837158200 -0.00621158396825194359
-0.86000001430511474600 -0.00621549412608146668
-0.85000002384185791000 -0.00619880715385079384
-0.83999997377395629900 -0.00619272794574499130
-0.82999998331069946300 -0.00620426004752516747
-0.81999999284744262700 -0.00619050115346908570
-0.81000000238418579100 -0.00618195580318570137
-0.80000001192092895500 -0.00618603080511093140
-0.79000002145767211900 -0.00619094492867588997
-0.77999997138977050800 -0.00620714901015162468
-0.76999998092651367200 -0.00621311785653233528
-0.75999999046325683600 -0.00620754715055227280
-0.75000000000000000000 -0.00619917223230004311
-0.74000000953674316400 -0.00619199220091104508
-0.73000001907348632800 -0.00618656398728489876
-0.72000002861022949200 -0.00617275480180978775
-0.70999997854232788100 -0.00616623088717460632
-0.69999998807907104500 -0.00616757897660136223
-0.68999999761581420900 -0.00618073204532265663
-0.68000000715255737300 -0.00618781894445419312
-0.67000001668930053700 -0.00619584694504737854
-0.66000002622604370100 -0.00619116611778736115
-0.64999997615814209000 -0.00616774801164865494
-0.63999998569488525400 -0.00618038512766361237
-0.62999999523162841800 -0.00617962982505559921
-0.62000000476837158200 -0.00615761894732713700
-0.61000001430511474600 -0.00615771999582648278
-0.60000002384185791000 -0.00617181789129972458
-0.58999997377395629900 -0.00618183286860585213
-0.57999998331069946300 -0.00619350792840123177
-0.56999999284744262700 -0.00620881421491503716
-0.56000000238418579100 -0.00619432516396045685
-0.55000001192092895500 -0.00617318693548440933
-0.54000002145767211900 -0.00619465578347444534
-0.52999997138977050800 -0.00618000701069831848
-0.51999998092651367200 -0.00616387603804469109
-0.50999999046325683600 -0.00617936300113797188
-0.50000000000000000000 -0.00618064682930707932
-0.49000000953674316400 -0.00619106786325573921
-0.47999998927116394000 -0.00620181998237967491
-0.46999999880790710400 -0.00619866419583559036
-0.46000000834465026800 -0.00618080003187060356
-0.44999998807907104500 -0.00617762701585888863
-0.43999999761581420900 -0.00616950588300824166
-0.43000000715255737300 -0.00615273881703615189
-0.41999998688697814900 -0.00614666007459163666
-0.40999999642372131300 -0.00613768398761749268
-0.40000000596046447700 -0.00614627311006188393
-0.38999998569488525400 -0.00615877984091639519
-0.37999999523162841800 -0.00615474721416831017
-0.37000000476837158200 -0.00614799791947007179
-0.36000001430511474600 -0.00613539619371294976
-0.34999999403953552200 -0.00612766901031136513
-0.34000000357627868600 -0.00613283319398760796
-0.33000001311302185100 -0.00612343801185488701
-0.31999999284744262700 -0.00611143186688423157
-0.31000000238418579100 -0.00613051978871226311
-0.30000001192092895500 -0.00614928314462304116
-0.28999999165534973100 -0.00614753179252147675
-0.28000000119209289500 -0.00616549793630838394
-0.27000001072883606000 -0.00616324506700038910
-0.25999999046325683600 -0.00612715585157275200
-0.25000000000000000000 -0.00614806590601801872
-0.23999999463558197000 -0.00614518579095602036
-0.23000000417232513400 -0.00611265189945697785
-0.21999999880790710400 -0.00612302217632532120
-0.20999999344348907500 -0.00613828003406524658
-0.20000000298023223900 -0.00613768817856907845
-0.18999999761581420900 -0.00615150621160864830
-0.18000000715255737300 -0.00616273190826177597
-0.17000000178813934300 -0.00613520387560129166
-0.15999999642372131300 -0.00612466922029852867
-0.15000000596046447800 -0.00613846303895115853
-0.14000000059604644800 -0.00611526612192392349
-0.12999999523162841800 -0.00610414985567331314
-0.11999999731779098500 -0.00611555017530918122
-0.10999999940395355200 -0.00611522281542420387
-0.10000000149011611900 -0.00612366199493408203
-0.09000000357627868650 -0.00613722996786236763
-0.07999999821186065670 -0.00612693605944514275
-0.07000000029802322390 -0.00611265189945697785
-0.05999999865889549260 -0.00611480278894305229
-0.05000000074505805970 -0.00610991101711988449
-0.03999999910593032840 -0.00609695306047797203
-0.02999999932944774630 -0.00609826901927590370
-0.01999999955296516420 -0.00610044179484248162
-0.00999999977648258210 -0.00611498206853866577
0.00000000000000000000 -0.00612846110016107559
0.00999999977648258210 -0.00612261891365051270
0.01999999955296516420 -0.00613011699169874192
0.02999999932944774630 -0.00612132577225565911
0.03999999910593032840 -0.00610453914850950241
0.05000000074505805970 -0.00611202511936426163
0.05999999865889549260 -0.00610353983938694000
0.07000000029802322390 -0.00608748802915215492
0.07999999821186065670 -0.00609148293733596802
0.09000000357627868650 -0.00610507186502218247
0.10000000149011611900 -0.00609844690188765526
0.10999999940395355200 -0.00611157109960913658
0.11999999731779098500 -0.00610138289630413056
0.12999999523162841800 -0.00606412580236792565
0.14000000059604644800 -0.00607391120865941048
0.15000000596046447800 -0.00606840010732412338
0.15999999642372131300 -0.00602606683969497681
0.17000000178813934300 -0.00603104522451758385
0.18000000715255737300 -0.00603468809276819229
0.18999999761581420900 -0.00603327294811606407
0.20000000298023223900 -0.00604435009881854058
0.20999999344348907500 -0.00605474691838026047
0.21999999880790710400 -0.00603130599483847618
0.23000000417232513400 -0.00601226603612303734
0.23999999463558197000 -0.00602689804509282112
0.25000000000000000000 -0.00600238703191280365
0.25999999046325683600 -0.00598517106845974922
0.27000001072883606000 -0.00599229615181684494
0.28000000119209289500 -0.00598713802173733711
0.28999999165534973100 -0.00599743891507387161
0.30000001192092895500 -0.00599301187321543694
0.31000000238418579100 -0.00598285812884569168
0.31999999284744262700 -0.00596167612820863724
0.33000001311302185100 -0.00593126984313130379
0.34000000357627868600 -0.00591447204351425171
0.34999999403953552200 -0.00588767416775226593
0.36000001430511474600 -0.00584948109462857247
0.37000000476837158200 -0.00581676512956619263
0.37999999523162841800 -0.00579918408766388893
0.38999998569488525400 -0.00576128298416733742
0.40000000596046447700 -0.00571346096694469452
0.40999999642372131300 -0.00565886776894330979
0.41999998688697814900 -0.00557718612253665924
0.43000000715255737300 -0.00549745513126254082
0.43999999761581420900 -0.00540769798681139946
0.44999998807907104500 -0.00529005983844399452
0.46000000834465026800 -0.00517155323177576065
0.46999999880790710400 -0.00505421496927738190
0.47999998927116394000 -0.00491700787097215653
0.49000000953674316400 -0.00476742489263415337
0.50000000000000000000 -0.00460863299667835236
0.50999999046325683600 -0.00442229118198156357
0.51999998092651367200 -0.00421886797994375229
0.52999997138977050800 -0.00402588723227381706
0.54000002145767211900 -0.00381118594668805599
0.55000001192092895500 -0.00358345406129956246
0.56000000238418579100 -0.00335718295536935330
0.56999999284744262700 -0.00312176207080483437
0.57999998331069946300 -0.00288097700104117394
0.58999997377395629900 -0.00263330806046724320
0.60000002384185791000 -0.00237692892551422119
0.61000001430511474600 -0.00210975995287299156
0.62000000476837158200 -0.00184007396455854178
0.62999999523162841800 -0.00156848796177655458
0.63999998569488525400 -0.00129017897415906191
0.64999997615814209000 -0.00100731803104281426
0.66000002622604370100 -0.00069591047940775752
0.67000001668930053700 -0.00041941751260310411
0.68000000715255737300 -0.00014031819591764361
0.68999999761581420900 0.00013429370301309973
0.69999998807907104500 0.00042329559801146388
0.70999997854232788100 0.00070632208371534944
0.72000002861022949200 0.00099185726139694452
0.73000001907348632800 0.00134495599195361137
0.74000000953674316400 0.00164903502445667982
0.75000000000000000000 0.00195431010797619820
0.75999999046325683600 0.00226383702829480171
0.76999998092651367200 0.00257322401739656925
0.77999997138977050800 0.00288496399298310280
0.79000002145767211900 0.00320128607563674450
0.80000001192092895500 0.00351584493182599545
0.81000000238418579100 0.00383218098431825638
0.81999999284744262700 0.00415241112932562828
0.82999998331069946300 0.00447127688676118851
0.83999997377395629900 0.00479165185242891312
0.85000002384185791000 0.00511265406385064125
0.86000001430511474600 0.00543594919145107269
0.87000000476837158200 0.00576041219756007195
0.87999999523162841800 0.00608533807098865509
0.88999998569488525400 0.00641208793967962265
0.89999997615814209000 0.00674013607203960419
0.91000002622604370100 0.00706752482801675797
0.92000001668930053700 0.00739738205447793007
0.93000000715255737300 0.00772727793082594872
0.93999999761581420900 0.00805822666734457016
0.94999998807907104500 0.00839095562696456909
0.95999997854232788100 0.00872408319264650345
0.97000002861022949200 0.00905770342797040940
0.98000001907348632800 0.00939256232231855393
0.99000000953674316400 0.00972721539437770844
1.00000000000000000000 0.01006306987255811690
