-1.00000000000000000000 -0.00573342991992831230
-0.99000000953674316400 -0.00572677981108427048
-0.98000001907348632800 -0.00573238218203186989
-0.97000002861022949200 -0.00573289813473820687
-0.95999997854232788100 -0.00575800193473696709
-0.94999998807907104500 -0.00575873488560318947
-0.93999999761581420900 -0.00575544778257608414
-0.93000000715255737300 -0.00575355999171733856
-0.92000001668930053700 -0.00574368610978126526
-0.91000002622604370100 -0.00573529489338397980
-0.89999997615814209000 -0.00573270395398139954
-0.88999998569488525400 -0.00572378281503915787
-0.87999999523162841800 -0.00572082120925188065
-0.87000000476837158200 -0.00574861001223325730
-0.86000001430511474600 -0.00574384909123182297
-0.85000002384185791000 -0.00574730196967720986
-0.83999997377395629900 -0.00575245590880513191
-0.82999998331069946300 -0.00572252320125699043
-0.81999999284744262700 -0.00572661403566598892
-0.81000000238418579100 -0.00573836220428347588
-0.80000001192092895500 -0.00570690212771296501
-0.79000002145767211900 -0.00570415798574686051
-0.77999997138977050800 -0.00573094421997666359
-0.76999998092651367200 -0.00572260422632098198
-0.75999999046325683600 -0.00573551701381802559
-0.75000000000000000000 -0.00575204286724328995
-0.74000000953674316400 -0.00571980280801653862
-0.73000001907348632800 -0.00570945581421256066
-0.72000002861022949200 -0.00573365716263651848
-0.70999997854232788100 -0.00570521783083677292
-0.69999998807907104500 -0.00569680519402027130
-0.68999999761581420900 -0.00571939721703529358
-0.68000000715255737300 -0.00571041181683540344
-0.67000001668930053700 -0.00572582799941301346
-0.66000002622604370100 -0.00574391195550560951
-0.64999997615814209000 -0.00572381494566798210
-0.63999998569488525400 -0.00571053801104426384
-0.62999999523162841800 -0.00572652183473110199
-0.62000000476837158200 -0.00571033498272299767
-0.61000001430511474600 -0.00569358794018626213
-0.60000002384185791000 -0.00570319080725312233
-0.58999997377395629900 -0.00569642800837755203
-0.57999998331069946300 -0.00571401696652173996
-0.56999999284744262700 -0.00572202494367957115
-0.56000000238418579100 -0.00571408309042453766
-0.55000001192092895500 -0.00570670701563358307
-0.54000002145767211900 -0.00569567177444696427
-0.52999997138977050800 -0.00569201400503516197
-0.51999998092651367200 -0.00569139700382947922
-0.50999999046325683600 -0.00567984394729137421
-0.50000000000000000000 -0.00567269790917634964
-0.49000000953674316400 -0.00569701194763183594
-0.47999998927116394000 -0.00570131279528141022
-0.46999999880790710400 -0.00570476520806550980
-0.46000000834465026800 -0.00571017991751432419
-0.44999998807907104500 -0.00569725502282381058
-0.43999999761581420900 -0.00569150596857070923
-0.43000000715255737300 -0.00570889981463551521
-0.41999998688697814900 -0.00568428821861743927
-0.40999999642372131300 -0.00567378383129835129
-0.40000000596046447700 -0.00570002477616071701
-0.38999998569488525400 -0.00569755211472511292
-0.37999999523162841800 -0.00570115586742758751
-0.37000000476837158200 -0.00572333810850977898
-0.36000001430511474600 -0.00569546781480312348
-0.34999999403953552200 -0.00567861599847674370
-0.34000000357627868600 -0.00570620410144329071
-0.33000001311302185100 -0.00568203395232558251
-0.31999999284744262700 -0.00566524919122457504
-0.31000000238418579100 -0.00568508310243487358
-0.30000001192092895500 -0.00567656196653842926
-0.28999999165534973100 -0.00568974483758211136
-0.28000000119209289500 -0.00570254679769277573
-0.27000001072883606000 -0.00568122696131467819
-0.25999999046325683600 -0.00567384902387857437
-0.25000000000000000000 -0.00568515202030539513
-0.23999999463558197000 -0.00566805712878704071
-0.23000000417232513400 -0.00565365282818675041
-0.21999999880790710400 -0.00566134089604020119
-0.20999999344348907500 -0.00565347122028470040
-0.20000000298023223900 -0.00567381689324975014
-0.18999999761581420900 -0.00568047212436795235
-0.18000000715255737300 -0.00567166600376367569
-0.17000000178813934300 -0.00567112583667039871
-0.15999999642372131300 -0.00565861398354172707
-0.15000000596046447800 -0.00565891107544302941
-0.14000000059604644800 -0.00566124077886343002
-0.12999999523162841800 -0.00564294401556253433
-0.11999999731779098500 -0.00564103620126843453
-0.10999999940395355200 -0.00566506199538707733
-0.10000000149011611900 -0.00566360400989651680
-0.09000000357627868650 -0.00566161191090941429
-0.07999999821186065670 -0.00567355286329984665
-0.07000000029802322390 -0.00563984690234065056
-0.05999999865889549260 -0.00564894219860434532
-0.05000000074505805970 -0.00565970502793788910
-0.03999999910593032840 -0.00562216015532612801
-0.02999999932944774630 -0.00562302116304636002
-0.01999999955296516420 -0.00564432190731167793
-0.00999999977648258210 -0.00563526386395096779
0.00000000000000000000 -0.00564540596678853035
0.00999999977648258210 -0.00565013289451599121
0.01999999955296516420 -0.00564299290999770165
0.02999999932944774630 -0.00561516778543591500
0.03999999910593032840 -0.00562689406797289848
0.05000000074505805970 -0.00561893079429864884
0.05999999865889549260 -0.00559387123212218285
0.07000000029802322390 -0.00561012513935565949
0.07999999821186065670 -0.00560336001217365265
0.09000000357627868650 -0.00560790719464421272
0.10000000149011611900 -0.00562921492382884026
0.10999999940395355200 -0.00562373315915465355
0.11999999731779098500 -0.00560909882187843323
0.12999999523162841800 -0.00561203202232718468
0.14000000059604644800 -0.00560327386483550072
0.15000000596046447800 -0.00559878209605813027
0.15999999642372131300 -0.00559677788987755776
0.17000000178813934300 -0.00558133609592914581
0.18000000715255737300 -0.00559403980150818825
0.18999999761581420900 -0.00560954399406909943
0.20000000298023223900 -0.00559630012139678002
0.20999999344348907500 -0.00559775577858090401
0.21999999880790710400 -0.00558814220130443573
0.23000000417232513400 -0.00557286385446786881
0.23999999463558197000 -0.00557301379740238190
0.25000000000000000000 -0.00555707700550556183
0.25999999046325683600 -0.00553525006398558617
0.27000001072883606000 -0.00554379401728510857
0.28000000119209289500 -0.00555154681205749512
0.28999999165534973100 -0.00554052786901593208
0.30000001192092895500 -0.00554090784862637520
0.31000000238418579100 -0.00553343119099736214
0.31999999284744262700 -0.00549379084259271622
0.33000001311302185100 -0.00550429895520210266
0.34000000357627868600 -0.00549044599756598473
0.34999999403953552200 -0.00544542213901877403
0.36000001430511474600 -0.00544735603034496308
0.37000000476837158200 -0.00544226495549082756
0.37999999523162841800 -0.00542762083932757378
0.38999998569488525400 -0.00542572699487209320
0.40000000596046447700 -0.00541298277676105499
0.40999999642372131300 -0.00536913704127073288
0.41999998688697814900 -0.00534693198278546333
0.43000000715255737300 -0.00533048808574676514
0.43999999761581420900 -0.00528573105111718178
0.44999998807907104500 -0.00525906309485435486
0.46000000834465026800 -0.00522823492065072060
0.46999999880790710400 -0.00519927684217691422
0.47999998927116394000 -0.00517424102872610092
0.49000000953674316400 -0.00513961305841803551
0.50000000000000000000 -0.00507512502372264862
0.50999999046325683600 -0.00501780677586793900
0.51999998092651367200 -0.00495466077700257302
0.52999997138977050800 -0.00487159518525004387
0.54000002145767211900 -0.00478385807946324349
0.55000001192092895500 -0.00467534177005290985
0.56000000238418579100 -0.00456096604466438294
0.56999999284744262700 -0.00443692784756422043
0.57999998331069946300 -0.00427085580304265022
0.58999997377395629900 -0.00407620612531900406
0.60000002384185791000 -0.00384980603121221066
0.61000001430511474600 -0.00355469901114702225
0.62000000476837158200 -0.00325373001396656036
0.62999999523162841800 -0.00290053989738225937
0.63999998569488525400 -0.00247656297869980335
0.64999997615814209000 -0.00203391397371888161
0.66000002622604370100 -0.00154934194870293140
0.67000001668930053700 -0.00100005895365029573
0.68000000715255737300 -0.00040159528725780547
0.68999999761581420900 0.00013006599328946322
0.69999998807907104500 0.00081419857451692224
0.70999997854232788100 0.00156786397565156221
0.72000002861022949200 0.00231467396952211857
0.73000001907348632800 0.00309281796216964722
0.74000000953674316400 0.00390032003633677960
0.75000000000000000000 0.00473932502791285515
0.75999999046325683600 0.00560836307704448700
0.76999998092651367200 0.00649903109297156334
0.77999997138977050800 0.00741832796484231949
0.79000002145767211900 0.00836554821580648422
0.80000001192092895500 0.00932324118912220002
0.81000000238418579100 0.01031025964766740800
0.81999999284744262700 0.01079033967107534410
0.82999998331069946300 0.01176741998642683030
0.83999997377395629900 0.01276919990777969360
0.85000002384185791000 0.01379515044391155240
0.86000001430511474600 0.01483086962252855300
0.87000000476837158200 0.01589534059166908260
0.87999999523162841800 0.01698910072445869450
0.88999998569488525400 0.01808469928801059720
0.89999997615814209000 0.01921061985194683080
0.91000002622604370100 0.02037956938147544860
0.92000001668930053700 0.02152884006500244140
0.93000000715255737300 0.02271581999957561490
0.93999999761581420900 0.02393258921802043920
0.94999998807907104500 0.02512001059949398040
0.95999997854232788100 0.02640531957149505620
0.97000002861022949200 0.02771045081317424770
0.98000001907348632800 0.02896239049732685090
0.99000000953674316400 0.03025582060217857360
1.00000000000000000000 0.03159419819712638860
