-1.00000000000000000000 -0.00622094003483653069
-0.99000000953674316400 -0.00621073506772518158
-0.98000001907348632800 -0.00620314292609691620
-0.97000002861022949200 -0.00621722498908638954
-0.95999997854232788100 -0.00621051015332341194
-0.94999998807907104500 -0.00620266096666455269
-0.93999999761581420900 -0.00620552385225892067
-0.93000000715255737300 -0.00622277380898594856
-0.92000001668930053700 -0.00623910408467054367
-0.91000002622604370100 -0.00624488992616534233
-0.89999997615814209000 -0.00624563219025731087
-0.88999998569488525400 -0.00622681900858879090
-0.87999999523162841800 -0.00622789887711405754
-0.87000000476837158200 -0.00623768102377653122
-0.86000001430511474600 -0.00621399190276861191
-0.85000002384185791000 -0.00620825309306383133
-0.83999997377395629900 -0.00622152816504240036
-0.82999998331069946300 -0.00622910680249333382
-0.81999999284744262700 -0.00623241020366549492
-0.81000000238418579100 -0.00624794000759720802
-0.80000001192092895500 -0.00622802181169390679
-0.79000002145767211900 -0.00620506703853607178
-0.77999997138977050800 -0.00622077006846666336
-0.76999998092651367200 -0.00621358212083578110
-0.75999999046325683600 -0.00619393913075327873
-0.75000000000000000000 -0.00619906419888138771
-0.74000000953674316400 -0.00621429318562150002
-0.73000001907348632800 -0.00622290093451738358
-0.72000002861022949200 -0.00623606704175472260
-0.70999997854232788100 -0.00624143797904253006
-0.69999998807907104500 -0.00622596405446529389
-0.68999999761581420900 -0.00621335301548242569
-0.68000000715255737300 -0.00622256193310022354
-0.67000001668930053700 -0.00620986707508563996
-0.66000002622604370100 -0.00620144093409180641
-0.64999997615814209000 -0.00620884122326970101
-0.63999998569488525400 -0.00621981685981154442
-0.62999999523162841800 -0.00623067002743482590
-0.62000000476837158200 -0.00623768521472811699
-0.61000001430511474600 -0.00623054709285497666
-0.60000002384185791000 -0.00620734598487615586
-0.58999997377395629900 -0.00621265778318047524
-0.57999998331069946300 -0.00620802398771047592
-0.56999999284744262700 -0.00618263706564903260
-0.56000000238418579100 -0.00617795577272772789
-0.55000001192092895500 -0.00618695281445980072
-0.54000002145767211900 -0.00619139708578586579
-0.52999997138977050800 -0.00619364203885197640
-0.51999998092651367200 -0.00620595598593354225
-0.50999999046325683600 -0.00619133701547980309
-0.50000000000000000000 -0.00616947002708911896
-0.49000000953674316400 -0.00618832092732191086
-0.47999998927116394000 -0.00618297513574361801
-0.46999999880790710400 -0.00616487115621566773
-0.46000000834465026800 -0.00617652898654341698
-0.44999998807907104500 -0.00618731277063488960
-0.43999999761581420900 -0.00619742507115006447
-0.43000000715255737300 -0.00621532695367932320
-0.41999998688697814900 -0.00621512299403548241
-0.40999999642372131300 -0.00619563320651650429
-0.40000000596046447700 -0.00620067398995161057
-0.38999998569488525400 -0.00621050596237182617
-0.37999999523162841800 -0.00618401682004332543
-0.37000000476837158200 -0.00618846109136939049
-0.36000001430511474600 -0.00619892915710806847
-0.34999999403953552200 -0.00620185211300849915
-0.34000000357627868600 -0.00621946109458804131
-0.33000001311302185100 -0.00623172521591186524
-0.31999999284744262700 -0.00621005194261670113
-0.31000000238418579100 -0.00619440106675028801
-0.30000001192092895500 -0.00620649009943008423
-0.28999999165534973100 -0.00619176076725125313
-0.28000000119209289500 -0.00617745099589228630
-0.27000001072883606000 -0.00617944682016968727
-0.25999999046325683600 -0.00618605082854628563
-0.25000000000000000000 -0.00619884813204407692
-0.23999999463558197000 -0.00620396481826901436
-0.23000000417232513400 -0.00621405616402626038
-0.21999999880790710400 -0.00619440898299217224
-0.20999999344348907500 -0.00618408108130097389
-0.20000000298023223900 -0.00620131008327007294
-0.18999999761581420900 -0.00619015889242291451
-0.18000000715255737300 -0.00617505004629492760
-0.17000000178813934300 -0.00618319213390350342
-0.15999999642372131300 -0.00619152421131730080
-0.15000000596046447800 -0.00619933102279901505
-0.14000000059604644800 -0.00621732603758573532
-0.12999999523162841800 -0.00620314804837107659
-0.11999999731779098500 -0.00618164893239736557
-0.10999999940395355200 -0.00619388697668910027
-0.10000000149011611900 -0.00618160702288150788
-0.09000000357627868650 -0.00616159196943044663
-0.07999999821186065670 -0.00616332795470952988
-0.07000000029802322390 -0.00616438686847686768
-0.05999999865889549260 -0.00617258017882704735
-0.05000000074505805970 -0.00618117023259401322
-0.03999999910593032840 -0.00618161214515566826
-0.02999999932944774630 -0.00616271793842315674
-0.01999999955296516420 -0.00614248681813478470
-0.00999999977648258210 -0.00615264521911740303
0.00000000000000000000 -0.00613835221156477928
0.00999999977648258210 -0.00612365687265992165
0.01999999955296516420 -0.00612134393304586411
0.02999999932944774630 -0.00613209884613752365
0.03999999910593032840 -0.00614994578063488007
0.05000000074505805970 -0.00615371204912662506
0.05999999865889549260 -0.00615921104326844216
0.07000000029802322390 -0.00615479703992605210
0.07999999821186065670 -0.00613556802272796631
0.09000000357627868650 -0.00614206679165363312
0.10000000149011611900 -0.00614288914948701859
0.10999999940395355200 -0.00612851092591881752
0.11999999731779098500 -0.00612671114504337311
0.12999999523162841800 -0.00613972498103976250
0.14000000059604644800 -0.00614653201773762703
0.15000000596046447800 -0.00615222100168466568
0.15999999642372131300 -0.00614979397505521774
0.17000000178813934300 -0.00612839311361312866
0.18000000715255737300 -0.00611590500921010971
0.18999999761581420900 -0.00612473720684647560
0.20000000298023223900 -0.00609840080142021179
0.20999999344348907500 -0.00608342699706554413
0.21999999880790710400 -0.00609047897160053253
0.23000000417232513400 -0.00608886498957872391
0.23999999463558197000 -0.00608950899913907051
0.25000000000000000000 -0.00609291996806859970
0.25999999046325683600 -0.00606923177838325501
0.27000001072883606000 -0.00604329816997051239
0.28000000119209289500 -0.00604872405529022217
0.28999999165534973100 -0.00603138189762830734
0.30000001192092895500 -0.00600651511922478676
0.31000000238418579100 -0.00599869387224316597
0.31999999284744262700 -0.00599666684865951538
0.33000001311302185100 -0.00600126199424266815
0.34000000357627868600 -0.00598543183878064156
0.34999999403953552200 -0.00597604084759950638
0.36000001430511474600 -0.00594557123258709908
0.37000000476837158200 -0.00591755378991365433
0.37999999523162841800 -0.00590422702953219414
0.38999998569488525400 -0.00587080698460340500
0.40000000596046447700 -0.00583517085760831833
0.40999999642372131300 -0.00581541191786527634
0.41999998688697814900 -0.00580383883789181710
0.43000000715255737300 -0.00577068980783224106
0.43999999761581420900 -0.00574408285319805145
0.44999998807907104500 -0.00568866403773427010
0.46000000834465026800 -0.00562621792778372765
0.46999999880790710400 -0.00558053515851497650
0.47999998927116394000 -0.00551739195361733437
0.49000000953674316400 -0.00543444696813821793
0.50000000000000000000 -0.00536456611007452011
0.50999999046325683600 -0.00529380608350038529
0.51999998092651367200 -0.00520771509036421776
0.52999997138977050800 -0.00510966405272483826
0.54000002145767211900 -0.00499096279963850975
0.55000001192092895500 -0.00483874883502721787
0.56000000238418579100 -0.00467589311301708222
0.56999999284744262700 -0.00449616881087422371
0.57999998331069946300 -0.00426847999915480614
0.58999997377395629900 -0.00400843098759651184
0.60000002384185791000 -0.00373012199997901917
0.61000001430511474600 -0.00340751605108380318
0.62000000476837158200 -0.00304242596030235291
0.62999999523162841800 -0.00263038603588938713
0.63999998569488525400 -0.00216688099317252636
0.64999997615814209000 -0.00165447499603033066
0.66000002622604370100 -0.00111538195051252842
0.67000001668930053700 -0.00055303960107266903
0.68000000715255737300 0.00000625403299636673
0.68999999761581420900 0.00059814541600644588
0.69999998807907104500 0.00128310301806777716
0.70999997854232788100 0.00202417792752385140
0.72000002861022949200 0.00278177810832858086
0.73000001907348632800 0.00356619409285485745
0.74000000953674316400 0.00437363190576434136
0.75000000000000000000 0.00520347896963357926
0.75999999046325683600 0.00605356600135564804
0.76999998092651367200 0.00691703800112009049
0.77999997138977050800 0.00780280912294983864
0.79000002145767211900 0.00870631076395511628
0.80000001192092895500 0.00961901620030403138
0.81000000238418579100 0.00995719991624355316
0.81999999284744262700 0.01086833979934453960
0.82999998331069946300 0.01178556028753519060
0.83999997377395629900 0.01271597016602754590
0.85000002384185791000 0.01365751028060913090
0.86000001430511474600 0.01461196970194578170
0.87000000476837158200 0.01557212974876165390
0.87999999523162841800 0.01654095947742462160
0.88999998569488525400 0.01752478070557117460
0.89999997615814209000 0.01852661930024623870
0.91000002622604370100 0.01952305063605308530
0.92000001668930053700 0.02053670026361942290
0.93000000715255737300 0.02155384980142116550
0.93999999761581420900 0.02257052995264530180
0.94999998807907104500 0.02361251041293144230
0.95999997854232788100 0.02465401962399482730
0.97000002861022949200 0.02569738030433654790
0.98000001907348632800 0.02676014043390750890
0.99000000953674316400 0.02783689089119434360
1.00000000000000000000 0.02891697920858860020
