-1.00000000000000000000 -0.00619579199701547623
-0.99000000953674316400 -0.00620783120393753052
-0.98000001907348632800 -0.00620557693764567375
-0.97000002861022949200 -0.00618652720004320145
-0.95999997854232788100 -0.00620771199464797974
-0.94999998807907104500 -0.00622947001829743386
-0.93999999761581420900 -0.00622834311798214913
-0.93000000715255737300 -0.00623974995687603951
-0.92000001668930053700 -0.00624688388779759407
-0.91000002622604370100 -0.00621304986998438835
-0.89999997615814209000 -0.00623404001817107201
-0.88999998569488525400 -0.00623920001089572907
-0.87999999523162841800 -0.00620522582903504372
-0.87000000476837158200 -0.00621362589299678803
-0.86000001430511474600 -0.00622877478599548340
-0.85000002384185791000 -0.00622282689437270165
-0.83999997377395629900 -0.00623675994575023651
-0.82999998331069946300 -0.00625435309484601021
-0.81999999284744262700 -0.00622346298769116402
-0.81000000238418579100 -0.00621318118646740914
-0.80000001192092895500 -0.00622718222439289093
-0.79000002145767211900 -0.00620784796774387360
-0.77999997138977050800 -0.00619462179020047188
-0.76999998092651367200 -0.00620564492419362068
-0.75999999046325683600 -0.00619962112978100777
-0.75000000000000000000 -0.00621643522754311562
-0.74000000953674316400 -0.00622740201652050018
-0.73000001907348632800 -0.00622044177725911141
-0.72000002861022949200 -0.00621649017557501793
-0.70999997854232788100 -0.00620656786486506462
-0.69999998807907104500 -0.00620807195082306862
-0.68999999761581420900 -0.00620242115110158920
-0.68000000715255737300 -0.00619440991431474686
-0.67000001668930053700 -0.00620031217113137245
-0.66000002622604370100 -0.00621602404862642288
-0.64999997615814209000 -0.00622944813221693039
-0.63999998569488525400 -0.00623171916231513024
-0.62999999523162841800 -0.00623797578737139702
-0.62000000476837158200 -0.00622444087639451027
-0.61000001430511474600 -0.00621911184862256050
-0.60000002384185791000 -0.00622213212773203850
-0.58999997377395629900 -0.00620276387780904770
-0.57999998331069946300 -0.00619312701746821404
-0.56999999284744262700 -0.00620622606948018074
-0.56000000238418579100 -0.00621691299602389336
-0.55000001192092895500 -0.00621590483933687210
-0.54000002145767211900 -0.00623144302517175675
-0.52999997138977050800 -0.00621172785758972168
-0.51999998092651367200 -0.00618172297254204750
-0.50999999046325683600 -0.00619519501924514771
-0.50000000000000000000 -0.00618271017447113991
-0.49000000953674316400 -0.00615306198596954346
-0.47999998927116394000 -0.00616216100752353668
-0.46999999880790710400 -0.00616478687152266503
-0.46000000834465026800 -0.00617183605208992958
-0.44999998807907104500 -0.00618871720507740975
-0.43999999761581420900 -0.00618759403005242348
-0.43000000715255737300 -0.00617481907829642296
-0.41999998688697814900 -0.00616572285071015358
-0.40999999642372131300 -0.00617297505959868431
-0.40000000596046447700 -0.00616492284461855889
-0.38999998569488525400 -0.00615774607285857201
-0.37999999523162841800 -0.00615753885358572006
-0.37000000476837158200 -0.00616723997518420220
-0.36000001430511474600 -0.00618778122588992119
-0.34999999403953552200 -0.00618571788072586060
-0.34000000357627868600 -0.00618962384760379791
-0.33000001311302185100 -0.00618303194642066956
-0.31999999284744262700 -0.00616968423128128052
-0.31000000238418579100 -0.00616834498941898346
-0.30000001192092895500 -0.00616437615826725960
-0.28999999165534973100 -0.00615021400153636933
-0.28000000119209289500 -0.00615471694618463516
-0.27000001072883606000 -0.00617759721353650093
-0.25999999046325683600 -0.00617243722081184387
-0.25000000000000000000 -0.00618472695350646973
-0.23999999463558197000 -0.00618117721751332283
-0.23000000417232513400 -0.00615061307325959206
-0.21999999880790710400 -0.00616041105240583420
-0.20999999344348907500 -0.00616168091073632240
-0.20000000298023223900 -0.00612929090857505799
-0.18999999761581420900 -0.00612639822065830231
-0.18000000715255737300 -0.00614615110680460930
-0.17000000178813934300 -0.00614420697093009949
-0.15999999642372131300 -0.00615580612793564797
-0.15000000596046447800 -0.00617183977738022804
-0.14000000059604644800 -0.00615127291530370712
-0.12999999523162841800 -0.00613280711695551872
-0.11999999731779098500 -0.00615429412573575974
-0.10999999940395355200 -0.00613986887037754059
-0.10000000149011611900 -0.00612799497321248055
-0.09000000357627868650 -0.00614580884575843811
-0.07999999821186065670 -0.00614394107833504677
-0.07000000029802322390 -0.00616047810763120651
-0.05999999865889549260 -0.00617383606731891632
-0.05000000074505805970 -0.00616725580766797066
-0.03999999910593032840 -0.00615615304559469223
-0.02999999932944774630 -0.00615332415327429772
-0.01999999955296516420 -0.00614302884787321091
-0.00999999977648258210 -0.00613156892359256745
0.00000000000000000000 -0.00612948602065443993
0.00999999977648258210 -0.00611918000504374504
0.01999999955296516420 -0.00611995114013552666
0.02999999932944774630 -0.00612890999764204025
0.03999999910593032840 -0.00612893514335155487
0.05000000074505805970 -0.00612709205597639084
0.05999999865889549260 -0.00611576903611421585
0.07000000029802322390 -0.00608498882502317429
0.07999999821186065670 -0.00608817907050251961
0.09000000357627868650 -0.00608412921428680420
0.10000000149011611900 -0.00606099516153335572
0.10999999940395355200 -0.00606555305421352387
0.11999999731779098500 -0.00608194293454289437
0.12999999523162841800 -0.00608410779386758804
0.14000000059604644800 -0.00608970783650875092
0.15000000596046447800 -0.00610435614362359047
0.15999999642372131300 -0.00607892591506242752
0.17000000178813934300 -0.00607377197593450546
0.18000000715255737300 -0.00608949176967144013
0.18999999761581420900 -0.00606081401929259300
0.20000000298023223900 -0.00605377182364463806
0.20999999344348907500 -0.00606250297278165817
0.21999999880790710400 -0.00605855882167816162
0.23000000417232513400 -0.00606672698631882668
0.23999999463558197000 -0.00608072290197014809
0.25000000000000000000 -0.00605959305539727211
0.25999999046325683600 -0.00603134883567690850
0.27000001072883606000 -0.00604473706334829331
0.28000000119209289500 -0.00602170405909419060
0.28999999165534973100 -0.00599055085331201554
0.30000001192092895500 -0.00598876504227519036
0.31000000238418579100 -0.00597442407160997391
0.31999999284744262700 -0.00596755603328347206
0.33000001311302185100 -0.00596901401877403259
0.34000000357627868600 -0.00594289693981409073
0.34999999403953552200 -0.00590663217008113861
0.36000001430511474600 -0.00586815318092703819
0.37000000476837158200 -0.00583322579041123390
0.37999999523162841800 -0.00579338893294334412
0.38999998569488525400 -0.00573619594797492027
0.40000000596046447700 -0.00567845487967133522
0.40999999642372131300 -0.00562723586335778237
0.41999998688697814900 -0.00556930014863610268
0.43000000715255737300 -0.00548079516738653183
0.43999999761581420900 -0.00539344409480690956
0.44999998807907104500 -0.00528236012905836106
0.46000000834465026800 -0.00514551578089594841
0.46999999880790710400 -0.00502047082409262657
0.47999998927116394000 -0.00487347785383462906
0.49000000953674316400 -0.00470166280865669251
0.50000000000000000000 -0.00453857518732547760
0.50999999046325683600 -0.00436620507389307022
0.51999998092651367200 -0.00417256215587258339
0.52999997138977050800 -0.00397784821689128876
0.54000002145767211900 -0.00377011299133300781
0.55000001192092895500 -0.00354246795177459717
0.56000000238418579100 -0.00331949093379080296
0.56999999284744262700 -0.00308858603239059448
0.57999998331069946300 -0.00284197903238236904
0.58999997377395629900 -0.00259935297071933746
0.60000002384185791000 -0.00235435203649103642
0.61000001430511474600 -0.00210102205164730549
0.62000000476837158200 -0.00184723897837102413
0.62999999523162841800 -0.00158749904949218035
0.63999998569488525400 -0.00131857604719698429
0.64999997615814209000 -0.00104753405321389437
0.66000002622604370100 -0.00074757967377081513
0.67000001668930053700 -0.00048337219050154090
0.68000000715255737300 -0.00021856490639038384
0.68999999761581420900 0.00004717269985121675
0.69999998807907104500 0.00030975710251368582
0.70999997854232788100 0.00058069569058716297
0.72000002861022949200 0.00085322378436103463
0.73000001907348632800 0.00118194904644042254
0.74000000953674316400 0.00147250795271247625
0.75000000000000000000 0.00176316697616130114
0.75999999046325683600 0.00205617002211511135
0.76999998092651367200 0.00235341093502938747
0.77999997138977050800 0.00264929700642824173
0.79000002145767211900 0.00294631905853748322
0.80000001192092895500 0.00324628804810345173
0.81000000238418579100 0.00354623608291149140
0.81999999284744262700 0.00384629401378333569
0.82999998331069946300 0.00414774287492036820
0.83999997377395629900 0.00445008510723710060
0.85000002384185791000 0.00475295120850205422
0.86000001430511474600 0.00505919102579355240
0.87000000476837158200 0.00536559801548719406
0.87999999523162841800 0.00567095214501023293
0.88999998569488525400 0.00597873190417885780
0.89999997615814209000 0.00628726417198777199
0.91000002622604370100 0.00659546488896012306
0.92000001668930053700 0.00690505094826221466
0.93000000715255737300 0.00721455086022615433
0.93999999761581420900 0.00752645777538418770
0.94999998807907104500 0.00783787854015827179
0.95999997854232788100 0.00814943201839923859
0.97000002861022949200 0.00846306886523962021
0.98000001907348632800 0.00877637043595314026
0.99000000953674316400 0.00908973906189203263
1.00000000000000000000 0.00940470676869153977
