-1.00000000000000000000 -0.00620149401947855950
-0.99000000953674316400 -0.00620411196723580361
-0.98000001907348632800 -0.00620535202324390412
-0.97000002861022949200 -0.00619623996317386627
-0.95999997854232788100 -0.00620022695511579514
-0.94999998807907104500 -0.00619997689500451088
-0.93999999761581420900 -0.00621553696691989899
-0.93000000715255737300 -0.00622976617887616158
-0.92000001668930053700 -0.00623474409803748131
-0.91000002622604370100 -0.00623371778056025505
-0.89999997615814209000 -0.00622817780822515488
-0.88999998569488525400 -0.00621914584189653397
-0.87999999523162841800 -0.00621753605082631111
-0.87000000476837158200 -0.00620817393064498902
-0.86000001430511474600 -0.00619969284161925316
-0.85000002384185791000 -0.00620664516463875771
-0.83999997377395629900 -0.00622759712859988213
-0.82999998331069946300 -0.00622612284496426583
-0.81999999284744262700 -0.00623525213450193405
-0.81000000238418579100 -0.00623774295672774315
-0.80000001192092895500 -0.00620467914268374443
-0.79000002145767211900 -0.00621705688536167145
-0.77999997138977050800 -0.00621875980868935585
-0.76999998092651367200 -0.00618568900972604752
-0.75999999046325683600 -0.00618482381105422974
-0.75000000000000000000 -0.00620186701416969300
-0.74000000953674316400 -0.00620435690507292748
-0.73000001907348632800 -0.00621057581156492234
-0.72000002861022949200 -0.00622935593128204346
-0.70999997854232788100 -0.00620472198352217674
-0.69999998807907104500 -0.00619197078049182892
-0.68999999761581420900 -0.00621141400188207627
-0.68000000715255737300 -0.00619760900735855103
-0.67000001668930053700 -0.00618555722758173943
-0.66000002622604370100 -0.00620053708553314209
-0.64999997615814209000 -0.00620112521573901177
-0.63999998569488525400 -0.00621892604976892472
-0.62999999523162841800 -0.00623694201931357384
-0.62000000476837158200 -0.00622506812214851380
-0.61000001430511474600 -0.00621723895892500878
-0.60000002384185791000 -0.00621620612218976021
-0.58999997377395629900 -0.00620517507195472718
-0.57999998331069946300 -0.00619338080286979676
-0.56999999284744262700 -0.00619160989299416542
-0.56000000238418579100 -0.00618804292753338814
-0.55000001192092895500 -0.00619895197451114655
-0.54000002145767211900 -0.00620854692533612252
-0.52999997138977050800 -0.00620033312588930130
-0.51999998092651367200 -0.00619811285287141800
-0.50999999046325683600 -0.00617798278108239174
-0.50000000000000000000 -0.00616830680519342423
-0.49000000953674316400 -0.00616593100130558014
-0.47999998927116394000 -0.00614560116082429886
-0.46999999880790710400 -0.00613618781790137291
-0.46000000834465026800 -0.00614898605272173882
-0.44999998807907104500 -0.00616639712825417519
-0.43999999761581420900 -0.00616376986727118492
-0.43000000715255737300 -0.00618429109454154968
-0.41999998688697814900 -0.00617398321628570557
-0.40999999642372131300 -0.00614813016727566719
-0.40000000596046447700 -0.00617053499445319176
-0.38999998569488525400 -0.00616842089220881462
-0.37999999523162841800 -0.00614308891817927361
-0.37000000476837158200 -0.00615192903205752373
-0.36000001430511474600 -0.00616447301581501961
-0.34999999403953552200 -0.00616746814921498299
-0.34000000357627868600 -0.00618624687194824219
-0.33000001311302185100 -0.00618617096915841103
-0.31999999284744262700 -0.00616760784760117531
-0.31000000238418579100 -0.00615936378017067909
-0.30000001192092895500 -0.00617073010653257370
-0.28999999165534973100 -0.00615251390263438225
-0.28000000119209289500 -0.00614613899961113930
-0.27000001072883606000 -0.00615037512034177780
-0.25999999046325683600 -0.00615164218470454216
-0.25000000000000000000 -0.00616962416097521782
-0.23999999463558197000 -0.00616751890629529953
-0.23000000417232513400 -0.00616464298218488693
-0.21999999880790710400 -0.00615305593237280846
-0.20999999344348907500 -0.00614702422171831131
-0.20000000298023223900 -0.00614064000546932221
-0.18999999761581420900 -0.00612731697037816048
-0.18000000715255737300 -0.00612282613292336464
-0.17000000178813934300 -0.00612395396456122399
-0.15999999642372131300 -0.00614126678556203842
-0.15000000596046447800 -0.00614517694339156151
-0.14000000059604644800 -0.00615622522309422493
-0.12999999523162841800 -0.00615108711645007134
-0.11999999731779098500 -0.00613250304013490677
-0.10999999940395355200 -0.00614306796342134476
-0.10000000149011611900 -0.00614738790318369866
-0.09000000357627868650 -0.00612385710701346398
-0.07999999821186065670 -0.00612444104626774788
-0.07000000029802322390 -0.00613560806959867478
-0.05999999865889549260 -0.00614160206168890000
-0.05000000074505805970 -0.00614932505413889885
-0.03999999910593032840 -0.00615950394421815872
-0.02999999932944774630 -0.00614285608753561974
-0.01999999955296516420 -0.00611994601786136627
-0.00999999977648258210 -0.00613451516255736351
0.00000000000000000000 -0.00611925218254327774
0.00999999977648258210 -0.00609849905595183373
0.01999999955296516420 -0.00609854515641927719
0.02999999932944774630 -0.00610317615792155266
0.03999999910593032840 -0.00610643718391656876
0.05000000074505805970 -0.00611426122486591339
0.05999999865889549260 -0.00611449405550956726
0.07000000029802322390 -0.00608989503234624863
0.07999999821186065670 -0.00607482716441154480
0.09000000357627868650 -0.00607921509072184563
0.10000000149011611900 -0.00606823014095425606
0.10999999940395355200 -0.00605407822877168656
0.11999999731779098500 -0.00605545379221439362
0.12999999523162841800 -0.00606084195896983147
0.14000000059604644800 -0.00607927422970533371
0.15000000596046447800 -0.00608139717951416970
0.15999999642372131300 -0.00608153222128748894
0.17000000178813934300 -0.00607544090598821640
0.18000000715255737300 -0.00605403492227196694
0.18999999761581420900 -0.00605388311669230461
0.20000000298023223900 -0.00604849401861429215
0.20999999344348907500 -0.00602909317240118981
0.21999999880790710400 -0.00602949410676956177
0.23000000417232513400 -0.00603805202990770340
0.23999999463558197000 -0.00603306619450449944
0.25000000000000000000 -0.00602687709033489228
0.25999999046325683600 -0.00602601887658238411
0.27000001072883606000 -0.00599452015012502670
0.28000000119209289500 -0.00598182016983628273
0.28999999165534973100 -0.00597358122467994690
0.30000001192092895500 -0.00593371083959937096
0.31000000238418579100 -0.00590685987845063210
0.31999999284744262700 -0.00589876901358366013
0.33000001311302185100 -0.00587603310123085976
0.34000000357627868600 -0.00585157377645373345
0.34999999403953552200 -0.00583445280790328980
0.36000001430511474600 -0.00577501999214291573
0.37000000476837158200 -0.00571468193084001541
0.37999999523162841800 -0.00567856291308999062
0.38999998569488525400 -0.00560482777655124664
0.40000000596046447700 -0.00552476290613412857
0.40999999642372131300 -0.00545542221516370774
0.41999998688697814900 -0.00536786997690796852
0.43000000715255737300 -0.00527434702962636948
0.43999999761581420900 -0.00517607107758522034
0.44999998807907104500 -0.00505128689110279083
0.46000000834465026800 -0.00491051981225609780
0.46999999880790710400 -0.00476279202848672867
0.47999998927116394000 -0.00460879690945148468
0.49000000953674316400 -0.00444384291768074036
0.50000000000000000000 -0.00426792586222290993
0.50999999046325683600 -0.00408425321802496910
0.51999998092651367200 -0.00389955402351915836
0.52999997138977050800 -0.00371013302356004715
0.54000002145767211900 -0.00350238010287284851
0.55000001192092895500 -0.00329497596248984337
0.56000000238418579100 -0.00307764299213886261
0.56999999284744262700 -0.00284851109609007835
0.57999998331069946300 -0.00262617110274732113
0.58999997377395629900 -0.00239386199973523617
0.60000002384185791000 -0.00215359893627464771
0.61000001430511474600 -0.00191856198944151402
0.62000000476837158200 -0.00168140104506164789
0.62999999523162841800 -0.00143473502248525620
0.63999998569488525400 -0.00119177997112274170
0.64999997615814209000 -0.00089585967361927032
0.66000002622604370100 -0.00065666518639773130
0.67000001668930053700 -0.00041570299072191119
0.68000000715255737300 -0.00017298820603173226
0.68999999761581420900 0.00007608289888594300
0.69999998807907104500 0.00032328261295333505
0.70999997854232788100 0.00057232700055465102
0.72000002861022949200 0.00082363182445988059
0.73000001907348632800 0.00113252003211528063
0.74000000953674316400 0.00139975105412304401
0.75000000000000000000 0.00166668405290693045
0.75999999046325683600 0.00193880405277013779
0.76999998092651367200 0.00220977910794317722
0.77999997138977050800 0.00248424010351300240
0.79000002145767211900 0.00276006502099335194
0.80000001192092895500 0.00303493998944759369
0.81000000238418579100 0.00331192393787205219
0.81999999284744262700 0.00359068205580115318
0.82999998331069946300 0.00386802805587649346
0.83999997377395629900 0.00414633192121982575
0.85000002384185791000 0.00442570820450782776
0.86000001430511474600 0.00470605399459600449
0.87000000476837158200 0.00498827407136559487
0.87999999523162841800 0.00527049088850617409
0.88999998569488525400 0.00555330002680420876
0.89999997615814209000 0.00583729101344943047
0.91000002622604370100 0.00612122006714344025
0.92000001668930053700 0.00640597613528370857
0.93000000715255737300 0.00669074384495615959
0.93999999761581420900 0.00697642611339688301
0.94999998807907104500 0.00726329116150736809
0.95999997854232788100 0.00755028380081057549
0.97000002861022949200 0.00783730577677488327
0.98000001907348632800 0.00812550634145736695
0.99000000953674316400 0.00841436535120010376
1.00000000000000000000 0.00870256405323743820
