-1.00000000000000000000 -0.00619103712961077690
-0.99000000953674316400 -0.00620487611740827561
-0.98000001907348632800 -0.00620516389608383179
-0.97000002861022949200 -0.00617611315101385117
-0.95999997854232788100 -0.00618326384574174881
-0.94999998807907104500 -0.00620060600340366364
-0.93999999761581420900 -0.00620150007307529450
-0.93000000715255737300 -0.00621397513896226883
-0.92000001668930053700 -0.00621839286759495735
-0.91000002622604370100 -0.00619994988664984703
-0.89999997615814209000 -0.00618478422984480858
-0.88999998569488525400 -0.00619217613711953163
-0.87999999523162841800 -0.00617307610809803009
-0.87000000476837158200 -0.00615815212950110436
-0.86000001430511474600 -0.00616578618064522743
-0.85000002384185791000 -0.00617311801761388779
-0.83999997377395629900 -0.00617669289931654930
-0.82999998331069946300 -0.00618943991139531136
-0.81999999284744262700 -0.00618383986875414848
-0.81000000238418579100 -0.00615449994802474976
-0.80000001192092895500 -0.00617811316624283791
-0.79000002145767211900 -0.00617572804912924767
-0.77999997138977050800 -0.00615050597116351128
-0.76999998092651367200 -0.00616431096568703652
-0.75999999046325683600 -0.00617313478142023087
-0.75000000000000000000 -0.00618751719594001770
-0.74000000953674316400 -0.00620296085253357887
-0.73000001907348632800 -0.00621071411296725273
-0.72000002861022949200 -0.00619480712339282036
-0.70999997854232788100 -0.00618943199515342713
-0.69999998807907104500 -0.00620032707229256630
-0.68999999761581420900 -0.00619166297838091850
-0.68000000715255737300 -0.00617896812036633492
-0.67000001668930053700 -0.00618286896497011185
-0.66000002622604370100 -0.00619969516992568970
-0.64999997615814209000 -0.00620855297893285752
-0.63999998569488525400 -0.00621555093675851822
-0.62999999523162841800 -0.00620101299136877060
-0.62000000476837158200 -0.00617325399070978165
-0.61000001430511474600 -0.00617858814075589180
-0.60000002384185791000 -0.00617718882858753205
-0.58999997377395629900 -0.00615094602108001709
-0.57999998331069946300 -0.00615136977285146713
-0.56999999284744262700 -0.00616430304944515228
-0.56000000238418579100 -0.00617309287190437317
-0.55000001192092895500 -0.00617974298074841500
-0.54000002145767211900 -0.00618867296725511551
-0.52999997138977050800 -0.00618175091221928597
-0.51999998092651367200 -0.00616289582103490830
-0.50999999046325683600 -0.00618103891611099243
-0.50000000000000000000 -0.00616999901831150055
-0.49000000953674316400 -0.00614869315177202225
-0.47999998927116394000 -0.00616364181041717530
-0.46999999880790710400 -0.00617289822548627854
-0.46000000834465026800 -0.00618008198216557503
-0.44999998807907104500 -0.00619364622980356217
-0.43999999761581420900 -0.00618902919813990593
-0.43000000715255737300 -0.00616647209972143173
-0.41999998688697814900 -0.00616782298311591149
-0.40999999642372131300 -0.00616539083421230316
-0.40000000596046447700 -0.00614869687706232071
-0.38999998569488525400 -0.00613886490464210510
-0.37999999523162841800 -0.00614773901179432869
-0.37000000476837158200 -0.00616064202040433884
-0.36000001430511474600 -0.00616141408681869507
-0.34999999403953552200 -0.00616640783846378327
-0.34000000357627868600 -0.00615528784692287445
-0.33000001311302185100 -0.00613105809316039086
-0.31999999284744262700 -0.00613606907427310944
-0.31000000238418579100 -0.00613634008914232254
-0.30000001192092895500 -0.00611170008778572083
-0.28999999165534973100 -0.00611427007243037224
-0.28000000119209289500 -0.00613199314102530480
-0.27000001072883606000 -0.00614483002573251724
-0.25999999046325683600 -0.00614779489114880562
-0.25000000000000000000 -0.00615599099546670914
-0.23999999463558197000 -0.00614135619252920151
-0.23000000417232513400 -0.00613429816439747811
-0.21999999880790710400 -0.00614419393241405487
-0.20999999344348907500 -0.00613612402230501175
-0.20000000298023223900 -0.00612581009045243263
-0.18999999761581420900 -0.00614190194755792618
-0.18000000715255737300 -0.00615279283374547959
-0.17000000178813934300 -0.00615818984806537628
-0.15999999642372131300 -0.00617498997598886490
-0.15000000596046447800 -0.00616619596257805824
-0.14000000059604644800 -0.00613921182230114937
-0.12999999523162841800 -0.00615858798846602440
-0.11999999731779098500 -0.00615211017429828644
-0.10999999940395355200 -0.00612282287329435349
-0.10000000149011611900 -0.00613432796671986580
-0.09000000357627868650 -0.00613701390102505684
-0.07999999821186065670 -0.00614690082147717476
-0.07000000029802322390 -0.00615603011101484299
-0.05999999865889549260 -0.00615448411554098130
-0.05000000074505805970 -0.00613678898662328720
-0.03999999910593032840 -0.00612887600436806679
-0.02999999932944774630 -0.00613217614591121674
-0.01999999955296516420 -0.00611850200220942497
-0.00999999977648258210 -0.00610814802348613739
0.00000000000000000000 -0.00611414294689893723
0.00999999977648258210 -0.00611890899017453194
0.01999999955296516420 -0.00613420503214001656
0.02999999932944774630 -0.00614107586443424225
0.03999999910593032840 -0.00614292686805129051
0.05000000074505805970 -0.00613474287092685700
0.05999999865889549260 -0.00611919583752751351
0.07000000029802322390 -0.00612934213131666184
0.07999999821186065670 -0.00611316412687301636
0.09000000357627868650 -0.00610048603266477585
0.10000000149011611900 -0.00610972894355654717
0.10999999940395355200 -0.00611416902393102646
0.11999999731779098500 -0.00611983193084597588
0.12999999523162841800 -0.00612874981015920639
0.14000000059604644800 -0.00611094292253255844
0.15000000596046447800 -0.00608675181865692139
0.15999999642372131300 -0.00609723199158906937
0.17000000178813934300 -0.00607957085594534874
0.18000000715255737300 -0.00605270219966769219
0.18999999761581420900 -0.00605668406933546066
0.20000000298023223900 -0.00605473387986421585
0.20999999344348907500 -0.00605928897857666016
0.21999999880790710400 -0.00606420822441577912
0.23000000417232513400 -0.00606759497895836830
0.23999999463558197000 -0.00604509422555565834
0.25000000000000000000 -0.00603571487590670586
0.25999999046325683600 -0.00604248000308871269
0.27000001072883606000 -0.00601985119283199310
0.28000000119209289500 -0.00601387815549969673
0.28999999165534973100 -0.00601189211010932923
0.30000001192092895500 -0.00601556012406945229
0.31000000238418579100 -0.00602376600727438927
0.31999999284744262700 -0.00603265315294265747
0.33000001311302185100 -0.00600787485018372536
0.34000000357627868600 -0.00598476687446236611
0.34999999403953552200 -0.00598664395511150360
0.36000001430511474600 -0.00596731109544634819
0.37000000476837158200 -0.00593682099133729935
0.37999999523162841800 -0.00592375220730900765
0.38999998569488525400 -0.00591818522661924362
0.40000000596046447700 -0.00591101683676242829
0.40999999642372131300 -0.00589501718059182167
0.41999998688697814900 -0.00587722100317478180
0.43000000715255737300 -0.00583991780877113342
0.43999999761581420900 -0.00578927388414740563
0.44999998807907104500 -0.00576496822759509087
0.46000000834465026800 -0.00571430195122957230
0.46999999880790710400 -0.00565630802884697914
0.47999998927116394000 -0.00561429001390933991
0.49000000953674316400 -0.00556506402790546417
0.50000000000000000000 -0.00550528615713119507
0.50999999046325683600 -0.00544063281267881394
0.51999998092651367200 -0.00534500600770115853
0.52999997138977050800 -0.00521685695275664330
0.54000002145767211900 -0.00510269403457641602
0.55000001192092895500 -0.00494932197034358978
0.56000000238418579100 -0.00475079799070954323
0.56999999284744262700 -0.00454984977841377258
0.57999998331069946300 -0.00431080814450979233
0.58999997377395629900 -0.00403406191617250443
0.60000002384185791000 -0.00371541595086455345
0.61000001430511474600 -0.00335126603022217751
0.62000000476837158200 -0.00292643602006137371
0.62999999523162841800 -0.00245880801230669022
0.63999998569488525400 -0.00195865891873836517
0.64999997615814209000 -0.00140324397943913937
0.66000002622604370100 -0.00081750081153586507
0.67000001668930053700 -0.00022759129933547229
0.68000000715255737300 0.00039129648939706385
0.68999999761581420900 0.00109299400355666876
0.69999998807907104500 0.00184360798448324204
0.70999997854232788100 0.00262035802006721497
0.72000002861022949200 0.00341572705656290054
0.73000001907348632800 0.00424289517104625702
0.74000000953674316400 0.00508803781121969223
0.75000000000000000000 0.00595474010333418846
0.75999999046325683600 0.00684257596731185913
0.76999998092651367200 0.00774679100140929222
0.77999997138977050800 0.00867323856800794602
0.79000002145767211900 0.00961560290306806565
0.80000001192092895500 0.00996912084519863129
0.81000000238418579100 0.01090805977582931520
0.81999999284744262700 0.01185848005115985870
0.82999998331069946300 0.01281530968844890590
0.83999997377395629900 0.01379160955548286440
0.85000002384185791000 0.01477409992367029190
0.86000001430511474600 0.01576608046889305110
0.87000000476837158200 0.01677238009870052340
0.87999999523162841800 0.01778702996671199800
0.88999998569488525400 0.01881692931056022640
0.89999997615814209000 0.01985483989119529720
0.91000002622604370100 0.02090053074061870580
0.92000001668930053700 0.02195380069315433500
0.93000000715255737300 0.02300449088215827940
0.93999999761581420900 0.02408077940344810490
0.94999998807907104500 0.02515909075736999510
0.95999997854232788100 0.02623233944177627560
0.97000002861022949200 0.02733222022652626040
0.98000001907348632800 0.02844385057687759400
0.99000000953674316400 0.02955204993486404420
1.00000000000000000000 0.03068400919437408450
