-1.00000000000000000000 -0.00597014697268605232
-0.99000000953674316400 -0.00596143817529082298
-0.98000001907348632800 -0.00598335079848766327
-0.97000002861022949200 -0.00599961914122104645
-0.95999997854232788100 -0.00597009714692831040
-0.94999998807907104500 -0.00596744520589709282
-0.93999999761581420900 -0.00598830217495560646
-0.93000000715255737300 -0.00596389081329107285
-0.92000001668930053700 -0.00596121698617935181
-0.91000002622604370100 -0.00598113518208265305
-0.89999997615814209000 -0.00597502989694476128
-0.88999998569488525400 -0.00599536998197436333
-0.87999999523162841800 -0.00601112795993685723
-0.87000000476837158200 -0.00599288288503885269
-0.86000001430511474600 -0.00597743317484855652
-0.85000002384185791000 -0.00599313899874687195
-0.83999997377395629900 -0.00597260799258947373
-0.82999998331069946300 -0.00595729518681764603
-0.81999999284744262700 -0.00596829084679484368
-0.81000000238418579100 -0.00595991313457489014
-0.80000001192092895500 -0.00598054984584450722
-0.79000002145767211900 -0.00599411502480506897
-0.77999997138977050800 -0.00599363585934042931
-0.76999998092651367200 -0.00598211819306015968
-0.75999999046325683600 -0.00597195187583565712
-0.75000000000000000000 -0.00596757978200912476
-0.74000000953674316400 -0.00596181908622384072
-0.73000001907348632800 -0.00595040712505578995
-0.72000002861022949200 -0.00594034977257251740
-0.70999997854232788100 -0.00596123794093728066
-0.69999998807907104500 -0.00597088877111673355
-0.68999999761581420900 -0.00596584798768162728
-0.68000000715255737300 -0.00597945321351289749
-0.67000001668930053700 -0.00597074907273054123
-0.66000002622604370100 -0.00594940688461065293
-0.64999997615814209000 -0.00596489990130066872
-0.63999998569488525400 -0.00594899896532297135
-0.62999999523162841800 -0.00593535602092742920
-0.62000000476837158200 -0.00595511309802532196
-0.61000001430511474600 -0.00596220511943101883
-0.60000002384185791000 -0.00596757978200912476
-0.58999997377395629900 -0.00598845211789011955
-0.57999998331069946300 -0.00597304292023181916
-0.56999999284744262700 -0.00594558520242571831
-0.56000000238418579100 -0.00596497999504208565
-0.55000001192092895500 -0.00595465209335088730
-0.54000002145767211900 -0.00593114877119660378
-0.52999997138977050800 -0.00594614306464791298
-0.51999998092651367200 -0.00594067806378006935
-0.50999999046325683600 -0.00594874378293752670
-0.50000000000000000000 -0.00596506800502538681
-0.49000000953674316400 -0.00596121279522776604
-0.47999998927116394000 -0.00594115210697054863
-0.46999999880790710400 -0.00593751203268766403
-0.46000000834465026800 -0.00593203492462635040
-0.44999998807907104500 -0.00592374010011553765
-0.43999999761581420900 -0.00592056801542639733
-0.43000000715255737300 -0.00591120403259992600
-0.41999998688697814900 -0.00592943001538515091
-0.40999999642372131300 -0.00595480808988213539
-0.40000000596046447700 -0.00594730721786618233
-0.38999998569488525400 -0.00595079082995653153
-0.37999999523162841800 -0.00594897521659731865
-0.37000000476837158200 -0.00593549385666847229
-0.36000001430511474600 -0.00594154000282287598
-0.34999999403953552200 -0.00593230081722140312
-0.34000000357627868600 -0.00591686880216002464
-0.33000001311302185100 -0.00593828316777944565
-0.31999999284744262700 -0.00595404999330639839
-0.31000000238418579100 -0.00595143111422657967
-0.30000001192092895500 -0.00596398301422595978
-0.28999999165534973100 -0.00595691800117492676
-0.28000000119209289500 -0.00592275289818644524
-0.27000001072883606000 -0.00594558706507086754
-0.25999999046325683600 -0.00593679584562778473
-0.25000000000000000000 -0.00591089623048901558
-0.23999999463558197000 -0.00591955380514264107
-0.23000000417232513400 -0.00593385193496942520
-0.21999999880790710400 -0.00593302818015217781
-0.20999999344348907500 -0.00594794517382979393
-0.20000000298023223900 -0.00594854401424527168
-0.18999999761581420900 -0.00592138012871146202
-0.18000000715255737300 -0.00592386303469538689
-0.17000000178813934300 -0.00592096988111734390
-0.15999999642372131300 -0.00589282112196087837
-0.15000000596046447800 -0.00590353878214955330
-0.14000000059604644800 -0.00590298417955636978
-0.12999999523162841800 -0.00590813905000686646
-0.11999999731779098500 -0.00592853501439094544
-0.10999999940395355200 -0.00593238603323698044
-0.10000000149011611900 -0.00591389182955026627
-0.09000000357627868650 -0.00591007014736533165
-0.07999999821186065670 -0.00590999796986579895
-0.07000000029802322390 -0.00589999603107571602
-0.05999999865889549260 -0.00589401880279183388
-0.05000000074505805970 -0.00588374817743897438
-0.03999999910593032840 -0.00589831778779625893
-0.02999999932944774630 -0.00592046417295932770
-0.01999999955296516420 -0.00590066984295845032
-0.00999999977648258210 -0.00591375306248664856
0.00000000000000000000 -0.00590887479484081268
0.00999999977648258210 -0.00588608998805284500
0.01999999955296516420 -0.00589098222553730011
0.02999999932944774630 -0.00589799694716930390
0.03999999910593032840 -0.00586724281311035156
0.05000000074505805970 -0.00586624722927808762
0.05999999865889549260 -0.00588161591440439224
0.07000000029802322390 -0.00588084897026419640
0.07999999821186065670 -0.00588207785040140152
0.09000000357627868650 -0.00588830979540944100
0.10000000149011611900 -0.00584675278514623642
0.10999999940395355200 -0.00585111603140830994
0.11999999731779098500 -0.00586089398711919785
0.12999999523162841800 -0.00582423293963074684
0.14000000059604644800 -0.00582577195018529892
0.15000000596046447800 -0.00584216415882110596
0.15999999642372131300 -0.00583605188876390457
0.17000000178813934300 -0.00585114397108554840
0.18000000715255737300 -0.00587237207219004631
0.18999999761581420900 -0.00583906797692179680
0.20000000298023223900 -0.00582868000492453575
0.20999999344348907500 -0.00584906898438930512
0.21999999880790710400 -0.00581943010911345482
0.23000000417232513400 -0.00580412102863192558
0.23999999463558197000 -0.00580975599586963654
0.25000000000000000000 -0.00580319901928305626
0.25999999046325683600 -0.00581068405881524086
0.27000001072883606000 -0.00581806199625134468
0.28000000119209289500 -0.00580037105828523636
0.28999999165534973100 -0.00578454090282320976
0.30000001192092895500 -0.00577152799814939499
0.31000000238418579100 -0.00575815094634890557
0.31999999284744262700 -0.00573784206062555313
0.33000001311302185100 -0.00571841513738036156
0.34000000357627868600 -0.00570446019992232323
0.34999999403953552200 -0.00570432096719741821
0.36000001430511474600 -0.00569768203422427178
0.37000000476837158200 -0.00568472081795334816
0.37999999523162841800 -0.00566820800304412842
0.38999998569488525400 -0.00562778813764452934
0.40000000596046447700 -0.00561323994770646095
0.40999999642372131300 -0.00559123978018760681
0.41999998688697814900 -0.00554139213636517525
0.43000000715255737300 -0.00551735004410147667
0.43999999761581420900 -0.00550436181947588921
0.44999998807907104500 -0.00548083800822496414
0.46000000834465026800 -0.00545182311907410622
0.46999999880790710400 -0.00543428398668766022
0.47999998927116394000 -0.00537314778193831444
0.49000000953674316400 -0.00531216384842991829
0.50000000000000000000 -0.00528500601649284363
0.50999999046325683600 -0.00521306600421667099
0.51999998092651367200 -0.00513817602768540383
0.52999997138977050800 -0.00508101703599095345
0.54000002145767211900 -0.00499899080023169518
0.55000001192092895500 -0.00490764109417796135
0.56000000238418579100 -0.00481476308777928352
0.56999999284744262700 -0.00465504592284560204
0.57999998331069946300 -0.00448473077267408371
0.58999997377395629900 -0.00430803094059228897
0.60000002384185791000 -0.00406423117965459824
0.61000001430511474600 -0.00379151711240410805
0.62000000476837158200 -0.00349198188632726669
0.62999999523162841800 -0.00313327391631901264
0.63999998569488525400 -0.00274113006889820099
0.64999997615814209000 -0.00229804799892008305
0.66000002622604370100 -0.00179405801463872194
0.67000001668930053700 -0.00124309002421796322
0.68000000715255737300 -0.00063896051142364740
0.68999999761581420900 -0.00003267440115450881
0.69999998807907104500 0.00059642607811838388
0.70999997854232788100 0.00132329296320676804
0.72000002861022949200 0.00207499205134809017
0.73000001907348632800 0.00286947307176887989
0.74000000953674316400 0.00367851089686155319
0.75000000000000000000 0.00451952498406171799
0.75999999046325683600 0.00538464402779936791
0.76999998092651367200 0.00627151085063815117
0.77999997138977050800 0.00718856789171695709
0.79000002145767211900 0.00811527017503976822
0.80000001192092895500 0.00906392000615596772
0.81000000238418579100 0.01004179008305072780
0.81999999284744262700 0.01051006000488996510
0.82999998331069946300 0.01145218033343553540
0.83999997377395629900 0.01242547016590833660
0.85000002384185791000 0.01342230010777711870
0.86000001430511474600 0.01441354025155305860
0.87000000476837158200 0.01543037034571170810
0.87999999523162841800 0.01646395958960056310
0.88999998569488525400 0.01750089973211288450
0.89999997615814209000 0.01857548952102661130
0.91000002622604370100 0.01965627074241638180
0.92000001668930053700 0.02072690986096858980
0.93000000715255737300 0.02182409912347793580
0.93999999761581420900 0.02293309010565280910
0.94999998807907104500 0.02404564060270786290
0.95999997854232788100 0.02518057078123092650
0.97000002861022949200 0.02632562071084976200
0.98000001907348632800 0.02747841924428939820
0.99000000953674316400 0.02868049964308738710
1.00000000000000000000 0.02987862005829811100
