-1.00000000000000000000 -0.00616510817781090737
-0.99000000953674316400 -0.00616026995703577996
-0.98000001907348632800 -0.00614676112309098244
-0.97000002861022949200 -0.00614730780944228172
-0.95999997854232788100 -0.00615969020873308182
-0.94999998807907104500 -0.00617370195686817169
-0.93999999761581420900 -0.00617189006879925728
-0.93000000715255737300 -0.00617735413834452629
-0.92000001668930053700 -0.00616161199286580086
-0.91000002622604370100 -0.00614535110071301460
-0.89999997615814209000 -0.00615192111581563950
-0.88999998569488525400 -0.00614039087668061257
-0.87999999523162841800 -0.00612756796181201935
-0.87000000476837158200 -0.00613514985889196396
-0.86000001430511474600 -0.00615345919504761696
-0.85000002384185791000 -0.00615337910130620003
-0.83999997377395629900 -0.00617277016863226891
-0.82999998331069946300 -0.00617319997400045395
-0.81999999284744262700 -0.00614984519779682160
-0.81000000238418579100 -0.00615624990314245224
-0.80000001192092895500 -0.00615858798846602440
-0.79000002145767211900 -0.00614099996164441109
-0.77999997138977050800 -0.00613784417510032654
-0.76999998092651367200 -0.00615145917981863022
-0.75999999046325683600 -0.00616256194189190865
-0.75000000000000000000 -0.00616821693256497383
-0.74000000953674316400 -0.00618311623111367226
-0.73000001907348632800 -0.00617508403956890106
-0.72000002861022949200 -0.00614532502368092537
-0.70999997854232788100 -0.00616553099825978279
-0.69999998807907104500 -0.00615523010492324829
-0.68999999761581420900 -0.00612750416621565819
-0.68000000715255737300 -0.00612887181341648102
-0.67000001668930053700 -0.00613558990880846977
-0.66000002622604370100 -0.00614321604371070862
-0.64999997615814209000 -0.00614174501970410347
-0.63999998569488525400 -0.00614999793469905853
-0.62999999523162841800 -0.00613678991794586182
-0.62000000476837158200 -0.00611091498285531998
-0.61000001430511474600 -0.00612237397581338883
-0.60000002384185791000 -0.00612255698069930077
-0.58999997377395629900 -0.00609934190288186074
-0.57999998331069946300 -0.00610775081440806389
-0.56999999284744262700 -0.00612246291711926460
-0.56000000238418579100 -0.00612549204379320145
-0.55000001192092895500 -0.00614532502368092537
-0.54000002145767211900 -0.00614859489724040032
-0.52999997138977050800 -0.00612927880138158798
-0.51999998092651367200 -0.00612714421004056931
-0.50999999046325683600 -0.00613603508099913597
-0.50000000000000000000 -0.00611999304965138436
-0.49000000953674316400 -0.00611773878335952759
-0.47999998927116394000 -0.00612687319517135620
-0.46999999880790710400 -0.00613639596849679947
-0.46000000834465026800 -0.00615438586100935936
-0.44999998807907104500 -0.00616344716399908066
-0.43999999761581420900 -0.00615901593118906021
-0.43000000715255737300 -0.00614032195881009102
-0.41999998688697814900 -0.00614301720634102822
-0.40999999642372131300 -0.00613805977627635002
-0.40000000596046447700 -0.00612028921023011208
-0.38999998569488525400 -0.00611558789387345314
-0.37999999523162841800 -0.00612203916534781456
-0.37000000476837158200 -0.00612997822463512421
-0.36000001430511474600 -0.00613034702837467194
-0.34999999403953552200 -0.00614553177729249001
-0.34000000357627868600 -0.00612952513620257378
-0.33000001311302185100 -0.00610817503184080124
-0.31999999284744262700 -0.00612441496923565865
-0.31000000238418579100 -0.00612177699804306030
-0.30000001192092895500 -0.00610056193545460701
-0.28999999165534973100 -0.00610653078183531761
-0.28000000119209289500 -0.00612372579053044319
-0.27000001072883606000 -0.00612694397568702698
-0.25999999046325683600 -0.00614359602332115174
-0.25000000000000000000 -0.00615285802632570267
-0.23999999463558197000 -0.00613208301365375519
-0.23000000417232513400 -0.00611795205622911453
-0.21999999880790710400 -0.00613445881754159928
-0.20999999344348907500 -0.00611980678513646126
-0.20000000298023223900 -0.00610887398943305016
-0.18999999761581420900 -0.00612408109009265900
-0.18000000715255737300 -0.00612417887896299362
-0.17000000178813934300 -0.00613639596849679947
-0.15999999642372131300 -0.00614881515502929688
-0.15000000596046447800 -0.00613890402019023895
-0.14000000059604644800 -0.00611451221629977226
-0.12999999523162841800 -0.00611648894846439362
-0.11999999731779098500 -0.00610768701881170273
-0.10999999940395355200 -0.00608854414895176888
-0.10000000149011611900 -0.00608222000300884247
-0.09000000357627868650 -0.00608603702858090401
-0.07999999821186065670 -0.00609255488961935044
-0.07000000029802322390 -0.00609999103471636772
-0.05999999865889549260 -0.00611174618825316429
-0.05000000074505805970 -0.00609675003215670586
-0.03999999910593032840 -0.00607731798663735390
-0.02999999932944774630 -0.00609299587085843086
-0.01999999955296516420 -0.00609139120206236840
-0.00999999977648258210 -0.00606844108551740647
0.00000000000000000000 -0.00607533287256956101
0.00999999977648258210 -0.00608529895544052124
0.01999999955296516420 -0.00609447900205850601
0.02999999932944774630 -0.00610964512452483177
0.03999999910593032840 -0.00611889595165848732
0.05000000074505805970 -0.00610969495028257370
0.05999999865889549260 -0.00608845613896846771
0.07000000029802322390 -0.00609816890209913254
0.07999999821186065670 -0.00609080679714679718
0.09000000357627868650 -0.00607529003173112869
0.10000000149011611900 -0.00608389312401413918
0.10999999940395355200 -0.00608601095154881478
0.11999999731779098500 -0.00610026996582746506
0.12999999523162841800 -0.00610631797462701798
0.14000000059604644800 -0.00610309513285756111
0.15000000596046447800 -0.00609227688983082772
0.15999999642372131300 -0.00607212493196129799
0.17000000178813934300 -0.00606986321508884430
0.18000000715255737300 -0.00605971319600939751
0.18999999761581420900 -0.00604306580498814583
0.20000000298023223900 -0.00604168092831969261
0.20999999344348907500 -0.00605112593621015549
0.21999999880790710400 -0.00605247914791107178
0.23000000417232513400 -0.00606084102764725685
0.23999999463558197000 -0.00604815315455198288
0.25000000000000000000 -0.00603102706372737885
0.25999999046325683600 -0.00602938700467348099
0.27000001072883606000 -0.00602594716474413872
0.28000000119209289500 -0.00600811420008540154
0.28999999165534973100 -0.00599809084087610245
0.30000001192092895500 -0.00600012298673391342
0.31000000238418579100 -0.00600581802427768707
0.31999999284744262700 -0.00601375102996826172
0.33000001311302185100 -0.00600909115746617317
0.34000000357627868600 -0.00599110219627618790
0.34999999403953552200 -0.00595977995544672012
0.36000001430511474600 -0.00596335111185908318
0.37000000476837158200 -0.00594240985810756684
0.37999999523162841800 -0.00591096095740795136
0.38999998569488525400 -0.00590137299150228501
0.40000000596046447700 -0.00588674284517765045
0.40999999642372131300 -0.00588004803285002709
0.41999998688697814900 -0.00586218480020761490
0.43000000715255737300 -0.00583769613876938820
0.43999999761581420900 -0.00579587602987885475
0.44999998807907104500 -0.00574926100671291352
0.46000000834465026800 -0.00571929197758436203
0.46999999880790710400 -0.00567863415926694870
0.47999998927116394000 -0.00562243303284049034
0.49000000953674316400 -0.00557392090559005737
0.50000000000000000000 -0.00553567893803119660
0.50999999046325683600 -0.00547737581655383110
0.51999998092651367200 -0.00541310803964734078
0.52999997138977050800 -0.00532828411087393761
0.54000002145767211900 -0.00521067017689347267
0.55000001192092895500 -0.00508466409519314766
0.56000000238418579100 -0.00493993796408176422
0.56999999284744262700 -0.00475515285506844521
0.57999998331069946300 -0.00454605882987380028
0.58999997377395629900 -0.00431038904935121536
0.60000002384185791000 -0.00403455318883061409
0.61000001430511474600 -0.00371777801774442196
0.62000000476837158200 -0.00334807601757347584
0.62999999523162841800 -0.00292010395787656307
0.63999998569488525400 -0.00243936199694871903
0.64999997615814209000 -0.00192875601351261139
0.66000002622604370100 -0.00136126601137220860
0.67000001668930053700 -0.00075520202517509460
0.68000000715255737300 -0.00015050180081743747
0.68999999761581420900 0.00047541048843413591
0.69999998807907104500 0.00123128504492342472
0.70999997854232788100 0.00200616288930177689
0.72000002861022949200 0.00280651007778942585
0.73000001907348632800 0.00363012193702161312
0.74000000953674316400 0.00448538083583116532
0.75000000000000000000 0.00536398682743310929
0.75999999046325683600 0.00626171007752418518
0.76999998092651367200 0.00717545906081795693
0.77999997138977050800 0.00810866896063089371
0.79000002145767211900 0.00907007604837417603
0.80000001192092895500 0.01003907993435859680
0.81000000238418579100 0.01044490002095699310
0.81999999284744262700 0.01140797045081853870
0.82999998331069946300 0.01238256972283124920
0.83999997377395629900 0.01337780989706516270
0.85000002384185791000 0.01436227001249790190
0.86000001430511474600 0.01539111044257879260
0.87000000476837158200 0.01639061979949474330
0.87999999523162841800 0.01742910034954547880
0.88999998569488525400 0.01848266087472438810
0.89999997615814209000 0.01952978968620300290
0.91000002622604370100 0.02059604041278362270
0.92000001668930053700 0.02167388051748275760
0.93000000715255737300 0.02273415960371494290
0.93999999761581420900 0.02384551987051963810
0.94999998807907104500 0.02497122995555400850
0.95999997854232788100 0.02608131058514118190
0.97000002861022949200 0.02718457952141761780
0.98000001907348632800 0.02828232012689113620
0.99000000953674316400 0.02941318973898887630
1.00000000000000000000 0.03057987056672573090
