-1.00000000000000000000 -0.00580641301348805428
-0.99000000953674316400 -0.00577576877549290657
-0.98000001907348632800 -0.00577056594192981720
-0.97000002861022949200 -0.00579451816156506539
-0.95999997854232788100 -0.00577414501458406449
-0.94999998807907104500 -0.00576696498319506645
-0.93999999761581420900 -0.00578128779307007790
-0.93000000715255737300 -0.00578002119436860085
-0.92000001668930053700 -0.00580025278031826020
-0.91000002622604370100 -0.00581961497664451599
-0.89999997615814209000 -0.00581312179565429688
-0.88999998569488525400 -0.00581344822421669960
-0.87999999523162841800 -0.00580015080049633980
-0.87000000476837158200 -0.00579353794455528259
-0.86000001430511474600 -0.00579834589734673500
-0.85000002384185791000 -0.00578911416232585907
-0.83999997377395629900 -0.00577714806422591210
-0.82999998331069946300 -0.00579397799447178841
-0.81999999284744262700 -0.00581361586228013039
-0.81000000238418579100 -0.00580579787492752075
-0.80000001192092895500 -0.00582035398110747338
-0.79000002145767211900 -0.00580994598567485810
-0.77999997138977050800 -0.00578220095485448837
-0.76999998092651367200 -0.00579765904694795609
-0.75999999046325683600 -0.00579470302909612656
-0.75000000000000000000 -0.00576230790466070175
-0.74000000953674316400 -0.00577258178964257240
-0.73000001907348632800 -0.00578516302630305290
-0.72000002861022949200 -0.00578122120350599289
-0.70999997854232788100 -0.00580317014828324318
-0.69999998807907104500 -0.00580373499542474747
-0.68999999761581420900 -0.00577766122296452522
-0.68000000715255737300 -0.00577622698619961739
-0.67000001668930053700 -0.00578645477071404457
-0.66000002622604370100 -0.00576365087181329727
-0.64999997615814209000 -0.00576212815940380097
-0.63999998569488525400 -0.00577148003503680229
-0.62999999523162841800 -0.00577087700366973877
-0.62000000476837158200 -0.00579283712431788445
-0.61000001430511474600 -0.00579822016879916191
-0.60000002384185791000 -0.00579061498865485192
-0.58999997377395629900 -0.00577849987894296646
-0.57999998331069946300 -0.00577832618728280068
-0.56999999284744262700 -0.00577260879799723625
-0.56000000238418579100 -0.00576390512287616730
-0.55000001192092895500 -0.00575753999873995781
-0.54000002145767211900 -0.00575981801375746727
-0.52999997138977050800 -0.00578333390876650810
-0.51999998092651367200 -0.00578032201156020165
-0.50999999046325683600 -0.00578525196760892868
-0.50000000000000000000 -0.00578432716429233551
-0.49000000953674316400 -0.00574972014874219895
-0.47999998927116394000 -0.00575569598004221916
-0.46999999880790710400 -0.00576086901128292084
-0.46000000834465026800 -0.00572708901017904282
-0.44999998807907104500 -0.00573122687637805939
-0.43999999761581420900 -0.00575413694605231285
-0.43000000715255737300 -0.00574943609535694122
-0.41999998688697814900 -0.00576285086572170258
-0.40999999642372131300 -0.00579035794362425804
-0.40000000596046447700 -0.00576427020132541657
-0.38999998569488525400 -0.00574645912274718285
-0.37999999523162841800 -0.00577201880514621735
-0.37000000476837158200 -0.00574837205931544304
-0.36000001430511474600 -0.00573951797559857369
-0.34999999403953552200 -0.00575918285176157952
-0.34000000357627868600 -0.00575044797733426094
-0.33000001311302185100 -0.00577068002894520760
-0.31999999284744262700 -0.00578383402898907662
-0.31000000238418579100 -0.00577212078496813774
-0.30000001192092895500 -0.00576843880116939545
-0.28999999165534973100 -0.00576204201206564903
-0.28000000119209289500 -0.00575159210711717606
-0.27000001072883606000 -0.00575021980330348015
-0.25999999046325683600 -0.00574515387415885925
-0.25000000000000000000 -0.00573592679575085640
-0.23999999463558197000 -0.00575488107278943062
-0.23000000417232513400 -0.00576783902943134308
-0.21999999880790710400 -0.00576170394197106362
-0.20999999344348907500 -0.00576714705675840378
-0.20000000298023223900 -0.00575504591688513756
-0.18999999761581420900 -0.00573546905070543289
-0.18000000715255737300 -0.00574487121775746346
-0.17000000178813934300 -0.00572623591870069504
-0.15999999642372131300 -0.00570981111377477646
-0.15000000596046447800 -0.00572648784145712853
-0.14000000059604644800 -0.00573818804696202278
-0.12999999523162841800 -0.00573589187115430832
-0.11999999731779098500 -0.00575719587504863739
-0.10999999940395355200 -0.00575557677075266838
-0.10000000149011611900 -0.00572140421718358994
-0.09000000357627868650 -0.00573559617623686791
-0.07999999821186065670 -0.00573214795440435410
-0.07000000029802322390 -0.00570235121995210648
-0.05999999865889549260 -0.00571299903094768524
-0.05000000074505805970 -0.00572054181247949600
-0.03999999910593032840 -0.00572289712727069855
-0.02999999932944774630 -0.00573785416781902313
-0.01999999955296516420 -0.00574288191273808480
-0.00999999977648258210 -0.00572146382182836533
0.00000000000000000000 -0.00571046210825443268
0.00999999977648258210 -0.00571569893509149552
0.01999999955296516420 -0.00570171419531106949
0.02999999932944774630 -0.00569125683978199959
0.03999999910593032840 -0.00568893784657120705
0.05000000074505805970 -0.00567517196759581566
0.05999999865889549260 -0.00569182401522994042
0.07000000029802322390 -0.00569490622729063034
0.07999999821186065670 -0.00568686984479427338
0.09000000357627868650 -0.00568719301372766495
0.10000000149011611900 -0.00565994996577501297
0.10999999940395355200 -0.00566032296046614647
0.11999999731779098500 -0.00566372321918606758
0.12999999523162841800 -0.00563884619623422623
0.14000000059604644800 -0.00563901709392666817
0.15000000596046447800 -0.00565493991598486900
0.15999999642372131300 -0.00566107500344514847
0.17000000178813934300 -0.00565924681723117829
0.18000000715255737300 -0.00567857502028346062
0.18999999761581420900 -0.00565154291689395905
0.20000000298023223900 -0.00562711805105209351
0.20999999344348907500 -0.00564805883914232254
0.21999999880790710400 -0.00562139507383108139
0.23000000417232513400 -0.00559561979025602341
0.23999999463558197000 -0.00560569902881979942
0.25000000000000000000 -0.00559468008577823639
0.25999999046325683600 -0.00559087097644805908
0.27000001072883606000 -0.00560136698186397553
0.28000000119209289500 -0.00558140920475125313
0.28999999165534973100 -0.00555759295821189881
0.30000001192092895500 -0.00554448319599032402
0.31000000238418579100 -0.00552322017028927803
0.31999999284744262700 -0.00549431703984737396
0.33000001311302185100 -0.00548285618424415589
0.34000000357627868600 -0.00545775517821311951
0.34999999403953552200 -0.00544792879372835159
0.36000001430511474600 -0.00545055698603391648
0.37000000476837158200 -0.00541788991540670395
0.37999999523162841800 -0.00539779104292392731
0.38999998569488525400 -0.00536704203113913536
0.40000000596046447700 -0.00532523076981306076
0.40999999642372131300 -0.00530810095369815827
0.41999998688697814900 -0.00527730816975235939
0.43000000715255737300 -0.00522861490026116371
0.43999999761581420900 -0.00521552423015236855
0.44999998807907104500 -0.00520264916121959686
0.46000000834465026800 -0.00515842298045754433
0.46999999880790710400 -0.00514286477118730545
0.47999998927116394000 -0.00510143302381038666
0.49000000953674316400 -0.00502748601138591767
0.50000000000000000000 -0.00499388715252280235
0.50999999046325683600 -0.00494657689705491066
0.51999998092651367200 -0.00485992385074496269
0.52999997138977050800 -0.00480309501290321350
0.54000002145767211900 -0.00474413484334945679
0.55000001192092895500 -0.00465662684291601181
0.56000000238418579100 -0.00457436684519052506
0.56999999284744262700 -0.00447379890829324722
0.57999998331069946300 -0.00432491907849907875
0.58999997377395629900 -0.00416305195540189743
0.60000002384185791000 -0.00399051094427704811
0.61000001430511474600 -0.00376515695825219154
0.62000000476837158200 -0.00350878410972654820
0.62999999523162841800 -0.00322439498268067837
0.63999998569488525400 -0.00289311702363193035
0.64999997615814209000 -0.00252956594340503216
0.66000002622604370100 -0.00211292295716702938
0.67000001668930053700 -0.00164548098109662533
0.68000000715255737300 -0.00113254494499415159
0.68999999761581420900 -0.00057846918934956193
0.69999998807907104500 -0.00001868448998720851
0.70999997854232788100 0.00056818372104316950
0.72000002861022949200 0.00124350597616285086
0.73000001907348632800 0.00195534899830818176
0.74000000953674316400 0.00269937701523303986
0.75000000000000000000 0.00346763106063008309
0.75999999046325683600 0.00425957283005118370
0.76999998092651367200 0.00507488986477255821
0.77999997138977050800 0.00591932795941829682
0.79000002145767211900 0.00678580999374389649
0.80000001192092895500 0.00766548980027437210
0.81000000238418579100 0.00856740400195121765
0.81999999284744262700 0.00949252769351005554
0.82999998331069946300 0.01041742973029613500
0.83999997377395629900 0.01082138996571302410
0.85000002384185791000 0.01174195017665624620
0.86000001430511474600 0.01268033031374216080
0.87000000476837158200 0.01363665983080863950
0.87999999523162841800 0.01460206042975187300
0.88999998569488525400 0.01557650044560432430
0.89999997615814209000 0.01657447032630443570
0.91000002622604370100 0.01759452931582927700
0.92000001668930053700 0.01859525032341480260
0.93000000715255737300 0.01963590085506439210
0.93999999761581420900 0.02067809924483299260
0.94999998807907104500 0.02170570939779281620
0.95999997854232788100 0.02276913076639175420
0.97000002861022949200 0.02386637963354587560
0.98000001907348632800 0.02491177991032600400
0.99000000953674316400 0.02612908929586410520
1.00000000000000000000 0.02724526077508926390
