-1.00000000000000000000 -0.00617024209350347519
-0.99000000953674316400 -0.00614669686183333397
-0.98000001907348632800 -0.00615686411038041115
-0.97000002861022949200 -0.00615351414307951927
-0.95999997854232788100 -0.00612158980220556259
-0.94999998807907104500 -0.00613656919449567795
-0.93999999761581420900 -0.00614900188520550728
-0.93000000715255737300 -0.00615358212962746620
-0.92000001668930053700 -0.00617442699149250984
-0.91000002622604370100 -0.00617737602442502976
-0.89999997615814209000 -0.00615867320448160172
-0.88999998569488525400 -0.00616087997332215309
-0.87999999523162841800 -0.00616768281906843186
-0.87000000476837158200 -0.00615283986553549767
-0.86000001430511474600 -0.00615277700126171112
-0.85000002384185791000 -0.00616123201325535774
-0.83999997377395629900 -0.00616945000365376473
-0.82999998331069946300 -0.00618806807324290276
-0.81999999284744262700 -0.00619713310152292252
-0.81000000238418579100 -0.00619006296619772911
-0.80000001192092895500 -0.00616710679605603218
-0.79000002145767211900 -0.00618133181706070900
-0.77999997138977050800 -0.00617508403956890106
-0.76999998092651367200 -0.00615221308544278145
-0.75999999046325683600 -0.00615377584472298622
-0.75000000000000000000 -0.00616516312584280968
-0.74000000953674316400 -0.00617441581562161446
-0.73000001907348632800 -0.00617324095219373703
-0.72000002861022949200 -0.00618473812937736511
-0.70999997854232788100 -0.00616403622552752495
-0.69999998807907104500 -0.00614519789814949036
-0.68999999761581420900 -0.00615908019244670868
-0.68000000715255737300 -0.00615662708878517151
-0.67000001668930053700 -0.00613077310845255852
-0.66000002622604370100 -0.00614117784425616265
-0.64999997615814209000 -0.00615368178114295006
-0.63999998569488525400 -0.00616333587095141411
-0.62999999523162841800 -0.00617944309487938881
-0.62000000476837158200 -0.00618156092241406441
-0.61000001430511474600 -0.00616578198969364166
-0.60000002384185791000 -0.00616134516894817352
-0.58999997377395629900 -0.00617137691006064415
-0.57999998331069946300 -0.00615136185660958290
-0.56999999284744262700 -0.00614966312423348427
-0.56000000238418579100 -0.00616314215585589409
-0.55000001192092895500 -0.00616874312981963158
-0.54000002145767211900 -0.00618391577154397965
-0.52999997138977050800 -0.00619381992146372795
-0.51999998092651367200 -0.00618401309475302696
-0.50999999046325683600 -0.00615710206329822540
-0.50000000000000000000 -0.00616930192336440087
-0.49000000953674316400 -0.00615637702867388726
-0.47999998927116394000 -0.00613428605720400810
-0.46999999880790710400 -0.00613487884402275086
-0.46000000834465026800 -0.00613595079630613327
-0.44999998807907104500 -0.00614594807848334313
-0.43999999761581420900 -0.00614573713392019272
-0.43000000715255737300 -0.00615364080294966698
-0.41999998688697814900 -0.00612970581278204918
-0.40999999642372131300 -0.00611509196460247040
-0.40000000596046447700 -0.00612597912549972534
-0.38999998569488525400 -0.00611731177195906639
-0.37999999523162841800 -0.00610345602035522461
-0.37000000476837158200 -0.00611488102003931999
-0.36000001430511474600 -0.00613346416503190994
-0.34999999403953552200 -0.00613782415166497231
-0.34000000357627868600 -0.00615477608516812325
-0.33000001311302185100 -0.00615539401769638062
-0.31999999284744262700 -0.00613522715866565705
-0.31000000238418579100 -0.00614136410877108574
-0.30000001192092895500 -0.00614789593964815140
-0.28999999165534973100 -0.00612350506708025932
-0.28000000119209289500 -0.00612439494580030442
-0.27000001072883606000 -0.00613703904673457146
-0.25999999046325683600 -0.00614129193127155304
-0.25000000000000000000 -0.00615814514458179474
-0.23999999463558197000 -0.00617132196202874184
-0.23000000417232513400 -0.00615335302427411080
-0.21999999880790710400 -0.00613556103780865669
-0.20999999344348907500 -0.00614928221330046654
-0.20000000298023223900 -0.00613548513501882553
-0.18999999761581420900 -0.00611600605770945549
-0.18000000715255737300 -0.00611986219882965088
-0.17000000178813934300 -0.00612445408478379250
-0.15999999642372131300 -0.00613821716979146004
-0.15000000596046447800 -0.00613917503505945206
-0.14000000059604644800 -0.00614475691691040993
-0.12999999523162841800 -0.00613112980499863625
-0.11999999731779098500 -0.00611130613833665848
-0.10999999940395355200 -0.00612405594438314438
-0.10000000149011611900 -0.00610969495028257370
-0.09000000357627868650 -0.00609843200072646141
-0.07999999821186065670 -0.00610821181908249855
-0.07000000029802322390 -0.00612011598423123360
-0.05999999865889549260 -0.00612955400720238686
-0.05000000074505805970 -0.00614327518269419670
-0.03999999910593032840 -0.00613991077989339829
-0.02999999932944774630 -0.00612558098509907723
-0.01999999955296516420 -0.00612633908167481423
-0.00999999977648258210 -0.00613034190610051155
0.00000000000000000000 -0.00611413503065705300
0.00999999977648258210 -0.00610893778502941132
0.01999999955296516420 -0.00611343886703252793
0.02999999932944774630 -0.00612487876787781716
0.03999999910593032840 -0.00613594986498355866
0.05000000074505805970 -0.00613749213516712189
0.05999999865889549260 -0.00614042021334171295
0.07000000029802322390 -0.00612033298239111900
0.07999999821186065670 -0.00610473100095987320
0.09000000357627868650 -0.00610711984336376190
0.10000000149011611900 -0.00608461815863847733
0.10999999940395355200 -0.00607157777994871140
0.11999999731779098500 -0.00607607001438736916
0.12999999523162841800 -0.00608733203262090683
0.14000000059604644800 -0.00608984893187880516
0.15000000596046447800 -0.00609504804015159607
0.15999999642372131300 -0.00608527800068259239
0.17000000178813934300 -0.00607002386823296547
0.18000000715255737300 -0.00607685698196291924
0.18999999761581420900 -0.00607120618224143982
0.20000000298023223900 -0.00605505006387829781
0.20999999344348907500 -0.00604994921013712883
0.21999999880790710400 -0.00606741104274988175
0.23000000417232513400 -0.00607943302020430565
0.23999999463558197000 -0.00607535289600491524
0.25000000000000000000 -0.00608491804450750351
0.25999999046325683600 -0.00607272703200578690
0.27000001072883606000 -0.00604920415207743645
0.28000000119209289500 -0.00606084521859884262
0.28999999165534973100 -0.00604935223236680031
0.30000001192092895500 -0.00602509593591094017
0.31000000238418579100 -0.00602980889379978180
0.31999999284744262700 -0.00603211112320423126
0.33000001311302185100 -0.00603222101926803589
0.34000000357627868600 -0.00603387318551540375
0.34999999403953552200 -0.00601792382076382637
0.36000001430511474600 -0.00598208187147974968
0.37000000476837158200 -0.00597657589241862297
0.37999999523162841800 -0.00595571799203753472
0.38999998569488525400 -0.00592458993196487427
0.40000000596046447700 -0.00590653391554951668
0.40999999642372131300 -0.00589534919708967209
0.41999998688697814900 -0.00589342089369893074
0.43000000715255737300 -0.00588002800941467285
0.43999999761581420900 -0.00586754688993096352
0.44999998807907104500 -0.00583194196224212647
0.46000000834465026800 -0.00578447291627526283
0.46999999880790710400 -0.00575503800064325333
0.47999998927116394000 -0.00570865022018551827
0.49000000953674316400 -0.00565106095746159554
0.50000000000000000000 -0.00559368403628468514
0.50999999046325683600 -0.00554065499454736710
0.51999998092651367200 -0.00546896783635020256
0.52999997138977050800 -0.00537792313843965531
0.54000002145767211900 -0.00526152178645133972
0.55000001192092895500 -0.00511162588372826576
0.56000000238418579100 -0.00493729999288916588
0.56999999284744262700 -0.00473526818677783013
0.57999998331069946300 -0.00448476010933518410
0.58999997377395629900 -0.00420179218053817749
0.60000002384185791000 -0.00387773499824106693
0.61000001430511474600 -0.00350383692421019077
0.62000000476837158200 -0.00307189300656318665
0.62999999523162841800 -0.00258346507325768471
0.63999998569488525400 -0.00203401199541985989
0.64999997615814209000 -0.00141953700222074986
0.66000002622604370100 -0.00079179642489179969
0.67000001668930053700 -0.00013831589603796601
0.68000000715255737300 0.00056490389397367835
0.68999999761581420900 0.00136856595054268837
0.69999998807907104500 0.00222105509601533413
0.70999997854232788100 0.00310899503529071808
0.72000002861022949200 0.00403408193960785866
0.73000001907348632800 0.00499397190287709236
0.74000000953674316400 0.00597863504663109780
0.75000000000000000000 0.00699478387832641602
0.75999999046325683600 0.00803960487246513367
0.76999998092651367200 0.00910361204296350479
0.77999997138977050800 0.01019437983632087710
0.79000002145767211900 0.01068728044629096980
0.80000001192092895500 0.01177439000457525250
0.81000000238418579100 0.01288369018584489820
0.81999999284744262700 0.01401112973690032960
0.82999998331069946300 0.01515483018010854720
0.83999997377395629900 0.01631722040474414830
0.85000002384185791000 0.01748893968760967250
0.86000001430511474600 0.01867618970572948460
0.87000000476837158200 0.01988190971314907070
0.87999999523162841800 0.02109876088798046110
0.88999998569488525400 0.02232001908123493190
0.89999997615814209000 0.02356328070163726810
0.91000002622604370100 0.02481820993125438690
0.92000001668930053700 0.02608756907284259800
0.93000000715255737300 0.02737288922071456910
0.93999999761581420900 0.02867298945784568790
0.94999998807907104500 0.02997010946273803710
0.95999997854232788100 0.03127469122409820560
0.97000002861022949200 0.03261755034327507020
0.98000001907348632800 0.03395187854766845700
0.99000000953674316400 0.03528929129242897030
1.00000000000000000000 0.03666232898831367490
