-1.00000000000000000000 -0.00616460805758833885
-0.99000000953674316400 -0.00617848103865981102
-0.98000001907348632800 -0.00617585889995098114
-0.97000002861022949200 -0.00615824107080698014
-0.95999997854232788100 -0.00616542203351855278
-0.94999998807907104500 -0.00618605082854628563
-0.93999999761581420900 -0.00619032094255089760
-0.93000000715255737300 -0.00620156805962324143
-0.92000001668930053700 -0.00619963603094220162
-0.91000002622604370100 -0.00617694295942783356
-0.89999997615814209000 -0.00618042983114719391
-0.88999998569488525400 -0.00618381379172205925
-0.87999999523162841800 -0.00616094795987010002
-0.87000000476837158200 -0.00616495590656995774
-0.86000001430511474600 -0.00617296108976006508
-0.85000002384185791000 -0.00618060817942023278
-0.83999997377395629900 -0.00619279500097036362
-0.82999998331069946300 -0.00619331188499927521
-0.81999999284744262700 -0.00617479486390948296
-0.81000000238418579100 -0.00615651207044720650
-0.80000001192092895500 -0.00616623414680361748
-0.79000002145767211900 -0.00615264521911740303
-0.77999997138977050800 -0.00613002013415098190
-0.76999998092651367200 -0.00613518012687563896
-0.75999999046325683600 -0.00614107586443424225
-0.75000000000000000000 -0.00615786900743842125
-0.74000000953674316400 -0.00616143597289919853
-0.73000001907348632800 -0.00616517476737499237
-0.72000002861022949200 -0.00615396723151206970
-0.70999997854232788100 -0.00614432897418737412
-0.69999998807907104500 -0.00615573395043611527
-0.68999999761581420900 -0.00615439517423510552
-0.68000000715255737300 -0.00614259717985987663
-0.67000001668930053700 -0.00614939583465456963
-0.66000002622604370100 -0.00617318181321024895
-0.64999997615814209000 -0.00618541985750198364
-0.63999998569488525400 -0.00618908787146210671
-0.62999999523162841800 -0.00618267105892300606
-0.62000000476837158200 -0.00616952218115329743
-0.61000001430511474600 -0.00617802282795310021
-0.60000002384185791000 -0.00617434317246079445
-0.58999997377395629900 -0.00615399284288287163
-0.57999998331069946300 -0.00615464011207222939
-0.56999999284744262700 -0.00617020297795534134
-0.56000000238418579100 -0.00618046801537275314
-0.55000001192092895500 -0.00617771409451961518
-0.54000002145767211900 -0.00618940591812133789
-0.52999997138977050800 -0.00617580395191907883
-0.51999998092651367200 -0.00615120492875576020
-0.50999999046325683600 -0.00616895407438278198
-0.50000000000000000000 -0.00615603802725672722
-0.49000000953674316400 -0.00613475590944290161
-0.47999998927116394000 -0.00614612083882093430
-0.46999999880790710400 -0.00615911418572068215
-0.46000000834465026800 -0.00616958504542708397
-0.44999998807907104500 -0.00618201820179820061
-0.43999999761581420900 -0.00617730384692549706
-0.43000000715255737300 -0.00615741498768329621
-0.41999998688697814900 -0.00616316311061382294
-0.40999999642372131300 -0.00615952396765351296
-0.40000000596046447700 -0.00614527007564902306
-0.38999998569488525400 -0.00614026701077818871
-0.37999999523162841800 -0.00615118816494941712
-0.37000000476837158200 -0.00617296108976006508
-0.36000001430511474600 -0.00617391010746359825
-0.34999999403953552200 -0.00618270877748727799
-0.34000000357627868600 -0.00617040321230888367
-0.33000001311302185100 -0.00614724820479750633
-0.31999999284744262700 -0.00615880498662590981
-0.31000000238418579100 -0.00615352997556328774
-0.30000001192092895500 -0.00612765178084373474
-0.28999999165534973100 -0.00612925784662365914
-0.28000000119209289500 -0.00614036479964852333
-0.27000001072883606000 -0.00614243978634476662
-0.25999999046325683600 -0.00614706194028258324
-0.25000000000000000000 -0.00614478299394249916
-0.23999999463558197000 -0.00612758006900548935
-0.23000000417232513400 -0.00611637113615870476
-0.21999999880790710400 -0.00612331787124276161
-0.20999999344348907500 -0.00611176714301109314
-0.20000000298023223900 -0.00609326781705021858
-0.18999999761581420900 -0.00611424399539828301
-0.18000000715255737300 -0.00613058777526021004
-0.17000000178813934300 -0.00613283691927790642
-0.15999999642372131300 -0.00614995509386062622
-0.15000000596046447800 -0.00613970914855599404
-0.14000000059604644800 -0.00611913297325372696
-0.12999999523162841800 -0.00614380417391657830
-0.11999999731779098500 -0.00613568816334009171
-0.10999999940395355200 -0.00611647684127092362
-0.10000000149011611900 -0.00612577889114618302
-0.09000000357627868650 -0.00613201502710580826
-0.07999999821186065670 -0.00614567613229155541
-0.07000000029802322390 -0.00615560216829180718
-0.05999999865889549260 -0.00615608878433704376
-0.05000000074505805970 -0.00613819900900125504
-0.03999999910593032840 -0.00613041780889034271
-0.02999999932944774630 -0.00613570911809802056
-0.01999999955296516420 -0.00612443685531616211
-0.00999999977648258210 -0.00610886793583631516
0.00000000000000000000 -0.00611258391290903092
0.00999999977648258210 -0.00611530290916562081
0.01999999955296516420 -0.00612715212628245354
0.02999999932944774630 -0.00613487791270017624
0.03999999910593032840 -0.00613343017175793648
0.05000000074505805970 -0.00612113578245043755
0.05999999865889549260 -0.00610645906999707222
0.07000000029802322390 -0.00611939514055848122
0.07999999821186065670 -0.00610669609159231186
0.09000000357627868650 -0.00608992902562022209
0.10000000149011611900 -0.00610662903636693955
0.10999999940395355200 -0.00611345982179045677
0.11999999731779098500 -0.00611936207860708237
0.12999999523162841800 -0.00613237079232931137
0.14000000059604644800 -0.00612225197255611420
0.15000000596046447800 -0.00609627505764365196
0.15999999642372131300 -0.00611046096310019493
0.17000000178813934300 -0.00609929114580154419
0.18000000715255737300 -0.00606973189860582352
0.18999999761581420900 -0.00608050404116511345
0.20000000298023223900 -0.00607634009793400765
0.20999999344348907500 -0.00608358299359679222
0.21999999880790710400 -0.00608712108805775643
0.23000000417232513400 -0.00608833180740475655
0.23999999463558197000 -0.00605948781594634056
0.25000000000000000000 -0.00603899685665965080
0.25999999046325683600 -0.00604117196053266525
0.27000001072883606000 -0.00601522997021675110
0.28000000119209289500 -0.00600285083055496216
0.28999999165534973100 -0.00600044894963502884
0.30000001192092895500 -0.00599909387528896332
0.31000000238418579100 -0.00600441079586744309
0.31999999284744262700 -0.00601229118183255196
0.33000001311302185100 -0.00599210895597934723
0.34000000357627868600 -0.00596896698698401451
0.34999999403953552200 -0.00597079284489154816
0.36000001430511474600 -0.00595961418002843857
0.37000000476837158200 -0.00593537883833050728
0.37999999523162841800 -0.00592367118224501610
0.38999998569488525400 -0.00592440599575638771
0.40000000596046447700 -0.00592121295630931854
0.40999999642372131300 -0.00591071508824825287
0.41999998688697814900 -0.00589898321777582169
0.43000000715255737300 -0.00586510822176933289
0.43999999761581420900 -0.00582029111683368683
0.44999998807907104500 -0.00580554595217108727
0.46000000834465026800 -0.00576166901737451554
0.46999999880790710400 -0.00570179987698793411
0.47999998927116394000 -0.00567141594365239144
0.49000000953674316400 -0.00561999622732400894
0.50000000000000000000 -0.00556088797748088837
0.50999999046325683600 -0.00549177499487996102
0.51999998092651367200 -0.00539401499554514885
0.52999997138977050800 -0.00525655178353190422
0.54000002145767211900 -0.00513218017295002937
0.55000001192092895500 -0.00497410586103796959
0.56000000238418579100 -0.00476278411224484444
0.56999999284744262700 -0.00454368488863110542
0.57999998331069946300 -0.00428709713742136955
0.58999997377395629900 -0.00399124389514327049
0.60000002384185791000 -0.00364746688865125179
0.61000001430511474600 -0.00325184711255133152
0.62000000476837158200 -0.00278663006611168385
0.62999999523162841800 -0.00227321288548409939
0.63999998569488525400 -0.00172487401869148016
0.64999997615814209000 -0.00111415598075836897
0.66000002622604370100 -0.00049542519263923168
0.67000001668930053700 0.00010087739792652428
0.68000000715255737300 0.00086594431195408106
0.68999999761581420900 0.00163922796491533518
0.69999998807907104500 0.00248252390883862972
0.70999997854232788100 0.00335663696750998497
0.72000002861022949200 0.00425099208950996399
0.73000001907348632800 0.00518365204334259033
0.74000000953674316400 0.00613873079419136048
0.75000000000000000000 0.00712027400732040406
0.75999999046325683600 0.00812732428312301636
0.76999998092651367200 0.00915498007088899613
0.77999997138977050800 0.01020796969532966610
0.79000002145767211900 0.01064896956086158750
0.80000001192092895500 0.01169526018202304840
0.81000000238418579100 0.01276129018515348430
0.81999999284744262700 0.01384770963340997700
0.82999998331069946300 0.01494203042238950730
0.83999997377395629900 0.01605116948485374450
0.85000002384185791000 0.01718101091682910920
0.86000001430511474600 0.01832374930381774900
0.87000000476837158200 0.01947682909667491910
0.87999999523162841800 0.02064438909292221070
0.88999998569488525400 0.02183414995670318600
0.89999997615814209000 0.02303962036967277530
0.91000002622604370100 0.02424965985119342800
0.92000001668930053700 0.02548282034695148470
0.93000000715255737300 0.02671515941619873050
0.93999999761581420900 0.02796177007257938390
0.94999998807907104500 0.02923545055091381070
0.95999997854232788100 0.03050716035068035130
0.97000002861022949200 0.03178739920258522030
0.98000001907348632800 0.03309582918882370000
0.99000000953674316400 0.03441673144698143010
1.00000000000000000000 0.03574568033218383790
