-1.00000000000000000000 -0.00615944899618625641
-0.99000000953674316400 -0.00614645704627037049
-0.98000001907348632800 -0.00616314308717846871
-0.97000002861022949200 -0.00618177000433206558
-0.95999997854232788100 -0.00618386222049593926
-0.94999998807907104500 -0.00620201881974935532
-0.93999999761581420900 -0.00620586518198251724
-0.93000000715255737300 -0.00617681723088026047
-0.92000001668930053700 -0.00618738308548927307
-0.91000002622604370100 -0.00619030091911554337
-0.89999997615814209000 -0.00615894980728626251
-0.88999998569488525400 -0.00616690609604120255
-0.87999999523162841800 -0.00617845682427287102
-0.87000000476837158200 -0.00617978302761912346
-0.86000001430511474600 -0.00619233911857008934
-0.85000002384185791000 -0.00620388286188244820
-0.83999997377395629900 -0.00617489917203783989
-0.82999998331069946300 -0.00615866901353001595
-0.81999999284744262700 -0.00617074780166149140
-0.81000000238418579100 -0.00614864705130457878
-0.80000001192092895500 -0.00613080291077494622
-0.79000002145767211900 -0.00613004993647336960
-0.77999997138977050800 -0.00612719915807247162
-0.76999998092651367200 -0.00614114012569189072
-0.75999999046325683600 -0.00614893389865756035
-0.75000000000000000000 -0.00614832108840346337
-0.74000000953674316400 -0.00614426285028457642
-0.73000001907348632800 -0.00613136310130357742
-0.72000002861022949200 -0.00613680714741349220
-0.70999997854232788100 -0.00614056782796978951
-0.69999998807907104500 -0.00612498307600617409
-0.68999999761581420900 -0.00612652208656072617
-0.68000000715255737300 -0.00614489009603857994
-0.67000001668930053700 -0.00615818705409765244
-0.66000002622604370100 -0.00615681009367108345
-0.64999997615814209000 -0.00616812892258167267
-0.63999998569488525400 -0.00615235697478055954
-0.62999999523162841800 -0.00613536592572927475
-0.62000000476837158200 -0.00614732084795832634
-0.61000001430511474600 -0.00613245600834488869
-0.60000002384185791000 -0.00611988687887787819
-0.58999997377395629900 -0.00613217987120151520
-0.57999998331069946300 -0.00613836990669369698
-0.56999999284744262700 -0.00614316901192069054
-0.56000000238418579100 -0.00615877984091639519
-0.55000001192092895500 -0.00615046406164765358
-0.54000002145767211900 -0.00612726714462041855
-0.52999997138977050800 -0.00613287091255187988
-0.51999998092651367200 -0.00612729182466864586
-0.50999999046325683600 -0.00610413309186697006
-0.50000000000000000000 -0.00610819878056645394
-0.49000000953674316400 -0.00611025793477892876
-0.47999998927116394000 -0.00611838279291987419
-0.46999999880790710400 -0.00613507023081183434
-0.46000000834465026800 -0.00613690400496125221
-0.44999998807907104500 -0.00612961919978260994
-0.43999999761581420900 -0.00611383700743317604
-0.43000000715255737300 -0.00612478889524936676
-0.41999998688697814900 -0.00612147105857729912
-0.40999999642372131300 -0.00610688189044594765
-0.40000000596046447700 -0.00610880507156252861
-0.38999998569488525400 -0.00611963681876659394
-0.37999999523162841800 -0.00613811099901795387
-0.37000000476837158200 -0.00613920111209154129
-0.36000001430511474600 -0.00614751176908612252
-0.34999999403953552200 -0.00614072103053331375
-0.34000000357627868600 -0.00611743517220020294
-0.33000001311302185100 -0.00612841499969363213
-0.31999999284744262700 -0.00612978404387831688
-0.31000000238418579100 -0.00610352680087089539
-0.30000001192092895500 -0.00610574707388877869
-0.28999999165534973100 -0.00612039119005203247
-0.28000000119209289500 -0.00611515482887625694
-0.27000001072883606000 -0.00612025195732712746
-0.25999999046325683600 -0.00612453790381550789
-0.25000000000000000000 -0.00609445711597800255
-0.23999999463558197000 -0.00608157878741621971
-0.23000000417232513400 -0.00609290599822998047
-0.21999999880790710400 -0.00606193998828530312
-0.20999999344348907500 -0.00605490384623408318
-0.20000000298023223900 -0.00606973888352513314
-0.18999999761581420900 -0.00606764107942581177
-0.18000000715255737300 -0.00608128216117620468
-0.17000000178813934300 -0.00609764689579606056
-0.15999999642372131300 -0.00607899902388453484
-0.15000000596046447800 -0.00607098918408155442
-0.14000000059604644800 -0.00609116209670901299
-0.12999999523162841800 -0.00606969278305768967
-0.11999999731779098500 -0.00605785613879561424
-0.10999999940395355200 -0.00606827205047011376
-0.10000000149011611900 -0.00606449414044618607
-0.09000000357627868650 -0.00608048588037490845
-0.07999999821186065670 -0.00609456794336438179
-0.07000000029802322390 -0.00609244219958782196
-0.05999999865889549260 -0.00608492596074938774
-0.05000000074505805970 -0.00607164902612566948
-0.03999999910593032840 -0.00606444012373685837
-0.02999999932944774630 -0.00606669392436742783
-0.01999999955296516420 -0.00605336623266339302
-0.00999999977648258210 -0.00604199618101119995
0.00000000000000000000 -0.00605909805744886398
0.00999999977648258210 -0.00606763316318392754
0.01999999955296516420 -0.00606596888974308968
0.02999999932944774630 -0.00606739195063710213
0.03999999910593032840 -0.00606869719922542572
0.05000000074505805970 -0.00603976007550954819
0.05999999865889549260 -0.00604691402986645699
0.07000000029802322390 -0.00604866817593574524
0.07999999821186065670 -0.00601952988654375076
0.09000000357627868650 -0.00601980322971940041
0.10000000149011611900 -0.00603405712172389031
0.10999999940395355200 -0.00603478215634822846
0.11999999731779098500 -0.00604248698800802231
0.12999999523162841800 -0.00606266921386122704
0.14000000059604644800 -0.00604127999395132065
0.15000000596046447800 -0.00602095900103449822
0.15999999642372131300 -0.00603807717561721802
0.17000000178813934300 -0.00602510198950767517
0.18000000715255737300 -0.00600551813840866089
0.18999999761581420900 -0.00601383578032255173
0.20000000298023223900 -0.00600844109430909157
0.20999999344348907500 -0.00601371610537171364
0.21999999880790710400 -0.00602165982127189636
0.23000000417232513400 -0.00601046485826373100
0.23999999463558197000 -0.00599129591137170792
0.25000000000000000000 -0.00596806500107049942
0.25999999046325683600 -0.00595650402829051018
0.27000001072883606000 -0.00593530712649226189
0.28000000119209289500 -0.00590901682153344155
0.28999999165534973100 -0.00588555680587887764
0.30000001192092895500 -0.00586974294856190682
0.31000000238418579100 -0.00586016615852713585
0.31999999284744262700 -0.00582218682393431664
0.33000001311302185100 -0.00580009911209344864
0.34000000357627868600 -0.00575459282845258713
0.34999999403953552200 -0.00569336814805865288
0.36000001430511474600 -0.00565660092979669571
0.37000000476837158200 -0.00559801980853080750
0.37999999523162841800 -0.00552164483815431595
0.38999998569488525400 -0.00546055007725954056
0.40000000596046447700 -0.00539543619379401207
0.40999999642372131300 -0.00530214514583349228
0.41999998688697814900 -0.00521656218916177750
0.43000000715255737300 -0.00510819396004080773
0.43999999761581420900 -0.00496986415237188339
0.44999998807907104500 -0.00484780315309762955
0.46000000834465026800 -0.00470985192805528641
0.46999999880790710400 -0.00454661808907985687
0.47999998927116394000 -0.00439321901649236679
0.49000000953674316400 -0.00423518102616071701
0.50000000000000000000 -0.00406151916831731796
0.50999999046325683600 -0.00388848595321178436
0.51999998092651367200 -0.00370744289830327034
0.52999997138977050800 -0.00350843789055943489
0.54000002145767211900 -0.00330702494829893112
0.55000001192092895500 -0.00310913799330592156
0.56000000238418579100 -0.00289729889482259750
0.56999999284744262700 -0.00268176710233092308
0.57999998331069946300 -0.00246857805177569389
0.58999997377395629900 -0.00224909605458378792
0.60000002384185791000 -0.00203040009364485741
0.61000001430511474600 -0.00180674600414931774
0.62000000476837158200 -0.00157843495253473520
0.62999999523162841800 -0.00134463305585086346
0.63999998569488525400 -0.00110839703120291233
0.64999997615814209000 -0.00083613221067935228
0.66000002622604370100 -0.00061074149562045932
0.67000001668930053700 -0.00038037149352021515
0.68000000715255737300 -0.00014677050057798624
0.68999999761581420900 0.00008326800161739811
0.69999998807907104500 0.00030997541034594178
0.70999997854232788100 0.00054847268620505929
0.72000002861022949200 0.00078780902549624443
0.73000001907348632800 0.00102466100361198187
0.74000000953674316400 0.00132246897555887699
0.75000000000000000000 0.00157767697237432003
0.75999999046325683600 0.00183400604873895645
0.76999998092651367200 0.00208718795329332352
0.77999997138977050800 0.00234536896459758282
0.79000002145767211900 0.00260389503091573715
0.80000001192092895500 0.00286044296808540821
0.81000000238418579100 0.00311972689814865589
0.81999999284744262700 0.00337826600298285484
0.82999998331069946300 0.00363715807907283306
0.83999997377395629900 0.00389848789200186730
0.85000002384185791000 0.00415977695956826210
0.86000001430511474600 0.00442329701036214829
0.87000000476837158200 0.00468653580173850060
0.87999999523162841800 0.00494944211095571518
0.88999998569488525400 0.00521446997299790383
0.89999997615814209000 0.00547959422692656517
0.91000002622604370100 0.00574396597221493721
0.92000001668930053700 0.00600997684523463249
0.93000000715255737300 0.00627571716904640198
0.93999999761581420900 0.00654312595725059510
0.94999998807907104500 0.00681131100282073021
0.95999997854232788100 0.00707833515480160713
0.97000002861022949200 0.00734710507094860077
0.98000001907348632800 0.00761678395792841912
0.99000000953674316400 0.00788447726517915726
1.00000000000000000000 0.00815455894917249680
