-1.00000000000000000000 -0.00606646109372377396
-0.99000000953674316400 -0.00607272982597351074
-0.98000001907348632800 -0.00604366092011332512
-0.97000002861022949200 -0.00604682089760899544
-0.95999997854232788100 -0.00605850899592041970
-0.94999998807907104500 -0.00606129597872495651
-0.93999999761581420900 -0.00608035083860158920
-0.93000000715255737300 -0.00609364779666066170
-0.92000001668930053700 -0.00608082115650177002
-0.91000002622604370100 -0.00606790091842412949
-0.89999997615814209000 -0.00608215108513832092
-0.88999998569488525400 -0.00607627583667635918
-0.87999999523162841800 -0.00606238003820180893
-0.87000000476837158200 -0.00606788787990808487
-0.86000001430511474600 -0.00607367884367704392
-0.85000002384185791000 -0.00609353696927428246
-0.83999997377395629900 -0.00609906995669007302
-0.82999998331069946300 -0.00610552309080958367
-0.81999999284744262700 -0.00609706202521920204
-0.81000000238418579100 -0.00607700413092970848
-0.80000001192092895500 -0.00608383212238550186
-0.79000002145767211900 -0.00607982091605663300
-0.77999997138977050800 -0.00605933880433440209
-0.76999998092651367200 -0.00605797208845615387
-0.75999999046325683600 -0.00606850208714604378
-0.75000000000000000000 -0.00607268186286091805
-0.74000000953674316400 -0.00607313215732574463
-0.73000001907348632800 -0.00607512285932898522
-0.72000002861022949200 -0.00605417089536786080
-0.70999997854232788100 -0.00603675702586770058
-0.69999998807907104500 -0.00604705512523651123
-0.68999999761581420900 -0.00603233091533184052
-0.68000000715255737300 -0.00601424509659409523
-0.67000001668930053700 -0.00602945080026984215
-0.66000002622604370100 -0.00603515887632966042
-0.64999997615814209000 -0.00604765210300683975
-0.63999998569488525400 -0.00606187200173735619
-0.62999999523162841800 -0.00605852203443646431
-0.62000000476837158200 -0.00604262202978134155
-0.61000001430511474600 -0.00604992313310503960
-0.60000002384185791000 -0.00604724418371915817
-0.58999997377395629900 -0.00602937117218971253
-0.57999998331069946300 -0.00603476120159029961
-0.56999999284744262700 -0.00603629415854811669
-0.56000000238418579100 -0.00604843487963080406
-0.55000001192092895500 -0.00606117397546768189
-0.54000002145767211900 -0.00606580404564738274
-0.52999997138977050800 -0.00605723308399319649
-0.51999998092651367200 -0.00604547280818223953
-0.50999999046325683600 -0.00604574102908372879
-0.50000000000000000000 -0.00604324508458375931
-0.49000000953674316400 -0.00603464990854263306
-0.47999998927116394000 -0.00602442817762494087
-0.46999999880790710400 -0.00603095022961497307
-0.46000000834465026800 -0.00604729913175106049
-0.44999998807907104500 -0.00604609213769435883
-0.43999999761581420900 -0.00605035386979579926
-0.43000000715255737300 -0.00604731310158967972
-0.41999998688697814900 -0.00601708190515637398
-0.40999999642372131300 -0.00603057490661740303
-0.40000000596046447700 -0.00603261683136224747
-0.38999998569488525400 -0.00600406900048255921
-0.37999999523162841800 -0.00601560017094016075
-0.37000000476837158200 -0.00603037606924772263
-0.36000001430511474600 -0.00603504106402397156
-0.34999999403953552200 -0.00604186486452817917
-0.34000000357627868600 -0.00605920795351266861
-0.33000001311302185100 -0.00603754306212067604
-0.31999999284744262700 -0.00602712295949459076
-0.31000000238418579100 -0.00604332098737359047
-0.30000001192092895500 -0.00602417904883623123
-0.28999999165534973100 -0.00601889612153172493
-0.28000000119209289500 -0.00602780003100633621
-0.27000001072883606000 -0.00602884683758020401
-0.25999999046325683600 -0.00604259409010410309
-0.25000000000000000000 -0.00605359999462962151
-0.23999999463558197000 -0.00603942619636654854
-0.23000000417232513400 -0.00602837093174457550
-0.21999999880790710400 -0.00602658092975616455
-0.20999999344348907500 -0.00601441785693168640
-0.20000000298023223900 -0.00599267799407243729
-0.18999999761581420900 -0.00599507614970207215
-0.18000000715255737300 -0.00598540017381310463
-0.17000000178813934300 -0.00599500397220253945
-0.15999999642372131300 -0.00600421708077192307
-0.15000000596046447800 -0.00599481305107474327
-0.14000000059604644800 -0.00599352503195405007
-0.12999999523162841800 -0.00597706297412514687
-0.11999999731779098500 -0.00597200216725468636
-0.10999999940395355200 -0.00597591698169708252
-0.10000000149011611900 -0.00596429081633687020
-0.09000000357627868650 -0.00595699716359376908
-0.07999999821186065670 -0.00597512302920222283
-0.07000000029802322390 -0.00599041208624839783
-0.05999999865889549260 -0.00598760787397623062
-0.05000000074505805970 -0.00600708601996302605
-0.03999999910593032840 -0.00599482515826821327
-0.02999999932944774630 -0.00597014185041189194
-0.01999999955296516420 -0.00599025515839457512
-0.00999999977648258210 -0.00598551379516720772
0.00000000000000000000 -0.00595862697809934616
0.00999999977648258210 -0.00595876388251781464
0.01999999955296516420 -0.00597209390252828598
0.02999999932944774630 -0.00596810784190893173
0.03999999910593032840 -0.00597928091883659363
0.05000000074505805970 -0.00599007820710539818
0.05999999865889549260 -0.00597754586488008499
0.07000000029802322390 -0.00595840113237500191
0.07999999821186065670 -0.00597165711224079132
0.09000000357627868650 -0.00595382694154977799
0.10000000149011611900 -0.00593032920733094216
0.10999999940395355200 -0.00593790318816900254
0.11999999731779098500 -0.00592969916760921478
0.12999999523162841800 -0.00593658396974205971
0.14000000059604644800 -0.00594460917636752129
0.15000000596046447800 -0.00594282196834683418
0.15999999642372131300 -0.00592869007959961891
0.17000000178813934300 -0.00590990297496318817
0.18000000715255737300 -0.00590646220371127129
0.18999999761581420900 -0.00590006215497851372
0.20000000298023223900 -0.00588875496760010720
0.20999999344348907500 -0.00587263889610767365
0.21999999880790710400 -0.00588074093684554100
0.23000000417232513400 -0.00588731514289975166
0.23999999463558197000 -0.00587500398978590965
0.25000000000000000000 -0.00587303796783089638
0.25999999046325683600 -0.00585460290312767029
0.27000001072883606000 -0.00581579515710473061
0.28000000119209289500 -0.00580948079004883766
0.28999999165534973100 -0.00578648597002029419
0.30000001192092895500 -0.00573700899258255959
0.31000000238418579100 -0.00571283884346485138
0.31999999284744262700 -0.00568981189280748368
0.33000001311302185100 -0.00565040903165936470
0.34000000357627868600 -0.00561049906536936760
0.34999999403953552200 -0.00556339696049690247
0.36000001430511474600 -0.00548170320689678192
0.37000000476837158200 -0.00540933199226856232
0.37999999523162841800 -0.00533678010106086731
0.38999998569488525400 -0.00523885106667876244
0.40000000596046447700 -0.00514579704031348229
0.40999999642372131300 -0.00504711410030722618
0.41999998688697814900 -0.00493884412571787834
0.43000000715255737300 -0.00482930103316903114
0.43999999761581420900 -0.00470721023157238960
0.44999998807907104500 -0.00456764688715338707
0.46000000834465026800 -0.00442236382514238358
0.46999999880790710400 -0.00427391100674867630
0.47999998927116394000 -0.00411477917805314064
0.49000000953674316400 -0.00394828198477625847
0.50000000000000000000 -0.00378066604025661945
0.50999999046325683600 -0.00360697996802628040
0.51999998092651367200 -0.00343223405070602894
0.52999997138977050800 -0.00325013208203017712
0.54000002145767211900 -0.00306067802011966705
0.55000001192092895500 -0.00286819506436586380
0.56000000238418579100 -0.00266449805349111557
0.56999999284744262700 -0.00246358104050159454
0.57999998331069946300 -0.00226103398017585278
0.58999997377395629900 -0.00204972410574555397
0.60000002384185791000 -0.00183838105294853449
0.61000001430511474600 -0.00162967399228364229
0.62000000476837158200 -0.00141700298991054297
0.62999999523162841800 -0.00119952904060482979
0.63999998569488525400 -0.00093295768601819873
0.64999997615814209000 -0.00072392058791592717
0.66000002622604370100 -0.00051145761972293258
0.67000001668930053700 -0.00029873178573325276
0.68000000715255737300 -0.00008131530921673402
0.68999999761581420900 0.00013372220564633608
0.69999998807907104500 0.00035128800664097071
0.70999997854232788100 0.00056974537437781692
0.72000002861022949200 0.00078956742072477937
0.73000001907348632800 0.00101319700479507446
0.74000000953674316400 0.00129461300093680620
0.75000000000000000000 0.00152883701957762241
0.75999999046325683600 0.00176552496850490570
0.76999998092651367200 0.00200262805446982384
0.77999997138977050800 0.00224259402602910996
0.79000002145767211900 0.00248197210021317005
0.80000001192092895500 0.00272138090804219246
0.81000000238418579100 0.00296332500874996185
0.81999999284744262700 0.00320543488487601280
0.82999998331069946300 0.00344622996635735035
0.83999997377395629900 0.00368881202302873135
0.85000002384185791000 0.00393170397728681564
0.86000001430511474600 0.00417556799948215485
0.87000000476837158200 0.00442133285105228424
0.87999999523162841800 0.00466642016544938088
0.88999998569488525400 0.00491174310445785523
0.89999997615814209000 0.00515840202569961548
0.91000002622604370100 0.00540453102439641953
0.92000001668930053700 0.00565142277628183365
0.93000000715255737300 0.00589817017316818238
0.93999999761581420900 0.00614542793482542038
0.94999998807907104500 0.00639385590329766274
0.95999997854232788100 0.00664218701422214508
0.97000002861022949200 0.00689095584675669670
0.98000001907348632800 0.00714077008888125420
0.99000000953674316400 0.00739022810012102127
1.00000000000000000000 0.00763975502923130989
