-1.00000000000000000000 -0.00608937907963991165
-0.99000000953674316400 -0.00609860196709632874
-0.98000001907348632800 -0.00609953189268708229
-0.97000002861022949200 -0.00608000019565224648
-0.95999997854232788100 -0.00607303483411669731
-0.94999998807907104500 -0.00607816083356738091
-0.93999999761581420900 -0.00605691317468881607
-0.93000000715255737300 -0.00605107983574271202
-0.92000001668930053700 -0.00606625806540250778
-0.91000002622604370100 -0.00607516709715127945
-0.89999997615814209000 -0.00608395598828792572
-0.88999998569488525400 -0.00609630113467574120
-0.87999999523162841800 -0.00608350615948438645
-0.87000000476837158200 -0.00607095612213015556
-0.86000001430511474600 -0.00608360394835472107
-0.85000002384185791000 -0.00607655895873904228
-0.83999997377395629900 -0.00606360612437129021
-0.82999998331069946300 -0.00606518005952239037
-0.81999999284744262700 -0.00607476802542805672
-0.81000000238418579100 -0.00609374698251485825
-0.80000001192092895500 -0.00609391089528799057
-0.79000002145767211900 -0.00609348015859723091
-0.77999997138977050800 -0.00607421714812517166
-0.76999998092651367200 -0.00608021998777985573
-0.75999999046325683600 -0.00607456499710679054
-0.75000000000000000000 -0.00605784915387630463
-0.74000000953674316400 -0.00605411315336823464
-0.73000001907348632800 -0.00605798000469803810
-0.72000002861022949200 -0.00606879917904734612
-0.70999997854232788100 -0.00606751581653952599
-0.69999998807907104500 -0.00606405921280384064
-0.68999999761581420900 -0.00605506077408790589
-0.68000000715255737300 -0.00603504991158843041
-0.67000001668930053700 -0.00604139594361186028
-0.66000002622604370100 -0.00603806599974632263
-0.64999997615814209000 -0.00602084584534168244
-0.63999998569488525400 -0.00602641282603144646
-0.62999999523162841800 -0.00604500900954008103
-0.62000000476837158200 -0.00605636183172464371
-0.61000001430511474600 -0.00607021898031234741
-0.60000002384185791000 -0.00606959220021963120
-0.58999997377395629900 -0.00604484509676694870
-0.57999998331069946300 -0.00606218306347727776
-0.56999999284744262700 -0.00606346176937222481
-0.56000000238418579100 -0.00603873096406459809
-0.55000001192092895500 -0.00604518782347440720
-0.54000002145767211900 -0.00605306215584278107
-0.52999997138977050800 -0.00606152089312672615
-0.51999998092651367200 -0.00607682298868894577
-0.50999999046325683600 -0.00607708981260657311
-0.50000000000000000000 -0.00606847321614623070
-0.49000000953674316400 -0.00605625892058014870
-0.47999998927116394000 -0.00606907019391655922
-0.46999999880790710400 -0.00605457508936524391
-0.46000000834465026800 -0.00604258198291063309
-0.44999998807907104500 -0.00604586908593773842
-0.43999999761581420900 -0.00605105003342032433
-0.43000000715255737300 -0.00606611790135502815
-0.41999998688697814900 -0.00607437500730156899
-0.40999999642372131300 -0.00606260215863585472
-0.40000000596046447700 -0.00604420388117432594
-0.38999998569488525400 -0.00605174107477068901
-0.37999999523162841800 -0.00604729307815432549
-0.37000000476837158200 -0.00602806080132722855
-0.36000001430511474600 -0.00603191601112484932
-0.34999999403953552200 -0.00604307791218161583
-0.34000000357627868600 -0.00605682376772165299
-0.33000001311302185100 -0.00606142822653055191
-0.31999999284744262700 -0.00607846677303314209
-0.31000000238418579100 -0.00605837022885680199
-0.30000001192092895500 -0.00604296615347266197
-0.28999999165534973100 -0.00606167409569025040
-0.28000000119209289500 -0.00604700297117233277
-0.27000001072883606000 -0.00603509414941072464
-0.25999999046325683600 -0.00604305183514952660
-0.25000000000000000000 -0.00604437803849577904
-0.23999999463558197000 -0.00605452014133334160
-0.23000000417232513400 -0.00606996985152363777
-0.21999999880790710400 -0.00605524377897381783
-0.20999999344348907500 -0.00603434303775429726
-0.20000000298023223900 -0.00604488188400864601
-0.18999999761581420900 -0.00603486783802509308
-0.18000000715255737300 -0.00600710511207580567
-0.17000000178813934300 -0.00600759778171777725
-0.15999999642372131300 -0.00601235684007406235
-0.15000000596046447800 -0.00601752381771802902
-0.14000000059604644800 -0.00602740002796053887
-0.12999999523162841800 -0.00603188620880246163
-0.11999999731779098500 -0.00601585302501916886
-0.10999999940395355200 -0.00600265711545944214
-0.10000000149011611900 -0.00601465813815593720
-0.09000000357627868650 -0.00600639684125781059
-0.07999999821186065670 -0.00599768385291099549
-0.07000000029802322390 -0.00600370299071073532
-0.05999999865889549260 -0.00601101387292146683
-0.05000000074505805970 -0.00603322917595505715
-0.03999999910593032840 -0.00603593606501817703
-0.02999999932944774630 -0.00603824015706777573
-0.01999999955296516420 -0.00602166401222348213
-0.00999999977648258210 -0.00601606816053390503
0.00000000000000000000 -0.00602094782516360283
0.00999999977648258210 -0.00602445611730217934
0.01999999955296516420 -0.00600290996953845024
0.02999999932944774630 -0.00599905988201498986
0.03999999910593032840 -0.00601793313398957253
0.05000000074505805970 -0.00602532410994172096
0.05999999865889549260 -0.00603018281981348992
0.07000000029802322390 -0.00602689478546380997
0.07999999821186065670 -0.00600750278681516648
0.09000000357627868650 -0.00600457517430186272
0.10000000149011611900 -0.00600637588649988175
0.10999999940395355200 -0.00598220108076930046
0.11999999731779098500 -0.00597538007423281670
0.12999999523162841800 -0.00598659692332148552
0.14000000059604644800 -0.00599063793197274208
0.15000000596046447800 -0.00600387202575802803
0.15999999642372131300 -0.00600865110754966736
0.17000000178813934300 -0.00599358696490526200
0.18000000715255737300 -0.00597925577312707901
0.18999999761581420900 -0.00598595011979341507
0.20000000298023223900 -0.00597766414284706116
0.20999999344348907500 -0.00596096087247133255
0.21999999880790710400 -0.00595928682014346123
0.23000000417232513400 -0.00596572598442435265
0.23999999463558197000 -0.00597963808104395867
0.25000000000000000000 -0.00597674399614334107
0.25999999046325683600 -0.00597658380866050720
0.27000001072883606000 -0.00595247605815529824
0.28000000119209289500 -0.00594473211094737053
0.28999999165534973100 -0.00594526622444391251
0.30000001192092895500 -0.00592350494116544724
0.31000000238418579100 -0.00590484077110886574
0.31999999284744262700 -0.00590015994384884834
0.33000001311302185100 -0.00590460700914263726
0.34000000357627868600 -0.00589747307822108269
0.34999999403953552200 -0.00589377200230956078
0.36000001430511474600 -0.00587241677567362786
0.37000000476837158200 -0.00583589822053909302
0.37999999523162841800 -0.00583090307191014290
0.38999998569488525400 -0.00581311108544468880
0.40000000596046447700 -0.00578145403414964676
0.40999999642372131300 -0.00576406205072999001
0.41999998688697814900 -0.00575963500887155533
0.43000000715255737300 -0.00574248284101486206
0.43999999761581420900 -0.00572595279663801193
0.44999998807907104500 -0.00570230698212981224
0.46000000834465026800 -0.00565283419564366341
0.46999999880790710400 -0.00560086918994784355
0.47999998927116394000 -0.00556577323004603386
0.49000000953674316400 -0.00549219409003853798
0.50000000000000000000 -0.00541933719068765640
0.50999999046325683600 -0.00534306606277823448
0.51999998092651367200 -0.00524847302585840225
0.52999997138977050800 -0.00514866085723042488
0.54000002145767211900 -0.00502091087400913239
0.55000001192092895500 -0.00484856218099594116
0.56000000238418579100 -0.00464457599446177483
0.56999999284744262700 -0.00443371385335922241
0.57999998331069946300 -0.00417518196627497673
0.58999997377395629900 -0.00387351494282484055
0.60000002384185791000 -0.00355014600791037083
0.61000001430511474600 -0.00318664894439280033
0.62000000476837158200 -0.00279037491418421269
0.62999999523162841800 -0.00235089100897312164
0.63999998569488525400 -0.00187298597302287817
0.64999997615814209000 -0.00135404197499155998
0.66000002622604370100 -0.00081787799717858434
0.67000001668930053700 -0.00027411431074142456
0.68000000715255737300 0.00028110938728787005
0.68999999761581420900 0.00091567647177726030
0.69999998807907104500 0.00157043605577200651
0.70999997854232788100 0.00225883908569812775
0.72000002861022949200 0.00296673411503434181
0.73000001907348632800 0.00369776901789009571
0.74000000953674316400 0.00443921005353331566
0.75000000000000000000 0.00520204380154609680
0.75999999046325683600 0.00598218897357583046
0.76999998092651367200 0.00677399989217519760
0.77999997138977050800 0.00758254900574684143
0.79000002145767211900 0.00840667821466922760
0.80000001192092895500 0.00924302171915769577
0.81000000238418579100 0.01009459979832172390
0.81999999284744262700 0.01038909982889890670
0.82999998331069946300 0.01122947968542575840
0.83999997377395629900 0.01208402030169963840
0.85000002384185791000 0.01294460985809564590
0.86000001430511474600 0.01381823979318141940
0.87000000476837158200 0.01469714008271694180
0.87999999523162841800 0.01558849029242992400
0.88999998569488525400 0.01648898981511592870
0.89999997615814209000 0.01739631965756416320
0.91000002622604370100 0.01831630989909172060
0.92000001668930053700 0.01925111934542655940
0.93000000715255737300 0.02018743008375167850
0.93999999761581420900 0.02114019915461540220
0.94999998807907104500 0.02209834009408950810
0.95999997854232788100 0.02305427007377147670
0.97000002861022949200 0.02403328940272331240
0.98000001907348632800 0.02501651085913181310
0.99000000953674316400 0.02599496953189373020
1.00000000000000000000 0.02699350938200950620
