-1.00000000000000000000 -0.00604863977059721947
-0.99000000953674316400 -0.00605021184310317040
-0.98000001907348632800 -0.00606532581150531769
-0.97000002861022949200 -0.00607946701347827912
-0.95999997854232788100 -0.00608044909313321114
-0.94999998807907104500 -0.00608346378430724144
-0.93999999761581420900 -0.00606583384796977043
-0.93000000715255737300 -0.00604797387495636940
-0.92000001668930053700 -0.00605863286182284355
-0.91000002622604370100 -0.00604316778481006622
-0.89999997615814209000 -0.00602967478334903717
-0.88999998569488525400 -0.00604035891592502594
-0.87999999523162841800 -0.00605383422225713730
-0.87000000476837158200 -0.00605506589636206627
-0.86000001430511474600 -0.00607165601104497910
-0.85000002384185791000 -0.00606092112138867378
-0.83999997377395629900 -0.00604064809158444405
-0.82999998331069946300 -0.00604911986738443375
-0.81999999284744262700 -0.00604875897988677025
-0.81000000238418579100 -0.00603112485259771347
-0.80000001192092895500 -0.00603499915450811386
-0.79000002145767211900 -0.00605219881981611252
-0.77999997138977050800 -0.00606507295742630959
-0.76999998092651367200 -0.00607193121686577797
-0.75999999046325683600 -0.00608502421528100968
-0.75000000000000000000 -0.00607119314372539520
-0.74000000953674316400 -0.00605266122147440911
-0.73000001907348632800 -0.00606444897130131722
-0.72000002861022949200 -0.00605303281918168068
-0.70999997854232788100 -0.00603892281651496887
-0.69999998807907104500 -0.00604244321584701538
-0.68999999761581420900 -0.00604803906753659249
-0.68000000715255737300 -0.00606031483039259911
-0.67000001668930053700 -0.00605373596772551537
-0.66000002622604370100 -0.00605283305048942566
-0.64999997615814209000 -0.00602313783019781113
-0.63999998569488525400 -0.00602108519524335861
-0.62999999523162841800 -0.00602987501770257950
-0.62000000476837158200 -0.00601040618494153023
-0.61000001430511474600 -0.00600068410858511925
-0.60000002384185791000 -0.00601836899295449257
-0.58999997377395629900 -0.00602989085018634796
-0.57999998331069946300 -0.00603709416463971138
-0.56999999284744262700 -0.00605818815529346466
-0.56000000238418579100 -0.00604474311694502831
-0.55000001192092895500 -0.00602996395900845528
-0.54000002145767211900 -0.00604713195934891701
-0.52999997138977050800 -0.00603973679244518280
-0.51999998092651367200 -0.00602261396124958992
-0.50999999046325683600 -0.00602208916097879410
-0.50000000000000000000 -0.00603388203307986260
-0.49000000953674316400 -0.00604775920510292053
-0.47999998927116394000 -0.00605699000880122185
-0.46999999880790710400 -0.00606303894892334938
-0.46000000834465026800 -0.00605303421616554260
-0.44999998807907104500 -0.00603329204022884369
-0.43999999761581420900 -0.00604331213980913162
-0.43000000715255737300 -0.00603778287768363953
-0.41999998688697814900 -0.00602289708331227303
-0.40999999642372131300 -0.00602516299113631249
-0.40000000596046447700 -0.00603610603138804436
-0.38999998569488525400 -0.00604578480124473572
-0.37999999523162841800 -0.00604604510590434075
-0.37000000476837158200 -0.00604497501626610756
-0.36000001430511474600 -0.00603205990046262741
-0.34999999403953552200 -0.00601493380963802338
-0.34000000357627868600 -0.00602738792076706886
-0.33000001311302185100 -0.00601391308009624481
-0.31999999284744262700 -0.00600571883842349053
-0.31000000238418579100 -0.00601605186238884926
-0.30000001192092895500 -0.00602963287383317948
-0.28999999165534973100 -0.00603243615478277207
-0.28000000119209289500 -0.00605202512815594673
-0.27000001072883606000 -0.00604321015998721123
-0.25999999046325683600 -0.00602213386446237564
-0.25000000000000000000 -0.00603477889671921730
-0.23999999463558197000 -0.00603282311931252480
-0.23000000417232513400 -0.00601025298237800598
-0.21999999880790710400 -0.00601531891152262688
-0.20999999344348907500 -0.00602630805224180222
-0.20000000298023223900 -0.00603853818029165268
-0.18999999761581420900 -0.00604261597618460655
-0.18000000715255737300 -0.00605023512616753578
-0.17000000178813934300 -0.00603928696364164353
-0.15999999642372131300 -0.00601056590676307678
-0.15000000596046447800 -0.00602251198142766953
-0.14000000059604644800 -0.00600999500602483750
-0.12999999523162841800 -0.00598650891333818436
-0.11999999731779098500 -0.00598919019103050232
-0.10999999940395355200 -0.00599562982097268105
-0.10000000149011611900 -0.00600516516715288162
-0.09000000357627868650 -0.00600431906059384346
-0.07999999821186065670 -0.00601072702556848526
-0.07000000029802322390 -0.00599397812038660050
-0.05999999865889549260 -0.00597925810143351555
-0.05000000074505805970 -0.00599413877353072167
-0.03999999910593032840 -0.00598671287298202515
-0.02999999932944774630 -0.00596819911152124405
-0.01999999955296516420 -0.00598516222089529038
-0.00999999977648258210 -0.00600069388747215271
0.00000000000000000000 -0.00600478705018758774
0.00999999977648258210 -0.00601240899413824082
0.01999999955296516420 -0.00601742696017026901
0.02999999932944774630 -0.00600519496947526932
0.03999999910593032840 -0.00599359208717942238
0.05000000074505805970 -0.00600819010287523270
0.05999999865889549260 -0.00599638419225811958
0.07000000029802322390 -0.00598087999969720841
0.07999999821186065670 -0.00599183002486824990
0.09000000357627868650 -0.00599402887746691704
0.10000000149011611900 -0.00600715214386582375
0.10999999940395355200 -0.00601330306380987168
0.11999999731779098500 -0.00600692396983504296
0.12999999523162841800 -0.00599015178158879280
0.14000000059604644800 -0.00598074402660131455
0.15000000596046447800 -0.00597541080787777901
0.15999999642372131300 -0.00596402399241924286
0.17000000178813934300 -0.00595080619677901268
0.18000000715255737300 -0.00594737613573670387
0.18999999761581420900 -0.00596085609868168831
0.20000000298023223900 -0.00596992205828428269
0.20999999344348907500 -0.00597208086401224137
0.21999999880790710400 -0.00596388382837176323
0.23000000417232513400 -0.00594449881464242935
0.23999999463558197000 -0.00594995589926838875
0.25000000000000000000 -0.00594273302704095841
0.25999999046325683600 -0.00592295499518513680
0.27000001072883606000 -0.00591842597350478172
0.28000000119209289500 -0.00592558179050683975
0.28999999165534973100 -0.00593860819935798645
0.30000001192092895500 -0.00594250578433275223
0.31000000238418579100 -0.00594196189194917679
0.31999999284744262700 -0.00593140581622719765
0.33000001311302185100 -0.00590674998238682747
0.34000000357627868600 -0.00590620096772909165
0.34999999403953552200 -0.00589257292449474335
0.36000001430511474600 -0.00586640695109963417
0.37000000476837158200 -0.00585634587332606316
0.37999999523162841800 -0.00585798919200897217
0.38999998569488525400 -0.00585841294378042221
0.40000000596046447700 -0.00584453204646706581
0.40999999642372131300 -0.00583289889618754387
0.41999998688697814900 -0.00579427601769566536
0.43000000715255737300 -0.00575890904292464256
0.43999999761581420900 -0.00573963485658168793
0.44999998807907104500 -0.00570277404040098190
0.46000000834465026800 -0.00566202821210026741
0.46999999880790710400 -0.00562648009508848190
0.47999998927116394000 -0.00560388201847672463
0.49000000953674316400 -0.00556540582329034805
0.50000000000000000000 -0.00551050482317805290
0.50999999046325683600 -0.00544368987902998924
0.51999998092651367200 -0.00534607609733939171
0.52999997138977050800 -0.00525400601327419281
0.54000002145767211900 -0.00513725401833653450
0.55000001192092895500 -0.00497807515785098076
0.56000000238418579100 -0.00481026619672775269
0.56999999284744262700 -0.00461661210283637047
0.57999998331069946300 -0.00438518496230244637
0.58999997377395629900 -0.00411524297669529915
0.60000002384185791000 -0.00380050297826528549
0.61000001430511474600 -0.00343125709332525730
0.62000000476837158200 -0.00301488698460161686
0.62999999523162841800 -0.00257057696580886841
0.63999998569488525400 -0.00207572500221431255
0.64999997615814209000 -0.00153285905253142118
0.66000002622604370100 -0.00095976458396762610
0.67000001668930053700 -0.00038435548776760697
0.68000000715255737300 0.00019301919382996857
0.68999999761581420900 0.00087966868886724114
0.69999998807907104500 0.00159848795738071203
0.70999997854232788100 0.00233876309357583523
0.72000002861022949200 0.00310096493922173977
0.73000001907348632800 0.00388650898821651936
0.74000000953674316400 0.00469106202945113182
0.75000000000000000000 0.00551270507276058197
0.75999999046325683600 0.00635428307577967644
0.76999998092651367200 0.00721224211156368256
0.77999997138977050800 0.00808727554976940155
0.79000002145767211900 0.00897826720029115677
0.80000001192092895500 0.00988013017922639847
0.81000000238418579100 0.01024057995527982710
0.81999999284744262700 0.01113468967378139500
0.82999998331069946300 0.01203745976090431210
0.83999997377395629900 0.01295664999634027480
0.85000002384185791000 0.01388408988714218140
0.86000001430511474600 0.01481829956173896790
0.87000000476837158200 0.01576990075409412380
0.87999999523162841800 0.01672852039337158200
0.88999998569488525400 0.01769871078431606290
0.89999997615814209000 0.01868489943444728850
0.91000002622604370100 0.01967355981469154360
0.92000001668930053700 0.02066859975457191470
0.93000000715255737300 0.02166513912379741670
0.93999999761581420900 0.02268286980688571930
0.94999998807907104500 0.02370085008442401890
0.95999997854232788100 0.02471793070435523990
0.97000002861022949200 0.02575442939996719360
0.98000001907348632800 0.02680302970111370090
0.99000000953674316400 0.02785130031406879430
1.00000000000000000000 0.02891610004007816320
