-1.00000000000000000000 -0.00586700905114412308
-0.99000000953674316400 -0.00586086977273225784
-0.98000001907348632800 -0.00582763412967324257
-0.97000002861022949200 -0.00584828807041049004
-0.95999997854232788100 -0.00584382098168134690
-0.94999998807907104500 -0.00581772206351161003
-0.93999999761581420900 -0.00582927186042070389
-0.93000000715255737300 -0.00583572313189506531
-0.92000001668930053700 -0.00583885889500379563
-0.91000002622604370100 -0.00585123896598815918
-0.89999997615814209000 -0.00585833378136157990
-0.88999998569488525400 -0.00583836715668439865
-0.87999999523162841800 -0.00582597311586141586
-0.87000000476837158200 -0.00583320483565330506
-0.86000001430511474600 -0.00582356192171573639
-0.85000002384185791000 -0.00581738399341702461
-0.83999997377395629900 -0.00581848807632923126
-0.82999998331069946300 -0.00583125604316592217
-0.81999999284744262700 -0.00584873603656888008
-0.81000000238418579100 -0.00585115421563386917
-0.80000001192092895500 -0.00585196586325764656
-0.79000002145767211900 -0.00584967387840151787
-0.77999997138977050800 -0.00582787813618779183
-0.76999998092651367200 -0.00583244813606142998
-0.75999999046325683600 -0.00583189679309725762
-0.75000000000000000000 -0.00581578910350799561
-0.74000000953674316400 -0.00582065712660551071
-0.73000001907348632800 -0.00583722582086920738
-0.72000002861022949200 -0.00584116112440824509
-0.70999997854232788100 -0.00584158720448613167
-0.69999998807907104500 -0.00585690699517726898
-0.68999999761581420900 -0.00582655193284153938
-0.68000000715255737300 -0.00581844989210367203
-0.67000001668930053700 -0.00583004020154476166
-0.66000002622604370100 -0.00580205488950014115
-0.64999997615814209000 -0.00578952301293611527
-0.63999998569488525400 -0.00580571684986352921
-0.62999999523162841800 -0.00580124603584408760
-0.62000000476837158200 -0.00581315113231539726
-0.61000001430511474600 -0.00583509216085076332
-0.60000002384185791000 -0.00581710785627365112
-0.58999997377395629900 -0.00580405211076140404
-0.57999998331069946300 -0.00582202989608049393
-0.56999999284744262700 -0.00580965215340256691
-0.56000000238418579100 -0.00580063788220286370
-0.55000001192092895500 -0.00581075018271803856
-0.54000002145767211900 -0.00580832595005631447
-0.52999997138977050800 -0.00582505203783512116
-0.51999998092651367200 -0.00584705406799912453
-0.50999999046325683600 -0.00584249477833509445
-0.50000000000000000000 -0.00583929009735584259
-0.49000000953674316400 -0.00582226598635315895
-0.47999998927116394000 -0.00582103803753852844
-0.46999999880790710400 -0.00581808993592858315
-0.46000000834465026800 -0.00581105379387736321
-0.44999998807907104500 -0.00580278085544705391
-0.43999999761581420900 -0.00581699190661311150
-0.43000000715255737300 -0.00583119690418243408
-0.41999998688697814900 -0.00582938920706510544
-0.40999999642372131300 -0.00584512297064065933
-0.40000000596046447700 -0.00583373522385954857
-0.38999998569488525400 -0.00580275012180209160
-0.37999999523162841800 -0.00581897888332605362
-0.37000000476837158200 -0.00581547198817133904
-0.36000001430511474600 -0.00578660285100340843
-0.34999999403953552200 -0.00579303409904241562
-0.34000000357627868600 -0.00580489821732044220
-0.33000001311302185100 -0.00580692011862993241
-0.31999999284744262700 -0.00582058914005756378
-0.31000000238418579100 -0.00582433911040425301
-0.30000001192092895500 -0.00580749195069074631
-0.28999999165534973100 -0.00579840410500764847
-0.28000000119209289500 -0.00580384908244013786
-0.27000001072883606000 -0.00579053489491343498
-0.25999999046325683600 -0.00578510481864213944
-0.25000000000000000000 -0.00579330092296004296
-0.23999999463558197000 -0.00579716777428984642
-0.23000000417232513400 -0.00581981800496578217
-0.21999999880790710400 -0.00582145294174551964
-0.20999999344348907500 -0.00581779377534985542
-0.20000000298023223900 -0.00581010198220610619
-0.18999999761581420900 -0.00579976383596658707
-0.18000000715255737300 -0.00579506391659379006
-0.17000000178813934300 -0.00578784197568893433
-0.15999999642372131300 -0.00577021390199661255
-0.15000000596046447800 -0.00577861489728093147
-0.14000000059604644800 -0.00580117898061871529
-0.12999999523162841800 -0.00578971300274133682
-0.11999999731779098500 -0.00580094289034605026
-0.10999999940395355200 -0.00579254701733589173
-0.10000000149011611900 -0.00575561681762337685
-0.09000000357627868650 -0.00576728582382202149
-0.07999999821186065670 -0.00576932402327656746
-0.07000000029802322390 -0.00573451584205031395
-0.05999999865889549260 -0.00573930004611611366
-0.05000000074505805970 -0.00575625617057085037
-0.03999999910593032840 -0.00575257092714309693
-0.02999999932944774630 -0.00576865300536155701
-0.01999999955296516420 -0.00578908715397119522
-0.00999999977648258210 -0.00576625997200608254
0.00000000000000000000 -0.00575111014768481255
0.00999999977648258210 -0.00575892487540841103
0.01999999955296516420 -0.00576147902756929398
0.02999999932944774630 -0.00574624212458729744
0.03999999910593032840 -0.00574655411764979363
0.05000000074505805970 -0.00574284698814153671
0.05999999865889549260 -0.00574691500514745712
0.07000000029802322390 -0.00576385296881198883
0.07999999821186065670 -0.00576461991295218468
0.09000000357627868650 -0.00575398094952106476
0.10000000149011611900 -0.00574029097333550453
0.10999999940395355200 -0.00572354812175035477
0.11999999731779098500 -0.00571678206324577332
0.12999999523162841800 -0.00570531282573938370
0.14000000059604644800 -0.00568658998236060143
0.15000000596046447800 -0.00568779511377215386
0.15999999642372131300 -0.00569829717278480530
0.17000000178813934300 -0.00568454898893833161
0.18000000715255737300 -0.00568425003439188004
0.18999999761581420900 -0.00567087717354297638
0.20000000298023223900 -0.00562808383256196976
0.20999999344348907500 -0.00562988920137286186
0.21999999880790710400 -0.00562073802575469017
0.23000000417232513400 -0.00557679217308759690
0.23999999463558197000 -0.00557805690914392472
0.25000000000000000000 -0.00557403312996029854
0.25999999046325683600 -0.00556290801614522934
0.27000001072883606000 -0.00555822113528847695
0.28000000119209289500 -0.00555680086836218834
0.28999999165534973100 -0.00551785202696919441
0.30000001192092895500 -0.00549031607806682587
0.31000000238418579100 -0.00548260007053613663
0.31999999284744262700 -0.00544561492279171944
0.33000001311302185100 -0.00541758118197321892
0.34000000357627868600 -0.00539807183668017388
0.34999999403953552200 -0.00537845678627490998
0.36000001430511474600 -0.00536412280052900314
0.37000000476837158200 -0.00534171983599662781
0.37999999523162841800 -0.00531045021489262581
0.38999998569488525400 -0.00526743195950984955
0.40000000596046447700 -0.00522294314578175545
0.40999999642372131300 -0.00518675986677408219
0.41999998688697814900 -0.00514667201787233353
0.43000000715255737300 -0.00509399594739079476
0.43999999761581420900 -0.00505429320037364960
0.44999998807907104500 -0.00502681313082575798
0.46000000834465026800 -0.00497705210000276566
0.46999999880790710400 -0.00493116583675146103
0.47999998927116394000 -0.00488448515534400940
0.49000000953674316400 -0.00480529805645346642
0.50000000000000000000 -0.00474310712888836861
0.50999999046325683600 -0.00468878913670778275
0.51999998092651367200 -0.00459705106914043427
0.52999997138977050800 -0.00451410608366131783
0.54000002145767211900 -0.00444353092461824417
0.55000001192092895500 -0.00434421515092253685
0.56000000238418579100 -0.00423899479210376740
0.56999999284744262700 -0.00412966497242450714
0.57999998331069946300 -0.00397049821913242340
0.58999997377395629900 -0.00378701905719935894
0.60000002384185791000 -0.00360471103340387344
0.61000001430511474600 -0.00337040191516280174
0.62000000476837158200 -0.00310079497285187244
0.62999999523162841800 -0.00281542795710265637
0.63999998569488525400 -0.00248264404945075512
0.64999997615814209000 -0.00211840099655091763
0.66000002622604370100 -0.00172544305678457022
0.67000001668930053700 -0.00127810402773320675
0.68000000715255737300 -0.00077311700442805886
0.68999999761581420900 -0.00030305620748549700
0.69999998807907104500 0.00017901290266308934
0.70999997854232788100 0.00076298101339489222
0.72000002861022949200 0.00140792701859027147
0.73000001907348632800 0.00203985604457557201
0.74000000953674316400 0.00269679911434650421
0.75000000000000000000 0.00337306107394397259
0.75999999046325683600 0.00407657912001013756
0.76999998092651367200 0.00479681091383099556
0.77999997138977050800 0.00553503585979342461
0.79000002145767211900 0.00629159295931458473
0.80000001192092895500 0.00706498511135578156
0.81000000238418579100 0.00788475666195154190
0.81999999284744262700 0.00870769005268812180
0.82999998331069946300 0.00954186636954545975
0.83999997377395629900 0.01038521993905305860
0.85000002384185791000 0.01075590029358863830
0.86000001430511474600 0.01160147041082382200
0.87000000476837158200 0.01248291973024606700
0.87999999523162841800 0.01338488981127738950
0.88999998569488525400 0.01429473981261253360
0.89999997615814209000 0.01514482032507658000
0.91000002622604370100 0.01608302071690559390
0.92000001668930053700 0.01700462959706783290
0.93000000715255737300 0.01790007948875427250
0.93999999761581420900 0.01881193928420543670
0.94999998807907104500 0.01965351030230522160
0.95999997854232788100 0.02004409953951835630
0.97000002861022949200 0.01868412084877491000
0.98000001907348632800 0.01881578937172889710
0.99000000953674316400 0.01905220001935958860
1.00000000000000000000 0.02147944085299968720
