-1.00000000000000000000 -0.00587130198255181313
-0.99000000953674316400 -0.00586761813610792160
-0.98000001907348632800 -0.00587772019207477570
-0.97000002861022949200 -0.00589368678629398346
-0.95999997854232788100 -0.00589356804266571999
-0.94999998807907104500 -0.00589479599148035050
-0.93999999761581420900 -0.00589371100068092346
-0.93000000715255737300 -0.00587701797485351563
-0.92000001668930053700 -0.00588298588991165161
-0.91000002622604370100 -0.00588064687326550484
-0.89999997615814209000 -0.00586754921823740006
-0.88999998569488525400 -0.00588220078498125076
-0.87999999523162841800 -0.00589933805167675018
-0.87000000476837158200 -0.00590466102585196495
-0.86000001430511474600 -0.00591321103274822235
-0.85000002384185791000 -0.00591889489442110062
-0.83999997377395629900 -0.00589346094056963921
-0.82999998331069946300 -0.00589748192578554154
-0.81999999284744262700 -0.00590315787121653557
-0.81000000238418579100 -0.00587689923122525215
-0.80000001192092895500 -0.00587507290765643120
-0.79000002145767211900 -0.00588950607925653458
-0.77999997138977050800 -0.00588531885296106339
-0.76999998092651367200 -0.00589597783982753754
-0.75999999046325683600 -0.00590534089133143425
-0.75000000000000000000 -0.00587772019207477570
-0.74000000953674316400 -0.00586147001013159752
-0.73000001907348632800 -0.00587100116536021233
-0.72000002861022949200 -0.00585142197087407112
-0.70999997854232788100 -0.00583929708227515221
-0.69999998807907104500 -0.00584015902131795883
-0.68999999761581420900 -0.00584168406203389168
-0.68000000715255737300 -0.00585731910541653633
-0.67000001668930053700 -0.00586765585467219353
-0.66000002622604370100 -0.00586502393707633019
-0.64999997615814209000 -0.00586096104234457016
-0.63999998569488525400 -0.00584932416677474976
-0.62999999523162841800 -0.00585470395162701607
-0.62000000476837158200 -0.00585688278079032898
-0.61000001430511474600 -0.00584356812760233879
-0.60000002384185791000 -0.00584573019295930863
-0.58999997377395629900 -0.00585997104644775391
-0.57999998331069946300 -0.00587126798927783966
-0.56999999284744262700 -0.00586348678916692734
-0.56000000238418579100 -0.00587949017062783241
-0.55000001192092895500 -0.00586328702047467232
-0.54000002145767211900 -0.00585203198716044426
-0.52999997138977050800 -0.00586458807811141014
-0.51999998092651367200 -0.00584890088066458702
-0.50999999046325683600 -0.00583651382476091385
-0.50000000000000000000 -0.00584778282791376114
-0.49000000953674316400 -0.00585487997159361840
-0.47999998927116394000 -0.00585695402696728707
-0.46999999880790710400 -0.00587020814418792725
-0.46000000834465026800 -0.00585985183715820313
-0.44999998807907104500 -0.00583450216799974442
-0.43999999761581420900 -0.00584500003606081009
-0.43000000715255737300 -0.00583940697833895684
-0.41999998688697814900 -0.00581696117296814919
-0.40999999642372131300 -0.00582078611478209496
-0.40000000596046447700 -0.00582708092406392098
-0.38999998569488525400 -0.00583544699475169182
-0.37999999523162841800 -0.00584782613441348076
-0.37000000476837158200 -0.00585319288074970246
-0.36000001430511474600 -0.00584679096937179566
-0.34999999403953552200 -0.00583062320947647095
-0.34000000357627868600 -0.00584206916391849518
-0.33000001311302185100 -0.00583625212311744690
-0.31999999284744262700 -0.00582318287342786789
-0.31000000238418579100 -0.00582554377615451813
-0.30000001192092895500 -0.00583466421812772751
-0.28999999165534973100 -0.00584941310808062554
-0.28000000119209289500 -0.00584938377141952515
-0.27000001072883606000 -0.00585673004388809204
-0.25999999046325683600 -0.00584648596122860909
-0.25000000000000000000 -0.00582315819337964058
-0.23999999463558197000 -0.00583569612354040146
-0.23000000417232513400 -0.00583187909796833992
-0.21999999880790710400 -0.00580489914864301682
-0.20999999344348907500 -0.00580802792683243752
-0.20000000298023223900 -0.00582095421850681305
-0.18999999761581420900 -0.00581563916057348252
-0.18000000715255737300 -0.00581825617700815201
-0.17000000178813934300 -0.00582363782450556755
-0.15999999642372131300 -0.00579578103497624397
-0.15000000596046447800 -0.00578317511826753616
-0.14000000059604644800 -0.00579544110223650932
-0.12999999523162841800 -0.00577030191197991371
-0.11999999731779098500 -0.00576444715261459351
-0.10999999940395355200 -0.00578199513256549835
-0.10000000149011611900 -0.00577905401587486267
-0.09000000357627868650 -0.00579509185627102852
-0.07999999821186065670 -0.00580875901505351067
-0.07000000029802322390 -0.00580133311450481415
-0.05999999865889549260 -0.00578923104330897331
-0.05000000074505805970 -0.00579959899187088013
-0.03999999910593032840 -0.00578713789582252503
-0.02999999932944774630 -0.00577251380309462548
-0.01999999955296516420 -0.00578029081225395203
-0.00999999977648258210 -0.00577394198626279831
0.00000000000000000000 -0.00579110393300652504
0.00999999977648258210 -0.00579780898988246918
0.01999999955296516420 -0.00580158317461609841
0.02999999932944774630 -0.00579855404794216156
0.03999999910593032840 -0.00578997610136866570
0.05000000074505805970 -0.00577093707397580147
0.05999999865889549260 -0.00577459903433918953
0.07000000029802322390 -0.00577018782496452332
0.07999999821186065670 -0.00575038697570562363
0.09000000357627868650 -0.00575103983283042908
0.10000000149011611900 -0.00576306693255901337
0.10999999940395355200 -0.00576467299833893776
0.11999999731779098500 -0.00576692307367920876
0.12999999523162841800 -0.00577177293598651886
0.14000000059604644800 -0.00574861280620098114
0.15000000596046447800 -0.00574039807543158531
0.15999999642372131300 -0.00574565213173627854
0.17000000178813934300 -0.00572272483259439469
0.18000000715255737300 -0.00571686308830976486
0.18999999761581420900 -0.00572439283132553101
0.20000000298023223900 -0.00572945689782500267
0.20999999344348907500 -0.00573548721149563790
0.21999999880790710400 -0.00574604701250791550
0.23000000417232513400 -0.00572670390829443932
0.23999999463558197000 -0.00570552982389926911
0.25000000000000000000 -0.00571003276854753494
0.25999999046325683600 -0.00568972388282418251
0.27000001072883606000 -0.00566102098673582077
0.28000000119209289500 -0.00565426889806985855
0.28999999165534973100 -0.00563316792249679566
0.30000001192092895500 -0.00562185700982809067
0.31000000238418579100 -0.00561049208045005799
0.31999999284744262700 -0.00557665480300784111
0.33000001311302185100 -0.00553595088422298432
0.34000000357627868600 -0.00548377819359302521
0.34999999403953552200 -0.00544042419642210007
0.36000001430511474600 -0.00538053177297115326
0.37000000476837158200 -0.00530805718153715134
0.37999999523162841800 -0.00523405196145176888
0.38999998569488525400 -0.00516209797933697701
0.40000000596046447700 -0.00508668785914778710
0.40999999642372131300 -0.00498780189082026482
0.41999998688697814900 -0.00489307101815938950
0.43000000715255737300 -0.00477799214422702789
0.43999999761581420900 -0.00464218389242887497
0.44999998807907104500 -0.00452417600899934769
0.46000000834465026800 -0.00438887020573019982
0.46999999880790710400 -0.00423496216535568237
0.47999998927116394000 -0.00408898200839757919
0.49000000953674316400 -0.00393981998786330223
0.50000000000000000000 -0.00377621711231768131
0.50999999046325683600 -0.00361300795339047909
0.51999998092651367200 -0.00344052491709589958
0.52999997138977050800 -0.00325297005474567413
0.54000002145767211900 -0.00306711904704570770
0.55000001192092895500 -0.00288201705552637577
0.56000000238418579100 -0.00268206396140158177
0.56999999284744262700 -0.00248626898974180222
0.57999998331069946300 -0.00228988099843263626
0.58999997377395629900 -0.00208593090064823628
0.60000002384185791000 -0.00188398803584277630
0.61000001430511474600 -0.00167840102221816778
0.62000000476837158200 -0.00146489799953997135
0.62999999523162841800 -0.00124807702377438545
0.63999998569488525400 -0.00103318598121404648
0.64999997615814209000 -0.00078015128383412957
0.66000002622604370100 -0.00056928850244730711
0.67000001668930053700 -0.00035562680568546057
0.68000000715255737300 -0.00014255680434871465
0.68999999761581420900 0.00007050723070278764
0.69999998807907104500 0.00028006520005874336
0.70999997854232788100 0.00050001632189378142
0.72000002861022949200 0.00071808119537308812
0.73000001907348632800 0.00093669118359684944
0.74000000953674316400 0.00120845297351479530
0.75000000000000000000 0.00144379097037017345
0.75999999046325683600 0.00167928601149469614
0.76999998092651367200 0.00191217905376106501
0.77999997138977050800 0.00215018191374838352
0.79000002145767211900 0.00238774693571031094
0.80000001192092895500 0.00262366910465061665
0.81000000238418579100 0.00286228093318641186
0.81999999284744262700 0.00310076796449720860
0.82999998331069946300 0.00333978701382875443
0.83999997377395629900 0.00358116393908858299
0.85000002384185791000 0.00382260303013026714
0.86000001430511474600 0.00406487192958593369
0.87000000476837158200 0.00430774781852960587
0.87999999523162841800 0.00455030519515275955
0.88999998569488525400 0.00479392800480127335
0.89999997615814209000 0.00503776594996452332
0.91000002622604370100 0.00528066419064998627
0.92000001668930053700 0.00552586279809474945
0.93000000715255737300 0.00577017990872263909
0.93999999761581420900 0.00601637316867709160
0.94999998807907104500 0.00626322487369179726
0.95999997854232788100 0.00650888681411743164
0.97000002861022949200 0.00675618788227438927
0.98000001907348632800 0.00700432481244206429
0.99000000953674316400 0.00725078582763671875
1.00000000000000000000 0.00749934697523713112
