-1.00000000000000000000 -0.00605893693864345551
-0.99000000953674316400 -0.00607526209205389023
-0.98000001907348632800 -0.00609112018719315529
-0.97000002861022949200 -0.00607503298670053482
-0.95999997854232788100 -0.00604433519765734673
-0.94999998807907104500 -0.00606147898361086846
-0.93999999761581420900 -0.00605570990592241287
-0.93000000715255737300 -0.00602836115285754204
-0.92000001668930053700 -0.00603526690974831581
-0.91000002622604370100 -0.00603453302755951882
-0.89999997615814209000 -0.00604308582842350006
-0.88999998569488525400 -0.00605018995702266693
-0.87999999523162841800 -0.00605143094435334206
-0.87000000476837158200 -0.00603681616485118866
-0.86000001430511474600 -0.00601807609200477600
-0.85000002384185791000 -0.00602407101541757584
-0.83999997377395629900 -0.00601670891046524048
-0.82999998331069946300 -0.00600415281951427460
-0.81999999284744262700 -0.00600540591403841973
-0.81000000238418579100 -0.00602393085137009621
-0.80000001192092895500 -0.00603695586323738098
-0.79000002145767211900 -0.00604784302413463593
-0.77999997138977050800 -0.00604689493775367737
-0.76999998092651367200 -0.00602882681414484978
-0.75999999046325683600 -0.00603561382740736008
-0.75000000000000000000 -0.00604307418689131737
-0.74000000953674316400 -0.00602020090445876122
-0.73000001907348632800 -0.00601951591670513153
-0.72000002861022949200 -0.00603845203295350075
-0.70999997854232788100 -0.00604723813012242317
-0.69999998807907104500 -0.00605227518826723099
-0.68999999761581420900 -0.00606940500438213349
-0.68000000715255737300 -0.00606603501364588738
-0.67000001668930053700 -0.00604024808853864670
-0.66000002622604370100 -0.00605638418346643448
-0.64999997615814209000 -0.00605087680742144585
-0.63999998569488525400 -0.00602174922823905945
-0.62999999523162841800 -0.00603135721758008003
-0.62000000476837158200 -0.00603951094672083855
-0.61000001430511474600 -0.00604107789695262909
-0.60000002384185791000 -0.00604914780706167221
-0.58999997377395629900 -0.00605321908369660378
-0.57999998331069946300 -0.00602970505133271218
-0.56999999284744262700 -0.00602694693952798844
-0.56000000238418579100 -0.00603513093665242195
-0.55000001192092895500 -0.00602024514228105545
-0.54000002145767211900 -0.00601558201014995575
-0.52999997138977050800 -0.00602338602766394615
-0.51999998092651367200 -0.00603924784809350968
-0.50999999046325683600 -0.00604569213464856148
-0.50000000000000000000 -0.00605616392567753792
-0.49000000953674316400 -0.00604671193286776543
-0.47999998927116394000 -0.00602106284350156784
-0.46999999880790710400 -0.00603205198422074318
-0.46000000834465026800 -0.00603309785947203636
-0.44999998807907104500 -0.00600656587630510330
-0.43999999761581420900 -0.00600897287949919701
-0.43000000715255737300 -0.00602427683770656586
-0.41999998688697814900 -0.00602637510746717453
-0.40999999642372131300 -0.00603529997169971466
-0.40000000596046447700 -0.00604214519262313843
-0.38999998569488525400 -0.00601589120924472809
-0.37999999523162841800 -0.00600063707679510117
-0.37000000476837158200 -0.00601417478173971176
-0.36000001430511474600 -0.00599719583988189697
-0.34999999403953552200 -0.00598553009331226349
-0.34000000357627868600 -0.00598957994952797890
-0.33000001311302185100 -0.00599612481892108917
-0.31999999284744262700 -0.00600271578878164292
-0.31000000238418579100 -0.00601750891655683518
-0.30000001192092895500 -0.00601049000397324562
-0.28999999165534973100 -0.00598251912742853165
-0.28000000119209289500 -0.00600407179445028305
-0.27000001072883606000 -0.00600440613925457001
-0.25999999046325683600 -0.00598018476739525795
-0.25000000000000000000 -0.00599353294819593430
-0.23999999463558197000 -0.00600029015913605690
-0.23000000417232513400 -0.00600794283673167229
-0.21999999880790710400 -0.00602354900911450386
-0.20999999344348907500 -0.00603132322430610657
-0.20000000298023223900 -0.00602065585553646088
-0.18999999761581420900 -0.00600785482674837113
-0.18000000715255737300 -0.00601581903174519539
-0.17000000178813934300 -0.00601105717942118645
-0.15999999642372131300 -0.00599755719304084778
-0.15000000596046447800 -0.00600036000832915306
-0.14000000059604644800 -0.00601341808214783669
-0.12999999523162841800 -0.00602292688563466072
-0.11999999731779098500 -0.00602559093385934830
-0.10999999940395355200 -0.00602997979149222374
-0.10000000149011611900 -0.00601013377308845520
-0.09000000357627868650 -0.00600090622901916504
-0.07999999821186065670 -0.00600794376805424690
-0.07000000029802322390 -0.00598723301663994789
-0.05999999865889549260 -0.00597750209271907807
-0.05000000074505805970 -0.00599195621907711029
-0.03999999910593032840 -0.00599530804902315140
-0.02999999932944774630 -0.00600790185853838921
-0.01999999955296516420 -0.00602645985782146454
-0.00999999977648258210 -0.00601147301495075226
0.00000000000000000000 -0.00599256809800863266
0.00999999977648258210 -0.00599800981581211090
0.01999999955296516420 -0.00600589718669652939
0.02999999932944774630 -0.00599314179271459580
0.03999999910593032840 -0.00598620297387242317
0.05000000074505805970 -0.00598434498533606529
0.05999999865889549260 -0.00600149203091859818
0.07000000029802322390 -0.00601160805672407150
0.07999999821186065670 -0.00601833220571279526
0.09000000357627868650 -0.00600714702159166336
0.10000000149011611900 -0.00598671520128846169
0.10999999940395355200 -0.00599093502387404442
0.11999999731779098500 -0.00598416710272431374
0.12999999523162841800 -0.00596624286845326424
0.14000000059604644800 -0.00595965189859271050
0.15000000596046447800 -0.00596471317112445832
0.15999999642372131300 -0.00597132695838809014
0.17000000178813934300 -0.00597599893808364868
0.18000000715255737300 -0.00597385177388787270
0.18999999761581420900 -0.00596261303871870041
0.20000000298023223900 -0.00594348181039094925
0.20999999344348907500 -0.00594601593911647797
0.21999999880790710400 -0.00594703620299696922
0.23000000417232513400 -0.00592726189643144608
0.23999999463558197000 -0.00593070220202207566
0.25000000000000000000 -0.00594520987942814827
0.25999999046325683600 -0.00595185300335288048
0.27000001072883606000 -0.00595539389178156853
0.28000000119209289500 -0.00596074201166629791
0.28999999165534973100 -0.00594295281916856766
0.30000001192092895500 -0.00594355398789048195
0.31000000238418579100 -0.00594986323267221451
0.31999999284744262700 -0.00592578202486038208
0.33000001311302185100 -0.00592928798869252205
0.34000000357627868600 -0.00593286193907260895
0.34999999403953552200 -0.00593865709379315376
0.36000001430511474600 -0.00594373187050223351
0.37000000476837158200 -0.00594818079844117165
0.37999999523162841800 -0.00592376803979277611
0.38999998569488525400 -0.00590522587299346924
0.40000000596046447700 -0.00590974977239966393
0.40999999642372131300 -0.00588642386719584465
0.41999998688697814900 -0.00586318690329790116
0.43000000715255737300 -0.00584688596427440644
0.43999999761581420900 -0.00583763001486659050
0.44999998807907104500 -0.00583078479394316673
0.46000000834465026800 -0.00581537000834941864
0.46999999880790710400 -0.00578358583152294159
0.47999998927116394000 -0.00573852285742759705
0.49000000953674316400 -0.00568482000380754471
0.50000000000000000000 -0.00563778402283787728
0.50999999046325683600 -0.00556173687800765038
0.51999998092651367200 -0.00546439085155725479
0.52999997138977050800 -0.00536453304812312126
0.54000002145767211900 -0.00524938385933637619
0.55000001192092895500 -0.00509977294132113457
0.56000000238418579100 -0.00492147402837872505
0.56999999284744262700 -0.00470218807458877564
0.57999998331069946300 -0.00443685613572597504
0.58999997377395629900 -0.00416861707344651222
0.60000002384185791000 -0.00386042799800634384
0.61000001430511474600 -0.00351618696004152298
0.62000000476837158200 -0.00316669302992522717
0.62999999523162841800 -0.00279603898525238037
0.63999998569488525400 -0.00241099507547914982
0.64999997615814209000 -0.00200922298245131970
0.66000002622604370100 -0.00159344496205449104
0.67000001668930053700 -0.00116072501987218857
0.68000000715255737300 -0.00070189958205446601
0.68999999761581420900 -0.00028525761445052922
0.69999998807907104500 0.00011606759653659537
0.70999997854232788100 0.00057080207625404000
0.72000002861022949200 0.00099741900339722633
0.73000001907348632800 0.00149812595918774605
0.74000000953674316400 0.00194864603690803051
0.75000000000000000000 0.00240431004203855991
0.75999999046325683600 0.00286215404048562050
0.76999998092651367200 0.00332082295790314674
0.77999997138977050800 0.00378262810409069061
0.79000002145767211900 0.00424837321043014526
0.80000001192092895500 0.00472024595364928246
0.81000000238418579100 0.00520198000594973564
0.81999999284744262700 0.00568881118670105934
0.82999998331069946300 0.00618101283907890320
0.83999997377395629900 0.00667268782854080200
0.85000002384185791000 0.00716969091445207596
0.86000001430511474600 0.00769244786351919174
0.87000000476837158200 0.00820275489240884781
0.87999999523162841800 0.00872439239174127579
0.88999998569488525400 0.00927229598164558411
0.89999997615814209000 0.00981557741761207581
0.91000002622604370100 0.01038195006549358370
0.92000001668930053700 0.01044598966836929320
0.93000000715255737300 0.01096825953572988510
0.93999999761581420900 0.01151537988334894180
0.94999998807907104500 0.01207400020211935040
0.95999997854232788100 0.01265546958893537520
0.97000002861022949200 0.01267377007752656940
0.98000001907348632800 0.01348907034844160080
0.99000000953674316400 0.01344791986048221590
1.00000000000000000000 0.01336351968348026280
