-1.00000000000000000000 -0.00581033807247877121
-0.99000000953674316400 -0.00580220390111207962
-0.98000001907348632800 -0.00579820387065410614
-0.97000002861022949200 -0.00578849622979760170
-0.95999997854232788100 -0.00578178185969591141
-0.94999998807907104500 -0.00578341586515307427
-0.93999999761581420900 -0.00577793410047888756
-0.93000000715255737300 -0.00576763087883591652
-0.92000001668930053700 -0.00578888691961765290
-0.91000002622604370100 -0.00580585189163684845
-0.89999997615814209000 -0.00580381508916616440
-0.88999998569488525400 -0.00582240289077162743
-0.87999999523162841800 -0.00581658584997057915
-0.87000000476837158200 -0.00578686082735657692
-0.86000001430511474600 -0.00581014109775424004
-0.85000002384185791000 -0.00580876786261796952
-0.83999997377395629900 -0.00577800022438168526
-0.82999998331069946300 -0.00579466996714472771
-0.81999999284744262700 -0.00580572197213768959
-0.81000000238418579100 -0.00580880977213382721
-0.80000001192092895500 -0.00582396099343895912
-0.79000002145767211900 -0.00582766486331820488
-0.77999997138977050800 -0.00579776894301176071
-0.76999998092651367200 -0.00580248516052961350
-0.75999999046325683600 -0.00580768799409270287
-0.75000000000000000000 -0.00578365102410316468
-0.74000000953674316400 -0.00578362913802266121
-0.73000001907348632800 -0.00579292792826890946
-0.72000002861022949200 -0.00579224200919270516
-0.70999997854232788100 -0.00580836785957217217
-0.69999998807907104500 -0.00582187389954924584
-0.68999999761581420900 -0.00579751003533601761
-0.68000000715255737300 -0.00578412087634205818
-0.67000001668930053700 -0.00579592306166887284
-0.66000002622604370100 -0.00578239280730485916
-0.64999997615814209000 -0.00577295897528529167
-0.63999998569488525400 -0.00577214593067765236
-0.62999999523162841800 -0.00577471777796745300
-0.62000000476837158200 -0.00579382199794054032
-0.61000001430511474600 -0.00580078084021806717
-0.60000002384185791000 -0.00579856708645820618
-0.58999997377395629900 -0.00580130703747272492
-0.57999998331069946300 -0.00577765377238392830
-0.56999999284744262700 -0.00578671321272850037
-0.56000000238418579100 -0.00579339917749166489
-0.55000001192092895500 -0.00576832704246044159
-0.54000002145767211900 -0.00577348005026578903
-0.52999997138977050800 -0.00579558080062270165
-0.51999998092651367200 -0.00579467322677373886
-0.50999999046325683600 -0.00579938385635614395
-0.50000000000000000000 -0.00581465987488627434
-0.49000000953674316400 -0.00578435277566313744
-0.47999998927116394000 -0.00578335393220186234
-0.46999999880790710400 -0.00579803297296166420
-0.46000000834465026800 -0.00575912278145551682
-0.44999998807907104500 -0.00575984409078955650
-0.43999999761581420900 -0.00577944796532392502
-0.43000000715255737300 -0.00577206490561366081
-0.41999998688697814900 -0.00578373484313488007
-0.40999999642372131300 -0.00580353522673249245
-0.40000000596046447700 -0.00577164208516478539
-0.38999998569488525400 -0.00575703196227550507
-0.37999999523162841800 -0.00578242214396595955
-0.37000000476837158200 -0.00575889181345701218
-0.36000001430511474600 -0.00574688985943794251
-0.34999999403953552200 -0.00576503993943333626
-0.34000000357627868600 -0.00575684010982513428
-0.33000001311302185100 -0.00577592989429831505
-0.31999999284744262700 -0.00579992216080427170
-0.31000000238418579100 -0.00578538421541452408
-0.30000001192092895500 -0.00578108523041009903
-0.28999999165534973100 -0.00577994016930460930
-0.28000000119209289500 -0.00577619718387722969
-0.27000001072883606000 -0.00577220693230628968
-0.25999999046325683600 -0.00576615286991000176
-0.25000000000000000000 -0.00576063105836510658
-0.23999999463558197000 -0.00577371288090944290
-0.23000000417232513400 -0.00579097215086221695
-0.21999999880790710400 -0.00578417908400297165
-0.20999999344348907500 -0.00578662101179361344
-0.20000000298023223900 -0.00576631678268313408
-0.18999999761581420900 -0.00576833076775074005
-0.18000000715255737300 -0.00577201507985591889
-0.17000000178813934300 -0.00575283495709300041
-0.15999999642372131300 -0.00574203114956617356
-0.15000000596046447800 -0.00576219102367758751
-0.14000000059604644800 -0.00577177712693810463
-0.12999999523162841800 -0.00576893985271453858
-0.11999999731779098500 -0.00578928412869572640
-0.10999999940395355200 -0.00577252311632037163
-0.10000000149011611900 -0.00574667891487479210
-0.09000000357627868650 -0.00577211612835526467
-0.07999999821186065670 -0.00575251597911119461
-0.07000000029802322390 -0.00572974700480699539
-0.05999999865889549260 -0.00575064821168780327
-0.05000000074505805970 -0.00575219700112938881
-0.03999999910593032840 -0.00575963081791996956
-0.02999999932944774630 -0.00578108010813593865
-0.01999999955296516420 -0.00577083183452486992
-0.00999999977648258210 -0.00574861420318484307
0.00000000000000000000 -0.00576424505561590195
0.00999999977648258210 -0.00575996981933712959
0.01999999955296516420 -0.00574160180985927582
0.02999999932944774630 -0.00573274586349725723
0.03999999910593032840 -0.00573812890797853470
0.05000000074505805970 -0.00573894288390874863
0.05999999865889549260 -0.00575663102790713310
0.07000000029802322390 -0.00575921218842267990
0.07999999821186065670 -0.00575421378016471863
0.09000000357627868650 -0.00574212800711393356
0.10000000149011611900 -0.00573389278724789620
0.10999999940395355200 -0.00572673883289098740
0.11999999731779098500 -0.00571776786819100380
0.12999999523162841800 -0.00570320198312401772
0.14000000059604644800 -0.00570041220635175705
0.15000000596046447800 -0.00572255300357937813
0.15999999642372131300 -0.00571258505806326866
0.17000000178813934300 -0.00571572314947843552
0.18000000715255737300 -0.00571643887087702751
0.18999999761581420900 -0.00568289915099740029
0.20000000298023223900 -0.00568723678588867188
0.20999999344348907500 -0.00569156091660261154
0.21999999880790710400 -0.00564981903880834580
0.23000000417232513400 -0.00565351499244570732
0.23999999463558197000 -0.00567120220512151718
0.25000000000000000000 -0.00565707404166460037
0.25999999046325683600 -0.00566753977909684181
0.27000001072883606000 -0.00566896516829729080
0.28000000119209289500 -0.00563094019889831543
0.28999999165534973100 -0.00562239484861493111
0.30000001192092895500 -0.00562102487310767174
0.31000000238418579100 -0.00557847321033477783
0.31999999284744262700 -0.00556542119011282921
0.33000001311302185100 -0.00556545099243521691
0.34000000357627868600 -0.00554667785763740540
0.34999999403953552200 -0.00554577494040131569
0.36000001430511474600 -0.00553710013628005982
0.37000000476837158200 -0.00549861695617437363
0.37999999523162841800 -0.00546191306784749031
0.38999998569488525400 -0.00545333279296755791
0.40000000596046447700 -0.00541233597323298454
0.40999999642372131300 -0.00537485489621758461
0.41999998688697814900 -0.00535198487341403961
0.43000000715255737300 -0.00531740905717015267
0.43999999761581420900 -0.00530167715623974800
0.44999998807907104500 -0.00526949577033519745
0.46000000834465026800 -0.00522798579186201096
0.46999999880790710400 -0.00517944386228919029
0.47999998927116394000 -0.00512401899322867394
0.49000000953674316400 -0.00507332105189561844
0.50000000000000000000 -0.00502097513526678086
0.50999999046325683600 -0.00495191896334290505
0.51999998092651367200 -0.00489093083888292313
0.52999997138977050800 -0.00484015000984072685
0.54000002145767211900 -0.00475923111662268639
0.55000001192092895500 -0.00467588892206549645
0.56000000238418579100 -0.00457742996513843537
0.56999999284744262700 -0.00443716300651431084
0.57999998331069946300 -0.00430064322426915169
0.58999997377395629900 -0.00414625182747840881
0.60000002384185791000 -0.00393935292959213257
0.61000001430511474600 -0.00371568696573376656
0.62000000476837158200 -0.00347596709616482258
0.62999999523162841800 -0.00318404589779675007
0.63999998569488525400 -0.00285844993777573109
0.64999997615814209000 -0.00249982601962983608
0.66000002622604370100 -0.00208303495310246944
0.67000001668930053700 -0.00162867398466914892
0.68000000715255737300 -0.00115696899592876434
0.68999999761581420900 -0.00063437630888074636
0.69999998807907104500 -0.00011542290303623304
0.70999997854232788100 0.00040910750976763666
0.72000002861022949200 0.00100044102873653173
0.73000001907348632800 0.00167050503659993410
0.74000000953674316400 0.00232485099695622921
0.75000000000000000000 0.00299793295562267304
0.75999999046325683600 0.00368943088687956333
0.76999998092651367200 0.00439624115824699402
0.77999997138977050800 0.00512176798656582832
0.79000002145767211900 0.00585944298654794693
0.80000001192092895500 0.00661001121625304222
0.81000000238418579100 0.00737936701625585556
0.81999999284744262700 0.00815572403371334076
0.82999998331069946300 0.00894504133611917496
0.83999997377395629900 0.00974879693239927292
0.85000002384185791000 0.01003552973270416260
0.86000001430511474600 0.01082033012062311170
0.87000000476837158200 0.01161871012300252910
0.87999999523162841800 0.01241389010101556780
0.88999998569488525400 0.01322755962610244750
0.89999997615814209000 0.01407818961888551710
0.91000002622604370100 0.01488018035888671880
0.92000001668930053700 0.01570235006511211400
0.93000000715255737300 0.01654404029250144960
0.93999999761581420900 0.01737603917717933660
0.94999998807907104500 0.01823640055954456330
0.95999997854232788100 0.01912482082843780520
0.97000002861022949200 0.01998524926602840420
0.98000001907348632800 0.02086216025054454800
0.99000000953674316400 0.02176075056195259090
1.00000000000000000000 0.02271714061498641970
