-1.00000000000000000000 -0.00603344198316335678
-0.99000000953674316400 -0.00602423306554555893
-0.98000001907348632800 -0.00600495794788002968
-0.97000002861022949200 -0.00601776782423257828
-0.95999997854232788100 -0.00601621717214584351
-0.94999998807907104500 -0.00599712878465652466
-0.93999999761581420900 -0.00600094301626086235
-0.93000000715255737300 -0.00600434979423880577
-0.92000001668930053700 -0.00602085702121257782
-0.91000002622604370100 -0.00603336002677679062
-0.89999997615814209000 -0.00604380015283823014
-0.88999998569488525400 -0.00603277981281280518
-0.87999999523162841800 -0.00601700879633426666
-0.87000000476837158200 -0.00602194899693131447
-0.86000001430511474600 -0.00601885281503200531
-0.85000002384185791000 -0.00600543292239308357
-0.83999997377395629900 -0.00600279401987791062
-0.82999998331069946300 -0.00601131189614534378
-0.81999999284744262700 -0.00602376088500022888
-0.81000000238418579100 -0.00603062007576227188
-0.80000001192092895500 -0.00603136187419295311
-0.79000002145767211900 -0.00602217996492981911
-0.77999997138977050800 -0.00599417695775628090
-0.76999998092651367200 -0.00599935790523886681
-0.75999999046325683600 -0.00599466497078537941
-0.75000000000000000000 -0.00597136281430721283
-0.74000000953674316400 -0.00596865499392151833
-0.73000001907348632800 -0.00598145090043544770
-0.72000002861022949200 -0.00599607499316334725
-0.70999997854232788100 -0.00600177701562643051
-0.69999998807907104500 -0.00601438712328672409
-0.68999999761581420900 -0.00600657192990183830
-0.68000000715255737300 -0.00598828913643956185
-0.67000001668930053700 -0.00600326387211680412
-0.66000002622604370100 -0.00600231904536485672
-0.64999997615814209000 -0.00598684512078762055
-0.63999998569488525400 -0.00598645117133855820
-0.62999999523162841800 -0.00600100122392177582
-0.62000000476837158200 -0.00601308001205325127
-0.61000001430511474600 -0.00601899996399879456
-0.60000002384185791000 -0.00602977396920323372
-0.58999997377395629900 -0.00602545309811830521
-0.57999998331069946300 -0.00599759211763739586
-0.56999999284744262700 -0.00601874291896820069
-0.56000000238418579100 -0.00601660180836915970
-0.55000001192092895500 -0.00598794687539339066
-0.54000002145767211900 -0.00599571783095598221
-0.52999997138977050800 -0.00600434001535177231
-0.51999998092651367200 -0.00601330585777759552
-0.50999999046325683600 -0.00601484579965472222
-0.50000000000000000000 -0.00602507498115301132
-0.49000000953674316400 -0.00600464921444654465
-0.47999998927116394000 -0.00598542997613549233
-0.46999999880790710400 -0.00599818117916584015
-0.46000000834465026800 -0.00598890893161296845
-0.44999998807907104500 -0.00596745591610670090
-0.43999999761581420900 -0.00597649207338690758
-0.43000000715255737300 -0.00598648376762866974
-0.41999998688697814900 -0.00599178299307823181
-0.40999999642372131300 -0.00600777706131339073
-0.40000000596046447700 -0.00601279782131314278
-0.38999998569488525400 -0.00599503004923462868
-0.37999999523162841800 -0.00598322320729494095
-0.37000000476837158200 -0.00599863007664680481
-0.36000001430511474600 -0.00599166797474026680
-0.34999999403953552200 -0.00597656285390257836
-0.34000000357627868600 -0.00598335312679409981
-0.33000001311302185100 -0.00599283911287784577
-0.31999999284744262700 -0.00600854679942131043
-0.31000000238418579100 -0.00601387489587068558
-0.30000001192092895500 -0.00602194108068943024
-0.28999999165534973100 -0.00600819382816553116
-0.28000000119209289500 -0.00598701788112521172
-0.27000001072883606000 -0.00599427102133631706
-0.25999999046325683600 -0.00598853500559926033
-0.25000000000000000000 -0.00596585404127836228
-0.23999999463558197000 -0.00596800679340958595
-0.23000000417232513400 -0.00596983078867197037
-0.21999999880790710400 -0.00597635190933942795
-0.20999999344348907500 -0.00598357385024428368
-0.20000000298023223900 -0.00597852887585759163
-0.18999999761581420900 -0.00596773484721779824
-0.18000000715255737300 -0.00594974495470523834
-0.17000000178813934300 -0.00596188521012663841
-0.15999999642372131300 -0.00595447886735200882
-0.15000000596046447800 -0.00593922194093465805
-0.14000000059604644800 -0.00594722013920545578
-0.12999999523162841800 -0.00596034387126564980
-0.11999999731779098500 -0.00597688509151339531
-0.10999999940395355200 -0.00598109280690550804
-0.10000000149011611900 -0.00599153898656368256
-0.09000000357627868650 -0.00598109699785709381
-0.07999999821186065670 -0.00596949784085154534
-0.07000000029802322390 -0.00597696518525481224
-0.05999999865889549260 -0.00596743915230035782
-0.05000000074505805970 -0.00595553219318389893
-0.03999999910593032840 -0.00595879415050148964
-0.02999999932944774630 -0.00597570696845650673
-0.01999999955296516420 -0.00598233798518776894
-0.00999999977648258210 -0.00598899181932210922
0.00000000000000000000 -0.00599036319181323052
0.00999999977648258210 -0.00598171120509505272
0.01999999955296516420 -0.00595970079302787781
0.02999999932944774630 -0.00596900982782244682
0.03999999910593032840 -0.00596014782786369324
0.05000000074505805970 -0.00594036094844341278
0.05999999865889549260 -0.00593649782240390778
0.07000000029802322390 -0.00594445690512657166
0.07999999821186065670 -0.00595420505851507187
0.09000000357627868650 -0.00595829403027892113
0.10000000149011611900 -0.00597187504172325134
0.10999999940395355200 -0.00596115691587328911
0.11999999731779098500 -0.00594135187566280365
0.12999999523162841800 -0.00595558620989322663
0.14000000059604644800 -0.00594907114282250405
0.15000000596046447800 -0.00592878321185708046
0.15999999642372131300 -0.00593548780307173729
0.17000000178813934300 -0.00594098493456840515
0.18000000715255737300 -0.00595329795032739640
0.18999999761581420900 -0.00596561189740896225
0.20000000298023223900 -0.00597433978691697121
0.20999999344348907500 -0.00596344191581010819
0.21999999880790710400 -0.00594239588826894760
0.23000000417232513400 -0.00595498085021972656
0.23999999463558197000 -0.00594497378915548325
0.25000000000000000000 -0.00592182809486985207
0.25999999046325683600 -0.00592415081337094307
0.27000001072883606000 -0.00592424022033810616
0.28000000119209289500 -0.00593518419191241265
0.28999999165534973100 -0.00593877397477626801
0.30000001192092895500 -0.00593528710305690766
0.31000000238418579100 -0.00591696612536907196
0.31999999284744262700 -0.00589503487572073937
0.33000001311302185100 -0.00589111819863319397
0.34000000357627868600 -0.00588203500956296921
0.34999999403953552200 -0.00585912493988871575
0.36000001430511474600 -0.00585084501653909683
0.37000000476837158200 -0.00585864810273051262
0.37999999523162841800 -0.00586536200717091561
0.38999998569488525400 -0.00586435291916131973
0.40000000596046447700 -0.00586665002629160881
0.40999999642372131300 -0.00585102103650569916
0.41999998688697814900 -0.00582558522000908852
0.43000000715255737300 -0.00582787208259105683
0.43999999761581420900 -0.00581221003085374832
0.44999998807907104500 -0.00578026520088315010
0.46000000834465026800 -0.00576841412112116814
0.46999999880790710400 -0.00575668876990675926
0.47999998927116394000 -0.00574699416756629944
0.49000000953674316400 -0.00571898417547345162
0.50000000000000000000 -0.00569223007187247276
0.50999999046325683600 -0.00563766621053218842
0.51999998092651367200 -0.00556691177189350128
0.52999997138977050800 -0.00550602888688445091
0.54000002145767211900 -0.00541550479829311371
0.55000001192092895500 -0.00529721193015575409
0.56000000238418579100 -0.00516527611762285233
0.56999999284744262700 -0.00502113485708832741
0.57999998331069946300 -0.00484141102060675621
0.58999997377395629900 -0.00462042586877942085
0.60000002384185791000 -0.00436980091035366058
0.61000001430511474600 -0.00407653115689754486
0.62000000476837158200 -0.00374644505791366100
0.62999999523162841800 -0.00340540707111358643
0.63999998569488525400 -0.00302885193377733231
0.64999997615814209000 -0.00262268399819731712
0.66000002622604370100 -0.00221001799218356609
0.67000001668930053700 -0.00177920702844858170
0.68000000715255737300 -0.00133245799224823713
0.68999999761581420900 -0.00083382148295640945
0.69999998807907104500 -0.00038599100662395358
0.70999997854232788100 0.00006590005796169862
0.72000002861022949200 0.00052650301950052381
0.73000001907348632800 0.00099396216683089733
0.74000000953674316400 0.00154320499859750271
0.75000000000000000000 0.00204603397287428379
0.75999999046325683600 0.00255354307591915131
0.76999998092651367200 0.00306492089293897152
0.77999997138977050800 0.00358138093724846840
0.79000002145767211900 0.00410185521468520165
0.80000001192092895500 0.00462938100099563599
0.81000000238418579100 0.00516275921836495400
0.81999999284744262700 0.00569929182529449463
0.82999998331069946300 0.00623857788741588593
0.83999997377395629900 0.00677966512739658356
0.85000002384185791000 0.00733224302530288696
0.86000001430511474600 0.00789057929068803788
0.87000000476837158200 0.00845036376267671585
0.87999999523162841800 0.00902278441935777664
0.88999998569488525400 0.00961164105683565140
0.89999997615814209000 0.01021344028413295750
0.91000002622604370100 0.01031950023025274280
0.92000001668930053700 0.01088489964604377750
0.93000000715255737300 0.01148470956832170490
0.93999999761581420900 0.01208995003253221510
0.94999998807907104500 0.01271845959126949310
0.95999997854232788100 0.01335464045405387880
0.97000002861022949200 0.01397581025958061220
0.98000001907348632800 0.01461309008300304410
0.99000000953674316400 0.01528203021734952930
1.00000000000000000000 0.01593730971217155460
