-1.00000000000000000000 -0.00600151810795068741
-0.99000000953674316400 -0.00600896915420889855
-0.98000001907348632800 -0.00599839491769671440
-0.97000002861022949200 -0.00598693219944834709
-0.95999997854232788100 -0.00600015185773372650
-0.94999998807907104500 -0.00598957203328609467
-0.93999999761581420900 -0.00597379915416240692
-0.93000000715255737300 -0.00598843116313219071
-0.92000001668930053700 -0.00599011778831481934
-0.91000002622604370100 -0.00600287318229675293
-0.89999997615814209000 -0.00601513683795928955
-0.88999998569488525400 -0.00600366480648517609
-0.87999999523162841800 -0.00597976008430123329
-0.87000000476837158200 -0.00599551200866699219
-0.86000001430511474600 -0.00599203305318951607
-0.85000002384185791000 -0.00596173107624053955
-0.83999997377395629900 -0.00597340520471334458
-0.82999998331069946300 -0.00598173588514328003
-0.81999999284744262700 -0.00598969822749495506
-0.81000000238418579100 -0.00600386504083871842
-0.80000001192092895500 -0.00601304415613412857
-0.79000002145767211900 -0.00599665520712733269
-0.77999997138977050800 -0.00598344206809997559
-0.76999998092651367200 -0.00599427381530404091
-0.75999999046325683600 -0.00599005399271845818
-0.75000000000000000000 -0.00597263080999255181
-0.74000000953674316400 -0.00597644923254847527
-0.73000001907348632800 -0.00598902488127350807
-0.72000002861022949200 -0.00599438417702913284
-0.70999997854232788100 -0.00600017514079809189
-0.69999998807907104500 -0.00600300822407007218
-0.68999999761581420900 -0.00598336616531014443
-0.68000000715255737300 -0.00597727485001087189
-0.67000001668930053700 -0.00598850799724459648
-0.66000002622604370100 -0.00596557091921567917
-0.64999997615814209000 -0.00595668097957968712
-0.63999998569488525400 -0.00596560677513480187
-0.62999999523162841800 -0.00596579909324645996
-0.62000000476837158200 -0.00597195001319050789
-0.61000001430511474600 -0.00598441483452916146
-0.60000002384185791000 -0.00596699398010969162
-0.58999997377395629900 -0.00594275398179888726
-0.57999998331069946300 -0.00596174877136945725
-0.56999999284744262700 -0.00595719087868928910
-0.56000000238418579100 -0.00593296391889452934
-0.55000001192092895500 -0.00594172114506363869
-0.54000002145767211900 -0.00595356896519660950
-0.52999997138977050800 -0.00596207519993185997
-0.51999998092651367200 -0.00597714493051171303
-0.50999999046325683600 -0.00598591705784201622
-0.50000000000000000000 -0.00596286403015255928
-0.49000000953674316400 -0.00596102885901927948
-0.47999998927116394000 -0.00597176281735301018
-0.46999999880790710400 -0.00595862697809934616
-0.46000000834465026800 -0.00595333985984325409
-0.44999998807907104500 -0.00595808820798993111
-0.43999999761581420900 -0.00597079982981085778
-0.43000000715255737300 -0.00598438782617449761
-0.41999998688697814900 -0.00599321490153670311
-0.40999999642372131300 -0.00598529819399118424
-0.40000000596046447700 -0.00596629688516259194
-0.38999998569488525400 -0.00597125478088855744
-0.37999999523162841800 -0.00597198307514190674
-0.37000000476837158200 -0.00594892911612987518
-0.36000001430511474600 -0.00594362290576100350
-0.34999999403953552200 -0.00595653010532259941
-0.34000000357627868600 -0.00596013898029923439
-0.33000001311302185100 -0.00596955604851245880
-0.31999999284744262700 -0.00597636681050062180
-0.31000000238418579100 -0.00596125982701778412
-0.30000001192092895500 -0.00594405503943562508
-0.28999999165534973100 -0.00596295204013586044
-0.28000000119209289500 -0.00595293985679745674
-0.27000001072883606000 -0.00593581097200512886
-0.25999999046325683600 -0.00594328297302126885
-0.25000000000000000000 -0.00595168909057974816
-0.23999999463558197000 -0.00596272712573409081
-0.23000000417232513400 -0.00597307085990905762
-0.21999999880790710400 -0.00597046921029686928
-0.20999999344348907500 -0.00595597503706812859
-0.20000000298023223900 -0.00595223484560847283
-0.18999999761581420900 -0.00595466699451208115
-0.18000000715255737300 -0.00593839492648839951
-0.17000000178813934300 -0.00593614112585783005
-0.15999999642372131300 -0.00593594321981072426
-0.15000000596046447800 -0.00594322010874748230
-0.14000000059604644800 -0.00594843504950404167
-0.12999999523162841800 -0.00595841882750391960
-0.11999999731779098500 -0.00594206387177109718
-0.10999999940395355200 -0.00591854518279433251
-0.10000000149011611900 -0.00592347513884305954
-0.09000000357627868650 -0.00591664202511310578
-0.07999999821186065670 -0.00589430611580610275
-0.07000000029802322390 -0.00588916800916194916
-0.05999999865889549260 -0.00590071501210331917
-0.05000000074505805970 -0.00591400405392050743
-0.03999999910593032840 -0.00591357098892331124
-0.02999999932944774630 -0.00592620298266410828
-0.01999999955296516420 -0.00591228716075420380
-0.00999999977648258210 -0.00589250912889838219
0.00000000000000000000 -0.00591258006170392037
0.00999999977648258210 -0.00591078400611877442
0.01999999955296516420 -0.00589215802028775215
0.02999999932944774630 -0.00589347584173083306
0.03999999910593032840 -0.00590546801686286926
0.05000000074505805970 -0.00591627322137355805
0.05999999865889549260 -0.00592204695567488671
0.07000000029802322390 -0.00593432411551475525
0.07999999821186065670 -0.00591594399884343147
0.09000000357627868650 -0.00590046914294362068
0.10000000149011611900 -0.00591359101235866547
0.10999999940395355200 -0.00590245891362428665
0.11999999731779098500 -0.00588353676721453667
0.12999999523162841800 -0.00588569417595863342
0.14000000059604644800 -0.00589242111891508103
0.15000000596046447800 -0.00590402912348508835
0.15999999642372131300 -0.00590359605848789215
0.17000000178813934300 -0.00589916808530688286
0.18000000715255737300 -0.00587633019313216210
0.18999999761581420900 -0.00587335322052240372
0.20000000298023223900 -0.00587077392265200615
0.20999999344348907500 -0.00585146201774477959
0.21999999880790710400 -0.00584263820201158524
0.23000000417232513400 -0.00584541913121938706
0.23999999463558197000 -0.00585417589172720909
0.25000000000000000000 -0.00585950212553143502
0.25999999046325683600 -0.00585614982992410660
0.27000001072883606000 -0.00584527710452675820
0.28000000119209289500 -0.00581825478002429009
0.28999999165534973100 -0.00582172116264700890
0.30000001192092895500 -0.00581068405881524086
0.31000000238418579100 -0.00577813293784856796
0.31999999284744262700 -0.00577462418004870415
0.33000001311302185100 -0.00577305117622017861
0.34000000357627868600 -0.00576925091445446015
0.34999999403953552200 -0.00576488813385367394
0.36000001430511474600 -0.00574926100671291352
0.37000000476837158200 -0.00571472803130745888
0.37999999523162841800 -0.00569031294435262680
0.38999998569488525400 -0.00566864805296063423
0.40000000596046447700 -0.00562351709231734276
0.40999999642372131300 -0.00558649608865380287
0.41999998688697814900 -0.00554717378690838814
0.43000000715255737300 -0.00550978584215044975
0.43999999761581420900 -0.00546851800754666329
0.44999998807907104500 -0.00541569711640477181
0.46000000834465026800 -0.00533117912709712982
0.46999999880790710400 -0.00523954210802912712
0.47999998927116394000 -0.00515284296125173569
0.49000000953674316400 -0.00503228791058063507
0.50000000000000000000 -0.00489400187507271767
0.50999999046325683600 -0.00475090602412819863
0.51999998092651367200 -0.00459217280149459839
0.52999997138977050800 -0.00442172493785619736
0.54000002145767211900 -0.00422708783298730850
0.55000001192092895500 -0.00400987500324845314
0.56000000238418579100 -0.00377499707974493504
0.56999999284744262700 -0.00351641490124166012
0.57999998331069946300 -0.00326299807056784630
0.58999997377395629900 -0.00299498601816594601
0.60000002384185791000 -0.00270751700736582279
0.61000001430511474600 -0.00242719310335814953
0.62000000476837158200 -0.00214788597077131271
0.62999999523162841800 -0.00186332000885158777
0.63999998569488525400 -0.00157733098603785038
0.64999997615814209000 -0.00128723401576280594
0.66000002622604370100 -0.00096234097145497799
0.67000001668930053700 -0.00068168027792125940
0.68000000715255737300 -0.00041193648939952254
0.68999999761581420900 -0.00013962929369881749
0.69999998807907104500 0.00012259990035090595
0.70999997854232788100 0.00039456979720853269
0.72000002861022949200 0.00065817002905532718
0.73000001907348632800 0.00092211330775171518
0.74000000953674316400 0.00124394299928098917
0.75000000000000000000 0.00151650002226233482
0.75999999046325683600 0.00179348094388842583
0.76999998092651367200 0.00207102205604314804
0.77999997138977050800 0.00235165492631494999
0.79000002145767211900 0.00263896398246288300
0.80000001192092895500 0.00293150101788341999
0.81000000238418579100 0.00322759500704705715
0.81999999284744262700 0.00352902710437774658
0.82999998331069946300 0.00383433606475591660
0.83999997377395629900 0.00413923198357224465
0.85000002384185791000 0.00446134200319647789
0.86000001430511474600 0.00478689093142747879
0.87000000476837158200 0.00511287804692983627
0.87999999523162841800 0.00545414490625262261
0.88999998569488525400 0.00580890523269772530
0.89999997615814209000 0.00616943184286355972
0.91000002622604370100 0.00653935922309756279
0.92000001668930053700 0.00688602076843380928
0.93000000715255737300 0.00726934708654880524
0.93999999761581420900 0.00766779901459813118
0.94999998807907104500 0.00804722867906093598
0.95999997854232788100 0.00842492002993822098
0.97000002861022949200 0.00882821530103683472
0.98000001907348632800 0.00923899840563535691
0.99000000953674316400 0.00966020766645669937
1.00000000000000000000 0.01009640004485845570
