-1.00000000000000000000 -0.00571324909105896950
-0.99000000953674316400 -0.00573146622627973557
-0.98000001907348632800 -0.00573525484651327133
-0.97000002861022949200 -0.00570477778092026711
-0.95999997854232788100 -0.00571072893217206001
-0.94999998807907104500 -0.00572551693767309189
-0.93999999761581420900 -0.00572343496605753899
-0.93000000715255737300 -0.00573536707088351250
-0.92000001668930053700 -0.00574809685349464417
-0.91000002622604370100 -0.00572028104215860367
-0.89999997615814209000 -0.00570734916254878044
-0.88999998569488525400 -0.00571702001616358757
-0.87999999523162841800 -0.00570236612111330033
-0.87000000476837158200 -0.00569316698238253594
-0.86000001430511474600 -0.00569924898445606232
-0.85000002384185791000 -0.00569930113852024079
-0.83999997377395629900 -0.00571547308936715126
-0.82999998331069946300 -0.00572934607043862343
-0.81999999284744262700 -0.00572392204776406288
-0.81000000238418579100 -0.00572052784264087677
-0.80000001192092895500 -0.00571453291922807694
-0.79000002145767211900 -0.00571695622056722641
-0.77999997138977050800 -0.00571530777961015701
-0.76999998092651367200 -0.00570760713890194893
-0.75999999046325683600 -0.00571165978908538819
-0.75000000000000000000 -0.00572516210377216339
-0.74000000953674316400 -0.00573683297261595726
-0.73000001907348632800 -0.00573778618127107620
-0.72000002861022949200 -0.00574107794091105461
-0.70999997854232788100 -0.00572774605825543404
-0.69999998807907104500 -0.00571949081495404244
-0.68999999761581420900 -0.00572022283449769020
-0.68000000715255737300 -0.00570749677717685700
-0.67000001668930053700 -0.00569058582186698914
-0.66000002622604370100 -0.00570194702595472336
-0.64999997615814209000 -0.00570361083373427391
-0.63999998569488525400 -0.00570324016734957695
-0.62999999523162841800 -0.00571347819641232491
-0.62000000476837158200 -0.00570166995748877526
-0.61000001430511474600 -0.00567282317206263542
-0.60000002384185791000 -0.00568170612677931786
-0.58999997377395629900 -0.00567031512036919594
-0.57999998331069946300 -0.00565293617546558380
-0.56999999284744262700 -0.00566233415156602860
-0.56000000238418579100 -0.00566634396091103554
-0.55000001192092895500 -0.00567487487569451332
-0.54000002145767211900 -0.00569199211895465851
-0.52999997138977050800 -0.00569736678153276444
-0.51999998092651367200 -0.00569001119583845139
-0.50999999046325683600 -0.00567572889849543572
-0.50000000000000000000 -0.00568206422030925751
-0.49000000953674316400 -0.00567510211840271950
-0.47999998927116394000 -0.00566824013367295265
-0.46999999880790710400 -0.00566810183227062226
-0.46000000834465026800 -0.00567243807017803192
-0.44999998807907104500 -0.00569194508716464043
-0.43999999761581420900 -0.00569193996489048004
-0.43000000715255737300 -0.00569644384086132050
-0.41999998688697814900 -0.00569315301254391670
-0.40999999642372131300 -0.00566900614649057388
-0.40000000596046447700 -0.00567652191966772080
-0.38999998569488525400 -0.00567644089460372925
-0.37999999523162841800 -0.00565539207309484482
-0.37000000476837158200 -0.00565867405384778977
-0.36000001430511474600 -0.00567331211641430855
-0.34999999403953552200 -0.00567073887214064598
-0.34000000357627868600 -0.00567563995718955994
-0.33000001311302185100 -0.00568592082709074021
-0.31999999284744262700 -0.00566494418308138848
-0.31000000238418579100 -0.00565151590853929520
-0.30000001192092895500 -0.00566619820892810822
-0.28999999165534973100 -0.00564426695927977562
-0.28000000119209289500 -0.00563838006928563118
-0.27000001072883606000 -0.00565112195909023285
-0.25999999046325683600 -0.00565335387364029885
-0.25000000000000000000 -0.00566831603646278382
-0.23999999463558197000 -0.00568022904917597771
-0.23000000417232513400 -0.00567637011408805847
-0.21999999880790710400 -0.00566540611907839775
-0.20999999344348907500 -0.00566953979432582855
-0.20000000298023223900 -0.00566257908940315247
-0.18999999761581420900 -0.00564946513622999191
-0.18000000715255737300 -0.00565429776906967163
-0.17000000178813934300 -0.00565227679908275604
-0.15999999642372131300 -0.00566535210236907006
-0.15000000596046447800 -0.00567894894629716873
-0.14000000059604644800 -0.00567758409306406975
-0.12999999523162841800 -0.00567082082852721214
-0.11999999731779098500 -0.00565671222284436226
-0.10999999940395355200 -0.00564332585781812668
-0.10000000149011611900 -0.00564029812812805176
-0.09000000357627868650 -0.00562480511143803597
-0.07999999821186065670 -0.00560976006090641022
-0.07000000029802322390 -0.00561680877581238747
-0.05999999865889549260 -0.00562475482001900673
-0.05000000074505805970 -0.00561975594609975815
-0.03999999910593032840 -0.00563111389055848122
-0.02999999932944774630 -0.00562461093068122864
-0.01999999955296516420 -0.00559274200350046158
-0.00999999977648258210 -0.00561108486726880074
0.00000000000000000000 -0.00560818798840045929
0.00999999977648258210 -0.00559582188725471497
0.01999999955296516420 -0.00558921694755554199
0.02999999932944774630 -0.00560437003150582314
0.03999999910593032840 -0.00560637377202510834
0.05000000074505805970 -0.00561733683571219444
0.05999999865889549260 -0.00563630415126681328
0.07000000029802322390 -0.00561854708939790726
0.07999999821186065670 -0.00560614094138145447
0.09000000357627868650 -0.00562014197930693627
0.10000000149011611900 -0.00560571905225515366
0.10999999940395355200 -0.00558695103973150253
0.11999999731779098500 -0.00559390289708971977
0.12999999523162841800 -0.00559199787676334381
0.14000000059604644800 -0.00560005288571119309
0.15000000596046447800 -0.00561580387875437737
0.15999999642372131300 -0.00560943689197301865
0.17000000178813934300 -0.00560145499184727669
0.18000000715255737300 -0.00558461295440793038
0.18999999761581420900 -0.00557907577604055405
0.20000000298023223900 -0.00557132111862301827
0.20999999344348907500 -0.00555615499615669251
0.21999999880790710400 -0.00554076721891760826
0.23000000417232513400 -0.00554326595738530159
0.23999999463558197000 -0.00554780010133981705
0.25000000000000000000 -0.00554562220349907875
0.25999999046325683600 -0.00554940104484558106
0.27000001072883606000 -0.00552994292229413986
0.28000000119209289500 -0.00549427419900894165
0.28999999165534973100 -0.00549427699297666550
0.30000001192092895500 -0.00547408498823642731
0.31000000238418579100 -0.00542823085561394692
0.31999999284744262700 -0.00540999323129653931
0.33000001311302185100 -0.00538927689194679260
0.34000000357627868600 -0.00535048078745603562
0.34999999403953552200 -0.00531548820436000824
0.36000001430511474600 -0.00526744686067104340
0.37000000476837158200 -0.00519213685765862465
0.37999999523162841800 -0.00511890416964888573
0.38999998569488525400 -0.00504888920113444328
0.40000000596046447700 -0.00495567079633474350
0.40999999642372131300 -0.00485734920948743820
0.41999998688697814900 -0.00476163486018776894
0.43000000715255737300 -0.00465202797204256058
0.43999999761581420900 -0.00454086810350418091
0.44999998807907104500 -0.00441684108227491379
0.46000000834465026800 -0.00428077904507517815
0.46999999880790710400 -0.00413532089442014694
0.47999998927116394000 -0.00398671720176935196
0.49000000953674316400 -0.00383215490728616715
0.50000000000000000000 -0.00367157394066452980
0.50999999046325683600 -0.00350770005024969578
0.51999998092651367200 -0.00334013695828616619
0.52999997138977050800 -0.00317575898952782154
0.54000002145767211900 -0.00300149503163993359
0.55000001192092895500 -0.00282346201129257679
0.56000000238418579100 -0.00264262803830206394
0.56999999284744262700 -0.00245193904265761376
0.57999998331069946300 -0.00226383097469806671
0.58999997377395629900 -0.00207386910915374756
0.60000002384185791000 -0.00187472894322127104
0.61000001430511474600 -0.00167750101536512375
0.62000000476837158200 -0.00148166704457253218
0.62999999523162841800 -0.00128060101997107267
0.63999998569488525400 -0.00107834697701036930
0.64999997615814209000 -0.00082996982382610440
0.66000002622604370100 -0.00063411641167476773
0.67000001668930053700 -0.00043504819041118026
0.68000000715255737300 -0.00023543939460068941
0.68999999761581420900 -0.00003249751171097159
0.69999998807907104500 0.00017183400632347912
0.70999997854232788100 0.00037621730007231236
0.72000002861022949200 0.00058033101959154010
0.73000001907348632800 0.00078803970245644450
0.74000000953674316400 0.00099622283596545458
0.75000000000000000000 0.00126348203048110008
0.75999999046325683600 0.00148339301813393831
0.76999998092651367200 0.00170443695969879627
0.77999997138977050800 0.00192617496941238642
0.79000002145767211900 0.00215043500065803528
0.80000001192092895500 0.00237483507953584194
0.81000000238418579100 0.00259904796257615090
0.81999999284744262700 0.00282533396966755390
0.82999998331069946300 0.00305203604511916638
0.83999997377395629900 0.00327793695032596588
0.85000002384185791000 0.00350442202761769295
0.86000001430511474600 0.00373243796639144421
0.87000000476837158200 0.00396115612238645554
0.87999999523162841800 0.00418991502374410629
0.88999998569488525400 0.00442103389650583267
0.89999997615814209000 0.00465129921212792397
0.91000002622604370100 0.00488207302987575531
0.92000001668930053700 0.00511424895375967026
0.93000000715255737300 0.00534541998058557511
0.93999999761581420900 0.00557798705995082855
0.94999998807907104500 0.00581059092655777931
0.95999997854232788100 0.00604295311495661736
0.97000002861022949200 0.00627661915495991707
0.98000001907348632800 0.00651059998199343682
0.99000000953674316400 0.00674433493986725807
1.00000000000000000000 0.00697908177971839905
