-1.00000000000000000000 -0.00562443584203720093
-0.99000000953674316400 -0.00564204994589090347
-0.98000001907348632800 -0.00565407006070017815
-0.97000002861022949200 -0.00561561621725559235
-0.95999997854232788100 -0.00562509801238775253
-0.94999998807907104500 -0.00564491283148527146
-0.93999999761581420900 -0.00563641218468546868
-0.93000000715255737300 -0.00564990891143679619
-0.92000001668930053700 -0.00566642917692661286
-0.91000002622604370100 -0.00563896493986248970
-0.89999997615814209000 -0.00562659790739417076
-0.88999998569488525400 -0.00564705999568104744
-0.87999999523162841800 -0.00562335504218935967
-0.87000000476837158200 -0.00561183411628007889
-0.86000001430511474600 -0.00562834087759256363
-0.85000002384185791000 -0.00562513107433915138
-0.83999997377395629900 -0.00563955679535865784
-0.82999998331069946300 -0.00564829912036657334
-0.81999999284744262700 -0.00563449086621403694
-0.81000000238418579100 -0.00562527403235435486
-0.80000001192092895500 -0.00563058303669095040
-0.79000002145767211900 -0.00561994686722755432
-0.77999997138977050800 -0.00561355706304311752
-0.76999998092651367200 -0.00561272678896784783
-0.75999999046325683600 -0.00561459502205252648
-0.75000000000000000000 -0.00563344918191432953
-0.74000000953674316400 -0.00563929695636034012
-0.73000001907348632800 -0.00564424600452184677
-0.72000002861022949200 -0.00563865480944514275
-0.70999997854232788100 -0.00562125816941261292
-0.69999998807907104500 -0.00562799395993351937
-0.68999999761581420900 -0.00562922609969973564
-0.68000000715255737300 -0.00560899497941136360
-0.67000001668930053700 -0.00560219492763280869
-0.66000002622604370100 -0.00562337180599570275
-0.64999997615814209000 -0.00562632316723465920
-0.63999998569488525400 -0.00563125219196081162
-0.62999999523162841800 -0.00563961919397115708
-0.62000000476837158200 -0.00562097178772091866
-0.61000001430511474600 -0.00560366408899426460
-0.60000002384185791000 -0.00562505191192030907
-0.58999997377395629900 -0.00560015579685568810
-0.57999998331069946300 -0.00558389676734805107
-0.56999999284744262700 -0.00559943122789263725
-0.56000000238418579100 -0.00559944007545709610
-0.55000001192092895500 -0.00560829183086752892
-0.54000002145767211900 -0.00562852108851075173
-0.52999997138977050800 -0.00561920786276459694
-0.51999998092651367200 -0.00560667505487799645
-0.50999999046325683600 -0.00562433898448944092
-0.50000000000000000000 -0.00561387790367007256
-0.49000000953674316400 -0.00559753598645329476
-0.47999998927116394000 -0.00561162177473306656
-0.46999999880790710400 -0.00560842500999569893
-0.46000000834465026800 -0.00562166981399059296
-0.44999998807907104500 -0.00564290815964341164
-0.43999999761581420900 -0.00563464500010013580
-0.43000000715255737300 -0.00562960281968116760
-0.41999998688697814900 -0.00562119716778397560
-0.40999999642372131300 -0.00561500201001763344
-0.40000000596046447700 -0.00561424577608704567
-0.38999998569488525400 -0.00560931116342544556
-0.37999999523162841800 -0.00559745309874415398
-0.37000000476837158200 -0.00561322318390011788
-0.36000001430511474600 -0.00562752317637205124
-0.34999999403953552200 -0.00562579184770584107
-0.34000000357627868600 -0.00563025008887052536
-0.33000001311302185100 -0.00562433479353785515
-0.31999999284744262700 -0.00560228386893868447
-0.31000000238418579100 -0.00561382714658975601
-0.30000001192092895500 -0.00560758588835597038
-0.28999999165534973100 -0.00558005785569548607
-0.28000000119209289500 -0.00559465214610099793
-0.27000001072883606000 -0.00560273602604866028
-0.25999999046325683600 -0.00560325477272272110
-0.25000000000000000000 -0.00561824301257729530
-0.23999999463558197000 -0.00561355007812380791
-0.23000000417232513400 -0.00558132492005825043
-0.21999999880790710400 -0.00560182798653841019
-0.20999999344348907500 -0.00559601699933409691
-0.20000000298023223900 -0.00557187013328075409
-0.18999999761581420900 -0.00558530492708086968
-0.18000000715255737300 -0.00558978877961635590
-0.17000000178813934300 -0.00559677416458725929
-0.15999999642372131300 -0.00560925714671611786
-0.15000000596046447800 -0.00561965908855199814
-0.14000000059604644800 -0.00559990620240569115
-0.12999999523162841800 -0.00558803603053092957
-0.11999999731779098500 -0.00559575296938419342
-0.10999999940395355200 -0.00558750098571181297
-0.10000000149011611900 -0.00557806715369224549
-0.09000000357627868650 -0.00557656120508909226
-0.07999999821186065670 -0.00558407092466950417
-0.07000000029802322390 -0.00560488784685730934
-0.05999999865889549260 -0.00560040818527340889
-0.05000000074505805970 -0.00558843184262514115
-0.03999999910593032840 -0.00558445183560252190
-0.02999999932944774630 -0.00556830409914255142
-0.01999999955296516420 -0.00556579185649752617
-0.00999999977648258210 -0.00555969914421439171
0.00000000000000000000 -0.00553790619596838951
0.00999999977648258210 -0.00554703082889318466
0.01999999955296516420 -0.00556191708892583847
0.02999999932944774630 -0.00557120982557535172
0.03999999910593032840 -0.00556875718757510185
0.05000000074505805970 -0.00558587815612554550
0.05999999865889549260 -0.00556712411344051361
0.07000000029802322390 -0.00555589189752936363
0.07999999821186065670 -0.00557100586593151093
0.09000000357627868650 -0.00555875478312373162
0.10000000149011611900 -0.00553924916312098503
0.10999999940395355200 -0.00556368380784988404
0.11999999731779098500 -0.00556156784296035767
0.12999999523162841800 -0.00556318322196602822
0.14000000059604644800 -0.00558449001982808113
0.15000000596046447800 -0.00556014291942119599
0.15999999642372131300 -0.00553305307403206825
0.17000000178813934300 -0.00554896891117095947
0.18000000715255737300 -0.00553138786926865578
0.18999999761581420900 -0.00550372293218970299
0.20000000298023223900 -0.00551141798496246338
0.20999999344348907500 -0.00549986306577920914
0.21999999880790710400 -0.00550381187349557877
0.23000000417232513400 -0.00551403220742940903
0.23999999463558197000 -0.00549329398199915886
0.25000000000000000000 -0.00547254784032702446
0.25999999046325683600 -0.00545611279085278511
0.27000001072883606000 -0.00543749518692493439
0.28000000119209289500 -0.00542117515578866005
0.28999999165534973100 -0.00540053192526102066
0.30000001192092895500 -0.00537902396172285080
0.31000000238418579100 -0.00537576805800199509
0.31999999284744262700 -0.00537439482286572457
0.33000001311302185100 -0.00535176089033484459
0.34000000357627868600 -0.00533130811527371407
0.34999999403953552200 -0.00529776792973279953
0.36000001430511474600 -0.00527025712653994560
0.37000000476837158200 -0.00525000691413879395
0.37999999523162841800 -0.00520623521879315376
0.38999998569488525400 -0.00517245009541511536
0.40000000596046447700 -0.00515203317627310753
0.40999999642372131300 -0.00512818805873394013
0.41999998688697814900 -0.00509073492139577866
0.43000000715255737300 -0.00506774894893169403
0.43999999761581420900 -0.00501391477882862091
0.44999998807907104500 -0.00495269522070884705
0.46000000834465026800 -0.00492173014208674431
0.46999999880790710400 -0.00486893020570278168
0.47999998927116394000 -0.00479770079255104065
0.49000000953674316400 -0.00475099682807922363
0.50000000000000000000 -0.00469752307981252670
0.50999999046325683600 -0.00463577685877680779
0.51999998092651367200 -0.00457761902362108231
0.52999997138977050800 -0.00449660001322627068
0.54000002145767211900 -0.00440186215564608574
0.55000001192092895500 -0.00431413622573018074
0.56000000238418579100 -0.00420242082327604294
0.56999999284744262700 -0.00407222798094153404
0.57999998331069946300 -0.00394378090277314186
0.58999997377395629900 -0.00378644000738859177
0.60000002384185791000 -0.00361215695738792420
0.61000001430511474600 -0.00341876293532550335
0.62000000476837158200 -0.00317866192199289799
0.62999999523162841800 -0.00290635903365910053
0.63999998569488525400 -0.00259769801050424576
0.64999997615814209000 -0.00225619203411042690
0.66000002622604370100 -0.00188061094377189875
0.67000001668930053700 -0.00146930594928562641
0.68000000715255737300 -0.00102315295953303576
0.68999999761581420900 -0.00054925528820604086
0.69999998807907104500 -0.00007520731014665216
0.70999997854232788100 0.00041180598782375455
0.72000002861022949200 0.00092960312031209469
0.73000001907348632800 0.00155918300151824951
0.74000000953674316400 0.00216164393350481987
0.75000000000000000000 0.00279120891354978085
0.75999999046325683600 0.00343941105529665947
0.76999998092651367200 0.00409687589854001999
0.77999997138977050800 0.00477535789832472801
0.79000002145767211900 0.00547182699665427208
0.80000001192092895500 0.00617920793592929840
0.81000000238418579100 0.00691044190898537636
0.81999999284744262700 0.00767245795577764511
0.82999998331069946300 0.00851450581103563309
0.83999997377395629900 0.00933463312685489655
0.85000002384185791000 0.01015236042439937590
0.86000001430511474600 0.01046423986554145810
0.87000000476837158200 0.01126149017363786700
0.87999999523162841800 0.01208491995930671690
0.88999998569488525400 0.01293978001922369000
0.89999997615814209000 0.01378430984914302830
0.91000002622604370100 0.01451379992067813870
0.92000001668930053700 0.01501659024506807330
0.93000000715255737300 0.01551683992147445680
0.93999999761581420900 0.01563131995499134060
0.94999998807907104500 0.01570424064993858340
0.95999997854232788100 0.01580709964036941530
0.97000002861022949200 0.01587603054940700530
0.98000001907348632800 0.01599257066845893860
0.99000000953674316400 0.01611381955444812770
1.00000000000000000000 0.01618772000074386600
