-1.00000000000000000000 -0.00007516764890169725
-0.99000000953674316400 -0.00007476654718630016
-0.98000001907348632800 -0.00007441382331307977
-0.97000002861022949200 -0.00007395489228656515
-0.95999997854232788100 -0.00007348655344685540
-0.94999998807907104500 -0.00007301417645066977
-0.93999999761581420900 -0.00007265106250997633
-0.93000000715255737300 -0.00007209701288957149
-0.92000001668930053700 -0.00007180034299381077
-0.91000002622604370100 -0.00007139139779610559
-0.89999997615814209000 -0.00007090035069268197
-0.88999998569488525400 -0.00007068451668601483
-0.87999999523162841800 -0.00007020052726147696
-0.87000000476837158200 -0.00006961915642023087
-0.86000001430511474600 -0.00006925035995664075
-0.85000002384185791000 -0.00006883849709993228
-0.83999997377395629900 -0.00006825701711932197
-0.82999998331069946300 -0.00006798346294090152
-0.81999999284744262700 -0.00006751379260094836
-0.81000000238418579100 -0.00006713684706483036
-0.80000001192092895500 -0.00006680659862468019
-0.79000002145767211900 -0.00006626036338275298
-0.77999997138977050800 -0.00006585358642041683
-0.76999998092651367200 -0.00006544437928823754
-0.75999999046325683600 -0.00006494273839052767
-0.75000000000000000000 -0.00006449747888837010
-0.74000000953674316400 -0.00006420919817173854
-0.73000001907348632800 -0.00006360238330671564
-0.72000002861022949200 -0.00006333015335258096
-0.70999997854232788100 -0.00006286824645940214
-0.69999998807907104500 -0.00006242278323043138
-0.68999999761581420900 -0.00006207117257872596
-0.68000000715255737300 -0.00006167009269120172
-0.67000001668930053700 -0.00006110090907895938
-0.66000002622604370100 -0.00006069106166251004
-0.64999997615814209000 -0.00006036669947206974
-0.63999998569488525400 -0.00005972263898001984
-0.62999999523162841800 -0.00005938384128967300
-0.62000000476837158200 -0.00005885233986191452
-0.61000001430511474600 -0.00005837231947225519
-0.60000002384185791000 -0.00005809275899082422
-0.58999997377395629900 -0.00005758606130257249
-0.57999998331069946300 -0.00005707066884497181
-0.56999999284744262700 -0.00005666663128067739
-0.56000000238418579100 -0.00005619864896289073
-0.55000001192092895500 -0.00005563674130826257
-0.54000002145767211900 -0.00005530973066925071
-0.52999997138977050800 -0.00005472100019687787
-0.51999998092651367200 -0.00005433223122963682
-0.50999999046325683600 -0.00005397819040808827
-0.50000000000000000000 -0.00005346705074771307
-0.49000000953674316400 -0.00005304111982695758
-0.47999998927116394000 -0.00005265351865091361
-0.46999999880790710400 -0.00005211709139985032
-0.46000000834465026800 -0.00005166903065401129
-0.44999998807907104500 -0.00005128383054398000
-0.43999999761581420900 -0.00005073784996056929
-0.43000000715255737300 -0.00005039362076786347
-0.41999998688697814900 -0.00005001590034225956
-0.40999999642372131300 -0.00004946842091158032
-0.40000000596046447700 -0.00004912212170893326
-0.38999998569488525400 -0.00004870595148531720
-0.37999999523162841800 -0.00004817426088266075
-0.37000000476837158200 -0.00004772856118506752
-0.36000001430511474600 -0.00004730555156129412
-0.34999999403953552200 -0.00004671737042372115
-0.34000000357627868600 -0.00004636348967324011
-0.33000001311302185100 -0.00004585251008393243
-0.31999999284744262700 -0.00004547584831016138
-0.31000000238418579100 -0.00004509666905505583
-0.30000001192092895500 -0.00004462233118829317
-0.28999999165534973100 -0.00004411741974763572
-0.28000000119209289500 -0.00004369276939542033
-0.27000001072883606000 -0.00004324148903833702
-0.25999999046325683600 -0.00004265817915438674
-0.25000000000000000000 -0.00004238633118802682
-0.23999999463558197000 -0.00004178789822617546
-0.23000000417232513400 -0.00004144536069361493
-0.21999999880790710400 -0.00004114331022719853
-0.20999999344348907500 -0.00004057485057273880
-0.20000000298023223900 -0.00004010786869912408
-0.18999999761581420900 -0.00003970726902480237
-0.18000000715255737300 -0.00003920808012480848
-0.17000000178813934300 -0.00003882389864884317
-0.15999999642372131300 -0.00003846206891466863
-0.15000000596046447800 -0.00003788049070863053
-0.14000000059604644800 -0.00003756467049242929
-0.12999999523162841800 -0.00003714911872521043
-0.11999999731779098500 -0.00003663380994112231
-0.10999999940395355200 -0.00003621873838710599
-0.10000000149011611900 -0.00003576126982807182
-0.09000000357627868650 -0.00003525118881952949
-0.07999999821186065670 -0.00003482593092485331
-0.07000000029802322390 -0.00003442501838435419
-0.05999999865889549260 -0.00003387530159670860
-0.05000000074505805970 -0.00003356695015099831
-0.03999999910593032840 -0.00003303885023342445
-0.02999999932944774630 -0.00003259012009948492
-0.01999999955296516420 -0.00003223889871151187
-0.00999999977648258210 -0.00003170080162817612
0.00000000000000000000 -0.00003119519897154532
0.00999999977648258210 -0.00003077915971516632
0.01999999955296516420 -0.00003036517955479212
0.02999999932944774630 -0.00002982994919875637
0.03999999910593032840 -0.00002948157089122105
0.05000000074505805970 -0.00002894170029321685
0.05999999865889549260 -0.00002853734986274503
0.07000000029802322390 -0.00002817968925228342
0.07999999821186065670 -0.00002769881939457264
0.09000000357627868650 -0.00002722881072259042
0.10000000149011611900 -0.00002682231934159063
0.10999999940395355200 -0.00002633601980051026
0.11999999731779098500 -0.00002579246029199567
0.12999999523162841800 -0.00002543620030337479
0.14000000059604644800 -0.00002488368954800535
0.15000000596046447800 -0.00002447519909765106
0.15999999642372131300 -0.00002411551940895151
0.17000000178813934300 -0.00002362789928156417
0.18000000715255737300 -0.00002325422065041494
0.18999999761581420900 -0.00002280623994010966
0.20000000298023223900 -0.00002232004044344649
0.20999999344348907500 -0.00002185061930504162
0.21999999880790710400 -0.00002148556086467579
0.23000000417232513400 -0.00002091269925585948
0.23999999463558197000 -0.00002055180084425956
0.25000000000000000000 -0.00002010870048252400
0.25999999046325683600 -0.00001964741022675298
0.27000001072883606000 -0.00001930614052980673
0.28000000119209289500 -0.00001886850986920763
0.28999999165534973100 -0.00001840178993006703
0.30000001192092895500 -0.00001794357922335621
0.31000000238418579100 -0.00001754743971105199
0.31999999284744262700 -0.00001697662992228288
0.33000001311302185100 -0.00001660443012951873
0.34000000357627868600 -0.00001613542008271907
0.34999999403953552200 -0.00001567036997585092
0.36000001430511474600 -0.00001528303073428106
0.37000000476837158200 -0.00001485467964812415
0.37999999523162841800 -0.00001436701040802291
0.38999998569488525400 -0.00001395642993884394
0.40000000596046447700 -0.00001352894014416961
0.40999999642372131300 -0.00001296865957556292
0.41999998688697814900 -0.00001262769001186825
0.43000000715255737300 -0.00001210099981108215
0.43999999761581420900 -0.00001165216963272542
0.44999998807907104500 -0.00001124722984968685
0.46000000834465026800 -0.00001081984009942971
0.46999999880790710400 -0.00001039316975948168
0.47999998927116394000 -0.00000992818058875855
0.49000000953674316400 -0.00000960432134888833
0.50000000000000000000 -0.00000909407481231028
0.50999999046325683600 -0.00000860620457387995
0.51999998092651367200 -0.00000821689263830194
0.52999997138977050800 -0.00000777500463300385
0.54000002145767211900 -0.00000723752009434975
0.55000001192092895500 -0.00000692317098582862
0.56000000238418579100 -0.00000636524009678396
0.56999999284744262700 -0.00000596411200604052
0.57999998331069946300 -0.00000566043900107616
0.58999997377395629900 -0.00000511916596224182
0.60000002384185791000 -0.00000468350481241941
0.61000001430511474600 -0.00000427780287282076
0.62000000476837158200 -0.00000376509592570073
0.62999999523162841800 -0.00000328391593029664
0.63999998569488525400 -0.00000296016310130653
0.64999997615814209000 -0.00000236899995798012
0.66000002622604370100 -0.00000200246699932904
0.67000001668930053700 -0.00000164074799613445
0.68000000715255737300 -0.00000112414102204639
0.68999999761581420900 -0.00000066699982426144
0.69999998807907104500 -0.00000032278660455631
0.70999997854232788100 0.00000071829987291494
0.72000002861022949200 0.00000075197692694928
0.73000001907348632800 0.00000118034597562655
0.74000000953674316400 0.00000173239004652714
0.75000000000000000000 0.00000211414590012282
0.75999999046325683600 0.00000255901704804273
0.76999998092651367200 0.00000300213196169352
0.77999997138977050800 0.00000336765606334666
0.79000002145767211900 0.00000377907690563006
0.80000001192092895500 0.00000425373400503304
0.81000000238418579100 0.00000468662483399385
0.81999999284744262700 0.00000508083212480415
0.82999998331069946300 0.00000562168406759156
0.83999997377395629900 0.00000596324116486358
0.85000002384185791000 0.00000645399086351972
0.86000001430511474600 0.00000690110482537420
0.87000000476837158200 0.00000727829592506168
0.87999999523162841800 0.00000769809776102193
0.88999998569488525400 0.00000814310988062061
0.89999997615814209000 0.00000855005964695010
0.91000002622604370100 0.00000900305894901976
0.92000001668930053700 0.00000950141929934034
0.93000000715255737300 0.00000984650523605524
0.93999999761581420900 0.00001038116988638649
0.94999998807907104500 0.00001084038012777455
0.95999997854232788100 0.00001114816041081212
0.97000002861022949200 0.00001164243985840585
0.98000001907348632800 0.00001208507001138059
0.99000000953674316400 0.00001237597007275326
1.00000000000000000000 0.00001291710032091942
