-1.00000000000000000000 -0.00552428979426622391
-0.99000000953674316400 -0.00553771713748574257
-0.98000001907348632800 -0.00554592488333582878
-0.97000002861022949200 -0.00555790681391954422
-0.95999997854232788100 -0.00556862680241465569
-0.94999998807907104500 -0.00556705286726355553
-0.93999999761581420900 -0.00554165197536349297
-0.93000000715255737300 -0.00555199105292558670
-0.92000001668930053700 -0.00554809486493468285
-0.91000002622604370100 -0.00552840111777186394
-0.89999997615814209000 -0.00553851481527090073
-0.88999998569488525400 -0.00554115092381834984
-0.87999999523162841800 -0.00554734282195568085
-0.87000000476837158200 -0.00556714180856943131
-0.86000001430511474600 -0.00556714087724685669
-0.85000002384185791000 -0.00555365206673741341
-0.83999997377395629900 -0.00554954912513494492
-0.82999998331069946300 -0.00554935820400714874
-0.81999999284744262700 -0.00554330414161086083
-0.81000000238418579100 -0.00553715089336037636
-0.80000001192092895500 -0.00552882812917232514
-0.79000002145767211900 -0.00554049620404839516
-0.77999997138977050800 -0.00555909611284732819
-0.76999998092651367200 -0.00555551098659634590
-0.75999999046325683600 -0.00555565021932125092
-0.75000000000000000000 -0.00555725023150444031
-0.74000000953674316400 -0.00553734600543975830
-0.73000001907348632800 -0.00554657122120261192
-0.72000002861022949200 -0.00553853577002882958
-0.70999997854232788100 -0.00552097707986831665
-0.69999998807907104500 -0.00553274620324373245
-0.68999999761581420900 -0.00554903503507375717
-0.68000000715255737300 -0.00555163901299238205
-0.67000001668930053700 -0.00556229799985885620
-0.66000002622604370100 -0.00556300999596714974
-0.64999997615814209000 -0.00553169287741184235
-0.63999998569488525400 -0.00554773211479187012
-0.62999999523162841800 -0.00554463500156998635
-0.62000000476837158200 -0.00551341287791728974
-0.61000001430511474600 -0.00552642298862338066
-0.60000002384185791000 -0.00553328078240156174
-0.58999997377395629900 -0.00554101308807730675
-0.57999998331069946300 -0.00555279292166233063
-0.56999999284744262700 -0.00555908493697643280
-0.56000000238418579100 -0.00553674204275012016
-0.55000001192092895500 -0.00552802998572587967
-0.54000002145767211900 -0.00554139679297804833
-0.52999997138977050800 -0.00552739109843969345
-0.51999998092651367200 -0.00551917310804128647
-0.50999999046325683600 -0.00552384182810783386
-0.50000000000000000000 -0.00552896922454237938
-0.49000000953674316400 -0.00554314209148287773
-0.47999998927116394000 -0.00555277615785598755
-0.46999999880790710400 -0.00554660800844430924
-0.46000000834465026800 -0.00553730595856904984
-0.44999998807907104500 -0.00552836479619145394
-0.43999999761581420900 -0.00553095992654561997
-0.43000000715255737300 -0.00552486116066575051
-0.41999998688697814900 -0.00551457190886139870
-0.40999999642372131300 -0.00551882712170481682
-0.40000000596046447700 -0.00553355086594820023
-0.38999998569488525400 -0.00553806498646736145
-0.37999999523162841800 -0.00554453395307064057
-0.37000000476837158200 -0.00554802501574158669
-0.36000001430511474600 -0.00551883317530155182
-0.34999999403953552200 -0.00553197599947452545
-0.34000000357627868600 -0.00553732085973024368
-0.33000001311302185100 -0.00550209684297442436
-0.31999999284744262700 -0.00551108084619045258
-0.31000000238418579100 -0.00552801415324211121
-0.30000001192092895500 -0.00552723277360200882
-0.28999999165534973100 -0.00553144887089729309
-0.28000000119209289500 -0.00555232400074601174
-0.27000001072883606000 -0.00552383717149496079
-0.25999999046325683600 -0.00551330205053091049
-0.25000000000000000000 -0.00553283002227544785
-0.23999999463558197000 -0.00551400380209088326
-0.23000000417232513400 -0.00550293410196900368
-0.21999999880790710400 -0.00551391812041401863
-0.20999999344348907500 -0.00551087409257888794
-0.20000000298023223900 -0.00552727282047271729
-0.18999999761581420900 -0.00554029783234000206
-0.18000000715255737300 -0.00552699714899063111
-0.17000000178813934300 -0.00551219377666711807
-0.15999999642372131300 -0.00552435778081417084
-0.15000000596046447800 -0.00551248621195554733
-0.14000000059604644800 -0.00549716223031282425
-0.12999999523162841800 -0.00550078414380550385
-0.11999999731779098500 -0.00549844792112708092
-0.10999999940395355200 -0.00551709998399019242
-0.10000000149011611900 -0.00552315078675746918
-0.09000000357627868650 -0.00552056077867746353
-0.07999999821186065670 -0.00551771279424428940
-0.07000000029802322390 -0.00549989379942417145
-0.05999999865889549260 -0.00550627894699573517
-0.05000000074505805970 -0.00550886197015643120
-0.03999999910593032840 -0.00548811303451657295
-0.02999999932944774630 -0.00549001386389136315
-0.01999999955296516420 -0.00551040191203355789
-0.00999999977648258210 -0.00551043683663010597
0.00000000000000000000 -0.00551520287990570069
0.00999999977648258210 -0.00551668182015419007
0.01999999955296516420 -0.00550408707931637764
0.02999999932944774630 -0.00548629509285092354
0.03999999910593032840 -0.00550145097076892853
0.05000000074505805970 -0.00548809999600052834
0.05999999865889549260 -0.00546945212408900261
0.07000000029802322390 -0.00548065779730677605
0.07999999821186065670 -0.00548434490337967873
0.09000000357627868650 -0.00548881012946367264
0.10000000149011611900 -0.00550817791372537613
0.10999999940395355200 -0.00549068814143538475
0.11999999731779098500 -0.00547268893569707871
0.12999999523162841800 -0.00548090180382132530
0.14000000059604644800 -0.00546696316450834274
0.15000000596046447800 -0.00544247822836041451
0.15999999642372131300 -0.00544745521619915962
0.17000000178813934300 -0.00544393109157681465
0.18000000715255737300 -0.00544311618432402611
0.18999999761581420900 -0.00546104786917567253
0.20000000298023223900 -0.00544613320380449295
0.20999999344348907500 -0.00543578108772635460
0.21999999880790710400 -0.00541913323104381561
0.23000000417232513400 -0.00540878297761082649
0.23999999463558197000 -0.00539550604298710823
0.25000000000000000000 -0.00538170291110873223
0.25999999046325683600 -0.00536235608160495758
0.27000001072883606000 -0.00536239193752408028
0.28000000119209289500 -0.00536642409861087799
0.28999999165534973100 -0.00534570310264825821
0.30000001192092895500 -0.00533560710027813912
0.31000000238418579100 -0.00531046977266669274
0.31999999284744262700 -0.00528302416205406189
0.33000001311302185100 -0.00526836514472961426
0.34000000357627868600 -0.00522809103131294251
0.34999999403953552200 -0.00519767682999372482
0.36000001430511474600 -0.00518066296353936196
0.37000000476837158200 -0.00516522303223609924
0.37999999523162841800 -0.00513539882376790047
0.38999998569488525400 -0.00511676911264657974
0.40000000596046447700 -0.00506977178156375885
0.40999999642372131300 -0.00501298392191529274
0.41999998688697814900 -0.00499032018706202507
0.43000000715255737300 -0.00494117708876729012
0.43999999761581420900 -0.00487898895516991615
0.44999998807907104500 -0.00484497100114822388
0.46000000834465026800 -0.00480023119598627091
0.46999999880790710400 -0.00475276121869683266
0.47999998927116394000 -0.00471288897097110748
0.49000000953674316400 -0.00464683817699551582
0.50000000000000000000 -0.00457476591691374779
0.50999999046325683600 -0.00451173214241862297
0.51999998092651367200 -0.00443625077605247498
0.52999997138977050800 -0.00434760702773928642
0.54000002145767211900 -0.00426496611908078194
0.55000001192092895500 -0.00416947482153773308
0.56000000238418579100 -0.00407386198639869690
0.56999999284744262700 -0.00397085305303335190
0.57999998331069946300 -0.00383550790138542652
0.58999997377395629900 -0.00367757189087569714
0.60000002384185791000 -0.00349246500991284847
0.61000001430511474600 -0.00329221598803997040
0.62000000476837158200 -0.00305199692957103252
0.62999999523162841800 -0.00277401809580624104
0.63999998569488525400 -0.00246160198003053665
0.64999997615814209000 -0.00211346498690545559
0.66000002622604370100 -0.00172306899912655354
0.67000001668930053700 -0.00128002499695867300
0.68000000715255737300 -0.00077242049155756831
0.68999999761581420900 -0.00028244248824194074
0.69999998807907104500 0.00022085290402173996
0.70999997854232788100 0.00082884350558742881
0.72000002861022949200 0.00151170499157160521
0.73000001907348632800 0.00219384697265923023
0.74000000953674316400 0.00290159508585929871
0.75000000000000000000 0.00363870500586926937
0.75999999046325683600 0.00440622912719845772
0.76999998092651367200 0.00519517622888088226
0.77999997138977050800 0.00600871117785573006
0.79000002145767211900 0.00684336712583899498
0.80000001192092895500 0.00769522087648510933
0.81000000238418579100 0.00857414398342370987
0.81999999284744262700 0.00946336984634399414
0.82999998331069946300 0.01036634016782045360
0.83999997377395629900 0.01071722991764545440
0.85000002384185791000 0.01161415036767721180
0.86000001430511474600 0.01251388993114233020
0.87000000476837158200 0.01343593001365661620
0.87999999523162841800 0.01437539979815483090
0.88999998569488525400 0.01531547959893941880
0.89999997615814209000 0.01625916920602321620
0.91000002622604370100 0.01721376925706863400
0.92000001668930053700 0.01817437075078487400
0.93000000715255737300 0.01915509998798370360
0.93999999761581420900 0.02014420926570892330
0.94999998807907104500 0.02110856957733631130
0.95999997854232788100 0.02158080041408538820
0.97000002861022949200 0.02177494950592517850
0.98000001907348632800 0.02260809019207954410
0.99000000953674316400 0.02315619960427284240
1.00000000000000000000 0.02359043061733245850
