-1.00000000000000000000 -0.00603053998202085495
-0.99000000953674316400 -0.00602542003616690636
-0.98000001907348632800 -0.00600136490538716316
-0.97000002861022949200 -0.00601528584957122803
-0.95999997854232788100 -0.00600999500602483750
-0.94999998807907104500 -0.00598890800029039383
-0.93999999761581420900 -0.00599478185176849365
-0.93000000715255737300 -0.00599927315488457680
-0.92000001668930053700 -0.00601042201742529869
-0.91000002622604370100 -0.00601380411535501480
-0.89999997615814209000 -0.00602038484066724777
-0.88999998569488525400 -0.00600467901676893234
-0.87999999523162841800 -0.00598783977329730988
-0.87000000476837158200 -0.00599792599678039551
-0.86000001430511474600 -0.00599160091951489449
-0.85000002384185791000 -0.00597301498055458069
-0.83999997377395629900 -0.00597854191437363625
-0.82999998331069946300 -0.00599136110395193100
-0.81999999284744262700 -0.00599701888859272003
-0.81000000238418579100 -0.00601101107895374298
-0.80000001192092895500 -0.00601546512916684151
-0.79000002145767211900 -0.00600152602419257164
-0.77999997138977050800 -0.00599305378273129463
-0.76999998092651367200 -0.00600378215312957764
-0.75999999046325683600 -0.00599650293588638306
-0.75000000000000000000 -0.00597873283550143242
-0.74000000953674316400 -0.00599346496164798737
-0.73000001907348632800 -0.00600316515192389488
-0.72000002861022949200 -0.00601379480212926865
-0.70999997854232788100 -0.00601811008527874947
-0.69999998807907104500 -0.00601765001192688942
-0.68999999761581420900 -0.00599649781361222267
-0.68000000715255737300 -0.00599793484434485436
-0.67000001668930053700 -0.00599928712472319603
-0.66000002622604370100 -0.00597683480009436608
-0.64999997615814209000 -0.00597630487754940987
-0.63999998569488525400 -0.00597587693482637406
-0.62999999523162841800 -0.00598071003332734108
-0.62000000476837158200 -0.00598688609898090363
-0.61000001430511474600 -0.00599104398861527443
-0.60000002384185791000 -0.00598233006894588471
-0.58999997377395629900 -0.00596167799085378647
-0.57999998331069946300 -0.00597365014255046845
-0.56999999284744262700 -0.00597273418679833412
-0.56000000238418579100 -0.00595407420769333840
-0.55000001192092895500 -0.00595748098567128182
-0.54000002145767211900 -0.00597156397998332978
-0.52999997138977050800 -0.00597770279273390770
-0.51999998092651367200 -0.00599409686401486397
-0.50999999046325683600 -0.00600990606471896172
-0.50000000000000000000 -0.00599639723077416420
-0.49000000953674316400 -0.00597633002325892449
-0.47999998927116394000 -0.00599634507670998574
-0.46999999880790710400 -0.00598226208239793778
-0.46000000834465026800 -0.00596856605261564255
-0.44999998807907104500 -0.00597659312188625336
-0.43999999761581420900 -0.00597822200506925583
-0.43000000715255737300 -0.00599386682733893395
-0.41999998688697814900 -0.00600706413388252258
-0.40999999642372131300 -0.00600977288559079170
-0.40000000596046447700 -0.00599593902006745339
-0.38999998569488525400 -0.00597949884831905365
-0.37999999523162841800 -0.00598726281896233559
-0.37000000476837158200 -0.00597871094942092896
-0.36000001430511474600 -0.00595994619652628899
-0.34999999403953552200 -0.00595849612727761269
-0.34000000357627868600 -0.00596737209707498551
-0.33000001311302185100 -0.00597693677991628647
-0.31999999284744262700 -0.00598165579140186310
-0.31000000238418579100 -0.00598411587998270989
-0.30000001192092895500 -0.00597277283668518067
-0.28999999165534973100 -0.00596014410257339478
-0.28000000119209289500 -0.00596896791830658913
-0.27000001072883606000 -0.00595927191898226738
-0.25999999046325683600 -0.00594968115910887718
-0.25000000000000000000 -0.00595621019601821900
-0.23999999463558197000 -0.00596408406272530556
-0.23000000417232513400 -0.00597754120826721192
-0.21999999880790710400 -0.00598747190088033676
-0.20999999344348907500 -0.00598607677966356278
-0.20000000298023223900 -0.00596925616264343262
-0.18999999761581420900 -0.00596801005303859711
-0.18000000715255737300 -0.00597135210409760475
-0.17000000178813934300 -0.00595352984964847565
-0.15999999642372131300 -0.00595371099188923836
-0.15000000596046447800 -0.00595029722899198532
-0.14000000059604644800 -0.00596446683630347252
-0.12999999523162841800 -0.00596927013248205185
-0.11999999731779098500 -0.00597430998459458351
-0.10999999940395355200 -0.00595951406285166741
-0.10000000149011611900 -0.00593837210908532143
-0.09000000357627868650 -0.00593412108719348908
-0.07999999821186065670 -0.00592900393530726433
-0.07000000029802322390 -0.00590499583631753922
-0.05999999865889549260 -0.00590005517005920410
-0.05000000074505805970 -0.00590510014444589615
-0.03999999910593032840 -0.00591070111840963364
-0.02999999932944774630 -0.00591578381136059761
-0.01999999955296516420 -0.00592027418315410614
-0.00999999977648258210 -0.00591230718418955803
0.00000000000000000000 -0.00588887603953480721
0.00999999977648258210 -0.00589210400357842446
0.01999999955296516420 -0.00589448306709527970
0.02999999932944774630 -0.00586932105943560600
0.03999999910593032840 -0.00586688006296753884
0.05000000074505805970 -0.00587227987125515938
0.05999999865889549260 -0.00587480189278721810
0.07000000029802322390 -0.00587797584012150765
0.07999999821186065670 -0.00588714890182018280
0.09000000357627868650 -0.00586706912145018578
0.10000000149011611900 -0.00583890220150351525
0.10999999940395355200 -0.00584160489961504936
0.11999999731779098500 -0.00582804577425122261
0.12999999523162841800 -0.00579645484685897827
0.14000000059604644800 -0.00578695489093661308
0.15000000596046447800 -0.00578594300895929337
0.15999999642372131300 -0.00577538181096315384
0.17000000178813934300 -0.00576778594404459000
0.18000000715255737300 -0.00575443916022777558
0.18999999761581420900 -0.00571882678195834160
0.20000000298023223900 -0.00568097690120339394
0.20999999344348907500 -0.00566977821290493012
0.21999999880790710400 -0.00563557399436831474
0.23000000417232513400 -0.00558819808065891266
0.23999999463558197000 -0.00556104211136698723
0.25000000000000000000 -0.00553786521777510643
0.25999999046325683600 -0.00550766987726092339
0.27000001072883606000 -0.00547412596642971039
0.28000000119209289500 -0.00543395616114139557
0.28999999165534973100 -0.00536418380215764046
0.30000001192092895500 -0.00530465086922049523
0.31000000238418579100 -0.00525424396619200707
0.31999999284744262700 -0.00517797097563743591
0.33000001311302185100 -0.00510270288214087486
0.34000000357627868600 -0.00503446208313107491
0.34999999403953552200 -0.00496362894773483277
0.36000001430511474600 -0.00488311098888516426
0.37000000476837158200 -0.00480118812993168831
0.37999999523162841800 -0.00469234585762023926
0.38999998569488525400 -0.00456459401175379753
0.40000000596046447700 -0.00446482282131910324
0.40999999642372131300 -0.00434140581637620926
0.41999998688697814900 -0.00419675186276435852
0.43000000715255737300 -0.00406993506476283074
0.43999999761581420900 -0.00393908284604549408
0.44999998807907104500 -0.00380167202092707157
0.46000000834465026800 -0.00365501898340880871
0.46999999880790710400 -0.00350404088385403156
0.47999998927116394000 -0.00333835510537028313
0.49000000953674316400 -0.00316397310234606266
0.50000000000000000000 -0.00300464406609535217
0.50999999046325683600 -0.00283157499507069588
0.51999998092651367200 -0.00265037897042930126
0.52999997138977050800 -0.00248154811561107636
0.54000002145767211900 -0.00231468607671558857
0.55000001192092895500 -0.00214665010571479797
0.56000000238418579100 -0.00198150589130818844
0.56999999284744262700 -0.00181721604894846678
0.57999998331069946300 -0.00164845003746449947
0.58999997377395629900 -0.00148632400669157505
0.60000002384185791000 -0.00133379700127989054
0.61000001430511474600 -0.00118076894432306290
0.62000000476837158200 -0.00103083404246717691
0.62999999523162841800 -0.00086447631474584341
0.63999998569488525400 -0.00072167732287198305
0.64999997615814209000 -0.00058771972544491291
0.66000002622604370100 -0.00046091788681223989
0.67000001668930053700 -0.00033716059988364577
0.68000000715255737300 -0.00021548969380091876
0.68999999761581420900 -0.00009656482143327594
0.69999998807907104500 0.00002205899909313302
0.70999997854232788100 0.00014245939382817596
0.72000002861022949200 0.00026189049822278321
0.73000001907348632800 0.00038045790279284120
0.74000000953674316400 0.00049945950740948319
0.75000000000000000000 0.00061940751038491726
0.75999999046325683600 0.00074026489164680243
0.76999998092651367200 0.00086379132699221373
0.77999997138977050800 0.00098771729972213507
0.79000002145767211900 0.00117109902203083038
0.80000001192092895500 0.00130532495677471161
0.81000000238418579100 0.00144454895053058863
0.81999999284744262700 0.00158575503155589104
0.82999998331069946300 0.00172773399390280247
0.83999997377395629900 0.00187712698243558407
0.85000002384185791000 0.00202803406864404678
0.86000001430511474600 0.00218028109520673752
0.87000000476837158200 0.00233745807781815529
0.87999999523162841800 0.00249951588921248913
0.88999998569488525400 0.00266710110008716583
0.89999997615814209000 0.00283521600067615509
0.91000002622604370100 0.00300567899830639362
0.92000001668930053700 0.00317326490767300129
0.93000000715255737300 0.00334377004764974117
0.93999999761581420900 0.00352016510441899300
0.94999998807907104500 0.00369911408051848412
0.95999997854232788100 0.00387447909452021122
0.97000002861022949200 0.00405632611364126206
0.98000001907348632800 0.00425269920378923416
0.99000000953674316400 0.00445148022845387459
1.00000000000000000000 0.00465091085061430931
