-1.00000000000000000000 -0.00009277455683331937
-0.99000000953674316400 -0.00009232360753230751
-0.98000001907348632800 -0.00009156994201475754
-0.97000002861022949200 -0.00009088621300179511
-0.95999997854232788100 -0.00009024486644193530
-0.94999998807907104500 -0.00008967702888185158
-0.93999999761581420900 -0.00008929594332585111
-0.93000000715255737300 -0.00008852184691932052
-0.92000001668930053700 -0.00008801356307230890
-0.91000002622604370100 -0.00008715462899999693
-0.89999997615814209000 -0.00008660014282213524
-0.88999998569488525400 -0.00008592905942350626
-0.87999999523162841800 -0.00008552117651561275
-0.87000000476837158200 -0.00008500724652549252
-0.86000001430511474600 -0.00008449630695395172
-0.85000002384185791000 -0.00008389619324589148
-0.83999997377395629900 -0.00008333800360560417
-0.82999998331069946300 -0.00008269493264378980
-0.81999999284744262700 -0.00008216508285840973
-0.81000000238418579100 -0.00008171716763172299
-0.80000001192092895500 -0.00008102426363620907
-0.79000002145767211900 -0.00008041309774853289
-0.77999997138977050800 -0.00007994456973392516
-0.76999998092651367200 -0.00007928507693577558
-0.75999999046325683600 -0.00007889114203862846
-0.75000000000000000000 -0.00007828082743799314
-0.74000000953674316400 -0.00007758253923384473
-0.73000001907348632800 -0.00007714652747381479
-0.72000002861022949200 -0.00007668999751331285
-0.70999997854232788100 -0.00007598259253427386
-0.69999998807907104500 -0.00007546434062533081
-0.68999999761581420900 -0.00007484677189495414
-0.68000000715255737300 -0.00007432229904225096
-0.67000001668930053700 -0.00007388075755443424
-0.66000002622604370100 -0.00007333847315749153
-0.64999997615814209000 -0.00007276762335095555
-0.63999998569488525400 -0.00007222340354928747
-0.62999999523162841800 -0.00007174342317739502
-0.62000000476837158200 -0.00007102802192093804
-0.61000001430511474600 -0.00007058524352032691
-0.60000002384185791000 -0.00007007687236182392
-0.58999997377395629900 -0.00006960995233384892
-0.57999998331069946300 -0.00006912503158673644
-0.56999999284744262700 -0.00006861534347990528
-0.56000000238418579100 -0.00006800010305596516
-0.55000001192092895500 -0.00006750925240339711
-0.54000002145767211900 -0.00006693039904348552
-0.52999997138977050800 -0.00006631758151343092
-0.51999998092651367200 -0.00006578827742487192
-0.50999999046325683600 -0.00006531624967465177
-0.50000000000000000000 -0.00006482533353846520
-0.49000000953674316400 -0.00006427674816222861
-0.47999998927116394000 -0.00006382910214597359
-0.46999999880790710400 -0.00006325412687147036
-0.46000000834465026800 -0.00006269966252148151
-0.44999998807907104500 -0.00006217363261384889
-0.43999999761581420900 -0.00006156552262837067
-0.43000000715255737300 -0.00006108741217758507
-0.41999998688697814900 -0.00006055366975488141
-0.40999999642372131300 -0.00006004190072417259
-0.40000000596046447700 -0.00005937420064583421
-0.38999998569488525400 -0.00005901151962461881
-0.37999999523162841800 -0.00005846518979524262
-0.37000000476837158200 -0.00005789862916572019
-0.36000001430511474600 -0.00005747000977862626
-0.34999999403953552200 -0.00005683258132194169
-0.34000000357627868600 -0.00005644639168167487
-0.33000001311302185100 -0.00005581323057413101
-0.31999999284744262700 -0.00005529027112061158
-0.31000000238418579100 -0.00005468788003781810
-0.30000001192092895500 -0.00005433884143712930
-0.28999999165534973100 -0.00005364824028220028
-0.28000000119209289500 -0.00005323145887814462
-0.27000001072883606000 -0.00005279908145894296
-0.25999999046325683600 -0.00005215360943111591
-0.25000000000000000000 -0.00005170813165022992
-0.23999999463558197000 -0.00005116323154652491
-0.23000000417232513400 -0.00005060952025814913
-0.21999999880790710400 -0.00005004250124329701
-0.20999999344348907500 -0.00004960245132679120
-0.20000000298023223900 -0.00004897304097539745
-0.18999999761581420900 -0.00004843618080485612
-0.18000000715255737300 -0.00004797670044354163
-0.17000000178813934300 -0.00004742320015793666
-0.15999999642372131300 -0.00004690522109740414
-0.15000000596046447800 -0.00004640889892471023
-0.14000000059604644800 -0.00004594632991938852
-0.12999999523162841800 -0.00004535257176030427
-0.11999999731779098500 -0.00004485300087253563
-0.10999999940395355200 -0.00004419673859956674
-0.10000000149011611900 -0.00004380698010209017
-0.09000000357627868650 -0.00004323076063883491
-0.07999999821186065670 -0.00004267449912731536
-0.07000000029802322390 -0.00004220454138703644
-0.05999999865889549260 -0.00004166618964518420
-0.05000000074505805970 -0.00004112731039640494
-0.03999999910593032840 -0.00004060336868860759
-0.02999999932944774630 -0.00004008218820672482
-0.01999999955296516420 -0.00003951096005039290
-0.00999999977648258210 -0.00003909198858309537
0.00000000000000000000 -0.00003853559974231757
0.00999999977648258210 -0.00003797451063292101
0.01999999955296516420 -0.00003747993105207570
0.02999999932944774630 -0.00003693356848089024
0.03999999910593032840 -0.00003639327042037621
0.05000000074505805970 -0.00003590639971662313
0.05999999865889549260 -0.00003547410960891284
0.07000000029802322390 -0.00003490490053081885
0.07999999821186065670 -0.00003444711910560727
0.09000000357627868650 -0.00003382547947694547
0.10000000149011611900 -0.00003333726999699138
0.10999999940395355200 -0.00003284617923782207
0.11999999731779098500 -0.00003231990922358818
0.12999999523162841800 -0.00003178139013471082
0.14000000059604644800 -0.00003131428093183786
0.15000000596046447800 -0.00003078964073210955
0.15999999642372131300 -0.00003015870970557444
0.17000000178813934300 -0.00002974370909214485
0.18000000715255737300 -0.00002905726069002412
0.18999999761581420900 -0.00002856456012523267
0.20000000298023223900 -0.00002805523035931401
0.20999999344348907500 -0.00002762463009275962
0.21999999880790710400 -0.00002709438012971077
0.23000000417232513400 -0.00002660963946254924
0.23999999463558197000 -0.00002611785021144897
0.25000000000000000000 -0.00002555273022153415
0.25999999046325683600 -0.00002505076918168925
0.27000001072883606000 -0.00002452167973387986
0.28000000119209289500 -0.00002405123086646199
0.28999999165534973100 -0.00002344574022572488
0.30000001192092895500 -0.00002299626066815108
0.31000000238418579100 -0.00002244965071440674
0.31999999284744262700 -0.00002196655987063423
0.33000001311302185100 -0.00002141958975698799
0.34000000357627868600 -0.00002083479921566322
0.34999999403953552200 -0.00002039202081505209
0.36000001430511474600 -0.00001982859066629317
0.37000000476837158200 -0.00001937705019372515
0.37999999523162841800 -0.00001876454007287975
0.38999998569488525400 -0.00001830873043218162
0.40000000596046447700 -0.00001776427052391227
0.40999999642372131300 -0.00001733045974106062
0.41999998688697814900 -0.00001678244007052854
0.43000000715255737300 -0.00001621080991753843
0.43999999761581420900 -0.00001573795998410787
0.44999998807907104500 -0.00001519335000921274
0.46000000834465026800 -0.00001469047037971905
0.46999999880790710400 -0.00001413368954672478
0.47999998927116394000 -0.00001366700962535106
0.49000000953674316400 -0.00001308681021328084
0.50000000000000000000 -0.00001266063009097707
0.50999999046325683600 -0.00001209196034324123
0.51999998092651367200 -0.00001151319975178922
0.52999997138977050800 -0.00001105813043977832
0.54000002145767211900 -0.00001049819002219010
0.55000001192092895500 -0.00001001465989247663
0.56000000238418579100 -0.00000948445540416287
0.56999999284744262700 -0.00000907851517695235
0.57999998331069946300 -0.00000844256283016875
0.58999997377395629900 -0.00000796595759311458
0.60000002384185791000 -0.00000738342896511313
0.61000001430511474600 -0.00000696709093972459
0.62000000476837158200 -0.00000642687291474431
0.62999999523162841800 -0.00000596313293499406
0.63999998569488525400 -0.00000543185615242692
0.64999997615814209000 -0.00000485756481793942
0.66000002622604370100 -0.00000437220296589658
0.67000001668930053700 -0.00000379110701942409
0.68000000715255737300 -0.00000326133908856718
0.68999999761581420900 -0.00000211830911212019
0.69999998807907104500 0.00000218935701923328
0.70999997854232788100 0.00000142037197292666
0.72000002861022949200 0.00000184995701602020
0.73000001907348632800 0.00000235435300055542
0.74000000953674316400 0.00000289661193164648
0.75000000000000000000 0.00000334609694618848
0.75999999046325683600 0.00000390185914511676
0.76999998092651367200 0.00000437672906627995
0.77999997138977050800 0.00000491616310682730
0.79000002145767211900 0.00000534620903636096
0.80000001192092895500 0.00000593212416788447
0.81000000238418579100 0.00000632103683528840
0.81999999284744262700 0.00000683861799188890
0.82999998331069946300 0.00000737493382985122
0.83999997377395629900 0.00000782073402660899
0.85000002384185791000 0.00000837736479297746
0.86000001430511474600 0.00000886627276486252
0.87000000476837158200 0.00000938754055823665
0.87999999523162841800 0.00000984838879958261
0.88999998569488525400 0.00001044756027113181
0.89999997615814209000 0.00001089093984774081
0.91000002622604370100 0.00001131702993006911
0.92000001668930053700 0.00001184452958113980
0.93000000715255737300 0.00001231356964126462
0.93999999761581420900 0.00001281281038245652
0.94999998807907104500 0.00001337289995717583
0.95999997854232788100 0.00001380602043354884
0.97000002861022949200 0.00001438660001440439
0.98000001907348632800 0.00001484110998717370
0.99000000953674316400 0.00001539389995741658
1.00000000000000000000 0.00001580962089064997
