-1.00000000000000000000 -0.00601332401856780052
-0.99000000953674316400 -0.00602242304012179375
-0.98000001907348632800 -0.00604074401780962944
-0.97000002861022949200 -0.00604985188692808151
-0.95999997854232788100 -0.00604369211941957474
-0.94999998807907104500 -0.00602153316140174866
-0.93999999761581420900 -0.00603360822424292565
-0.93000000715255737300 -0.00603302614763379097
-0.92000001668930053700 -0.00600533885881304741
-0.91000002622604370100 -0.00601186184212565422
-0.89999997615814209000 -0.00602145306766033173
-0.88999998569488525400 -0.00603098003193736077
-0.87999999523162841800 -0.00604023505002260208
-0.87000000476837158200 -0.00605132989585399628
-0.86000001430511474600 -0.00602503819391131401
-0.85000002384185791000 -0.00600817194208502770
-0.83999997377395629900 -0.00602916209027171135
-0.82999998331069946300 -0.00601659389212727547
-0.81999999284744262700 -0.00599889410659670830
-0.81000000238418579100 -0.00600281776860356331
-0.80000001192092895500 -0.00600899895653128624
-0.79000002145767211900 -0.00601250585168600083
-0.77999997138977050800 -0.00602445192635059357
-0.76999998092651367200 -0.00601514894515275955
-0.75999999046325683600 -0.00598969217389822006
-0.75000000000000000000 -0.00599811784923076630
-0.74000000953674316400 -0.00600216491147875786
-0.73000001907348632800 -0.00597523618489503861
-0.72000002861022949200 -0.00597839802503585816
-0.70999997854232788100 -0.00599266821518540383
-0.69999998807907104500 -0.00599730713292956352
-0.68999999761581420900 -0.00601721694692969322
-0.68000000715255737300 -0.00602773111313581467
-0.67000001668930053700 -0.00600979896262288094
-0.66000002622604370100 -0.00600258493795990944
-0.64999997615814209000 -0.00602140417322516442
-0.63999998569488525400 -0.00601466186344623566
-0.62999999523162841800 -0.00600011087954044342
-0.62000000476837158200 -0.00600179191678762436
-0.61000001430511474600 -0.00601338315755128861
-0.60000002384185791000 -0.00603399891406297684
-0.58999997377395629900 -0.00603386107832193375
-0.57999998331069946300 -0.00603916402906179428
-0.56999999284744262700 -0.00602286681532859802
-0.56000000238418579100 -0.00601388700306415558
-0.55000001192092895500 -0.00602299487218260765
-0.54000002145767211900 -0.00600288994610309601
-0.52999997138977050800 -0.00599450478330254555
-0.51999998092651367200 -0.00600292813032865524
-0.50999999046325683600 -0.00600970583036541939
-0.50000000000000000000 -0.00601228978484869004
-0.49000000953674316400 -0.00602732412517070770
-0.47999998927116394000 -0.00601768121123313904
-0.46999999880790710400 -0.00599383702501654625
-0.46000000834465026800 -0.00600751116871833801
-0.44999998807907104500 -0.00600450811907649040
-0.43999999761581420900 -0.00598325999453663826
-0.43000000715255737300 -0.00599102396517992020
-0.41999998688697814900 -0.00600167410448193550
-0.40999999642372131300 -0.00600665993988513947
-0.40000000596046447700 -0.00602212082594633103
-0.38999998569488525400 -0.00602781493216753006
-0.37999999523162841800 -0.00600980687886476517
-0.37000000476837158200 -0.00599896814674139023
-0.36000001430511474600 -0.00600654585286974907
-0.34999999403953552200 -0.00599557906389236450
-0.34000000357627868600 -0.00598136195912957192
-0.33000001311302185100 -0.00599152781069278717
-0.31999999284744262700 -0.00600194418802857399
-0.31000000238418579100 -0.00600481312721967697
-0.30000001192092895500 -0.00601149909198284149
-0.28999999165534973100 -0.00600565085187554360
-0.28000000119209289500 -0.00597500707954168320
-0.27000001072883606000 -0.00597914122045040131
-0.25999999046325683600 -0.00597660895437002182
-0.25000000000000000000 -0.00594895100221037865
-0.23999999463558197000 -0.00594669906422495842
-0.23000000417232513400 -0.00595525885000824928
-0.21999999880790710400 -0.00596528593450784683
-0.20999999344348907500 -0.00596587499603629112
-0.20000000298023223900 -0.00597984204068779946
-0.18999999761581420900 -0.00597003800794482231
-0.18000000715255737300 -0.00594621105119585991
-0.17000000178813934300 -0.00596617115661501885
-0.15999999642372131300 -0.00596467079594731331
-0.15000000596046447800 -0.00594344921410083771
-0.14000000059604644800 -0.00595305114984512329
-0.12999999523162841800 -0.00596795789897441864
-0.11999999731779098500 -0.00596915790811181069
-0.10999999940395355200 -0.00598564976826310158
-0.10000000149011611900 -0.00598448002710938454
-0.09000000357627868650 -0.00595427118241786957
-0.07999999821186065670 -0.00596480211243033409
-0.07000000029802322390 -0.00596820516511797905
-0.05999999865889549260 -0.00594134815037250519
-0.05000000074505805970 -0.00593678979203104973
-0.03999999910593032840 -0.00594367319718003273
-0.02999999932944774630 -0.00594034278765320778
-0.01999999955296516420 -0.00595078896731138230
-0.00999999977648258210 -0.00595328584313392639
0.00000000000000000000 -0.00593275483697652817
0.00999999977648258210 -0.00591513514518737793
0.01999999955296516420 -0.00590795418247580528
0.02999999932944774630 -0.00589948799461126328
0.03999999910593032840 -0.00587728107348084450
0.05000000074505805970 -0.00586707098409533501
0.05999999865889549260 -0.00585779780521988869
0.07000000029802322390 -0.00586909707635641098
0.07999999821186065670 -0.00586644886061549187
0.09000000357627868650 -0.00586209911853075028
0.10000000149011611900 -0.00584004819393157959
0.10999999940395355200 -0.00580495689064264298
0.11999999731779098500 -0.00580269005149602890
0.12999999523162841800 -0.00577713409438729286
0.14000000059604644800 -0.00574526702985167504
0.15000000596046447800 -0.00573280593380331993
0.15999999642372131300 -0.00571885099634528160
0.17000000178813934300 -0.00570345204323530197
0.18000000715255737300 -0.00568609312176704407
0.18999999761581420900 -0.00565149681642651558
0.20000000298023223900 -0.00560640310868620873
0.20999999344348907500 -0.00556753203272819519
0.21999999880790710400 -0.00552774081006646156
0.23000000417232513400 -0.00547036807984113693
0.23999999463558197000 -0.00542134791612625122
0.25000000000000000000 -0.00537248281762003899
0.25999999046325683600 -0.00532571319490671158
0.27000001072883606000 -0.00528178783133625984
0.28000000119209289500 -0.00522378878667950630
0.28999999165534973100 -0.00514664500951766968
0.30000001192092895500 -0.00505995191633701325
0.31000000238418579100 -0.00499406503513455391
0.31999999284744262700 -0.00490287598222494126
0.33000001311302185100 -0.00480454415082931519
0.34000000357627868600 -0.00471465522423386574
0.34999999403953552200 -0.00461594713851809502
0.36000001430511474600 -0.00452564191073179245
0.37000000476837158200 -0.00441594189032912254
0.37999999523162841800 -0.00429865997284650803
0.38999998569488525400 -0.00416910322383046150
0.40000000596046447700 -0.00403231801465153694
0.40999999642372131300 -0.00390256894752383232
0.41999998688697814900 -0.00376198510639369488
0.43000000715255737300 -0.00360942608676850796
0.43999999761581420900 -0.00346470694057643414
0.44999998807907104500 -0.00332045601680874825
0.46000000834465026800 -0.00316975289024412632
0.46999999880790710400 -0.00301991496235132218
0.47999998927116394000 -0.00285498891025781632
0.49000000953674316400 -0.00268690008670091629
0.50000000000000000000 -0.00253349309787154198
0.50999999046325683600 -0.00237068510614335537
0.51999998092651367200 -0.00220469199120998383
0.52999997138977050800 -0.00204956298694014549
0.54000002145767211900 -0.00189691700506955385
0.55000001192092895500 -0.00174954696558415890
0.56000000238418579100 -0.00160541001241654158
0.56999999284744262700 -0.00145843194331973791
0.57999998331069946300 -0.00131314597092568874
0.58999997377395629900 -0.00117265398148447275
0.60000002384185791000 -0.00104005995672196150
0.61000001430511474600 -0.00088050932390615344
0.62000000476837158200 -0.00074697961099445820
0.62999999523162841800 -0.00062912871362641454
0.63999998569488525400 -0.00051542511209845543
0.64999997615814209000 -0.00040171921136789024
0.66000002622604370100 -0.00029331110999919474
0.67000001668930053700 -0.00018635339802131057
0.68000000715255737300 -0.00008430070738540962
0.68999999761581420900 0.00002016377948166337
0.69999998807907104500 0.00012590539699885994
0.70999997854232788100 0.00023108070308808237
0.72000002861022949200 0.00033593949046917260
0.73000001907348632800 0.00044079311192035675
0.74000000953674316400 0.00054513337090611458
0.75000000000000000000 0.00065140158403664827
0.75999999046325683600 0.00075933308107778430
0.76999998092651367200 0.00086637027561664581
0.77999997138977050800 0.00097455258946865797
0.79000002145767211900 0.00114294898230582476
0.80000001192092895500 0.00125965301413089037
0.81000000238418579100 0.00138174998573958874
0.81999999284744262700 0.00150355801451951265
0.82999998331069946300 0.00162790599279105663
0.83999997377395629900 0.00175808905623853207
0.85000002384185791000 0.00188626395538449287
0.86000001430511474600 0.00201630103401839733
0.87000000476837158200 0.00215556705370545387
0.87999999523162841800 0.00229876488447189331
0.88999998569488525400 0.00244093197397887707
0.89999997615814209000 0.00258980994112789631
0.91000002622604370100 0.00273441290482878685
0.92000001668930053700 0.00287735904566943646
0.93000000715255737300 0.00303360796533524990
0.93999999761581420900 0.00318573089316487312
0.94999998807907104500 0.00333116902038455010
0.95999997854232788100 0.00348746892996132374
0.97000002861022949200 0.00365206901915371418
0.98000001907348632800 0.00381585001014173031
0.99000000953674316400 0.00398449506610631943
1.00000000000000000000 0.00414984999224543572
