-1.00000000000000000000 -0.00572429178282618523
-0.99000000953674316400 -0.00572226615622639656
-0.98000001907348632800 -0.00571772409602999687
-0.97000002861022949200 -0.00570133514702320099
-0.95999997854232788100 -0.00571394897997379303
-0.94999998807907104500 -0.00573651120066642761
-0.93999999761581420900 -0.00572089292109012604
-0.93000000715255737300 -0.00573484599590301514
-0.92000001668930053700 -0.00573138985782861710
-0.91000002622604370100 -0.00569349899888038635
-0.89999997615814209000 -0.00570916989818215370
-0.88999998569488525400 -0.00571094686165452004
-0.87999999523162841800 -0.00566917518153786659
-0.87000000476837158200 -0.00568099180236458779
-0.86000001430511474600 -0.00570255983620882034
-0.85000002384185791000 -0.00569185102358460426
-0.83999997377395629900 -0.00570949306711554527
-0.82999998331069946300 -0.00571913411840796471
-0.81999999284744262700 -0.00568751199170947075
-0.81000000238418579100 -0.00568267283961176872
-0.80000001192092895500 -0.00570014677941799164
-0.79000002145767211900 -0.00567268719896674156
-0.77999997138977050800 -0.00566554022952914238
-0.76999998092651367200 -0.00568339321762323380
-0.75999999046325683600 -0.00567472493276000023
-0.75000000000000000000 -0.00569140585139393807
-0.74000000953674316400 -0.00570497289299964905
-0.73000001907348632800 -0.00568747101351618767
-0.72000002861022949200 -0.00567838177084922791
-0.70999997854232788100 -0.00567997898906469345
-0.69999998807907104500 -0.00566278118640184403
-0.68999999761581420900 -0.00565474387258291245
-0.68000000715255737300 -0.00565038295462727547
-0.67000001668930053700 -0.00564269023016095162
-0.66000002622604370100 -0.00566012505441904068
-0.64999997615814209000 -0.00566324591636657715
-0.63999998569488525400 -0.00566147407516837120
-0.62999999523162841800 -0.00565225491300225258
-0.62000000476837158200 -0.00562943611294031143
-0.61000001430511474600 -0.00563163822516798973
-0.60000002384185791000 -0.00563597492873668671
-0.58999997377395629900 -0.00560853304341435433
-0.57999998331069946300 -0.00560559006407856941
-0.56999999284744262700 -0.00562704587355256081
-0.56000000238418579100 -0.00562701188027858734
-0.55000001192092895500 -0.00563149619847536087
-0.54000002145767211900 -0.00565257202833890915
-0.52999997138977050800 -0.00563492393121123314
-0.51999998092651367200 -0.00560885109007358551
-0.50999999046325683600 -0.00563217094168066979
-0.50000000000000000000 -0.00561460293829441071
-0.49000000953674316400 -0.00558994198217988014
-0.47999998927116394000 -0.00560988299548625946
-0.46999999880790710400 -0.00560032110661268234
-0.46000000834465026800 -0.00560238584876060486
-0.44999998807907104500 -0.00562146585434675217
-0.43999999761581420900 -0.00561417220160365105
-0.43000000715255737300 -0.00558880902826786041
-0.41999998688697814900 -0.00558469304814934731
-0.40999999642372131300 -0.00557774305343627930
-0.40000000596046447700 -0.00556514086201786995
-0.38999998569488525400 -0.00555862719193100929
-0.37999999523162841800 -0.00554669788107275963
-0.37000000476837158200 -0.00554748903959989548
-0.36000001430511474600 -0.00555834686383605004
-0.34999999403953552200 -0.00554798496887087822
-0.34000000357627868600 -0.00554196396842598915
-0.33000001311302185100 -0.00553186517208814621
-0.31999999284744262700 -0.00549879018217325211
-0.31000000238418579100 -0.00549851218238472939
-0.30000001192092895500 -0.00549425091594457627
-0.28999999165534973100 -0.00545586086809635163
-0.28000000119209289500 -0.00545797916129231453
-0.27000001072883606000 -0.00547082489356398583
-0.25999999046325683600 -0.00545455003157258034
-0.25000000000000000000 -0.00545988790690898895
-0.23999999463558197000 -0.00546181621029973030
-0.23000000417232513400 -0.00541124492883682251
-0.21999999880790710400 -0.00541671877726912499
-0.20999999344348907500 -0.00541293388232588768
-0.20000000298023223900 -0.00536660803481936455
-0.18999999761581420900 -0.00536277890205383301
-0.18000000715255737300 -0.00536238821223378182
-0.17000000178813934300 -0.00534757599234580994
-0.15999999642372131300 -0.00534752104431390762
-0.15000000596046447800 -0.00535306613892316818
-0.14000000059604644800 -0.00531081110239028931
-0.12999999523162841800 -0.00528341997414827347
-0.11999999731779098500 -0.00527567602694034577
-0.10999999940395355200 -0.00524280080571770668
-0.10000000149011611900 -0.00521550793200731278
-0.09000000357627868650 -0.00519938394427299500
-0.07999999821186065670 -0.00517652276903390885
-0.07000000029802322390 -0.00517101399600505829
-0.05999999865889549260 -0.00515487696975469589
-0.05000000074505805970 -0.00512709002941846848
-0.03999999910593032840 -0.00510076200589537621
-0.02999999932944774630 -0.00505977496504783631
-0.01999999955296516420 -0.00503813289105892182
-0.00999999977648258210 -0.00501520792022347450
0.00000000000000000000 -0.00497250910848379135
0.00999999977648258210 -0.00493939686566591263
0.01999999955296516420 -0.00492547778412699700
0.02999999932944774630 -0.00491408118978142738
0.03999999910593032840 -0.00487150298431515694
0.05000000074505805970 -0.00485471496358513832
0.05999999865889549260 -0.00481281522661447525
0.07000000029802322390 -0.00474574882537126541
0.07999999821186065670 -0.00472675217315554619
0.09000000357627868650 -0.00468622706830501557
0.10000000149011611900 -0.00461577810347080231
0.10999999940395355200 -0.00458117993548512459
0.11999999731779098500 -0.00454529607668519020
0.12999999523162841800 -0.00449342280626296997
0.14000000059604644800 -0.00445823092013597489
0.15000000596046447800 -0.00441225012764334679
0.15999999642372131300 -0.00433916319161653519
0.17000000178813934300 -0.00427454384043812752
0.18000000715255737300 -0.00422742683440446854
0.18999999761581420900 -0.00415094103664159775
0.20000000298023223900 -0.00407808693125844002
0.20999999344348907500 -0.00401589693501591683
0.21999999880790710400 -0.00394392386078834534
0.23000000417232513400 -0.00388181395828723908
0.23999999463558197000 -0.00380837195552885532
0.25000000000000000000 -0.00372621696442365646
0.25999999046325683600 -0.00364125589840114117
0.27000001072883606000 -0.00354820303618907929
0.28000000119209289500 -0.00346057489514350891
0.28999999165534973100 -0.00336968502961099148
0.30000001192092895500 -0.00326770800165832043
0.31000000238418579100 -0.00317005999386310578
0.31999999284744262700 -0.00308430008590221405
0.33000001311302185100 -0.00298563810065388680
0.34000000357627868600 -0.00288425199687480927
0.34999999403953552200 -0.00278812809847295284
0.36000001430511474600 -0.00267244898714125156
0.37000000476837158200 -0.00256277597509324551
0.37999999523162841800 -0.00246553099714219570
0.38999998569488525400 -0.00234860298223793507
0.40000000596046447700 -0.00223485589958727360
0.40999999642372131300 -0.00214063492603600025
0.41999998688697814900 -0.00203378708101809025
0.43000000715255737300 -0.00193257594946771860
0.43999999761581420900 -0.00184022495523095131
0.44999998807907104500 -0.00173343601636588574
0.46000000834465026800 -0.00162716896738857031
0.46999999880790710400 -0.00154115201439708471
0.47999998927116394000 -0.00144053495023399591
0.49000000953674316400 -0.00134532502852380276
0.50000000000000000000 -0.00126322498545050621
0.50999999046325683600 -0.00117472803685814142
0.51999998092651367200 -0.00109643104951828718
0.52999997138977050800 -0.00102265796158462763
0.54000002145767211900 -0.00089827488409355283
0.55000001192092895500 -0.00082379352534189820
0.56000000238418579100 -0.00076074269600212574
0.56999999284744262700 -0.00069452001480385661
0.57999998331069946300 -0.00063120148843154311
0.58999997377395629900 -0.00057172978995367885
0.60000002384185791000 -0.00050885608652606606
0.61000001430511474600 -0.00045275039155967534
0.62000000476837158200 -0.00039778600330464542
0.62999999523162841800 -0.00034031478571705520
0.63999998569488525400 -0.00028686330188065767
0.64999997615814209000 -0.00023646620684303343
0.66000002622604370100 -0.00018451419600751251
0.67000001668930053700 -0.00013358349679037929
0.68000000715255737300 -0.00008344656816916540
0.68999999761581420900 -0.00003374645166331902
0.69999998807907104500 0.00001496551976742921
0.70999997854232788100 0.00006786106678191572
0.72000002861022949200 0.00011800540232798085
0.73000001907348632800 0.00016924500232562423
0.74000000953674316400 0.00022011030523572117
0.75000000000000000000 0.00027239549672231078
0.75999999046325683600 0.00032393788569606841
0.76999998092651367200 0.00037581048673018813
0.77999997138977050800 0.00042976049007847905
0.79000002145767211900 0.00048293839790858328
0.80000001192092895500 0.00053784722695127130
0.81000000238418579100 0.00059509021230041981
0.81999999284744262700 0.00065067358082160354
0.82999998331069946300 0.00070759491063654423
0.83999997377395629900 0.00076518539572134614
0.85000002384185791000 0.00082378560910001397
0.86000001430511474600 0.00088436627993360162
0.87000000476837158200 0.00094417011132463813
0.87999999523162841800 0.00100500497501343489
0.88999998569488525400 0.00112277397420257330
0.89999997615814209000 0.00119325204286724329
0.91000002622604370100 0.00125545798800885677
0.92000001668930053700 0.00132663699332624674
0.93000000715255737300 0.00140186399221420288
0.93999999761581420900 0.00147169595584273338
0.94999998807907104500 0.00154675601515918970
0.95999997854232788100 0.00162687897682189941
0.97000002861022949200 0.00169376702979207039
0.98000001907348632800 0.00176615803502500057
0.99000000953674316400 0.00184857205022126436
1.00000000000000000000 0.00191691704094409943
