-1.00000000000000000000 -0.00480658421292901039
-0.99000000953674316400 -0.00479796202853322029
-0.98000001907348632800 -0.00478908419609069824
-0.97000002861022949200 -0.00479302415624260903
-0.95999997854232788100 -0.00481016188859939575
-0.94999998807907104500 -0.00480637000873684883
-0.93999999761581420900 -0.00481446785852313042
-0.93000000715255737300 -0.00480922404676675797
-0.92000001668930053700 -0.00478050997480750084
-0.91000002622604370100 -0.00479062786325812340
-0.89999997615814209000 -0.00479352101683616638
-0.88999998569488525400 -0.00476580997928977013
-0.87999999523162841800 -0.00476822396740317345
-0.87000000476837158200 -0.00478307483717799187
-0.86000001430511474600 -0.00477942405268549919
-0.85000002384185791000 -0.00478583294898271561
-0.83999997377395629900 -0.00480123795568943024
-0.82999998331069946300 -0.00478003779426217079
-0.81999999284744262700 -0.00475876079872250557
-0.81000000238418579100 -0.00477416301146149635
-0.80000001192092895500 -0.00476430915296077728
-0.79000002145767211900 -0.00474199606105685234
-0.77999997138977050800 -0.00475397799164056778
-0.76999998092651367200 -0.00474330410361289978
-0.75999999046325683600 -0.00474815396592020989
-0.75000000000000000000 -0.00476833805441856384
-0.74000000953674316400 -0.00476857693865895271
-0.73000001907348632800 -0.00475420290604233742
-0.72000002861022949200 -0.00475094513967633248
-0.70999997854232788100 -0.00473873689770698548
-0.69999998807907104500 -0.00473866704851388931
-0.68999999761581420900 -0.00473699392750859261
-0.68000000715255737300 -0.00471866596490144730
-0.67000001668930053700 -0.00472057377919554711
-0.66000002622604370100 -0.00473935483023524284
-0.64999997615814209000 -0.00473891291767358780
-0.63999998569488525400 -0.00473785586655139923
-0.62999999523162841800 -0.00474375905469059944
-0.62000000476837158200 -0.00472357217222452164
-0.61000001430511474600 -0.00471282005310058594
-0.60000002384185791000 -0.00472331698983907700
-0.58999997377395629900 -0.00471101421862840653
-0.57999998331069946300 -0.00469540990889072418
-0.56999999284744262700 -0.00470023695379495621
-0.56000000238418579100 -0.00470277015119791031
-0.55000001192092895500 -0.00470442604273557663
-0.54000002145767211900 -0.00471471296623349190
-0.52999997138977050800 -0.00471240095794200897
-0.51999998092651367200 -0.00469215214252471924
-0.50999999046325683600 -0.00468195090070366860
-0.50000000000000000000 -0.00468862894922494888
-0.49000000953674316400 -0.00467654597014188767
-0.47999998927116394000 -0.00466706184670329094
-0.46999999880790710400 -0.00466786790639162064
-0.46000000834465026800 -0.00466644577682018280
-0.44999998807907104500 -0.00468166219070553780
-0.43999999761581420900 -0.00468472205102443695
-0.43000000715255737300 -0.00467843422666192055
-0.41999998688697814900 -0.00467157782986760140
-0.40999999642372131300 -0.00465877680107951164
-0.40000000596046447700 -0.00465785618871450424
-0.38999998569488525400 -0.00465765502303838730
-0.37999999523162841800 -0.00464532198384404183
-0.37000000476837158200 -0.00463639199733734131
-0.36000001430511474600 -0.00464889500290155411
-0.34999999403953552200 -0.00465606804937124252
-0.34000000357627868600 -0.00465418491512537003
-0.33000001311302185100 -0.00466006388887763024
-0.31999999284744262700 -0.00464218901470303536
-0.31000000238418579100 -0.00462291296571493149
-0.30000001192092895500 -0.00463742483407258988
-0.28999999165534973100 -0.00462768692523241043
-0.28000000119209289500 -0.00460284808650612831
-0.27000001072883606000 -0.00461238389834761620
-0.25999999046325683600 -0.00461514201015233994
-0.25000000000000000000 -0.00461417995393276215
-0.23999999463558197000 -0.00462129712104797363
-0.23000000417232513400 -0.00462355418130755425
-0.21999999880790710400 -0.00459930300712585449
-0.20999999344348907500 -0.00459250202402472496
-0.20000000298023223900 -0.00459815189242362976
-0.18999999761581420900 -0.00458278320729732514
-0.18000000715255737300 -0.00457563903182744980
-0.17000000178813934300 -0.00457329303026199341
-0.15999999642372131300 -0.00457043899223208428
-0.15000000596046447800 -0.00458566797897219658
-0.14000000059604644800 -0.00458156177774071694
-0.12999999523162841800 -0.00457781180739402771
-0.11999999731779098500 -0.00456971721723675728
-0.10999999940395355200 -0.00454979017376899719
-0.10000000149011611900 -0.00455101812258362770
-0.09000000357627868650 -0.00454649794846773148
-0.07999999821186065670 -0.00453041121363639832
-0.07000000029802322390 -0.00452050613239407540
-0.05999999865889549260 -0.00452808616682887077
-0.05000000074505805970 -0.00452961679548025131
-0.03999999910593032840 -0.00451979599893093109
-0.02999999932944774630 -0.00452846521511673927
-0.01999999955296516420 -0.00450955098494887352
-0.00999999977648258210 -0.00448093516752123833
0.00000000000000000000 -0.00449428288266062737
0.00999999977648258210 -0.00448549911379814148
0.01999999955296516420 -0.00445680599659681320
0.02999999932944774630 -0.00445927400141954422
0.03999999910593032840 -0.00445990497246384621
0.05000000074505805970 -0.00445482321083545685
0.05999999865889549260 -0.00445916596800088883
0.07000000029802322390 -0.00445858482271432877
0.07999999821186065670 -0.00443049008026719093
0.09000000357627868650 -0.00441796286031603813
0.10000000149011611900 -0.00441926484927535057
0.10999999940395355200 -0.00440259790048003197
0.11999999731779098500 -0.00438633793964982033
0.12999999523162841800 -0.00437926501035690308
0.14000000059604644800 -0.00436893803998827934
0.15000000596046447800 -0.00437882589176297188
0.15999999642372131300 -0.00437536695972084999
0.17000000178813934300 -0.00436705304309725762
0.18000000715255737300 -0.00435404013842344284
0.18999999761581420900 -0.00432097679004073143
0.20000000298023223900 -0.00432025082409381867
0.20999999344348907500 -0.00431430805474519730
0.21999999880790710400 -0.00428348314017057419
0.23000000417232513400 -0.00426782015711069107
0.23999999463558197000 -0.00426518311724066734
0.25000000000000000000 -0.00426058890298008919
0.25999999046325683600 -0.00424279319122433663
0.27000001072883606000 -0.00424458691850304604
0.28000000119209289500 -0.00420984812080860138
0.28999999165534973100 -0.00417386181652545929
0.30000001192092895500 -0.00417137797921895981
0.31000000238418579100 -0.00414457777515053749
0.31999999284744262700 -0.00410301098600029946
0.33000001311302185100 -0.00407855305820703507
0.34000000357627868600 -0.00405050208792090416
0.34999999403953552200 -0.00401461310684680939
0.36000001430511474600 -0.00398874795064330101
0.37000000476837158200 -0.00394239183515310288
0.37999999523162841800 -0.00386371905915439129
0.38999998569488525400 -0.00379358790814876557
0.40000000596046447700 -0.00371665088459849358
0.40999999642372131300 -0.00361682102084159851
0.41999998688697814900 -0.00350512401200830937
0.43000000715255737300 -0.00339418603107333183
0.43999999761581420900 -0.00322665111161768437
0.44999998807907104500 -0.00313751096837222576
0.46000000834465026800 -0.00284985406324267387
0.46999999880790710400 -0.00263072107918560505
0.47999998927116394000 -0.00231110211461782456
0.49000000953674316400 -0.00212400499731302261
0.50000000000000000000 -0.00174450699705630541
0.50999999046325683600 -0.00158275396097451448
0.51999998092651367200 -0.00126200297381728888
0.52999997138977050800 -0.00074955908348783851
0.54000002145767211900 -0.00042868449236266315
0.55000001192092895500 -0.00015927209460642189
0.56000000238418579100 0.00019432039698585868
0.56999999284744262700 0.00046334729995578527
0.57999998331069946300 0.00064561062026768923
0.58999997377395629900 0.00082831498002633452
0.60000002384185791000 0.00104307802394032478
0.61000001430511474600 0.00116450199857354164
0.62000000476837158200 0.00130639295093715191
0.62999999523162841800 0.00142242305446416140
0.63999998569488525400 0.00151092698797583580
0.64999997615814209000 0.00155596598051488400
0.66000002622604370100 0.00163606100250035524
0.67000001668930053700 0.00166087294928729534
0.68000000715255737300 0.00169731001369655132
0.68999999761581420900 0.00175304303411394358
0.69999998807907104500 0.00177805998828262091
0.70999997854232788100 0.00182926096022129059
0.72000002861022949200 0.00186193303670734167
0.73000001907348632800 0.00190057302825152874
0.74000000953674316400 0.00191936397459357977
0.75000000000000000000 0.00195664493367075920
0.75999999046325683600 0.00198132102377712727
0.76999998092651367200 0.00200403505004942417
0.77999997138977050800 0.00205359188839793205
0.79000002145767211900 0.00206957990303635597
0.80000001192092895500 0.00209471001289784908
0.81000000238418579100 0.00215101288631558418
0.81999999284744262700 0.00218873796984553337
0.82999998331069946300 0.00222054310142993927
0.83999997377395629900 0.00225207395851612091
0.85000002384185791000 0.00228109094314277172
0.86000001430511474600 0.00230785203166306019
0.87000000476837158200 0.00233743991702795029
0.87999999523162841800 0.00236269598826766014
0.88999998569488525400 0.00235745310783386231
0.89999997615814209000 0.00237913499586284161
0.91000002622604370100 0.00240661110728979111
0.92000001668930053700 0.00243747909553349018
0.93000000715255737300 0.00245700497180223465
0.93999999761581420900 0.00248217605985701084
0.94999998807907104500 0.00252640596590936184
0.95999997854232788100 0.00255490397103130818
0.97000002861022949200 0.00256962492130696774
0.98000001907348632800 0.00260023190639913082
0.99000000953674316400 0.00264112208969891071
1.00000000000000000000 0.00266822101548314095
