-1.00000000000000000000 -0.00543165812268853188
-0.99000000953674316400 -0.00539477495476603508
-0.98000001907348632800 -0.00538261700421571732
-0.97000002861022949200 -0.00537763303145766258
-0.95999997854232788100 -0.00535547919571399689
-0.94999998807907104500 -0.00533174909651279450
-0.93999999761581420900 -0.00533720105886459351
-0.93000000715255737300 -0.00533793913200497627
-0.92000001668930053700 -0.00533293187618255615
-0.91000002622604370100 -0.00534379202872514725
-0.89999997615814209000 -0.00532711297273635864
-0.88999998569488525400 -0.00529948621988296509
-0.87999999523162841800 -0.00530248600989580155
-0.87000000476837158200 -0.00529666617512702942
-0.86000001430511474600 -0.00527224782854318619
-0.85000002384185791000 -0.00526701519265770912
-0.83999997377395629900 -0.00525770895183086395
-0.82999998331069946300 -0.00526124378666281700
-0.81999999284744262700 -0.00527274189516901970
-0.81000000238418579100 -0.00526743894442915917
-0.80000001192092895500 -0.00525522883981466294
-0.79000002145767211900 -0.00523648923262953758
-0.77999997138977050800 -0.00522122718393802643
-0.76999998092651367200 -0.00521879084408283234
-0.75999999046325683600 -0.00520205497741699219
-0.75000000000000000000 -0.00517439516261219978
-0.74000000953674316400 -0.00518482411280274391
-0.73000001907348632800 -0.00519657880067825318
-0.72000002861022949200 -0.00517745781689882279
-0.70999997854232788100 -0.00519295921549201012
-0.69999998807907104500 -0.00518155610188841820
-0.68999999761581420900 -0.00513774389401078224
-0.68000000715255737300 -0.00514607597142457962
-0.67000001668930053700 -0.00514600193127989769
-0.66000002622604370100 -0.00510552898049354553
-0.64999997615814209000 -0.00510213477537035942
-0.63999998569488525400 -0.00511006405577063561
-0.62999999523162841800 -0.00509521597996354103
-0.62000000476837158200 -0.00510539300739765167
-0.61000001430511474600 -0.00511582288891077042
-0.60000002384185791000 -0.00508489599451422692
-0.58999997377395629900 -0.00506172515451908112
-0.57999998331069946300 -0.00507276784628629685
-0.56999999284744262700 -0.00504938093945384026
-0.56000000238418579100 -0.00502669019624590874
-0.55000001192092895500 -0.00502558378502726555
-0.54000002145767211900 -0.00500707421451807022
-0.52999997138977050800 -0.00501330196857452393
-0.51999998092651367200 -0.00502361310645937920
-0.50999999046325683600 -0.00501275993883609772
-0.50000000000000000000 -0.00499276304617524147
-0.49000000953674316400 -0.00497032282873988152
-0.47999998927116394000 -0.00496381008997559548
-0.46999999880790710400 -0.00494917901232838631
-0.46000000834465026800 -0.00492698280140757561
-0.44999998807907104500 -0.00490679405629634857
-0.43999999761581420900 -0.00490533793345093727
-0.43000000715255737300 -0.00491000479087233544
-0.41999998688697814900 -0.00489731691777706146
-0.40999999642372131300 -0.00489739188924431801
-0.40000000596046447700 -0.00487976521253585816
-0.38999998569488525400 -0.00483566708862781525
-0.37999999523162841800 -0.00483800191432237625
-0.37000000476837158200 -0.00482326699420809746
-0.36000001430511474600 -0.00478609092533588410
-0.34999999403953552200 -0.00478127179667353630
-0.34000000357627868600 -0.00477564288303256035
-0.33000001311302185100 -0.00476433988660573960
-0.31999999284744262700 -0.00475755520164966583
-0.31000000238418579100 -0.00475911982357501984
-0.30000001192092895500 -0.00472310790792107582
-0.28999999165534973100 -0.00469525484368205071
-0.28000000119209289500 -0.00469053117558360100
-0.27000001072883606000 -0.00466779293492436409
-0.25999999046325683600 -0.00463586580008268356
-0.25000000000000000000 -0.00461936416104435921
-0.23999999463558197000 -0.00459890021011233330
-0.23000000417232513400 -0.00459528900682926178
-0.21999999880790710400 -0.00458340719342231751
-0.20999999344348907500 -0.00456462707370519638
-0.20000000298023223900 -0.00453964108601212502
-0.18999999761581420900 -0.00449288589879870415
-0.18000000715255737300 -0.00447903387248516083
-0.17000000178813934300 -0.00445879111066460610
-0.15999999642372131300 -0.00440834090113639832
-0.15000000596046447800 -0.00438675284385681152
-0.14000000059604644800 -0.00437384098768234253
-0.12999999523162841800 -0.00434877676889300346
-0.11999999731779098500 -0.00432822806760668755
-0.10999999940395355200 -0.00431410921737551689
-0.10000000149011611900 -0.00426069600507616997
-0.09000000357627868650 -0.00421619089320302010
-0.07999999821186065670 -0.00420492608100175858
-0.07000000029802322390 -0.00415640091523528099
-0.05999999865889549260 -0.00411530584096908569
-0.05000000074505805970 -0.00408693915233016014
-0.03999999910593032840 -0.00404509995132684708
-0.02999999932944774630 -0.00402547791600227356
-0.01999999955296516420 -0.00400189589709043503
-0.00999999977648258210 -0.00395455490797758103
0.00000000000000000000 -0.00391437578946352005
0.00999999977648258210 -0.00386968301609158516
0.01999999955296516420 -0.00382928107865154743
0.02999999932944774630 -0.00378225604072213173
0.03999999910593032840 -0.00373434601351618767
0.05000000074505805970 -0.00368398893624544144
0.05999999865889549260 -0.00364158698357641697
0.07000000029802322390 -0.00361027289181947708
0.07999999821186065670 -0.00356437289156019688
0.09000000357627868650 -0.00352477608248591423
0.10000000149011611900 -0.00347417895682156086
0.10999999940395355200 -0.00340004591271281242
0.11999999731779098500 -0.00336044910363852978
0.12999999523162841800 -0.00331389904022216797
0.14000000059604644800 -0.00323999999091029167
0.15000000596046447800 -0.00319041102193295956
0.15999999642372131300 -0.00314673897810280323
0.17000000178813934300 -0.00308908498845994473
0.18000000715255737300 -0.00304464809596538544
0.18999999761581420900 -0.00299957301467657089
0.20000000298023223900 -0.00292840390466153622
0.20999999344348907500 -0.00286458898335695267
0.21999999880790710400 -0.00282216607592999935
0.23000000417232513400 -0.00275263004004955292
0.23999999463558197000 -0.00268846401013433933
0.25000000000000000000 -0.00263577210716903210
0.25999999046325683600 -0.00257170689292252064
0.27000001072883606000 -0.00252109603025019169
0.28000000119209289500 -0.00247060088440775871
0.28999999165534973100 -0.00240984698757529259
0.30000001192092895500 -0.00234538991935551167
0.31000000238418579100 -0.00227925903163850308
0.31999999284744262700 -0.00221848511137068272
0.33000001311302185100 -0.00215816404670476914
0.34000000357627868600 -0.00209255097433924675
0.34999999403953552200 -0.00202449690550565720
0.36000001430511474600 -0.00197011698037385941
0.37000000476837158200 -0.00191604299470782280
0.37999999523162841800 -0.00185242400038987398
0.38999998569488525400 -0.00179513497278094292
0.40000000596046447700 -0.00173563498537987471
0.40999999642372131300 -0.00166179100051522255
0.41999998688697814900 -0.00160811201203614473
0.43000000715255737300 -0.00155120401177555323
0.43999999761581420900 -0.00148171698674559593
0.44999998807907104500 -0.00142484705429524183
0.46000000834465026800 -0.00137047201860696077
0.46999999880790710400 -0.00131229998078197241
0.47999998927116394000 -0.00125779595691710711
0.49000000953674316400 -0.00120798195712268353
0.50000000000000000000 -0.00114464596845209599
0.50999999046325683600 -0.00108513794839382172
0.51999998092651367200 -0.00103631499223411083
0.52999997138977050800 -0.00102458498440682888
0.54000002145767211900 -0.00095916981808841229
0.55000001192092895500 -0.00090034288587048650
0.56000000238418579100 -0.00084479339420795441
0.56999999284744262700 -0.00079069210914894938
0.57999998331069946300 -0.00073846441227942705
0.58999997377395629900 -0.00068695348454639316
0.60000002384185791000 -0.00063989561749622226
0.61000001430511474600 -0.00059613562189042568
0.62000000476837158200 -0.00054871028987690806
0.62999999523162841800 -0.00050601921975612640
0.63999998569488525400 -0.00046150930575095117
0.64999997615814209000 -0.00041708390926942229
0.66000002622604370100 -0.00037806518957950175
0.67000001668930053700 -0.00033942100708372891
0.68000000715255737300 -0.00029863239615224302
0.68999999761581420900 -0.00026264850748702884
0.69999998807907104500 -0.00022832429385744035
0.70999997854232788100 -0.00019340780272614211
0.72000002861022949200 -0.00016031879931688309
0.73000001907348632800 -0.00012797419913113117
0.74000000953674316400 -0.00009825801680563018
0.75000000000000000000 -0.00006531884719152004
0.75999999046325683600 -0.00003390608981135301
0.76999998092651367200 -0.00000585764018978807
0.77999997138977050800 0.00002298440995218698
0.79000002145767211900 0.00005428109943750314
0.80000001192092895500 0.00008480039832647890
0.81000000238418579100 0.00011460710084065795
0.81999999284744262700 0.00014749210095033050
0.82999998331069946300 0.00018068020290229470
0.83999997377395629900 0.00021480409486684948
0.85000002384185791000 0.00024963580654002726
0.86000001430511474600 0.00028548171394504607
0.87000000476837158200 0.00032326701330021024
0.87999999523162841800 0.00036268591065891087
0.88999998569488525400 0.00040359279955737293
0.89999997615814209000 0.00044619888649322093
0.91000002622604370100 0.00049188017146661878
0.92000001668930053700 0.00053859001491218805
0.93000000715255737300 0.00058739288942888379
0.93999999761581420900 0.00063894380582496524
0.94999998807907104500 0.00069131131749600172
0.95999997854232788100 0.00074759440030902624
0.97000002861022949200 0.00080493837594985962
0.98000001907348632800 0.00086312601342797279
0.99000000953674316400 0.00092355319065973163
1.00000000000000000000 0.00098487059585750103
