-1.00000000000000000000 -0.00482756784185767174
-0.99000000953674316400 -0.00482927123084664345
-0.98000001907348632800 -0.00483604613691568375
-0.97000002861022949200 -0.00483149616047739983
-0.95999997854232788100 -0.00484521780163049698
-0.94999998807907104500 -0.00485330121591687203
-0.93999999761581420900 -0.00483596883714199066
-0.93000000715255737300 -0.00482481112703680992
-0.92000001668930053700 -0.00482688192278146744
-0.91000002622604370100 -0.00481393514201045036
-0.89999997615814209000 -0.00480520585551857948
-0.88999998569488525400 -0.00480438396334648132
-0.87999999523162841800 -0.00479282578453421593
-0.87000000476837158200 -0.00480607012286782265
-0.86000001430511474600 -0.00481628300622105599
-0.85000002384185791000 -0.00481334794312715531
-0.83999997377395629900 -0.00481118680909276009
-0.82999998331069946300 -0.00479946611449122429
-0.81999999284744262700 -0.00478446390479803085
-0.81000000238418579100 -0.00479401415213942528
-0.80000001192092895500 -0.00478466879576444626
-0.79000002145767211900 -0.00476624211296439171
-0.77999997138977050800 -0.00477829389274120331
-0.76999998092651367200 -0.00478765787556767464
-0.75999999046325683600 -0.00478537008166313172
-0.75000000000000000000 -0.00479701301082968712
-0.74000000953674316400 -0.00479737110435962677
-0.73000001907348632800 -0.00476894294843077660
-0.72000002861022949200 -0.00477621098980307579
-0.70999997854232788100 -0.00477908784523606300
-0.69999998807907104500 -0.00475539080798625946
-0.68999999761581420900 -0.00475228391587734223
-0.68000000715255737300 -0.00475818011909723282
-0.67000001668930053700 -0.00475435191765427590
-0.66000002622604370100 -0.00476806191727519036
-0.64999997615814209000 -0.00477424589917063713
-0.63999998569488525400 -0.00476304395124316216
-0.62999999523162841800 -0.00475743878632783890
-0.62000000476837158200 -0.00474611110985279083
-0.61000001430511474600 -0.00474075693637132645
-0.60000002384185791000 -0.00474192295223474503
-0.58999997377395629900 -0.00472966209053993225
-0.57999998331069946300 -0.00471936818212270737
-0.56999999284744262700 -0.00473042111843824387
-0.56000000238418579100 -0.00474033178761601448
-0.55000001192092895500 -0.00473189586773514748
-0.54000002145767211900 -0.00474527804180979729
-0.52999997138977050800 -0.00473237317055463791
-0.51999998092651367200 -0.00470916414633393288
-0.50999999046325683600 -0.00472442712634801865
-0.50000000000000000000 -0.00472338497638702393
-0.49000000953674316400 -0.00469775078818202019
-0.47999998927116394000 -0.00470337178558111191
-0.46999999880790710400 -0.00471253087744116783
-0.46000000834465026800 -0.00470960000529885292
-0.44999998807907104500 -0.00472048297524452210
-0.43999999761581420900 -0.00472354097291827202
-0.43000000715255737300 -0.00470237992703914642
-0.41999998688697814900 -0.00469015911221504212
-0.40999999642372131300 -0.00470104720443487168
-0.40000000596046447700 -0.00468472810462117195
-0.38999998569488525400 -0.00467392802238464356
-0.37999999523162841800 -0.00467751221731305123
-0.37000000476837158200 -0.00466713402420282364
-0.36000001430511474600 -0.00468438118696212769
-0.34999999403953552200 -0.00468790018931031227
-0.34000000357627868600 -0.00467548193410038948
-0.33000001311302185100 -0.00466983299702405930
-0.31999999284744262700 -0.00465238699689507485
-0.31000000238418579100 -0.00465058488771319390
-0.30000001192092895500 -0.00465575698763132096
-0.28999999165534973100 -0.00464277714490890503
-0.28000000119209289500 -0.00462565897032618523
-0.27000001072883606000 -0.00464304583147168160
-0.25999999046325683600 -0.00465276790782809258
-0.25000000000000000000 -0.00464469520375132561
-0.23999999463558197000 -0.00465668877586722374
-0.23000000417232513400 -0.00464707612991333008
-0.21999999880790710400 -0.00461472477763891220
-0.20999999344348907500 -0.00463919388130307198
-0.20000000298023223900 -0.00463152676820755005
-0.18999999761581420900 -0.00460329698398709297
-0.18000000715255737300 -0.00461100880056619644
-0.17000000178813934300 -0.00461640721186995506
-0.15999999642372131300 -0.00461628707125782967
-0.15000000596046447800 -0.00462702522054314614
-0.14000000059604644800 -0.00463278684765100479
-0.12999999523162841800 -0.00460586883127689362
-0.11999999731779098500 -0.00459670601412653923
-0.10999999940395355200 -0.00460753310471773148
-0.10000000149011611900 -0.00458620907738804817
-0.09000000357627868650 -0.00457869283854961395
-0.07999999821186065670 -0.00457783089950680733
-0.07000000029802322390 -0.00456798495724797249
-0.05999999865889549260 -0.00458319578319787979
-0.05000000074505805970 -0.00458788219839334488
-0.03999999910593032840 -0.00457730097696185112
-0.02999999932944774630 -0.00457264622673392296
-0.01999999955296516420 -0.00455427914857864380
-0.00999999977648258210 -0.00454760016873478890
0.00000000000000000000 -0.00455321697518229485
0.00999999977648258210 -0.00453340401872992516
0.01999999955296516420 -0.00452028401196002960
0.02999999932944774630 -0.00452697090804576874
0.03999999910593032840 -0.00453482707962393761
0.05000000074505805970 -0.00452721398323774338
0.05999999865889549260 -0.00453953398391604424
0.07000000029802322390 -0.00452881213277578354
0.07999999821186065670 -0.00449335807934403420
0.09000000357627868650 -0.00450693489983677864
0.10000000149011611900 -0.00450418097898364067
0.10999999940395355200 -0.00447192601859569550
0.11999999731779098500 -0.00447166990488767624
0.12999999523162841800 -0.00447274418547749520
0.14000000059604644800 -0.00446437019854784012
0.15000000596046447800 -0.00447631999850273132
0.15999999642372131300 -0.00447531882673501969
0.17000000178813934300 -0.00444706389680504799
0.18000000715255737300 -0.00443027308210730553
0.18999999761581420900 -0.00443440489470958710
0.20000000298023223900 -0.00440549897029995918
0.20999999344348907500 -0.00439300620928406716
0.21999999880790710400 -0.00438546016812324524
0.23000000417232513400 -0.00436597783118486405
0.23999999463558197000 -0.00437662610784173012
0.25000000000000000000 -0.00437145121395587921
0.25999999046325683600 -0.00435678102076053620
0.27000001072883606000 -0.00435132812708616257
0.28000000119209289500 -0.00432301079854369164
0.28999999165534973100 -0.00430690404027700424
0.30000001192092895500 -0.00430488679558038712
0.31000000238418579100 -0.00428541004657745361
0.31999999284744262700 -0.00425690319389104843
0.33000001311302185100 -0.00426127016544342041
0.34000000357627868600 -0.00425691902637481690
0.34999999403953552200 -0.00423942878842353821
0.36000001430511474600 -0.00424325186759233475
0.37000000476837158200 -0.00422379979863762856
0.37999999523162841800 -0.00418055197224020958
0.38999998569488525400 -0.00417990377172827721
0.40000000596046447700 -0.00416162796318531036
0.40999999642372131300 -0.00412054685875773430
0.41999998688697814900 -0.00410677911713719368
0.43000000715255737300 -0.00409449916332960129
0.43999999761581420900 -0.00406877603381872177
0.44999998807907104500 -0.00406152801588177681
0.46000000834465026800 -0.00404427107423543930
0.46999999880790710400 -0.00399921601638197899
0.47999998927116394000 -0.00396452704444527626
0.49000000953674316400 -0.00393400294706225395
0.50000000000000000000 -0.00388521701097488403
0.50999999046325683600 -0.00384287210181355476
0.51999998092651367200 -0.00379247404634952545
0.52999997138977050800 -0.00373842008411884308
0.54000002145767211900 -0.00369597296230494976
0.55000001192092895500 -0.00363632291555404663
0.56000000238418579100 -0.00355328596197068691
0.56999999284744262700 -0.00347105693072080612
0.57999998331069946300 -0.00335426395758986473
0.58999997377395629900 -0.00323085207492113114
0.60000002384185791000 -0.00310759199783205986
0.61000001430511474600 -0.00294719100929796696
0.62000000476837158200 -0.00276411906816065312
0.62999999523162841800 -0.00257974001578986645
0.63999998569488525400 -0.00237236288376152515
0.64999997615814209000 -0.00212956592440605164
0.66000002622604370100 -0.00188261701259762049
0.67000001668930053700 -0.00160162395332008600
0.68000000715255737300 -0.00129235698841512203
0.68999999761581420900 -0.00100569298956543207
0.69999998807907104500 -0.00069156062090769410
0.70999997854232788100 -0.00036427809391170740
0.72000002861022949200 -0.00004988380896975286
0.73000001907348632800 0.00024452840443700552
0.74000000953674316400 0.00054070138139650226
0.75000000000000000000 0.00081894168397411704
0.75999999046325683600 0.00107294402550905943
0.76999998092651367200 0.00130554195493459702
0.77999997138977050800 0.00151545705739408732
0.79000002145767211900 0.00170218094717711210
0.80000001192092895500 0.00186506705358624458
0.81000000238418579100 0.00200959690846502781
0.81999999284744262700 0.00213910290040075779
0.82999998331069946300 0.00225040200166404247
0.83999997377395629900 0.00234840903431177139
0.85000002384185791000 0.00244045304134488106
0.86000001430511474600 0.00252333399839699268
0.87000000476837158200 0.00259803305380046368
0.87999999523162841800 0.00267113395966589451
0.88999998569488525400 0.00273616402409970760
0.89999997615814209000 0.00279360497370362282
0.91000002622604370100 0.00285386689938604832
0.92000001668930053700 0.00291124708019196987
0.93000000715255737300 0.00296341395005583763
0.93999999761581420900 0.00301726604811847210
0.94999998807907104500 0.00306976307183504105
0.95999997854232788100 0.00312134902924299240
0.97000002861022949200 0.00317861000075936318
0.98000001907348632800 0.00322945788502693176
0.99000000953674316400 0.00327893788926303387
1.00000000000000000000 0.00332819391041994095
