-1.00000000000000000000 -0.00564085412770509720
-0.99000000953674316400 -0.00563184684142470360
-0.98000001907348632800 -0.00562039110809564591
-0.97000002861022949200 -0.00562596507370471955
-0.95999997854232788100 -0.00563268503174185753
-0.94999998807907104500 -0.00564826419577002526
-0.93999999761581420900 -0.00565021298825740814
-0.93000000715255737300 -0.00564628094434738159
-0.92000001668930053700 -0.00563625199720263481
-0.91000002622604370100 -0.00562545005232095719
-0.89999997615814209000 -0.00562488101422786713
-0.88999998569488525400 -0.00561780110001564026
-0.87999999523162841800 -0.00561296893283724785
-0.87000000476837158200 -0.00561928981915116310
-0.86000001430511474600 -0.00563551299273967743
-0.85000002384185791000 -0.00564207881689071655
-0.83999997377395629900 -0.00565989315509796143
-0.82999998331069946300 -0.00564523879438638687
-0.81999999284744262700 -0.00562877487391233444
-0.81000000238418579100 -0.00564316380769014359
-0.80000001192092895500 -0.00563586596399545670
-0.79000002145767211900 -0.00561729818582534790
-0.77999997138977050800 -0.00562843494117259979
-0.76999998092651367200 -0.00563334114849567414
-0.75999999046325683600 -0.00564363598823547363
-0.75000000000000000000 -0.00565398391336202622
-0.74000000953674316400 -0.00564633822068572045
-0.73000001907348632800 -0.00563448294997215271
-0.72000002861022949200 -0.00562970712780952454
-0.70999997854232788100 -0.00563116185367107392
-0.69999998807907104500 -0.00561384996399283409
-0.68999999761581420900 -0.00560488319024443627
-0.68000000715255737300 -0.00560845993459224701
-0.67000001668930053700 -0.00561171909794211388
-0.66000002622604370100 -0.00561905419453978539
-0.64999997615814209000 -0.00562520697712898255
-0.63999998569488525400 -0.00561059918254613877
-0.62999999523162841800 -0.00559432897716760636
-0.62000000476837158200 -0.00560835888609290123
-0.61000001430511474600 -0.00559743912890553475
-0.60000002384185791000 -0.00558569282293319702
-0.58999997377395629900 -0.00559404911473393440
-0.57999998331069946300 -0.00559947779402136803
-0.56999999284744262700 -0.00561967911198735237
-0.56000000238418579100 -0.00562576577067375183
-0.55000001192092895500 -0.00562884192913770676
-0.54000002145767211900 -0.00562269007787108422
-0.52999997138977050800 -0.00561291398480534554
-0.51999998092651367200 -0.00562344677746295929
-0.50999999046325683600 -0.00561484508216381073
-0.50000000000000000000 -0.00560639519244432450
-0.49000000953674316400 -0.00561472494155168534
-0.47999998927116394000 -0.00563097698614001274
-0.46999999880790710400 -0.00563142495229840279
-0.46000000834465026800 -0.00564618222415447235
-0.44999998807907104500 -0.00563323218375444412
-0.43999999761581420900 -0.00561114586889743805
-0.43000000715255737300 -0.00562726100906729698
-0.41999998688697814900 -0.00561902299523353577
-0.40999999642372131300 -0.00559798721224069596
-0.40000000596046447700 -0.00560174509882926941
-0.38999998569488525400 -0.00560533581301569939
-0.37999999523162841800 -0.00561158498749136925
-0.37000000476837158200 -0.00562192918732762337
-0.36000001430511474600 -0.00561969401314854622
-0.34999999403953552200 -0.00561025412753224373
-0.34000000357627868600 -0.00560489483177661896
-0.33000001311302185100 -0.00561533309519290924
-0.31999999284744262700 -0.00560503778979182244
-0.31000000238418579100 -0.00559849385172128678
-0.30000001192092895500 -0.00560322497040033341
-0.28999999165534973100 -0.00561443809419870377
-0.28000000119209289500 -0.00562759302556514740
-0.27000001072883606000 -0.00563388597220182419
-0.25999999046325683600 -0.00562965497374534607
-0.25000000000000000000 -0.00561218382790684700
-0.23999999463558197000 -0.00561938993632793427
-0.23000000417232513400 -0.00561365997418761254
-0.21999999880790710400 -0.00559505680575966835
-0.20999999344348907500 -0.00560067920014262200
-0.20000000298023223900 -0.00560208689421415329
-0.18999999761581420900 -0.00561387091875076294
-0.18000000715255737300 -0.00561821414157748223
-0.17000000178813934300 -0.00562117388471961022
-0.15999999642372131300 -0.00560158398002386093
-0.15000000596046447800 -0.00558090209960937500
-0.14000000059604644800 -0.00558899994939565659
-0.12999999523162841800 -0.00557366618886590004
-0.11999999731779098500 -0.00555517990142107010
-0.10999999940395355200 -0.00556223280727863312
-0.10000000149011611900 -0.00557056209072470665
-0.09000000357627868650 -0.00557785620912909508
-0.07999999821186065670 -0.00559148006141185761
-0.07000000029802322390 -0.00558633310720324516
-0.05999999865889549260 -0.00556637207046151161
-0.05000000074505805970 -0.00557878101244568825
-0.03999999910593032840 -0.00558062177151441574
-0.02999999932944774630 -0.00556363398209214211
-0.01999999955296516420 -0.00556597299873828888
-0.00999999977648258210 -0.00558109721168875694
0.00000000000000000000 -0.00558472797274589539
0.00999999977648258210 -0.00559205515310168266
0.01999999955296516420 -0.00560618797317147255
0.02999999932944774630 -0.00559837417677044869
0.03999999910593032840 -0.00558240991085767746
0.05000000074505805970 -0.00558471819385886192
0.05999999865889549260 -0.00557975796982645989
0.07000000029802322390 -0.00556431803852319718
0.07999999821186065670 -0.00556623982265591622
0.09000000357627868650 -0.00556785101071000099
0.10000000149011611900 -0.00557769881561398506
0.10999999940395355200 -0.00557977613061666489
0.11999999731779098500 -0.00557957077398896218
0.12999999523162841800 -0.00556706683710217476
0.14000000059604644800 -0.00554910115897655487
0.15000000596046447800 -0.00555304205045104027
0.15999999642372131300 -0.00554316677153110504
0.17000000178813934300 -0.00553048495203256607
0.18000000715255737300 -0.00552349491044878960
0.18999999761581420900 -0.00553340185433626175
0.20000000298023223900 -0.00554029783234000206
0.20999999344348907500 -0.00553885288536548615
0.21999999880790710400 -0.00553407613188028336
0.23000000417232513400 -0.00551010714843869209
0.23999999463558197000 -0.00550299091264605522
0.25000000000000000000 -0.00549286697059869766
0.25999999046325683600 -0.00547936512157320976
0.27000001072883606000 -0.00545450579375028610
0.28000000119209289500 -0.00545727880671620369
0.28999999165534973100 -0.00545090809464454651
0.30000001192092895500 -0.00543585699051618576
0.31000000238418579100 -0.00542598310858011246
0.31999999284744262700 -0.00540363183245062828
0.33000001311302185100 -0.00536309508606791496
0.34000000357627868600 -0.00534632708877325058
0.34999999403953552200 -0.00533695193007588387
0.36000001430511474600 -0.00526562379673123360
0.37000000476837158200 -0.00526544498279690743
0.37999999523162841800 -0.00522628379985690117
0.38999998569488525400 -0.00517633184790611267
0.40000000596046447700 -0.00516621209681034088
0.40999999642372131300 -0.00512523902580142021
0.41999998688697814900 -0.00505892699584364891
0.43000000715255737300 -0.00503059104084968567
0.43999999761581420900 -0.00501619605347514153
0.44999998807907104500 -0.00490648392587900162
0.46000000834465026800 -0.00493091112002730370
0.46999999880790710400 -0.00483230920508503914
0.47999998927116394000 -0.00475999899208545685
0.49000000953674316400 -0.00474992394447326660
0.50000000000000000000 -0.00466903019696474075
0.50999999046325683600 -0.00458128517493605614
0.51999998092651367200 -0.00453815283253788948
0.52999997138977050800 -0.00446161720901727677
0.54000002145767211900 -0.00431349501013755798
0.55000001192092895500 -0.00433586817234754563
0.56000000238418579100 -0.00410254998132586479
0.56999999284744262700 -0.00399373518303036690
0.57999998331069946300 -0.00391732202842831612
0.58999997377395629900 -0.00361799006350338459
0.60000002384185791000 -0.00346330297179520130
0.61000001430511474600 -0.00333578302524983883
0.62000000476837158200 -0.00297258701175451279
0.62999999523162841800 -0.00254921708256006241
0.63999998569488525400 -0.00262630800716578960
0.64999997615814209000 -0.00148591294419020414
0.66000002622604370100 -0.00131847895681858063
0.67000001668930053700 -0.00049137999303638935
0.68000000715255737300 0.00060049199964851141
0.68999999761581420900 0.00044146151049062610
0.69999998807907104500 0.00246101594530045986
0.70999997854232788100 0.00402685906738042832
0.72000002861022949200 0.00391520513221621514
0.73000001907348632800 0.00494793988764286041
0.74000000953674316400 0.00631825299933552742
0.75000000000000000000 0.00678345002233982086
0.75999999046325683600 0.00714128790423274040
0.76999998092651367200 0.00917389709502458573
0.77999997138977050800 0.01083995960652828220
0.79000002145767211900 0.01102812960743904110
0.80000001192092895500 0.01303145010024309160
0.81000000238418579100 0.01431041024625301360
0.81999999284744262700 0.01533020008355379100
0.82999998331069946300 0.01660381071269512180
0.83999997377395629900 0.01919992081820964810
0.85000002384185791000 0.01886733993887901310
0.86000001430511474600 0.02229931950569152830
0.87000000476837158200 0.02369083091616630550
0.87999999523162841800 0.02431619912385940550
0.88999998569488525400 0.02706862054765224460
0.89999997615814209000 0.02768523059785366060
0.91000002622604370100 0.02921725995838642120
0.92000001668930053700 0.03079126961529254910
0.93000000715255737300 0.03276621922850608830
0.93999999761581420900 0.03288730978965759280
0.94999998807907104500 0.03698351979255676270
0.95999997854232788100 0.03795469924807548520
0.97000002861022949200 0.03920497000217437740
0.98000001907348632800 0.04223410040140151980
0.99000000953674316400 0.04231818020343780520
1.00000000000000000000 0.04473195970058441160
