-1.00000000000000000000 -0.00563122984021902085
-0.99000000953674316400 -0.00564169883728027344
-0.98000001907348632800 -0.00563029618933796883
-0.97000002861022949200 -0.00561760179698467255
-0.95999997854232788100 -0.00562813878059387207
-0.94999998807907104500 -0.00561734382063150406
-0.93999999761581420900 -0.00560486596077680588
-0.93000000715255737300 -0.00560786016285419464
-0.92000001668930053700 -0.00561485486105084419
-0.91000002622604370100 -0.00561918085440993309
-0.89999997615814209000 -0.00562602607533335686
-0.88999998569488525400 -0.00562507612630724907
-0.87999999523162841800 -0.00560894701629877091
-0.87000000476837158200 -0.00559518998488783837
-0.86000001430511474600 -0.00560339679941534996
-0.85000002384185791000 -0.00559046491980552674
-0.83999997377395629900 -0.00558228418231010437
-0.82999998331069946300 -0.00559283001348376274
-0.81999999284744262700 -0.00560620706528425217
-0.81000000238418579100 -0.00561598502099514008
-0.80000001192092895500 -0.00562437903136014939
-0.79000002145767211900 -0.00562692806124687195
-0.77999997138977050800 -0.00560655677691102028
-0.76999998092651367200 -0.00561233609914779663
-0.75999999046325683600 -0.00561579689383506775
-0.75000000000000000000 -0.00559368683025240898
-0.74000000953674316400 -0.00559464888647198677
-0.73000001907348632800 -0.00560926692560315132
-0.72000002861022949200 -0.00561796687543392182
-0.70999997854232788100 -0.00562518602237105370
-0.69999998807907104500 -0.00563760101795196533
-0.68999999761581420900 -0.00561942392960190773
-0.68000000715255737300 -0.00559968687593936920
-0.67000001668930053700 -0.00560889719054102898
-0.66000002622604370100 -0.00559641513973474503
-0.64999997615814209000 -0.00557792885228991509
-0.63999998569488525400 -0.00557426689192652702
-0.62999999523162841800 -0.00557772908359766007
-0.62000000476837158200 -0.00558424508199095726
-0.61000001430511474600 -0.00559056922793388367
-0.60000002384185791000 -0.00559228099882602692
-0.58999997377395629900 -0.00558192795142531395
-0.57999998331069946300 -0.00556458113715052605
-0.56999999284744262700 -0.00557331321761012078
-0.56000000238418579100 -0.00557137094438076019
-0.55000001192092895500 -0.00555983791127800942
-0.54000002145767211900 -0.00557238282635807991
-0.52999997138977050800 -0.00558045506477355957
-0.51999998092651367200 -0.00559653388336300850
-0.50999999046325683600 -0.00560604501515626908
-0.50000000000000000000 -0.00561445206403732300
-0.49000000953674316400 -0.00559958815574645996
-0.47999998927116394000 -0.00559708708897233010
-0.46999999880790710400 -0.00560713000595569611
-0.46000000834465026800 -0.00559028983116149903
-0.44999998807907104500 -0.00559091195464134216
-0.43999999761581420900 -0.00559490779414772988
-0.43000000715255737300 -0.00560503499582409859
-0.41999998688697814900 -0.00561358919367194176
-0.40999999642372131300 -0.00562724610790610314
-0.40000000596046447700 -0.00561445904895663262
-0.38999998569488525400 -0.00560048921033740044
-0.37999999523162841800 -0.00560127897188067436
-0.37000000476837158200 -0.00559236388653516770
-0.36000001430511474600 -0.00558180222287774086
-0.34999999403953552200 -0.00557437678799033165
-0.34000000357627868600 -0.00557783711701631546
-0.33000001311302185100 -0.00558541622012853623
-0.31999999284744262700 -0.00559866102412343025
-0.31000000238418579100 -0.00560193182900547981
-0.30000001192092895500 -0.00559741910547018051
-0.28999999165534973100 -0.00557979615405201912
-0.28000000119209289500 -0.00559043185785412789
-0.27000001072883606000 -0.00558699388056993485
-0.25999999046325683600 -0.00557291787117719650
-0.25000000000000000000 -0.00557749113067984581
-0.23999999463558197000 -0.00558378919959068299
-0.23000000417232513400 -0.00559819582849740982
-0.21999999880790710400 -0.00560281611979007721
-0.20999999344348907500 -0.00561059778556227684
-0.20000000298023223900 -0.00560129899531602860
-0.18999999761581420900 -0.00558509398251771927
-0.18000000715255737300 -0.00559244118630886078
-0.17000000178813934300 -0.00558900414034724236
-0.15999999642372131300 -0.00557008804753422737
-0.15000000596046447800 -0.00557236606255173683
-0.14000000059604644800 -0.00558316893875598908
-0.12999999523162841800 -0.00558486487716436386
-0.11999999731779098500 -0.00559315411373972893
-0.10999999940395355200 -0.00558768119663000107
-0.10000000149011611900 -0.00557185895740985871
-0.09000000357627868650 -0.00555667793378233910
-0.07999999821186065670 -0.00555475195869803429
-0.07000000029802322390 -0.00554340984672307968
-0.05999999865889549260 -0.00552644301205873490
-0.05000000074505805970 -0.00552948005497455597
-0.03999999910593032840 -0.00553781818598508835
-0.02999999932944774630 -0.00554995285347104073
-0.01999999955296516420 -0.00554990814998745918
-0.00999999977648258210 -0.00555562321096658707
0.00000000000000000000 -0.00554507318884134293
0.00999999977648258210 -0.00553793599829077721
0.01999999955296516420 -0.00555311189964413643
0.02999999932944774630 -0.00555144995450973511
0.03999999910593032840 -0.00553864007815718651
0.05000000074505805970 -0.00553811015561223030
0.05999999865889549260 -0.00555667420849204064
0.07000000029802322390 -0.00555947702378034592
0.07999999821186065670 -0.00556511385366320610
0.09000000357627868650 -0.00557761406525969506
0.10000000149011611900 -0.00555604603141546250
0.10999999940395355200 -0.00554910395294427872
0.11999999731779098500 -0.00555721297860145569
0.12999999523162841800 -0.00554141821339726448
0.14000000059604644800 -0.00552302692085504532
0.15000000596046447800 -0.00554355699568986893
0.15999999642372131300 -0.00552710518240928650
0.17000000178813934300 -0.00553182000294327736
0.18000000715255737300 -0.00554590718820691109
0.18999999761581420900 -0.00551934912800788880
0.20000000298023223900 -0.00550646288320422173
0.20999999344348907500 -0.00550745287910103798
0.21999999880790710400 -0.00549865607172250748
0.23000000417232513400 -0.00546451611444354058
0.23999999463558197000 -0.00549172377213835716
0.25000000000000000000 -0.00544361490756273270
0.25999999046325683600 -0.00546198990195989609
0.27000001072883606000 -0.00547259114682674408
0.28000000119209289500 -0.00543295219540596008
0.28999999165534973100 -0.00545892911031842232
0.30000001192092895500 -0.00541886314749717713
0.31000000238418579100 -0.00542023917660117150
0.31999999284744262700 -0.00540684489533305168
0.33000001311302185100 -0.00541414599865674973
0.34000000357627868600 -0.00529832579195499420
0.34999999403953552200 -0.00536982482299208641
0.36000001430511474600 -0.00529071316123008728
0.37000000476837158200 -0.00523077696561813355
0.37999999523162841800 -0.00531573407351970673
0.38999998569488525400 -0.00518824206665158272
0.40000000596046447700 -0.00519766611978411675
0.40999999642372131300 -0.00518659316003322601
0.41999998688697814900 -0.00516816508024930954
0.43000000715255737300 -0.00498597510159015656
0.43999999761581420900 -0.00513850897550582886
0.44999998807907104500 -0.00487823318690061569
0.46000000834465026800 -0.00483730202540755272
0.46999999880790710400 -0.00493911001831293106
0.47999998927116394000 -0.00469085015356540680
0.49000000953674316400 -0.00477354787290096283
0.50000000000000000000 -0.00472636986523866654
0.50999999046325683600 -0.00468584196642041206
0.51999998092651367200 -0.00451170187443494797
0.52999997138977050800 -0.00474146613851189614
0.54000002145767211900 -0.00413451716303825379
0.55000001192092895500 -0.00424574920907616615
0.56000000238418579100 -0.00425507919862866402
0.56999999284744262700 -0.00355320703238248825
0.57999998331069946300 -0.00411341898143291474
0.58999997377395629900 -0.00251056603156030178
0.60000002384185791000 -0.00313909188844263554
0.61000001430511474600 -0.00286037405021488667
0.62000000476837158200 -0.00313225691206753254
0.62999999523162841800 -0.00252956990152597427
0.63999998569488525400 -0.00105174095369875431
0.64999997615814209000 0.00075454131001606584
0.66000002622604370100 -0.00222043693065643311
0.67000001668930053700 0.00264726602472364903
0.68000000715255737300 -0.00011600030120462179
0.68999999761581420900 0.00485426001250743866
0.69999998807907104500 0.00295281293801963329
0.70999997854232788100 0.00452148402109742165
0.72000002861022949200 0.00728242890909314156
0.73000001907348632800 0.00448596011847257614
0.74000000953674316400 0.00528618786484003067
0.75000000000000000000 0.00875701475888490677
0.75999999046325683600 0.00847509410232305527
0.76999998092651367200 0.00881040282547473908
0.77999997138977050800 0.01152214966714382170
0.79000002145767211900 0.01256680022925138470
0.80000001192092895500 0.01027270965278148650
0.81000000238418579100 0.01614039018750190740
0.81999999284744262700 0.01150644011795520780
0.82999998331069946300 0.01631473004817962650
0.83999997377395629900 0.01514403987675905230
0.85000002384185791000 0.01995914056897163390
0.86000001430511474600 0.02153885923326015470
0.87000000476837158200 0.02519305981695652010
0.87999999523162841800 0.02459396980702877040
0.88999998569488525400 0.02464690990746021270
0.89999997615814209000 0.03009960055351257320
0.91000002622604370100 0.02462458983063697820
0.92000001668930053700 0.03212118893861770630
0.93000000715255737300 0.02909573912620544430
0.93999999761581420900 0.03357331827282905580
0.94999998807907104500 0.03618787974119186400
0.95999997854232788100 0.04050109907984733580
0.97000002861022949200 0.03934162110090255740
0.98000001907348632800 0.04250368848443031310
0.99000000953674316400 0.04548943042755126950
1.00000000000000000000 0.04067755118012428280
