-1.00000000000000000000 -0.00153495895210653544
-0.99000000953674316400 -0.00149494095239788294
-0.98000001907348632800 -0.00146514200605452061
-0.97000002861022949200 -0.00144459400326013565
-0.95999997854232788100 -0.00142664997838437557
-0.94999998807907104500 -0.00141375802922993898
-0.93999999761581420900 -0.00140090798959136009
-0.93000000715255737300 -0.00138891197275370359
-0.92000001668930053700 -0.00137518299743533135
-0.91000002622604370100 -0.00135955796577036381
-0.89999997615814209000 -0.00135010096710175276
-0.88999998569488525400 -0.00133974605705589056
-0.87999999523162841800 -0.00132618902716785669
-0.87000000476837158200 -0.00131619605235755444
-0.86000001430511474600 -0.00130997202359139919
-0.85000002384185791000 -0.00130321900360286236
-0.83999997377395629900 -0.00129603594541549683
-0.82999998331069946300 -0.00129042600747197866
-0.81999999284744262700 -0.00128143094480037689
-0.81000000238418579100 -0.00126916496083140373
-0.80000001192092895500 -0.00126432999968528748
-0.79000002145767211900 -0.00125667499378323555
-0.77999997138977050800 -0.00124534696806222200
-0.76999998092651367200 -0.00123918498866260052
-0.75999999046325683600 -0.00123392394743859768
-0.75000000000000000000 -0.00122831994667649269
-0.74000000953674316400 -0.00122425495646893978
-0.73000001907348632800 -0.00122007494792342186
-0.72000002861022949200 -0.00121202203445136547
-0.70999997854232788100 -0.00120409100782126188
-0.69999998807907104500 -0.00119781598914414644
-0.68999999761581420900 -0.00119220104534178972
-0.68000000715255737300 -0.00118392205331474543
-0.67000001668930053700 -0.00117645098362118006
-0.66000002622604370100 -0.00117244396824389696
-0.64999997615814209000 -0.00116814801003783941
-0.63999998569488525400 -0.00116468395572155714
-0.62999999523162841800 -0.00115989998448640108
-0.62000000476837158200 -0.00115559797268360853
-0.61000001430511474600 -0.00114737194962799549
-0.60000002384185791000 -0.00114050600677728653
-0.58999997377395629900 -0.00113623100332915783
-0.57999998331069946300 -0.00112905201967805624
-0.56999999284744262700 -0.00112176395487040281
-0.56000000238418579100 -0.00111773505341261625
-0.55000001192092895500 -0.00111450895201414824
-0.54000002145767211900 -0.00111091299913823605
-0.52999997138977050800 -0.00110740400850772858
-0.51999998092651367200 -0.00110306497663259506
-0.50999999046325683600 -0.00109576201066374779
-0.50000000000000000000 -0.00108857499435544014
-0.49000000953674316400 -0.00108568405266851187
-0.47999998927116394000 -0.00107930600643157959
-0.46999999880790710400 -0.00107214204035699368
-0.46000000834465026800 -0.00106833502650260925
-0.44999998807907104500 -0.00106450403109192848
-0.43999999761581420900 -0.00106176896952092648
-0.43000000715255737300 -0.00105828698724508286
-0.41999998688697814900 -0.00105470302514731884
-0.40999999642372131300 -0.00104852695949375629
-0.40000000596046447700 -0.00104035902768373489
-0.38999998569488525400 -0.00103786098770797253
-0.37999999523162841800 -0.00103295303415507078
-0.37000000476837158200 -0.00102495495229959488
-0.36000001430511474600 -0.00102085794787853956
-0.34999999403953552200 -0.00101807096507400274
-0.34000000357627868600 -0.00101424998138099909
-0.33000001311302185100 -0.00101120502222329378
-0.31999999284744262700 -0.00100850895978510380
-0.31000000238418579100 -0.00100184103939682245
-0.30000001192092895500 -0.00099971517920494080
-0.28999999165534973100 -0.00099524704273790121
-0.28000000119209289500 -0.00099204143043607473
-0.27000001072883606000 -0.00098440353758633137
-0.25999999046325683600 -0.00097727309912443161
-0.25000000000000000000 -0.00097479898249730468
-0.23999999463558197000 -0.00096895842580124736
-0.23000000417232513400 -0.00096146541181951761
-0.21999999880790710400 -0.00095791270723566413
-0.20999999344348907500 -0.00095426588086411357
-0.20000000298023223900 -0.00095084268832579255
-0.18999999761581420900 -0.00094799709040671587
-0.18000000715255737300 -0.00094461720436811447
-0.17000000178813934300 -0.00093818519962951541
-0.15999999642372131300 -0.00093150051543489099
-0.15000000596046447800 -0.00092841620789840817
-0.14000000059604644800 -0.00092255568597465754
-0.12999999523162841800 -0.00091531232465058565
-0.11999999731779098500 -0.00091086968313902617
-0.10999999940395355200 -0.00090704677859321237
-0.10000000149011611900 -0.00090415508020669222
-0.09000000357627868650 -0.00090055272448807955
-0.07999999821186065670 -0.00089686311548575759
-0.07000000029802322390 -0.00089134211884811521
-0.05999999865889549260 -0.00088466139277443290
-0.05000000074505805970 -0.00087919610086828470
-0.03999999910593032840 -0.00087496428750455380
-0.02999999932944774630 -0.00086800882127135992
-0.01999999955296516420 -0.00086136418394744396
-0.00999999977648258210 -0.00085771182784810662
0.00000000000000000000 -0.00085397000657394528
0.00999999977648258210 -0.00084988982416689396
0.01999999955296516420 -0.00084572337800636888
0.02999999932944774630 -0.00084150629118084908
0.03999999910593032840 -0.00083448662189766765
0.05000000074505805970 -0.00082700798520818353
0.05999999865889549260 -0.00082279130583629012
0.07000000029802322390 -0.00081617548130452633
0.07999999821186065670 -0.00080830807564780116
0.09000000357627868650 -0.00080301339039579034
0.10000000149011611900 -0.00079838588135316968
0.10999999940395355200 -0.00079388957237824798
0.11999999731779098500 -0.00078860699431970716
0.12999999523162841800 -0.00078276538988575339
0.14000000059604644800 -0.00077510351547971368
0.15000000596046447800 -0.00076605012873187661
0.15999999642372131300 -0.00076029251795262098
0.17000000178813934300 -0.00075298332376405597
0.18000000715255737300 -0.00074325228342786431
0.18999999761581420900 -0.00073618692113086581
0.20000000298023223900 -0.00072940799873322248
0.20999999344348907500 -0.00072177720721811056
0.21999999880790710400 -0.00071410171221941710
0.23000000417232513400 -0.00070727581623941660
0.23999999463558197000 -0.00069649890065193176
0.25000000000000000000 -0.00068470177939161658
0.25999999046325683600 -0.00067604030482470989
0.27000001072883606000 -0.00066459871595725417
0.28000000119209289500 -0.00065113062737509608
0.28999999165534973100 -0.00063907622825354338
0.30000001192092895500 -0.00062601669924333692
0.31000000238418579100 -0.00061274837935343385
0.31999999284744262700 -0.00059889658587053418
0.33000001311302185100 -0.00058227602858096361
0.34000000357627868600 -0.00056351942475885153
0.34999999403953552200 -0.00054191151866689324
0.36000001430511474600 -0.00051984342280775309
0.37000000476837158200 -0.00049538188613951206
0.37999999523162841800 -0.00046702931285835803
0.38999998569488525400 -0.00043593870941549540
0.40000000596046447700 -0.00040255760541185737
0.40999999642372131300 -0.00036566829658113420
0.41999998688697814900 -0.00032398189068771899
0.43000000715255737300 -0.00027765368577092886
0.43999999761581420900 -0.00022567179985344410
0.44999998807907104500 -0.00016744769527576864
0.46000000834465026800 -0.00010395250137662515
0.46999999880790710400 -0.00004281989095034078
0.47999998927116394000 0.00002720377051446121
0.49000000953674316400 0.00010717059922171757
0.50000000000000000000 0.00020036060595884919
0.50999999046325683600 0.00029873321182094514
0.51999998092651367200 0.00040435491246171296
0.52999997138977050800 0.00051712559070438147
0.54000002145767211900 0.00063677917933091521
0.55000001192092895500 0.00076423760037869215
0.56000000238418579100 0.00089910917449742556
0.56999999284744262700 0.00104097195435315371
0.57999998331069946300 0.00116883299779146910
0.58999997377395629900 0.00132864795159548521
0.60000002384185791000 0.00149280694313347340
0.61000001430511474600 0.00166342302691191435
0.62000000476837158200 0.00184035999700427055
0.62999999523162841800 0.00202110805548727512
0.63999998569488525400 0.00220737908966839314
0.64999997615814209000 0.00240194005891680718
0.66000002622604370100 0.00259974389337003231
0.67000001668930053700 0.00280122202821075916
0.68000000715255737300 0.00300845503807067871
0.68999999761581420900 0.00322273094207048416
0.69999998807907104500 0.00344095309264957905
0.70999997854232788100 0.00366306398063898087
0.72000002861022949200 0.00389085011556744576
0.73000001907348632800 0.00411774218082427979
0.74000000953674316400 0.00434536114335060120
0.75000000000000000000 0.00458384212106466293
0.75999999046325683600 0.00482111703604459763
0.76999998092651367200 0.00505538610741496086
0.77999997138977050800 0.00530020799487829209
0.79000002145767211900 0.00554804690182209015
0.80000001192092895500 0.00579896802082657814
0.81000000238418579100 0.00605277298018336296
0.81999999284744262700 0.00630942313000559807
0.82999998331069946300 0.00655912095680832863
0.83999997377395629900 0.00680990284308791161
0.85000002384185791000 0.00706928083673119545
0.86000001430511474600 0.00732589792460203171
0.87000000476837158200 0.00757796084508299828
0.87999999523162841800 0.00783641356974840164
0.88999998569488525400 0.00810039881616830826
0.89999997615814209000 0.00836632680147886276
0.91000002622604370100 0.00863197445869445801
0.92000001668930053700 0.00889626983553171158
0.93000000715255737300 0.00915957707911729813
0.93999999761581420900 0.00941051635891199112
0.94999998807907104500 0.00967121776193380356
0.95999997854232788100 0.00993454456329345703
0.97000002861022949200 0.01018312014639377590
0.98000001907348632800 0.01043999008834362030
0.99000000953674316400 0.01067759003490209580
1.00000000000000000000 0.01094808988273143770
