-1.00000000000000000000 -0.00534419203177094460
-0.99000000953674316400 -0.00532235810533165932
-0.98000001907348632800 -0.00532246986404061318
-0.97000002861022949200 -0.00533031113445758820
-0.95999997854232788100 -0.00533891096711158753
-0.94999998807907104500 -0.00534397503361105919
-0.93999999761581420900 -0.00534163601696491242
-0.93000000715255737300 -0.00533750792965292931
-0.92000001668930053700 -0.00531228911131620407
-0.91000002622604370100 -0.00532287498936057091
-0.89999997615814209000 -0.00532166520133614540
-0.88999998569488525400 -0.00529554998502135277
-0.87999999523162841800 -0.00529800402000546456
-0.87000000476837158200 -0.00530533585697412491
-0.86000001430511474600 -0.00531283719465136528
-0.85000002384185791000 -0.00531336199492216110
-0.83999997377395629900 -0.00533065898343920708
-0.82999998331069946300 -0.00531211821362376213
-0.81999999284744262700 -0.00528929615393280983
-0.81000000238418579100 -0.00530282082036137581
-0.80000001192092895500 -0.00529551319777965546
-0.79000002145767211900 -0.00527340779080986977
-0.77999997138977050800 -0.00527476985007524491
-0.76999998092651367200 -0.00527817290276288986
-0.75999999046325683600 -0.00528217619284987450
-0.75000000000000000000 -0.00529884919524192810
-0.74000000953674316400 -0.00530170695856213570
-0.73000001907348632800 -0.00529182888567447663
-0.72000002861022949200 -0.00528096407651901245
-0.70999997854232788100 -0.00527331978082656861
-0.69999998807907104500 -0.00526939798146486283
-0.68999999761581420900 -0.00526480376720428467
-0.68000000715255737300 -0.00525193102657794953
-0.67000001668930053700 -0.00524731818586587906
-0.66000002622604370100 -0.00526542216539382935
-0.64999997615814209000 -0.00526893604546785355
-0.63999998569488525400 -0.00526401400566101074
-0.62999999523162841800 -0.00527198798954486847
-0.62000000476837158200 -0.00526026496663689614
-0.61000001430511474600 -0.00524038821458816528
-0.60000002384185791000 -0.00525590311735868454
-0.58999997377395629900 -0.00524459918960928917
-0.57999998331069946300 -0.00521794008091092110
-0.56999999284744262700 -0.00523081794381141663
-0.56000000238418579100 -0.00523651298135519028
-0.55000001192092895500 -0.00523770507425069809
-0.54000002145767211900 -0.00525129400193691254
-0.52999997138977050800 -0.00525599019601941109
-0.51999998092651367200 -0.00523492414504289627
-0.50999999046325683600 -0.00522309215739369393
-0.50000000000000000000 -0.00523120677098631859
-0.49000000953674316400 -0.00522203790023922920
-0.47999998927116394000 -0.00520726293325424194
-0.46999999880790710400 -0.00520497094839811325
-0.46000000834465026800 -0.00520547898486256600
-0.44999998807907104500 -0.00521700503304600716
-0.43999999761581420900 -0.00522364396601915360
-0.43000000715255737300 -0.00522528588771820069
-0.41999998688697814900 -0.00522236479446291924
-0.40999999642372131300 -0.00519894296303391457
-0.40000000596046447700 -0.00519733596593141556
-0.38999998569488525400 -0.00520252902060747147
-0.37999999523162841800 -0.00518026622012257576
-0.37000000476837158200 -0.00517220608890056610
-0.36000001430511474600 -0.00518053490668535233
-0.34999999403953552200 -0.00518509279936552048
-0.34000000357627868600 -0.00518831796944141388
-0.33000001311302185100 -0.00519877485930919647
-0.31999999284744262700 -0.00519202090799808502
-0.31000000238418579100 -0.00517698703333735466
-0.30000001192092895500 -0.00516331382095813751
-0.28999999165534973100 -0.00516829779371619225
-0.28000000119209289500 -0.00515568722039461136
-0.27000001072883606000 -0.00514351390302181244
-0.25999999046325683600 -0.00514430319890379906
-0.25000000000000000000 -0.00514709018170833588
-0.23999999463558197000 -0.00516167795285582543
-0.23000000417232513400 -0.00516023719683289528
-0.21999999880790710400 -0.00516577111557126045
-0.20999999344348907500 -0.00515215098857879639
-0.20000000298023223900 -0.00513166002929210663
-0.18999999761581420900 -0.00513993017375469208
-0.18000000715255737300 -0.00513202510774135590
-0.17000000178813934300 -0.00511553883552551270
-0.15999999642372131300 -0.00511054601520299912
-0.15000000596046447800 -0.00511558214202523232
-0.14000000059604644800 -0.00512238685041666031
-0.12999999523162841800 -0.00512756220996379852
-0.11999999731779098500 -0.00513338902965188027
-0.10999999940395355200 -0.00512201013043522835
-0.10000000149011611900 -0.00509642716497182846
-0.09000000357627868650 -0.00510291289538145065
-0.07999999821186065670 -0.00510015897452831268
-0.07000000029802322390 -0.00507518695667386055
-0.05999999865889549260 -0.00507159810513257980
-0.05000000074505805970 -0.00507726985961198807
-0.03999999910593032840 -0.00507877208292484284
-0.02999999932944774630 -0.00508152693510055542
-0.01999999955296516420 -0.00509592518210411072
-0.00999999977648258210 -0.00507945101708173752
0.00000000000000000000 -0.00505426712334156037
0.00999999977648258210 -0.00505308900028467178
0.01999999955296516420 -0.00505289481952786446
0.02999999932944774630 -0.00503254216164350510
0.03999999910593032840 -0.00502470601350069046
0.05000000074505805970 -0.00502410810440778732
0.05999999865889549260 -0.00501751992851495743
0.07000000029802322390 -0.00503322295844554901
0.07999999821186065670 -0.00502696307376027107
0.09000000357627868650 -0.00502291880548000336
0.10000000149011611900 -0.00501473201438784599
0.10999999940395355200 -0.00498911691829562187
0.11999999731779098500 -0.00498637696728110314
0.12999999523162841800 -0.00498495297506451607
0.14000000059604644800 -0.00496017094701528549
0.15000000596046447800 -0.00495107611641287804
0.15999999642372131300 -0.00495557487010955811
0.17000000178813934300 -0.00495269382372498512
0.18000000715255737300 -0.00495054712519049645
0.18999999761581420900 -0.00495494715869426727
0.20000000298023223900 -0.00493500009179115296
0.20999999344348907500 -0.00490182591602206230
0.21999999880790710400 -0.00490821478888392449
0.23000000417232513400 -0.00489232502877712250
0.23999999463558197000 -0.00486047612503170967
0.25000000000000000000 -0.00485555594787001610
0.25999999046325683600 -0.00484928721562027931
0.27000001072883606000 -0.00484458822757005692
0.28000000119209289500 -0.00484265480190515518
0.28999999165534973100 -0.00484022684395313263
0.30000001192092895500 -0.00481566879898309708
0.31000000238418579100 -0.00479273917153477669
0.31999999284744262700 -0.00478078378364443779
0.33000001311302185100 -0.00476101413369178772
0.34000000357627868600 -0.00473862793296575546
0.34999999403953552200 -0.00471159582957625389
0.36000001430511474600 -0.00470028677955269814
0.37000000476837158200 -0.00469576194882392883
0.37999999523162841800 -0.00468622008338570595
0.38999998569488525400 -0.00466987118124961853
0.40000000596046447700 -0.00465839402750134468
0.40999999642372131300 -0.00461920211091637612
0.41999998688697814900 -0.00458745006471872330
0.43000000715255737300 -0.00457492889836430550
0.43999999761581420900 -0.00453815609216690064
0.44999998807907104500 -0.00449849292635917664
0.46000000834465026800 -0.00448083411902189255
0.46999999880790710400 -0.00445468584075570107
0.47999998927116394000 -0.00442621391266584396
0.49000000953674316400 -0.00440088007599115372
0.50000000000000000000 -0.00435783900320529938
0.50999999046325683600 -0.00430133799090981484
0.51999998092651367200 -0.00423794984817504883
0.52999997138977050800 -0.00418810406699776650
0.54000002145767211900 -0.00411476613953709602
0.55000001192092895500 -0.00402465509250760079
0.56000000238418579100 -0.00393677316606044769
0.56999999284744262700 -0.00383723201230168343
0.57999998331069946300 -0.00372701208107173443
0.58999997377395629900 -0.00360051402822136879
0.60000002384185791000 -0.00345303700305521488
0.61000001430511474600 -0.00326715107075870037
0.62000000476837158200 -0.00305423908866941929
0.62999999523162841800 -0.00283710705116391182
0.63999998569488525400 -0.00258539896458387375
0.64999997615814209000 -0.00230570090934634209
0.66000002622604370100 -0.00200748303905129433
0.67000001668930053700 -0.00168981298338621855
0.68000000715255737300 -0.00135970604605972767
0.68999999761581420900 -0.00100812304299324751
0.69999998807907104500 -0.00064301252132281661
0.70999997854232788100 -0.00027946088812313974
0.72000002861022949200 0.00008404466643696651
0.73000001907348632800 0.00044952149619348347
0.74000000953674316400 0.00079841358819976449
0.75000000000000000000 0.00113015400711447001
0.75999999046325683600 0.00144735304638743401
0.76999998092651367200 0.00173959101084619761
0.77999997138977050800 0.00200696499086916447
0.79000002145767211900 0.00224897498264908791
0.80000001192092895500 0.00246667489409446716
0.81000000238418579100 0.00266318302601575852
0.81999999284744262700 0.00283887609839439392
0.82999998331069946300 0.00299543002620339394
0.83999997377395629900 0.00313530606217682362
0.85000002384185791000 0.00326297199353575707
0.86000001430511474600 0.00338099501095712185
0.87000000476837158200 0.00348784611560404301
0.87999999523162841800 0.00358579098246991634
0.88999998569488525400 0.00368142104707658291
0.89999997615814209000 0.00377322896383702755
0.91000002622604370100 0.00386015209369361401
0.92000001668930053700 0.00394394900649785996
0.93000000715255737300 0.00402544019743800163
0.93999999761581420900 0.00409975089132785797
0.94999998807907104500 0.00417326716706156731
0.95999997854232788100 0.00425081793218851090
0.97000002861022949200 0.00432265084236860275
0.98000001907348632800 0.00439224811270833016
0.99000000953674316400 0.00446636788547039032
1.00000000000000000000 0.00454005319625139237
