-1.00000000000000000000 -0.00001098687971534673
-0.99000000953674316400 -0.00000952428581513232
-0.98000001907348632800 -0.00000939022265811218
-0.97000002861022949200 -0.00000915593955141958
-0.95999997854232788100 -0.00000901563544175588
-0.94999998807907104500 -0.00000881962932908209
-0.93999999761581420900 -0.00000864783942233771
-0.93000000715255737300 -0.00000845248996483861
-0.92000001668930053700 -0.00000829393866297323
-0.91000002622604370100 -0.00000812074267741991
-0.89999997615814209000 -0.00000791651109466329
-0.88999998569488525400 -0.00000780069058237132
-0.87999999523162841800 -0.00000760536704547121
-0.87000000476837158200 -0.00000749121818444110
-0.86000001430511474600 -0.00000731302498024888
-0.85000002384185791000 -0.00000717309103492880
-0.83999997377395629900 -0.00000699704514772748
-0.82999998331069946300 -0.00000686615112499567
-0.81999999284744262700 -0.00000671644420435769
-0.81000000238418579100 -0.00000655400299365283
-0.80000001192092895500 -0.00000644660121906782
-0.79000002145767211900 -0.00000625412394583691
-0.77999997138977050800 -0.00000617330397290061
-0.76999998092651367200 -0.00000602190220888588
-0.75999999046325683600 -0.00000590951094636694
-0.75000000000000000000 -0.00000575172680328251
-0.74000000953674316400 -0.00000564896708965534
-0.73000001907348632800 -0.00000549579408470890
-0.72000002861022949200 -0.00000537074902240420
-0.70999997854232788100 -0.00000527090787727502
-0.69999998807907104500 -0.00000509771689394256
-0.68999999761581420900 -0.00000502381499245530
-0.68000000715255737300 -0.00000488108798890607
-0.67000001668930053700 -0.00000479627078675549
-0.66000002622604370100 -0.00000465120092485449
-0.64999997615814209000 -0.00000456967518402962
-0.63999998569488525400 -0.00000441150496044429
-0.62999999523162841800 -0.00000430586806032807
-0.62000000476837158200 -0.00000420377818954876
-0.61000001430511474600 -0.00000405224318456021
-0.60000002384185791000 -0.00000396740597352618
-0.58999997377395629900 -0.00000381919699066202
-0.57999998331069946300 -0.00000373291300093115
-0.56999999284744262700 -0.00000358472198058735
-0.56000000238418579100 -0.00000351415610566619
-0.55000001192092895500 -0.00000336691391567001
-0.54000002145767211900 -0.00000329624390360550
-0.52999997138977050800 -0.00000320032700074080
-0.51999998092651367200 -0.00000309251004182443
-0.50999999046325683600 -0.00000302913394989446
-0.50000000000000000000 -0.00000291595506496378
-0.49000000953674316400 -0.00000287398802356620
-0.47999998927116394000 -0.00000277053595709731
-0.46999999880790710400 -0.00000274257104138087
-0.46000000834465026800 -0.00000261915192822926
-0.44999998807907104500 -0.00000257653096014110
-0.43999999761581420900 -0.00000247315392698511
-0.43000000715255737300 -0.00000237859399021545
-0.41999998688697814900 -0.00000231248191084887
-0.40999999642372131300 -0.00000220837409870001
-0.40000000596046447700 -0.00000213840598917159
-0.38999998569488525400 -0.00000202428896045603
-0.37999999523162841800 -0.00000198324801203853
-0.37000000476837158200 -0.00000185258602414251
-0.36000001430511474600 -0.00000180758797796443
-0.34999999403953552200 -0.00000169024599472323
-0.34000000357627868600 -0.00000161173795731884
-0.33000001311302185100 -0.00000153138398673036
-0.31999999284744262700 -0.00000143657996432012
-0.31000000238418579100 -0.00000136115397708636
-0.30000001192092895500 -0.00000125578196730203
-0.28999999165534973100 -0.00000121183904866484
-0.28000000119209289500 -0.00000108369795270846
-0.27000001072883606000 -0.00000105545404949225
-0.25999999046325683600 -0.00000094850531695556
-0.25000000000000000000 -0.00000088162232714240
-0.23999999463558197000 -0.00000074732281518664
-0.23000000417232513400 -0.00000071449051119998
-0.21999999880790710400 -0.00000059700721521949
-0.20999999344348907500 -0.00000053431261903825
-0.20000000298023223900 -0.00000043068590116491
-0.18999999761581420900 -0.00000035816199783767
-0.18000000715255737300 -0.00000026286619458915
-0.17000000178813934300 -0.00000017188770584653
-0.15999999642372131300 -0.00000010700939867547
-0.15000000596046447800 0.00000002274163968252
-0.14000000059604644800 0.00000005861621943382
-0.12999999523162841800 0.00000018424789516303
-0.11999999731779098500 0.00000024400421239079
-0.10999999940395355200 0.00000035474968740346
-0.10000000149011611900 0.00000042982981085515
-0.09000000357627868650 0.00000053026337809570
-0.07999999821186065670 0.00000061593368627655
-0.07000000029802322390 0.00000069768611865584
-0.05999999865889549260 0.00000081859957390407
-0.05000000074505805970 0.00000086385762188002
-0.03999999910593032840 0.00000100159695648472
-0.02999999932944774630 0.00000104337595985271
-0.01999999955296516420 0.00000115145098789071
-0.00999999977648258210 0.00000125225096780923
0.00000000000000000000 0.00000131488604893093
0.00999999977648258210 0.00000146617594509735
0.01999999955296516420 0.00000150643495544500
0.02999999932944774630 0.00000164226401011547
0.03999999910593032840 0.00000173049897966848
0.05000000074505805970 0.00000184544796866248
0.05999999865889549260 0.00000192870402315748
0.07000000029802322390 0.00000204667298930872
0.07999999821186065670 0.00000214325996239495
0.09000000357627868650 0.00000221989103010856
0.10000000149011611900 0.00000236818596022204
0.10999999940395355200 0.00000241018005908700
0.11999999731779098500 0.00000255690792982932
0.12999999523162841800 0.00000263577499026724
0.14000000059604644800 0.00000275322690868052
0.15000000596046447800 0.00000283365488940035
0.15999999642372131300 0.00000295252198156959
0.17000000178813934300 0.00000304905302073166
0.18000000715255737300 0.00000314320800498535
0.18999999761581420900 0.00000327456291415729
0.20000000298023223900 0.00000332915010403667
0.20999999344348907500 0.00000347982995663187
0.21999999880790710400 0.00000355275801666721
0.23000000417232513400 0.00000368672908734879
0.23999999463558197000 0.00000378161894332152
0.25000000000000000000 0.00000392054198528058
0.25999999046325683600 0.00000398527799916337
0.27000001072883606000 0.00000411483597417828
0.28000000119209289500 0.00000424335485149641
0.28999999165534973100 0.00000431448188464856
0.30000001192092895500 0.00000447034790340695
0.31000000238418579100 0.00000454796099802479
0.31999999284744262700 0.00000468123016617028
0.33000001311302185100 0.00000476415698358323
0.34000000357627868600 0.00000491362015964114
0.34999999403953552200 0.00000499952602694975
0.36000001430511474600 0.00000512909309691167
0.37000000476837158200 0.00000527720885656890
0.37999999523162841800 0.00000536189099875628
0.38999998569488525400 0.00000549698506802088
0.40000000596046447700 0.00000559191994398134
0.40999999642372131300 0.00000574560817767633
0.41999998688697814900 0.00000583619885219377
0.43000000715255737300 0.00000600190605837270
0.43999999761581420900 0.00000609985318078543
0.44999998807907104500 0.00000623464120508288
0.46000000834465026800 0.00000633872195976437
0.46999999880790710400 0.00000645311320113251
0.47999998927116394000 0.00000657059217701317
0.49000000953674316400 0.00000663489208818646
0.50000000000000000000 0.00000679827189742355
0.50999999046325683600 0.00000688221916789189
0.51999998092651367200 0.00000701783801559941
0.52999997138977050800 0.00000712640303390799
0.54000002145767211900 0.00000726139296602923
0.55000001192092895500 0.00000733229899196886
0.56000000238418579100 0.00000746029218134936
0.56999999284744262700 0.00000758312580728671
0.57999998331069946300 0.00000765285767556634
0.58999997377395629900 0.00000781726521381643
0.60000002384185791000 0.00000788839224696858
0.61000001430511474600 0.00000802923477749573
0.62000000476837158200 0.00000814416398497997
0.62999999523162841800 0.00000830034514365252
0.63999998569488525400 0.00000836610888654832
0.64999997615814209000 0.00000848342733661411
0.66000002622604370100 0.00000861269018059829
0.67000001668930053700 0.00000872576310939621
0.68000000715255737300 0.00000887530222826172
0.68999999761581420900 0.00000894269578566309
0.69999998807907104500 0.00000909099071577657
0.70999997854232788100 0.00000920903221413027
0.72000002861022949200 0.00000936501783144195
0.73000001907348632800 0.00000946702857618220
0.74000000953674316400 0.00000962071771937190
0.75000000000000000000 0.00000968411131907487
0.75999999046325683600 0.00000981317134574056
0.76999998092651367200 0.00000995648679236183
0.77999997138977050800 0.00001000711017695721
0.79000002145767211900 0.00001015847010421567
0.80000001192092895500 0.00001024932043947047
0.81000000238418579100 0.00001043070005835034
0.81999999284744262700 0.00001047617024596548
0.82999998331069946300 0.00001060748036252335
0.83999997377395629900 0.00001072129998647142
0.85000002384185791000 0.00001084641007764731
0.86000001430511474600 0.00001098639040719718
0.87000000476837158200 0.00001111169967771275
0.87999999523162841800 0.00001122038975154283
0.88999998569488525400 0.00001139681990025565
0.89999997615814209000 0.00001148386036220472
0.91000002622604370100 0.00001170402993011521
0.92000001668930053700 0.00001185851033369545
0.93000000715255737300 0.00001203090960189002
0.93999999761581420900 0.00001212752977153286
0.94999998807907104500 0.00001223663002747344
0.95999997854232788100 0.00001235462968907086
0.97000002861022949200 0.00001246930969500681
0.98000001907348632800 0.00001258362044609385
0.99000000953674316400 0.00001266655999643262
1.00000000000000000000 0.00001288350995309884
