-1.00000000000000000000 -0.00546046579256653786
-0.99000000953674316400 -0.00543755991384387016
-0.98000001907348632800 -0.00542778801172971726
-0.97000002861022949200 -0.00540855294093489647
-0.95999997854232788100 -0.00538470782339572907
-0.94999998807907104500 -0.00537988310679793358
-0.93999999761581420900 -0.00534592801705002785
-0.93000000715255737300 -0.00530792120844125748
-0.92000001668930053700 -0.00531418900936841965
-0.91000002622604370100 -0.00529171992093324661
-0.89999997615814209000 -0.00526168616488575936
-0.88999998569488525400 -0.00525669986382126808
-0.87999999523162841800 -0.00525091122835874558
-0.87000000476837158200 -0.00523637002333998680
-0.86000001430511474600 -0.00524829979985952378
-0.85000002384185791000 -0.00523580703884363175
-0.83999997377395629900 -0.00520720193162560463
-0.82999998331069946300 -0.00519408006221055985
-0.81999999284744262700 -0.00519215315580368042
-0.81000000238418579100 -0.00517551181837916374
-0.80000001192092895500 -0.00515973800793290138
-0.79000002145767211900 -0.00514719681814312935
-0.77999997138977050800 -0.00514001399278640747
-0.76999998092651367200 -0.00515511911362409592
-0.75999999046325683600 -0.00514754187315702439
-0.75000000000000000000 -0.00514138722792267800
-0.74000000953674316400 -0.00512873800471425057
-0.73000001907348632800 -0.00509765185415744782
-0.72000002861022949200 -0.00509666884317994118
-0.70999997854232788100 -0.00509230094030499458
-0.69999998807907104500 -0.00506220897659659386
-0.68999999761581420900 -0.00504937581717967987
-0.68000000715255737300 -0.00506025785580277443
-0.67000001668930053700 -0.00505213206633925438
-0.66000002622604370100 -0.00505190109834074974
-0.64999997615814209000 -0.00506037706509232521
-0.63999998569488525400 -0.00503194890916347504
-0.62999999523162841800 -0.00500263413414359093
-0.62000000476837158200 -0.00501847499981522560
-0.61000001430511474600 -0.00499929999932646752
-0.60000002384185791000 -0.00497590517625212670
-0.58999997377395629900 -0.00498208403587341309
-0.57999998331069946300 -0.00496932212263345719
-0.56999999284744262700 -0.00497496593743562699
-0.56000000238418579100 -0.00498474622145295143
-0.55000001192092895500 -0.00497794616967439652
-0.54000002145767211900 -0.00496122706681489945
-0.52999997138977050800 -0.00494372891262173653
-0.51999998092651367200 -0.00494182622060179711
-0.50999999046325683600 -0.00493214093148708344
-0.50000000000000000000 -0.00491909682750701904
-0.49000000953674316400 -0.00490274978801608086
-0.47999998927116394000 -0.00490248994901776314
-0.46999999880790710400 -0.00491198897361755371
-0.46000000834465026800 -0.00490627111867070198
-0.44999998807907104500 -0.00490747112780809403
-0.43999999761581420900 -0.00489855278283357620
-0.43000000715255737300 -0.00486775813624262810
-0.41999998688697814900 -0.00486929109320044518
-0.40999999642372131300 -0.00486889109015464783
-0.40000000596046447700 -0.00483566010370850563
-0.38999998569488525400 -0.00482555199414491654
-0.37999999523162841800 -0.00483703706413507462
-0.37000000476837158200 -0.00483025377616286278
-0.36000001430511474600 -0.00483644381165504456
-0.34999999403953552200 -0.00484391488134860993
-0.34000000357627868600 -0.00482180016115307808
-0.33000001311302185100 -0.00480014691129326821
-0.31999999284744262700 -0.00480813300237059593
-0.31000000238418579100 -0.00479360297322273255
-0.30000001192092895500 -0.00478051789104938507
-0.28999999165534973100 -0.00477821100503206253
-0.28000000119209289500 -0.00476998509839177132
-0.27000001072883606000 -0.00478028599172830582
-0.25999999046325683600 -0.00479045603424310684
-0.25000000000000000000 -0.00478204805403947830
-0.23999999463558197000 -0.00477994978427886963
-0.23000000417232513400 -0.00475759804248809815
-0.21999999880790710400 -0.00474639702588319779
-0.20999999344348907500 -0.00475056190043687821
-0.20000000298023223900 -0.00473395595327019692
-0.18999999761581420900 -0.00471582217141985893
-0.18000000715255737300 -0.00472477916628122330
-0.17000000178813934300 -0.00473278295248746872
-0.15999999642372131300 -0.00472375983372330666
-0.15000000596046447800 -0.00473746191710233688
-0.14000000059604644800 -0.00472865020856261254
-0.12999999523162841800 -0.00469204690307378769
-0.11999999731779098500 -0.00470266817137598992
-0.10999999940395355200 -0.00469830585643649101
-0.10000000149011611900 -0.00466820690780878067
-0.09000000357627868650 -0.00466803507879376412
-0.07999999821186065670 -0.00467149214819073677
-0.07000000029802322390 -0.00466253887861967087
-0.05999999865889549260 -0.00467862002551555634
-0.05000000074505805970 -0.00468235509470105171
-0.03999999910593032840 -0.00466074096038937569
-0.02999999932944774630 -0.00464927591383457184
-0.01999999955296516420 -0.00465134717524051666
-0.00999999977648258210 -0.00463382015004754067
0.00000000000000000000 -0.00462651578709483147
0.00999999977648258210 -0.00461845519021153450
0.01999999955296516420 -0.00460284994915127754
0.02999999932944774630 -0.00461673922836780548
0.03999999910593032840 -0.00462228804826736450
0.05000000074505805970 -0.00461127795279026032
0.05999999865889549260 -0.00461120717227458954
0.07000000029802322390 -0.00459487596526741982
0.07999999821186065670 -0.00456514721736311913
0.09000000357627868650 -0.00457452610135078430
0.10000000149011611900 -0.00455956021323800087
0.10999999940395355200 -0.00452995020896196366
0.11999999731779098500 -0.00453606620430946350
0.12999999523162841800 -0.00453262403607368469
0.14000000059604644800 -0.00452306913211941719
0.15000000596046447800 -0.00452613411471247673
0.15999999642372131300 -0.00451829703524708748
0.17000000178813934300 -0.00447904691100120545
0.18000000715255737300 -0.00447161495685577393
0.18999999761581420900 -0.00446427008137106896
0.20000000298023223900 -0.00443149311468005180
0.20999999344348907500 -0.00442461902275681496
0.21999999880790710400 -0.00441588414832949638
0.23000000417232513400 -0.00439862813800573349
0.23999999463558197000 -0.00440612295642495155
0.25000000000000000000 -0.00439918879419565201
0.25999999046325683600 -0.00437005003914237023
0.27000001072883606000 -0.00435463897883892059
0.28000000119209289500 -0.00433071702718734741
0.28999999165534973100 -0.00430969288572669029
0.30000001192092895500 -0.00429903110489249230
0.31000000238418579100 -0.00426881387829780579
0.31999999284744262700 -0.00424577016383409500
0.33000001311302185100 -0.00424758391454815865
0.34000000357627868600 -0.00423490907996892929
0.34999999403953552200 -0.00420494005084037781
0.36000001430511474600 -0.00419624103233218193
0.37000000476837158200 -0.00415945285931229592
0.37999999523162841800 -0.00412009702995419502
0.38999998569488525400 -0.00411322712898254395
0.40000000596046447700 -0.00407744804397225380
0.40999999642372131300 -0.00403397809714078903
0.41999998688697814900 -0.00401639007031917572
0.43000000715255737300 -0.00399265717715024948
0.43999999761581420900 -0.00395970698446035385
0.44999998807907104500 -0.00394485983997583389
0.46000000834465026800 -0.00391020812094211578
0.46999999880790710400 -0.00385407102294266224
0.47999998927116394000 -0.00381718995049595833
0.49000000953674316400 -0.00378404208458960056
0.50000000000000000000 -0.00372638902626931667
0.50999999046325683600 -0.00368255795910954476
0.51999998092651367200 -0.00363525003194808960
0.52999997138977050800 -0.00358155509456992149
0.54000002145767211900 -0.00354250892996788025
0.55000001192092895500 -0.00347909401170909405
0.56000000238418579100 -0.00340985297225415707
0.56999999284744262700 -0.00332873896695673466
0.57999998331069946300 -0.00322883692570030689
0.58999997377395629900 -0.00313342805020511150
0.60000002384185791000 -0.00303192110732197762
0.61000001430511474600 -0.00289150490425527096
0.62000000476837158200 -0.00275015202350914478
0.62999999523162841800 -0.00260481494478881359
0.63999998569488525400 -0.00242854701355099678
0.64999997615814209000 -0.00222253310494124889
0.66000002622604370100 -0.00200095307081937790
0.67000001668930053700 -0.00173167802859097719
0.68000000715255737300 -0.00142911402508616447
0.68999999761581420900 -0.00112370401620864868
0.69999998807907104500 -0.00078195391688495874
0.70999997854232788100 -0.00039230080437846482
0.72000002861022949200 0.00000497555993206333
0.73000001907348632800 0.00043811110663227737
0.74000000953674316400 0.00088029337348416448
0.75000000000000000000 0.00133937003556638956
0.75999999046325683600 0.00180620700120925903
0.76999998092651367200 0.00228552194312214851
0.77999997138977050800 0.00274987402372062206
0.79000002145767211900 0.00321740610525012016
0.80000001192092895500 0.00366221903823316097
0.81000000238418579100 0.00410188920795917511
0.81999999284744262700 0.00451072584837675095
0.82999998331069946300 0.00489880982786417008
0.83999997377395629900 0.00525569682940840721
0.85000002384185791000 0.00558297708630561829
0.86000001430511474600 0.00590154994279146195
0.87000000476837158200 0.00616408605128526688
0.87999999523162841800 0.00643071206286549568
0.88999998569488525400 0.00667249783873558045
0.89999997615814209000 0.00691099697723984719
0.91000002622604370100 0.00712797977030277252
0.92000001668930053700 0.00734261190518736840
0.93000000715255737300 0.00752289686352014542
0.93999999761581420900 0.00770680187270045281
0.94999998807907104500 0.00792036671191453934
0.95999997854232788100 0.00808854121714830399
0.97000002861022949200 0.00829643569886684418
0.98000001907348632800 0.00847930926829576493
0.99000000953674316400 0.00861487071961164475
1.00000000000000000000 0.00883318297564983368
