-1.00000000000000000000 -0.00574607821181416512
-0.99000000953674316400 -0.00575261283665895462
-0.98000001907348632800 -0.00572627689689397812
-0.97000002861022949200 -0.00572123192250728607
-0.95999997854232788100 -0.00573284178972244263
-0.94999998807907104500 -0.00573990400880575180
-0.93999999761581420900 -0.00574418017640709877
-0.93000000715255737300 -0.00575525406748056412
-0.92000001668930053700 -0.00574405584484338761
-0.91000002622604370100 -0.00572342518717050553
-0.89999997615814209000 -0.00573381688445806503
-0.88999998569488525400 -0.00573039706796407700
-0.87999999523162841800 -0.00570668512955307961
-0.87000000476837158200 -0.00570415519177913666
-0.86000001430511474600 -0.00570597779005765915
-0.85000002384185791000 -0.00571002112701535225
-0.83999997377395629900 -0.00572587503120303154
-0.82999998331069946300 -0.00573012093082070351
-0.81999999284744262700 -0.00572687620297074318
-0.81000000238418579100 -0.00571701582521200180
-0.80000001192092895500 -0.00570008112117648125
-0.79000002145767211900 -0.00570789678022265434
-0.77999997138977050800 -0.00570072513073682785
-0.76999998092651367200 -0.00568859511986374855
-0.75999999046325683600 -0.00568352220579981804
-0.75000000000000000000 -0.00569213507696986199
-0.74000000953674316400 -0.00570554006844758988
-0.73000001907348632800 -0.00570361781865358353
-0.72000002861022949200 -0.00571872293949127197
-0.70999997854232788100 -0.00570138683542609215
-0.69999998807907104500 -0.00567222991958260536
-0.68999999761581420900 -0.00569271482527256012
-0.68000000715255737300 -0.00568489497527480126
-0.67000001668930053700 -0.00565849198028445244
-0.66000002622604370100 -0.00565846590325236321
-0.64999997615814209000 -0.00566745921969413758
-0.63999998569488525400 -0.00566654792055487633
-0.62999999523162841800 -0.00568227097392082215
-0.62000000476837158200 -0.00569134112447500229
-0.61000001430511474600 -0.00567522598430514336
-0.60000002384185791000 -0.00565540511161088944
-0.58999997377395629900 -0.00566217210143804550
-0.57999998331069946300 -0.00565198808908462525
-0.56999999284744262700 -0.00563701009377837181
-0.56000000238418579100 -0.00562727916985750199
-0.55000001192092895500 -0.00562953390181064606
-0.54000002145767211900 -0.00564276613295078278
-0.52999997138977050800 -0.00565180415287613869
-0.51999998092651367200 -0.00564923183992505074
-0.50999999046325683600 -0.00565750896930694580
-0.50000000000000000000 -0.00564282108098268509
-0.49000000953674316400 -0.00561887212097644806
-0.47999998927116394000 -0.00563112786039710045
-0.46999999880790710400 -0.00562767498195171356
-0.46000000834465026800 -0.00559951784089207649
-0.44999998807907104500 -0.00560654094442725182
-0.43999999761581420900 -0.00561401899904012680
-0.43000000715255737300 -0.00562133500352501869
-0.41999998688697814900 -0.00562760699540376663
-0.40999999642372131300 -0.00564055610448122025
-0.40000000596046447700 -0.00561615079641342163
-0.38999998569488525400 -0.00559526914730668068
-0.37999999523162841800 -0.00561178987845778465
-0.37000000476837158200 -0.00559964915737509728
-0.36000001430511474600 -0.00557783711701631546
-0.34999999403953552200 -0.00557916006073355675
-0.34000000357627868600 -0.00557863293215632439
-0.33000001311302185100 -0.00559052685275673866
-0.31999999284744262700 -0.00560547877103090286
-0.31000000238418579100 -0.00559770595282316208
-0.30000001192092895500 -0.00559196714311838150
-0.28999999165534973100 -0.00557822920382022858
-0.28000000119209289500 -0.00556938303634524346
-0.27000001072883606000 -0.00557097978889942169
-0.25999999046325683600 -0.00556159997358918190
-0.25000000000000000000 -0.00554311694577336312
-0.23999999463558197000 -0.00554041983559727669
-0.23000000417232513400 -0.00556090380996465683
-0.21999999880790710400 -0.00555721018463373184
-0.20999999344348907500 -0.00556297507137060166
-0.20000000298023223900 -0.00557562196627259255
-0.18999999761581420900 -0.00555025693029165268
-0.18000000715255737300 -0.00552879506722092629
-0.17000000178813934300 -0.00554909603670239449
-0.15999999642372131300 -0.00552812404930591583
-0.15000000596046447800 -0.00550554879009723664
-0.14000000059604644800 -0.00551918195560574532
-0.12999999523162841800 -0.00550807081162929535
-0.11999999731779098500 -0.00551958102732896805
-0.10999999940395355200 -0.00553208682686090470
-0.10000000149011611900 -0.00553184887394309044
-0.09000000357627868650 -0.00550962612032890320
-0.07999999821186065670 -0.00549342297017574310
-0.07000000029802322390 -0.00549443811178207398
-0.05999999865889549260 -0.00548653397709131241
-0.05000000074505805970 -0.00547292781993746758
-0.03999999910593032840 -0.00545780919492244721
-0.02999999932944774630 -0.00545885087922215462
-0.01999999955296516420 -0.00547370081767439842
-0.00999999977648258210 -0.00547042489051818848
0.00000000000000000000 -0.00546693988144397736
0.00999999977648258210 -0.00547316204756498337
0.01999999955296516420 -0.00544751994311809540
0.02999999932944774630 -0.00542711513116955757
0.03999999910593032840 -0.00544598419219255448
0.05000000074505805970 -0.00542562501505017281
0.05999999865889549260 -0.00539674703031778336
0.07000000029802322390 -0.00540631497278809548
0.07999999821186065670 -0.00540642207488417626
0.09000000357627868650 -0.00540484581142663956
0.10000000149011611900 -0.00542589277029037476
0.10999999940395355200 -0.00541973812505602837
0.11999999731779098500 -0.00539569696411490441
0.12999999523162841800 -0.00538165308535099030
0.14000000059604644800 -0.00538624823093414307
0.15000000596046447800 -0.00536942295730113983
0.15999999642372131300 -0.00535662099719047547
0.17000000178813934300 -0.00534722581505775452
0.18000000715255737300 -0.00533736078068614006
0.18999999761581420900 -0.00535216880962252617
0.20000000298023223900 -0.00534940510988235474
0.20999999344348907500 -0.00534915504977107048
0.21999999880790710400 -0.00534267118200659752
0.23000000417232513400 -0.00531886518001556397
0.23999999463558197000 -0.00530175119638442993
0.25000000000000000000 -0.00530829001218080521
0.25999999046325683600 -0.00528556108474731445
0.27000001072883606000 -0.00525851314887404442
0.28000000119209289500 -0.00526774022728204727
0.28999999165534973100 -0.00525979185476899147
0.30000001192092895500 -0.00526058115065097809
0.31000000238418579100 -0.00526704220101237297
0.31999999284744262700 -0.00525785516947507858
0.33000001311302185100 -0.00522834295406937599
0.34000000357627868600 -0.00521350186318159104
0.34999999403953552200 -0.00520994700491428375
0.36000001430511474600 -0.00519028911367058754
0.37000000476837158200 -0.00517458794638514519
0.37999999523162841800 -0.00515886303037405014
0.38999998569488525400 -0.00514534115791320801
0.40000000596046447700 -0.00515280896797776222
0.40999999642372131300 -0.00514450296759605408
0.41999998688697814900 -0.00513268401846289635
0.43000000715255737300 -0.00511648086830973625
0.43999999761581420900 -0.00507286377251148224
0.44999998807907104500 -0.00506152585148811340
0.46000000834465026800 -0.00504938885569572449
0.46999999880790710400 -0.00500648282468318939
0.47999998927116394000 -0.00497608212754130364
0.49000000953674316400 -0.00496661895886063576
0.50000000000000000000 -0.00494761485606431961
0.50999999046325683600 -0.00492297485470771790
0.51999998092651367200 -0.00490604387596249581
0.52999997138977050800 -0.00486911507323384285
0.54000002145767211900 -0.00481509882956743240
0.55000001192092895500 -0.00477770715951919556
0.56000000238418579100 -0.00473246676847338677
0.56999999284744262700 -0.00467107119038701058
0.57999998331069946300 -0.00461128680035471916
0.58999997377395629900 -0.00455221999436616898
0.60000002384185791000 -0.00448595779016613960
0.61000001430511474600 -0.00442373892292380333
0.62000000476837158200 -0.00433975784108042717
0.62999999523162841800 -0.00424072705209255219
0.63999998569488525400 -0.00411971192806959152
0.64999997615814209000 -0.00396717805415391922
0.66000002622604370100 -0.00382737093605101109
0.67000001668930053700 -0.00366314197890460491
0.68000000715255737300 -0.00345045491121709347
0.68999999761581420900 -0.00322503596544265747
0.69999998807907104500 -0.00298938597552478314
0.70999997854232788100 -0.00271882908418774605
0.72000002861022949200 -0.00241370289586484432
0.73000001907348632800 -0.00209033093415200710
0.74000000953674316400 -0.00172467599622905254
0.75000000000000000000 -0.00133265601471066475
0.75999999046325683600 -0.00095744081772863865
0.76999998092651367200 -0.00056054617743939161
0.77999997138977050800 -0.00015346010331995785
0.79000002145767211900 0.00022824229381512851
0.80000001192092895500 0.00060388288693502545
0.81000000238418579100 0.00094744219677522779
0.81999999284744262700 0.00125430000480264425
0.82999998331069946300 0.00152656598947942257
0.83999997377395629900 0.00176380202174186707
0.85000002384185791000 0.00196424196474254131
0.86000001430511474600 0.00213056709617376328
0.87000000476837158200 0.00226954696699976921
0.87999999523162841800 0.00238358601927757263
0.88999998569488525400 0.00247715599834918976
0.89999997615814209000 0.00255550607107579708
0.91000002622604370100 0.00262135989032685757
0.92000001668930053700 0.00267734704539179802
0.93000000715255737300 0.00272560608573257923
0.93999999761581420900 0.00276801898144185543
0.94999998807907104500 0.00280661601573228836
0.95999997854232788100 0.00284116691909730435
0.97000002861022949200 0.00287277903407812119
0.98000001907348632800 0.00290336599573493004
0.99000000953674316400 0.00293220393359661102
1.00000000000000000000 0.00295969401486217976
