-1.00000000000000000000 -0.00373728689737617970
-0.99000000953674316400 -0.00371995498426258564
-0.98000001907348632800 -0.00369081809185445309
-0.97000002861022949200 -0.00366149796172976494
-0.95999997854232788100 -0.00365099310874938965
-0.94999998807907104500 -0.00364170805551111698
-0.93999999761581420900 -0.00363388611003756523
-0.93000000715255737300 -0.00363398902118206024
-0.92000001668930053700 -0.00362549000419676304
-0.91000002622604370100 -0.00360813504084944725
-0.89999997615814209000 -0.00359231792390346527
-0.88999998569488525400 -0.00358784408308565617
-0.87999999523162841800 -0.00357368704862892628
-0.87000000476837158200 -0.00356031092815101147
-0.86000001430511474600 -0.00355175510048866272
-0.85000002384185791000 -0.00354718603193759918
-0.83999997377395629900 -0.00355259701609611511
-0.82999998331069946300 -0.00354445399716496468
-0.81999999284744262700 -0.00354442792013287544
-0.81000000238418579100 -0.00353562203235924244
-0.80000001192092895500 -0.00351491593755781651
-0.79000002145767211900 -0.00351487891748547554
-0.77999997138977050800 -0.00351073499768972397
-0.76999998092651367200 -0.00349194090813398361
-0.75999999046325683600 -0.00348477391526103020
-0.75000000000000000000 -0.00348763004876673222
-0.74000000953674316400 -0.00348427309654653072
-0.73000001907348632800 -0.00348299602046608925
-0.72000002861022949200 -0.00348774110898375511
-0.70999997854232788100 -0.00347245507873594761
-0.69999998807907104500 -0.00345529709011316300
-0.68999999761581420900 -0.00346354790963232517
-0.68000000715255737300 -0.00344944489188492298
-0.67000001668930053700 -0.00343222194351255894
-0.66000002622604370100 -0.00343237095512449741
-0.64999997615814209000 -0.00342664192430675030
-0.63999998569488525400 -0.00342735904268920422
-0.62999999523162841800 -0.00343243195675313473
-0.62000000476837158200 -0.00343180308118462563
-0.61000001430511474600 -0.00342166610062122345
-0.60000002384185791000 -0.00340912793762981892
-0.58999997377395629900 -0.00340459705330431461
-0.57999998331069946300 -0.00339878792874515057
-0.56999999284744262700 -0.00338906794786453247
-0.56000000238418579100 -0.00337677192874252796
-0.55000001192092895500 -0.00337752909399569035
-0.54000002145767211900 -0.00338206696324050427
-0.52999997138977050800 -0.00338105089031159878
-0.51999998092651367200 -0.00337993400171399117
-0.50999999046325683600 -0.00337753188796341419
-0.50000000000000000000 -0.00335778109729290009
-0.49000000953674316400 -0.00335495988838374615
-0.47999998927116394000 -0.00335512799210846424
-0.46999999880790710400 -0.00333562097512185574
-0.46000000834465026800 -0.00332949799485504627
-0.44999998807907104500 -0.00333201093599200249
-0.43999999761581420900 -0.00332988705486059189
-0.43000000715255737300 -0.00333024188876152039
-0.41999998688697814900 -0.00333521189168095589
-0.40999999642372131300 -0.00332692288793623448
-0.40000000596046447700 -0.00331445503979921341
-0.38999998569488525400 -0.00331040308810770512
-0.37999999523162841800 -0.00330584193579852581
-0.37000000476837158200 -0.00329179991967976093
-0.36000001430511474600 -0.00328685599379241467
-0.34999999403953552200 -0.00328321009874343872
-0.34000000357627868600 -0.00328203197568655014
-0.33000001311302185100 -0.00328892096877098084
-0.31999999284744262700 -0.00328353093937039375
-0.31000000238418579100 -0.00328004010953009129
-0.30000001192092895500 -0.00327025307342410088
-0.28999999165534973100 -0.00326143903657793999
-0.28000000119209289500 -0.00325873098336160183
-0.27000001072883606000 -0.00325126410461962223
-0.25999999046325683600 -0.00323816598393023014
-0.25000000000000000000 -0.00323496805503964424
-0.23999999463558197000 -0.00323973596096038818
-0.23000000417232513400 -0.00323825492523610592
-0.21999999880790710400 -0.00323749496601521969
-0.20999999344348907500 -0.00323754502460360527
-0.20000000298023223900 -0.00322599289938807488
-0.18999999761581420900 -0.00321080000139772892
-0.18000000715255737300 -0.00321180094033479691
-0.17000000178813934300 -0.00320674199610948563
-0.15999999642372131300 -0.00318846106529235840
-0.15000000596046447800 -0.00318843103013932705
-0.14000000059604644800 -0.00318964594043791294
-0.12999999523162841800 -0.00318816700018942356
-0.11999999731779098500 -0.00318792206235229969
-0.10999999940395355200 -0.00318916398100554943
-0.10000000149011611900 -0.00317425397224724293
-0.09000000357627868650 -0.00316090392880141735
-0.07999999821186065670 -0.00316443201154470444
-0.07000000029802322390 -0.00315367011353373528
-0.05999999865889549260 -0.00313987000845372677
-0.05000000074505805970 -0.00314001203514635563
-0.03999999910593032840 -0.00313620804809033871
-0.02999999932944774630 -0.00313678896054625511
-0.01999999955296516420 -0.00313930190168321133
-0.00999999977648258210 -0.00313346995972096920
0.00000000000000000000 -0.00312391505576670170
0.00999999977648258210 -0.00311254011467099190
0.01999999955296516420 -0.00311111006885766983
0.02999999932944774630 -0.00310043292120099068
0.03999999910593032840 -0.00308828498236835003
0.05000000074505805970 -0.00308124511502683163
0.05999999865889549260 -0.00307711795903742313
0.07000000029802322390 -0.00308285397477447987
0.07999999821186065670 -0.00307808304205536842
0.09000000357627868650 -0.00307685788720846176
0.10000000149011611900 -0.00306987203657627106
0.10999999940395355200 -0.00305146398022770882
0.11999999731779098500 -0.00304623390547931194
0.12999999523162841800 -0.00304427999071776867
0.14000000059604644800 -0.00302514201030135155
0.15000000596046447800 -0.00301526510156691074
0.15999999642372131300 -0.00301919598132371903
0.17000000178813934300 -0.00301352003589272499
0.18000000715255737300 -0.00301043596118688583
0.18999999761581420900 -0.00301220803521573544
0.20000000298023223900 -0.00300014996901154518
0.20999999344348907500 -0.00298104295507073402
0.21999999880790710400 -0.00298147695139050484
0.23000000417232513400 -0.00296998210251331329
0.23999999463558197000 -0.00295093609020113945
0.25000000000000000000 -0.00294555001892149448
0.25999999046325683600 -0.00293705402873456478
0.27000001072883606000 -0.00293356506153941155
0.28000000119209289500 -0.00293270498514175415
0.28999999165534973100 -0.00292503088712692261
0.30000001192092895500 -0.00291021494194865227
0.31000000238418579100 -0.00289718294516205788
0.31999999284744262700 -0.00288185407407581806
0.33000001311302185100 -0.00286739203147590160
0.34000000357627868600 -0.00285069504752755165
0.34999999403953552200 -0.00283032003790140152
0.36000001430511474600 -0.00281475088559091091
0.37000000476837158200 -0.00280720507726073265
0.37999999523162841800 -0.00279061496257781983
0.38999998569488525400 -0.00276629999279975891
0.40000000596046447700 -0.00274726911447942257
0.40999999642372131300 -0.00270692910999059677
0.41999998688697814900 -0.00266807898879051209
0.43000000715255737300 -0.00263525405898690224
0.43999999761581420900 -0.00258174305781722069
0.44999998807907104500 -0.00252317590638995171
0.46000000834465026800 -0.00246568000875413418
0.46999999880790710400 -0.00239925296045839787
0.47999998927116394000 -0.00232238508760929108
0.49000000953674316400 -0.00223950110375881195
0.50000000000000000000 -0.00213809497654438019
0.50999999046325683600 -0.00201943097636103630
0.51999998092651367200 -0.00189453701023012400
0.52999997138977050800 -0.00175898405723273754
0.54000002145767211900 -0.00160459696780890226
0.55000001192092895500 -0.00143756705801934004
0.56000000238418579100 -0.00125903694424778223
0.56999999284744262700 -0.00106878194492310286
0.57999998331069946300 -0.00087918131612241268
0.58999997377395629900 -0.00065046030795201659
0.60000002384185791000 -0.00041347008664160967
0.61000001430511474600 -0.00016599199443589896
0.62000000476837158200 0.00008249325765063986
0.62999999523162841800 0.00034459409653209150
0.63999998569488525400 0.00063492148183286190
0.64999997615814209000 0.00093388970708474517
0.66000002622604370100 0.00121826096437871456
0.67000001668930053700 0.00153236102778464556
0.68000000715255737300 0.00184454000554978848
0.68999999761581420900 0.00215756800025701523
0.69999998807907104500 0.00246753310784697533
0.70999997854232788100 0.00277095101773738861
0.72000002861022949200 0.00306398188695311546
0.73000001907348632800 0.00334310205653309822
0.74000000953674316400 0.00361131993122398853
0.75000000000000000000 0.00386434001848101616
0.75999999046325683600 0.00409738207235932350
0.76999998092651367200 0.00431617815047502518
0.77999997138977050800 0.00452117295935750008
0.79000002145767211900 0.00471081817522644997
0.80000001192092895500 0.00488635106012225151
0.81000000238418579100 0.00504362583160400391
0.81999999284744262700 0.00518620200455188751
0.82999998331069946300 0.00531014101579785347
0.83999997377395629900 0.00542369205504655838
0.85000002384185791000 0.00553372595459222794
0.86000001430511474600 0.00563372997567057610
0.87000000476837158200 0.00571971014142036438
0.87999999523162841800 0.00580851081758737564
0.88999998569488525400 0.00590200116857886315
0.89999997615814209000 0.00598213123157620430
0.91000002622604370100 0.00606323499232530594
0.92000001668930053700 0.00613992195576429367
0.93000000715255737300 0.00620356388390064240
0.93999999761581420900 0.00626517878845334053
0.94999998807907104500 0.00633952114731073380
0.95999997854232788100 0.00639777304604649544
0.97000002861022949200 0.00644824001938104630
0.98000001907348632800 0.00652011390775442124
0.99000000953674316400 0.00658403523266315460
1.00000000000000000000 0.00664927484467625618
