-1.00000000000000000000 -0.00603205710649490357
-0.99000000953674316400 -0.00602849386632442475
-0.98000001907348632800 -0.00604584999382495880
-0.97000002861022949200 -0.00604781089350581169
-0.95999997854232788100 -0.00601371377706527710
-0.94999998807907104500 -0.00603700894862413407
-0.93999999761581420900 -0.00604196218773722649
-0.93000000715255737300 -0.00601027905941009522
-0.92000001668930053700 -0.00602431781589984894
-0.91000002622604370100 -0.00603927997872233391
-0.89999997615814209000 -0.00604469422250986099
-0.88999998569488525400 -0.00605802983045578003
-0.87999999523162841800 -0.00607511820271611214
-0.87000000476837158200 -0.00605357810854911804
-0.86000001430511474600 -0.00604092283174395561
-0.85000002384185791000 -0.00605927919968962670
-0.83999997377395629900 -0.00604588398709893227
-0.82999998331069946300 -0.00603213300928473473
-0.81999999284744262700 -0.00603656377643346787
-0.81000000238418579100 -0.00604068208485841751
-0.80000001192092895500 -0.00605401303619146347
-0.79000002145767211900 -0.00605865009129047394
-0.77999997138977050800 -0.00604994595050811768
-0.76999998092651367200 -0.00604180479422211647
-0.75999999046325683600 -0.00602886313572525978
-0.75000000000000000000 -0.00602392712607979775
-0.74000000953674316400 -0.00600996892899274826
-0.73000001907348632800 -0.00599556183442473412
-0.72000002861022949200 -0.00599476089701056481
-0.70999997854232788100 -0.00601095613092184067
-0.69999998807907104500 -0.00601932313293218613
-0.68999999761581420900 -0.00602008216083049774
-0.68000000715255737300 -0.00602810923010110855
-0.67000001668930053700 -0.00600842712447047234
-0.66000002622604370100 -0.00601299898698925972
-0.64999997615814209000 -0.00601696409285068512
-0.63999998569488525400 -0.00600055977702140808
-0.62999999523162841800 -0.00599459698423743248
-0.62000000476837158200 -0.00600903294980525971
-0.61000001430511474600 -0.00602436391636729241
-0.60000002384185791000 -0.00602371199056506157
-0.58999997377395629900 -0.00604808703064918518
-0.57999998331069946300 -0.00603513699024915695
-0.56999999284744262700 -0.00600617518648505211
-0.56000000238418579100 -0.00602517277002334595
-0.55000001192092895500 -0.00601743394508957863
-0.54000002145767211900 -0.00599348591640591622
-0.52999997138977050800 -0.00600535096600651741
-0.51999998092651367200 -0.00601241691038012505
-0.50999999046325683600 -0.00601668423041701317
-0.50000000000000000000 -0.00603276398032903671
-0.49000000953674316400 -0.00603783503174781800
-0.47999998927116394000 -0.00601916201412677765
-0.46999999880790710400 -0.00600701291114091873
-0.46000000834465026800 -0.00601474801078438759
-0.44999998807907104500 -0.00599960004910826683
-0.43999999761581420900 -0.00598839391022920609
-0.43000000715255737300 -0.00599348312243819237
-0.41999998688697814900 -0.00599748780950903893
-0.40999999642372131300 -0.00601253705099225044
-0.40000000596046447700 -0.00601911079138517380
-0.38999998569488525400 -0.00602311501279473305
-0.37999999523162841800 -0.00601511215791106224
-0.37000000476837158200 -0.00600678287446498871
-0.36000001430511474600 -0.00600765598937869072
-0.34999999403953552200 -0.00600225897505879402
-0.34000000357627868600 -0.00599566288292407990
-0.33000001311302185100 -0.00600157817825675011
-0.31999999284744262700 -0.00601653521880507469
-0.31000000238418579100 -0.00602463120594620705
-0.30000001192092895500 -0.00603464618325233460
-0.28999999165534973100 -0.00603409111499786377
-0.28000000119209289500 -0.00601147813722491265
-0.27000001072883606000 -0.00601720018312335015
-0.25999999046325683600 -0.00602243607863783837
-0.25000000000000000000 -0.00599465612322092056
-0.23999999463558197000 -0.00598918600007891655
-0.23000000417232513400 -0.00600669998675584793
-0.21999999880790710400 -0.00600449182093143463
-0.20999999344348907500 -0.00601025298237800598
-0.20000000298023223900 -0.00602319510653614998
-0.18999999761581420900 -0.00599654903635382652
-0.18000000715255737300 -0.00597102614119648934
-0.17000000178813934300 -0.00598891079425811768
-0.15999999642372131300 -0.00596798397600650788
-0.15000000596046447800 -0.00594842480495572090
-0.14000000059604644800 -0.00596230803057551384
-0.12999999523162841800 -0.00596067681908607483
-0.11999999731779098500 -0.00597576610743999481
-0.10999999940395355200 -0.00598935596644878388
-0.10000000149011611900 -0.00599033292382955551
-0.09000000357627868650 -0.00597896613180637360
-0.07999999821186065670 -0.00597611907869577408
-0.07000000029802322390 -0.00597186107188463211
-0.05999999865889549260 -0.00596451293677091599
-0.05000000074505805970 -0.00596833787858486176
-0.03999999910593032840 -0.00595848308876156807
-0.02999999932944774630 -0.00597655400633811951
-0.01999999955296516420 -0.00599864497780799866
-0.00999999977648258210 -0.00598440412431955338
0.00000000000000000000 -0.00598999485373497010
0.00999999977648258210 -0.00598608190193772316
0.01999999955296516420 -0.00596543401479721070
0.02999999932944774630 -0.00597156817093491554
0.03999999910593032840 -0.00597142009064555168
0.05000000074505805970 -0.00594906788319349289
0.05999999865889549260 -0.00595354707911610604
0.07000000029802322390 -0.00596689106896519661
0.07999999821186065670 -0.00597340194508433342
0.09000000357627868650 -0.00597405014559626580
0.10000000149011611900 -0.00598226813599467278
0.10999999940395355200 -0.00596014689654111862
0.11999999731779098500 -0.00594623479992151261
0.12999999523162841800 -0.00595693988725543022
0.14000000059604644800 -0.00593655509874224663
0.15000000596046447800 -0.00593135599046945572
0.15999999642372131300 -0.00594053184613585472
0.17000000178813934300 -0.00594718288630247116
0.18000000715255737300 -0.00595172494649887085
0.18999999761581420900 -0.00596779398620128632
0.20000000298023223900 -0.00596114993095397949
0.20999999344348907500 -0.00594212301075458527
0.21999999880790710400 -0.00595368212088942528
0.23000000417232513400 -0.00594558287411928177
0.23999999463558197000 -0.00592599902302026749
0.25000000000000000000 -0.00593111198395490647
0.25999999046325683600 -0.00592786306515336037
0.27000001072883606000 -0.00593417789787054062
0.28000000119209289500 -0.00595004018396139145
0.28999999165534973100 -0.00594406202435493469
0.30000001192092895500 -0.00592535501345992088
0.31000000238418579100 -0.00590747781097888947
0.31999999284744262700 -0.00590290920808911324
0.33000001311302185100 -0.00588822318241000176
0.34000000357627868600 -0.00586506398394703865
0.34999999403953552200 -0.00584843009710311890
0.36000001430511474600 -0.00584147684276103974
0.37000000476837158200 -0.00583925191313028336
0.37999999523162841800 -0.00581274693831801415
0.38999998569488525400 -0.00579765299335122109
0.40000000596046447700 -0.00576438708230853081
0.40999999642372131300 -0.00570595078170299530
0.41999998688697814900 -0.00568098388612270355
0.43000000715255737300 -0.00563225010409951210
0.43999999761581420900 -0.00555437896400690079
0.44999998807907104500 -0.00549680087715387345
0.46000000834465026800 -0.00543612800538539887
0.46999999880790710400 -0.00533567788079380989
0.47999998927116394000 -0.00523742707446217537
0.49000000953674316400 -0.00511617306619882584
0.50000000000000000000 -0.00495062116533517838
0.50999999046325683600 -0.00480140978470444679
0.51999998092651367200 -0.00463521294295787811
0.52999997138977050800 -0.00442781578749418259
0.54000002145767211900 -0.00423360802233219147
0.55000001192092895500 -0.00403781188651919365
0.56000000238418579100 -0.00381697597913444042
0.56999999284744262700 -0.00360625307075679302
0.57999998331069946300 -0.00338891893625259400
0.58999997377395629900 -0.00314744003117084503
0.60000002384185791000 -0.00291257910430431366
0.61000001430511474600 -0.00269277999177575111
0.62000000476837158200 -0.00245480798184871674
0.62999999523162841800 -0.00222447607666254044
0.63999998569488525400 -0.00200612004846334457
0.64999997615814209000 -0.00178405502811074257
0.66000002622604370100 -0.00157522095832973719
0.67000001668930053700 -0.00136804999783635140
0.68000000715255737300 -0.00116174598224461079
0.68999999761581420900 -0.00093386869411915541
0.69999998807907104500 -0.00073617289308458567
0.70999997854232788100 -0.00055105547653511167
0.72000002861022949200 -0.00037437528953887522
0.73000001907348632800 -0.00019868930394295603
0.74000000953674316400 -0.00002920149927376769
0.75000000000000000000 0.00013747510092798620
0.75999999046325683600 0.00030776919447816908
0.76999998092651367200 0.00047741120215505362
0.77999997138977050800 0.00064760801615193486
0.79000002145767211900 0.00081962958211079240
0.80000001192092895500 0.00099276076070964336
0.81000000238418579100 0.00123886996880173683
0.81999999284744262700 0.00142291502561420202
0.82999998331069946300 0.00161918799858540297
0.83999997377395629900 0.00181424000766128302
0.85000002384185791000 0.00201750500127673149
0.86000001430511474600 0.00223049288615584374
0.87000000476837158200 0.00244211009703576565
0.87999999523162841800 0.00266603194177150726
0.88999998569488525400 0.00289805000647902489
0.89999997615814209000 0.00312549690715968609
0.91000002622604370100 0.00336397998034954071
0.92000001668930053700 0.00361436698585748673
0.93000000715255737300 0.00385805591940879822
0.93999999761581420900 0.00411703111603856087
0.94999998807907104500 0.00438742479309439659
0.95999997854232788100 0.00464994413778185845
0.97000002861022949200 0.00493852421641349793
0.98000001907348632800 0.00523381913080811501
0.99000000953674316400 0.00551962479948997498
1.00000000000000000000 0.00582436705008149147
