-1.00000000000000000000 -0.01849918998777866360
-0.99000000953674316400 -0.01854535005986690520
-0.98000001907348632800 -0.01839564926922321320
-0.97000002861022949200 -0.01825802959501743320
-0.95999997854232788100 -0.01808783039450645450
-0.94999998807907104500 -0.01791202090680599210
-0.93999999761581420900 -0.01772857084870338440
-0.93000000715255737300 -0.01750854030251502990
-0.92000001668930053700 -0.01729403063654899600
-0.91000002622604370100 -0.01708994060754776000
-0.89999997615814209000 -0.01687392033636569980
-0.88999998569488525400 -0.01665302924811840060
-0.87999999523162841800 -0.01645709015429019930
-0.87000000476837158200 -0.01621904037892818450
-0.86000001430511474600 -0.01599524915218353270
-0.85000002384185791000 -0.01578670926392078400
-0.83999997377395629900 -0.01555038988590240480
-0.82999998331069946300 -0.01533566042780876160
-0.81999999284744262700 -0.01511444989591836930
-0.81000000238418579100 -0.01488295011222362520
-0.80000001192092895500 -0.01466747000813484190
-0.79000002145767211900 -0.01442710962146520610
-0.77999997138977050800 -0.01421824004501104360
-0.76999998092651367200 -0.01399135962128639220
-0.75999999046325683600 -0.01376609969884157180
-0.75000000000000000000 -0.01356257032603025440
-0.74000000953674316400 -0.01332992967218160630
-0.73000001907348632800 -0.01311216037720441820
-0.72000002861022949200 -0.01287913974374532700
-0.70999997854232788100 -0.01267112977802753450
-0.69999998807907104500 -0.01246413961052894590
-0.68999999761581420900 -0.01224881038069725040
-0.68000000715255737300 -0.01205108966678380970
-0.67000001668930053700 -0.01182898040860891340
-0.66000002622604370100 -0.01163292955607175830
-0.64999997615814209000 -0.01142953988164663310
-0.63999998569488525400 -0.01120956987142562870
-0.62999999523162841800 -0.01099220011383295060
-0.62000000476837158200 -0.01078279037028551100
-0.61000001430511474600 -0.01058491040021181110
-0.60000002384185791000 -0.01037114020437002180
-0.58999997377395629900 -0.01016355026513338090
-0.57999998331069946300 -0.00996155571192502976
-0.56999999284744262700 -0.00975469220429658890
-0.56000000238418579100 -0.00956845004111528397
-0.55000001192092895500 -0.00937377288937568665
-0.54000002145767211900 -0.00920077413320541382
-0.52999997138977050800 -0.00898683071136474610
-0.51999998092651367200 -0.00879084225744009018
-0.50999999046325683600 -0.00859515741467475891
-0.50000000000000000000 -0.00841196160763502121
-0.49000000953674316400 -0.00821087043732404709
-0.47999998927116394000 -0.00801663938909769058
-0.46999999880790710400 -0.00782525073736906052
-0.46000000834465026800 -0.00763373915106058121
-0.44999998807907104500 -0.00744485203176736832
-0.43999999761581420900 -0.00725700799375772476
-0.43000000715255737300 -0.00706234900280833245
-0.41999998688697814900 -0.00688221305608749390
-0.40999999642372131300 -0.00669211708009243012
-0.40000000596046447700 -0.00651339581236243248
-0.38999998569488525400 -0.00633250502869486809
-0.37999999523162841800 -0.00615657307207584381
-0.37000000476837158200 -0.00598156079649925232
-0.36000001430511474600 -0.00579720595851540566
-0.34999999403953552200 -0.00562193011865019798
-0.34000000357627868600 -0.00544657092541456223
-0.33000001311302185100 -0.00527257099747657776
-0.31999999284744262700 -0.00509760389104485512
-0.31000000238418579100 -0.00492174411192536354
-0.30000001192092895500 -0.00475111883133649826
-0.28999999165534973100 -0.00458218716084957123
-0.28000000119209289500 -0.00441016117110848427
-0.27000001072883606000 -0.00423435308039188385
-0.25999999046325683600 -0.00406513921916484833
-0.25000000000000000000 -0.00390345091000199318
-0.23999999463558197000 -0.00373251200653612614
-0.23000000417232513400 -0.00357211101800203323
-0.21999999880790710400 -0.00340273510664701462
-0.20999999344348907500 -0.00324094109237194061
-0.20000000298023223900 -0.00308611197397112846
-0.18999999761581420900 -0.00292428000830113888
-0.18000000715255737300 -0.00276445294730365276
-0.17000000178813934300 -0.00260755000635981560
-0.15999999642372131300 -0.00245328107848763466
-0.15000000596046447800 -0.00229553296230733395
-0.14000000059604644800 -0.00213934108614921570
-0.12999999523162841800 -0.00198094802908599377
-0.11999999731779098500 -0.00182858202606439591
-0.10999999940395355200 -0.00167407095432281494
-0.10000000149011611900 -0.00152124604210257530
-0.09000000357627868650 -0.00136722100432962179
-0.07999999821186065670 -0.00121436000335961580
-0.07000000029802322390 -0.00106143800076097250
-0.05999999865889549260 -0.00091132131638005376
-0.05000000074505805970 -0.00075953418854624033
-0.03999999910593032840 -0.00060930498875677586
-0.02999999932944774630 -0.00045829120790585876
-0.01999999955296516420 -0.00030650079133920372
-0.00999999977648258210 -0.00015500860172323883
0.00000000000000000000 -0.00000321649508805422
0.00999999977648258210 0.00014674369595013559
0.01999999955296516420 0.00029932169127278030
0.02999999932944774630 0.00045254451106302440
0.03999999910593032840 0.00060597941046580672
0.05000000074505805970 0.00076013407669961453
0.05999999865889549260 0.00091428461018949747
0.07000000029802322390 0.00107150501571595669
0.07999999821186065670 0.00122949096839874983
0.09000000357627868650 0.00138489494565874338
0.10000000149011611900 0.00154317996930330992
0.10999999940395355200 0.00170300703030079603
0.11999999731779098500 0.00186539103742688894
0.12999999523162841800 0.00202837307006120682
0.14000000059604644800 0.00219296105206012726
0.15000000596046447800 0.00235098600387573242
0.15999999642372131300 0.00251229689456522465
0.17000000178813934300 0.00268083601258695126
0.18000000715255737300 0.00285222311504185200
0.18999999761581420900 0.00301884301006793976
0.20000000298023223900 0.00318065588362514973
0.20999999344348907500 0.00335491308942437172
0.21999999880790710400 0.00352639402262866497
0.23000000417232513400 0.00370332296006381512
0.23999999463558197000 0.00388605892658233643
0.25000000000000000000 0.00405962299555540085
0.25999999046325683600 0.00423394422978162766
0.27000001072883606000 0.00441300077363848686
0.28000000119209289500 0.00458542304113507271
0.28999999165534973100 0.00476566702127456665
0.30000001192092895500 0.00495413085445761681
0.31000000238418579100 0.00514000188559293747
0.31999999284744262700 0.00531380902975797653
0.33000001311302185100 0.00550100300461053848
0.34000000357627868600 0.00569416582584381104
0.34999999403953552200 0.00587714510038495064
0.36000001430511474600 0.00607339711859822273
0.37000000476837158200 0.00626443512737751007
0.37999999523162841800 0.00645297812297940254
0.38999998569488525400 0.00665978202596306801
0.40000000596046447700 0.00685839820653200150
0.40999999642372131300 0.00704552419483661652
0.41999998688697814900 0.00724160484969615936
0.43000000715255737300 0.00743375020101666451
0.43999999761581420900 0.00763887306675314904
0.44999998807907104500 0.00781009020283818245
0.46000000834465026800 0.00800808705389499665
0.46999999880790710400 0.00822156760841608048
0.47999998927116394000 0.00841542053967714310
0.49000000953674316400 0.00860890373587608338
0.50000000000000000000 0.00882665067911148072
0.50999999046325683600 0.00904116593301296234
0.51999998092651367200 0.00924200844019651413
0.52999997138977050800 0.00944767519831657410
0.54000002145767211900 0.00963143724948167801
0.55000001192092895500 0.00983317289501428604
0.56000000238418579100 0.01003435999155044560
0.56999999284744262700 0.01025480963289737700
0.57999998331069946300 0.01047503016889095310
0.58999997377395629900 0.01069489028304815290
0.60000002384185791000 0.01089535001665353780
0.61000001430511474600 0.01112006977200508120
0.62000000476837158200 0.01134673971682786940
0.62999999523162841800 0.01156621985137462620
0.63999998569488525400 0.01178136002272367480
0.64999997615814209000 0.01200535986572504040
0.66000002622604370100 0.01221673004329204560
0.67000001668930053700 0.01243930961936712270
0.68000000715255737300 0.01265873014926910400
0.68999999761581420900 0.01287265960127115250
0.69999998807907104500 0.01311730965971946720
0.70999997854232788100 0.01334530021995306020
0.72000002861022949200 0.01358012016862630840
0.73000001907348632800 0.01379530970007181170
0.74000000953674316400 0.01402202993631362920
0.75000000000000000000 0.01423821970820426940
0.75999999046325683600 0.01448144018650054930
0.76999998092651367200 0.01471510995179414750
0.77999997138977050800 0.01492136996239423750
0.79000002145767211900 0.01517162006348371510
0.80000001192092895500 0.01541959028691053390
0.81000000238418579100 0.01565212942659854890
0.81999999284744262700 0.01588653959333896640
0.82999998331069946300 0.01613862998783588410
0.83999997377395629900 0.01636615954339504240
0.85000002384185791000 0.01660962030291557310
0.86000001430511474600 0.01686329022049903870
0.87000000476837158200 0.01711953058838844300
0.87999999523162841800 0.01736222021281719210
0.88999998569488525400 0.01760968938469886780
0.89999997615814209000 0.01785968057811260220
0.91000002622604370100 0.01810991019010543820
0.92000001668930053700 0.01834480091929435730
0.93000000715255737300 0.01859969086945056920
0.93999999761581420900 0.01885307021439075470
0.94999998807907104500 0.01910631917417049410
0.95999997854232788100 0.01937685906887054440
0.97000002861022949200 0.01962094008922576900
0.98000001907348632800 0.01990476064383983610
0.99000000953674316400 0.02014013007283210750
1.00000000000000000000 0.02042225934565067290
