-1.00000000000000000000 -0.00300783896818757057
-0.99000000953674316400 -0.00294745294377207756
-0.98000001907348632800 -0.00289568398147821426
-0.97000002861022949200 -0.00285691302269697189
-0.95999997854232788100 -0.00282949698157608509
-0.94999998807907104500 -0.00279696099460124970
-0.93999999761581420900 -0.00276603200472891331
-0.93000000715255737300 -0.00274729006923735142
-0.92000001668930053700 -0.00272916094399988651
-0.91000002622604370100 -0.00271571706980466843
-0.89999997615814209000 -0.00270126806572079659
-0.88999998569488525400 -0.00268584792502224445
-0.87999999523162841800 -0.00266354205086827278
-0.87000000476837158200 -0.00264228903688490391
-0.86000001430511474600 -0.00262976903468370438
-0.85000002384185791000 -0.00261207390576601029
-0.83999997377395629900 -0.00259304000064730644
-0.82999998331069946300 -0.00257970998063683510
-0.81999999284744262700 -0.00256971805356442928
-0.81000000238418579100 -0.00256179505959153175
-0.80000001192092895500 -0.00255143805406987667
-0.79000002145767211900 -0.00254271295852959156
-0.77999997138977050800 -0.00252617802470922470
-0.76999998092651367200 -0.00250621791929006577
-0.75999999046325683600 -0.00250032590702176094
-0.75000000000000000000 -0.00248594302684068680
-0.74000000953674316400 -0.00246748095378279686
-0.73000001907348632800 -0.00245715701021254063
-0.72000002861022949200 -0.00244806800037622452
-0.70999997854232788100 -0.00244317296892404556
-0.69999998807907104500 -0.00243599503301084042
-0.68999999761581420900 -0.00242902804166078568
-0.68000000715255737300 -0.00241546495817601681
-0.67000001668930053700 -0.00239791208878159523
-0.66000002622604370100 -0.00239085499197244644
-0.64999997615814209000 -0.00238095200620591641
-0.63999998569488525400 -0.00236436701379716396
-0.62999999523162841800 -0.00235305610112845898
-0.62000000476837158200 -0.00234786793589591980
-0.61000001430511474600 -0.00234216288663446903
-0.60000002384185791000 -0.00233596307225525379
-0.58999997377395629900 -0.00233109202235937119
-0.57999998331069946300 -0.00231933896429836750
-0.56999999284744262700 -0.00230294791981577873
-0.56000000238418579100 -0.00229608500376343727
-0.55000001192092895500 -0.00228648097254335880
-0.54000002145767211900 -0.00227022496983408928
-0.52999997138977050800 -0.00226285704411566258
-0.51999998092651367200 -0.00225557596422731876
-0.50999999046325683600 -0.00224973703734576702
-0.50000000000000000000 -0.00224517891183495522
-0.49000000953674316400 -0.00223981100134551525
-0.47999998927116394000 -0.00223055202513933182
-0.46999999880790710400 -0.00221815705299377441
-0.46000000834465026800 -0.00220767711289227009
-0.44999998807907104500 -0.00220105308108031750
-0.43999999761581420900 -0.00218807696364820004
-0.43000000715255737300 -0.00217577000148594380
-0.41999998688697814900 -0.00216952199116349220
-0.40999999642372131300 -0.00216456409543752670
-0.40000000596046447700 -0.00215864391066133976
-0.38999998569488525400 -0.00215392094105482102
-0.37999999523162841800 -0.00214770995080471039
-0.37000000476837158200 -0.00213333801366388798
-0.36000001430511474600 -0.00212215608917176724
-0.34999999403953552200 -0.00211655907332897186
-0.34000000357627868600 -0.00210558599792420864
-0.33000001311302185100 -0.00209314003586769104
-0.31999999284744262700 -0.00208581495098769665
-0.31000000238418579100 -0.00208106101490557194
-0.30000001192092895500 -0.00207643490284681320
-0.28999999165534973100 -0.00207131495699286461
-0.28000000119209289500 -0.00206307903863489628
-0.27000001072883606000 -0.00205328897573053837
-0.25999999046325683600 -0.00203928793780505657
-0.25000000000000000000 -0.00203266693279147148
-0.23999999463558197000 -0.00202358607202768326
-0.23000000417232513400 -0.00201059109531342983
-0.21999999880790710400 -0.00200158311054110527
-0.20999999344348907500 -0.00199591298587620258
-0.20000000298023223900 -0.00199268897995352745
-0.18999999761581420900 -0.00198444304987788200
-0.18000000715255737300 -0.00198191101662814617
-0.17000000178813934300 -0.00197062199003994465
-0.15999999642372131300 -0.00195403606630861759
-0.15000000596046447800 -0.00195062602870166302
-0.14000000059604644800 -0.00194149895105510950
-0.12999999523162841800 -0.00192538497503846884
-0.11999999731779098500 -0.00191721599549055100
-0.10999999940395355200 -0.00191295403055846691
-0.10000000149011611900 -0.00190507294610142708
-0.09000000357627868650 -0.00190076103899627924
-0.07999999821186065670 -0.00189538300037384033
-0.07000000029802322390 -0.00188196799717843533
-0.05999999865889549260 -0.00186988001223653555
-0.05000000074505805970 -0.00186390697490423918
-0.03999999910593032840 -0.00185103097464889288
-0.02999999932944774630 -0.00183794996701180935
-0.01999999955296516420 -0.00182921101804822683
-0.00999999977648258210 -0.00181933096610009670
0.00000000000000000000 -0.00181440799497067928
0.00999999977648258210 -0.00180711399298161268
0.01999999955296516420 -0.00179851800203323364
0.02999999932944774630 -0.00178982398938387632
0.03999999910593032840 -0.00177653494756668806
0.05000000074505805970 -0.00176155101507902145
0.05999999865889549260 -0.00175383395981043577
0.07000000029802322390 -0.00174029800109565258
0.07999999821186065670 -0.00172421196475625038
0.09000000357627868650 -0.00171542202588170767
0.10000000149011611900 -0.00170502101536840200
0.10999999940395355200 -0.00169730104971677065
0.11999999731779098500 -0.00168737804051488638
0.12999999523162841800 -0.00167810195125639439
0.14000000059604644800 -0.00166153896134346724
0.15000000596046447800 -0.00164441205561161041
0.15999999642372131300 -0.00163399602752178907
0.17000000178813934300 -0.00161874794866889715
0.18000000715255737300 -0.00160057703033089638
0.18999999761581420900 -0.00158684898633509874
0.20000000298023223900 -0.00157482596114277840
0.20999999344348907500 -0.00156167894601821899
0.21999999880790710400 -0.00154866802040487528
0.23000000417232513400 -0.00153506395872682333
0.23999999463558197000 -0.00151511898729950190
0.25000000000000000000 -0.00149182195309549570
0.25999999046325683600 -0.00147685594856739044
0.27000001072883606000 -0.00145616102963685989
0.28000000119209289500 -0.00143062998540699482
0.28999999165534973100 -0.00141014601103961468
0.30000001192092895500 -0.00138955703005194664
0.31000000238418579100 -0.00136784301139414310
0.31999999284744262700 -0.00134400196839123964
0.33000001311302185100 -0.00131973996758460999
0.34000000357627868600 -0.00128760805819183588
0.34999999403953552200 -0.00125284900423139334
0.36000001430511474600 -0.00122084096074104309
0.37000000476837158200 -0.00118282600305974484
0.37999999523162841800 -0.00113828305620700121
0.38999998569488525400 -0.00109352497383952141
0.40000000596046447700 -0.00104522600304335356
0.40999999642372131300 -0.00101066997740417719
0.41999998688697814900 -0.00093787867808714509
0.43000000715255737300 -0.00086980807827785611
0.43999999761581420900 -0.00079546292545273900
0.44999998807907104500 -0.00071351981023326516
0.46000000834465026800 -0.00062254141084849834
0.46999999880790710400 -0.00052229710854589939
0.47999998927116394000 -0.00040807350887916982
0.49000000953674316400 -0.00028247229056432843
0.50000000000000000000 -0.00014863460091874003
0.50999999046325683600 -0.00003569429100025445
0.51999998092651367200 0.00011583019659155980
0.52999997138977050800 0.00029520978569053113
0.54000002145767211900 0.00048327050171792507
0.55000001192092895500 0.00068508711410686374
0.56000000238418579100 0.00089902401668950915
0.56999999284744262700 0.00109888799488544464
0.57999998331069946300 0.00134203198831528425
0.58999997377395629900 0.00159297802019864321
0.60000002384185791000 0.00185274798423051834
0.61000001430511474600 0.00212148111313581467
0.62000000476837158200 0.00239809602499008179
0.62999999523162841800 0.00268533406779170036
0.63999998569488525400 0.00297660590149462223
0.64999997615814209000 0.00327466498129069805
0.66000002622604370100 0.00358015811070799828
0.67000001668930053700 0.00389170204289257527
0.68000000715255737300 0.00420853821560740471
0.68999999761581420900 0.00452979281544685364
0.69999998807907104500 0.00485213799402117729
0.70999997854232788100 0.00517519610002636910
0.72000002861022949200 0.00549641996622085571
0.73000001907348632800 0.00582579290494322777
0.74000000953674316400 0.00615228805691003800
0.75000000000000000000 0.00647523812949657440
0.75999999046325683600 0.00680517498403787613
0.76999998092651367200 0.00713642593473196030
0.77999997138977050800 0.00747219100594520569
0.79000002145767211900 0.00780127476900815964
0.80000001192092895500 0.00813492760062217713
0.81000000238418579100 0.00845811795443296433
0.81999999284744262700 0.00877001509070396424
0.82999998331069946300 0.00910001713782548905
0.83999997377395629900 0.00941809546202421189
0.85000002384185791000 0.00972037855535745621
0.86000001430511474600 0.01004053000360727310
0.87000000476837158200 0.01036132965236902240
0.87999999523162841800 0.01064745988696813580
0.88999998569488525400 0.01095027010887861250
0.89999997615814209000 0.01125541981309652330
0.91000002622604370100 0.01157073024660348890
0.92000001668930053700 0.01187902968376874920
0.93000000715255737300 0.01218842994421720500
0.93999999761581420900 0.01248996984213590620
0.94999998807907104500 0.01278190966695547100
0.95999997854232788100 0.01306230016052722930
0.97000002861022949200 0.01334451977163553240
0.98000001907348632800 0.01362724974751472470
0.99000000953674316400 0.01389134954661130910
1.00000000000000000000 0.01416098978370428090
