-1.00000000000000000000 -0.00544387986883521080
-0.99000000953674316400 -0.00545138493180274964
-0.98000001907348632800 -0.00545275397598743439
-0.97000002861022949200 -0.00543313799425959587
-0.95999997854232788100 -0.00541750015690922737
-0.94999998807907104500 -0.00541946105659008026
-0.93999999761581420900 -0.00540080713108181954
-0.93000000715255737300 -0.00538948504254221916
-0.92000001668930053700 -0.00538319488987326622
-0.91000002622604370100 -0.00537297409027814865
-0.89999997615814209000 -0.00539172394201159477
-0.88999998569488525400 -0.00539926579222083092
-0.87999999523162841800 -0.00539219286292791367
-0.87000000476837158200 -0.00539836008101701737
-0.86000001430511474600 -0.00537946587428450585
-0.85000002384185791000 -0.00535625778138637543
-0.83999997377395629900 -0.00537067884579300881
-0.82999998331069946300 -0.00535241700708866120
-0.81999999284744262700 -0.00532584311440587044
-0.81000000238418579100 -0.00534097477793693543
-0.80000001192092895500 -0.00534153403714299202
-0.79000002145767211900 -0.00533605599775910378
-0.77999997138977050800 -0.00535326916724443436
-0.76999998092651367200 -0.00535235693678259850
-0.75999999046325683600 -0.00532024214044213295
-0.75000000000000000000 -0.00531423697248101235
-0.74000000953674316400 -0.00531394500285387039
-0.73000001907348632800 -0.00528468890115618706
-0.72000002861022949200 -0.00528546096757054329
-0.70999997854232788100 -0.00528103485703468323
-0.69999998807907104500 -0.00526739284396171570
-0.68999999761581420900 -0.00529133388772606850
-0.68000000715255737300 -0.00528917415067553520
-0.67000001668930053700 -0.00527690118178725243
-0.66000002622604370100 -0.00527694402262568474
-0.64999997615814209000 -0.00525298481807112694
-0.63999998569488525400 -0.00525386398658156395
-0.62999999523162841800 -0.00525294709950685501
-0.62000000476837158200 -0.00522440113127231598
-0.61000001430511474600 -0.00522071123123168945
-0.60000002384185791000 -0.00523223401978611946
-0.58999997377395629900 -0.00523098185658454895
-0.57999998331069946300 -0.00522836809977889061
-0.56999999284744262700 -0.00524135399609804154
-0.56000000238418579100 -0.00520933093503117562
-0.55000001192092895500 -0.00518732378259301186
-0.54000002145767211900 -0.00519755901768803597
-0.52999997138977050800 -0.00517531996592879296
-0.51999998092651367200 -0.00514889508485794068
-0.50999999046325683600 -0.00515213515609502793
-0.50000000000000000000 -0.00514179607853293419
-0.49000000953674316400 -0.00513917719945311546
-0.47999998927116394000 -0.00514496583491563797
-0.46999999880790710400 -0.00513205677270889282
-0.46000000834465026800 -0.00511081283912062645
-0.44999998807907104500 -0.00508285593241453171
-0.43999999761581420900 -0.00508000003173947334
-0.43000000715255737300 -0.00506765488535165787
-0.41999998688697814900 -0.00503677316009998322
-0.40999999642372131300 -0.00501902401447296143
-0.40000000596046447700 -0.00501232314854860306
-0.38999998569488525400 -0.00501670408993959427
-0.37999999523162841800 -0.00500184809789061546
-0.37000000476837158200 -0.00500325718894600868
-0.36000001430511474600 -0.00497497292235493660
-0.34999999403953552200 -0.00493506714701652527
-0.34000000357627868600 -0.00493714585900306702
-0.33000001311302185100 -0.00491627817973494530
-0.31999999284744262700 -0.00487188482657074928
-0.31000000238418579100 -0.00485908193513751030
-0.30000001192092895500 -0.00484723784029483795
-0.28999999165534973100 -0.00482863513752818108
-0.28000000119209289500 -0.00482597202062606812
-0.27000001072883606000 -0.00481146294623613358
-0.25999999046325683600 -0.00477292994037270546
-0.25000000000000000000 -0.00473798112943768501
-0.23999999463558197000 -0.00472384784370660782
-0.23000000417232513400 -0.00468614697456359863
-0.21999999880790710400 -0.00465345894917845726
-0.20999999344348907500 -0.00462399981915950775
-0.20000000298023223900 -0.00458806008100509644
-0.18999999761581420900 -0.00458431709557771683
-0.18000000715255737300 -0.00456177582964301109
-0.17000000178813934300 -0.00452987616881728172
-0.15999999642372131300 -0.00450565991923213005
-0.15000000596046447800 -0.00445524882525205612
-0.14000000059604644800 -0.00441500684246420860
-0.12999999523162841800 -0.00439641298726201058
-0.11999999731779098500 -0.00435009412467479706
-0.10999999940395355200 -0.00430229678750038147
-0.10000000149011611900 -0.00428360980004072189
-0.09000000357627868650 -0.00425515510141849518
-0.07999999821186065670 -0.00421706400811672211
-0.07000000029802322390 -0.00419740285724401474
-0.05999999865889549260 -0.00415831385180354118
-0.05000000074505805970 -0.00409441813826560974
-0.03999999910593032840 -0.00406617717817425728
-0.02999999932944774630 -0.00402694800868630409
-0.01999999955296516420 -0.00396452797576785088
-0.00999999977648258210 -0.00392688484862446785
0.00000000000000000000 -0.00388662307523190975
0.00999999977648258210 -0.00384151889011263847
0.01999999955296516420 -0.00381307210773229599
0.02999999932944774630 -0.00377228902652859688
0.03999999910593032840 -0.00372160109691321850
0.05000000074505805970 -0.00367454602383077145
0.05999999865889549260 -0.00361236999742686749
0.07000000029802322390 -0.00356319500133395195
0.07999999821186065670 -0.00352083100005984306
0.09000000357627868650 -0.00345560908317565918
0.10000000149011611900 -0.00339641398750245571
0.10999999940395355200 -0.00335855688899755478
0.11999999731779098500 -0.00331382011063396931
0.12999999523162841800 -0.00325464294292032719
0.14000000059604644800 -0.00321870693005621433
0.15000000596046447800 -0.00315544405020773411
0.15999999642372131300 -0.00307846604846417904
0.17000000178813934300 -0.00304199499078094959
0.18000000715255737300 -0.00298263109289109707
0.18999999761581420900 -0.00290574296377599239
0.20000000298023223900 -0.00286026601679623127
0.20999999344348907500 -0.00280627189204096794
0.21999999880790710400 -0.00274525210261344910
0.23000000417232513400 -0.00270273303613066673
0.23999999463558197000 -0.00264690490439534187
0.25000000000000000000 -0.00257481192238628864
0.25999999046325683600 -0.00251365010626614094
0.27000001072883606000 -0.00246008811518549919
0.28000000119209289500 -0.00238959700800478458
0.28999999165534973100 -0.00232886197045445442
0.30000001192092895500 -0.00226502004079520702
0.31000000238418579100 -0.00220310897566378117
0.31999999284744262700 -0.00215254095382988453
0.33000001311302185100 -0.00209128111600875855
0.34000000357627868600 -0.00203281198628246784
0.34999999403953552200 -0.00197187811136245728
0.36000001430511474600 -0.00190009898506104946
0.37000000476837158200 -0.00184170494321733713
0.37999999523162841800 -0.00178359798155725002
0.38999998569488525400 -0.00171250104904174805
0.40000000596046447700 -0.00165171804837882519
0.40999999642372131300 -0.00159639795310795307
0.41999998688697814900 -0.00153804803267121315
0.43000000715255737300 -0.00148158299271017313
0.43999999761581420900 -0.00142694497480988503
0.44999998807907104500 -0.00136677501723170280
0.46000000834465026800 -0.00130363099742680788
0.46999999880790710400 -0.00124833500012755394
0.47999998927116394000 -0.00119081803131848574
0.49000000953674316400 -0.00113265297841280699
0.50000000000000000000 -0.00107704300899058580
0.50999999046325683600 -0.00102302001323550940
0.51999998092651367200 -0.00104923103936016560
0.52999997138977050800 -0.00096818868769332767
0.54000002145767211900 -0.00090535660274326801
0.55000001192092895500 -0.00084883777890354395
0.56000000238418579100 -0.00079637888120487332
0.56999999284744262700 -0.00074512272840365768
0.57999998331069946300 -0.00069630239158868790
0.58999997377395629900 -0.00064674578607082367
0.60000002384185791000 -0.00059592642355710268
0.61000001430511474600 -0.00055184151278808713
0.62000000476837158200 -0.00050799542805179954
0.62999999523162841800 -0.00046246629790402949
0.63999998569488525400 -0.00042206590296700597
0.64999997615814209000 -0.00038331039831973612
0.66000002622604370100 -0.00034584259265102446
0.67000001668930053700 -0.00031019659945741296
0.68000000715255737300 -0.00027600358589552343
0.68999999761581420900 -0.00024053770175669342
0.69999998807907104500 -0.00020684540504589677
0.70999997854232788100 -0.00017554970690980554
0.72000002861022949200 -0.00014409229333978146
0.73000001907348632800 -0.00011381180229363963
0.74000000953674316400 -0.00009065446647582576
0.75000000000000000000 -0.00006060087980586104
0.75999999046325683600 -0.00003144413130939938
0.76999998092651367200 -0.00000681135679769795
0.77999997138977050800 0.00001767839967214968
0.79000002145767211900 0.00004736049959319644
0.80000001192092895500 0.00007608717714902014
0.81000000238418579100 0.00010363160254200920
0.81999999284744262700 0.00013035240408498794
0.82999998331069946300 0.00015913099923636764
0.83999997377395629900 0.00018824260041583329
0.85000002384185791000 0.00021813889907207340
0.86000001430511474600 0.00024850250338204205
0.87000000476837158200 0.00027978728758171201
0.87999999523162841800 0.00031205260893329978
0.88999998569488525400 0.00034541171044111252
0.89999997615814209000 0.00037996241007931530
0.91000002622604370100 0.00041558820521458983
0.92000001668930053700 0.00045321430661715567
0.93000000715255737300 0.00049167301040142775
0.93999999761581420900 0.00053121487144380808
0.94999998807907104500 0.00057275191647931933
0.95999997854232788100 0.00061450322391465306
0.97000002861022949200 0.00065741437720134854
0.98000001907348632800 0.00070270441938191652
0.99000000953674316400 0.00074746290920302272
1.00000000000000000000 0.00079345668200403452
