-1.00000000000000000000 -0.00320461089722812176
-0.99000000953674316400 -0.00315474509261548519
-0.98000001907348632800 -0.00310796289704740048
-0.97000002861022949200 -0.00306531391106545925
-0.95999997854232788100 -0.00304491794668138027
-0.94999998807907104500 -0.00301456707529723644
-0.93999999761581420900 -0.00298172608017921448
-0.93000000715255737300 -0.00296393106691539288
-0.92000001668930053700 -0.00294730509631335735
-0.91000002622604370100 -0.00293406890705227852
-0.89999997615814209000 -0.00292173004709184170
-0.88999998569488525400 -0.00291198398917913437
-0.87999999523162841800 -0.00289065204560756683
-0.87000000476837158200 -0.00286931591108441353
-0.86000001430511474600 -0.00285958708263933659
-0.85000002384185791000 -0.00284363189712166786
-0.83999997377395629900 -0.00282401894219219685
-0.82999998331069946300 -0.00281145307235419750
-0.81999999284744262700 -0.00280155590735375881
-0.81000000238418579100 -0.00279569788835942745
-0.80000001192092895500 -0.00279069202952086926
-0.79000002145767211900 -0.00278006796725094318
-0.77999997138977050800 -0.00276899104937911034
-0.76999998092651367200 -0.00275189708918333054
-0.75999999046325683600 -0.00274039898067712784
-0.75000000000000000000 -0.00273059308528900147
-0.74000000953674316400 -0.00271700206212699413
-0.73000001907348632800 -0.00270186900161206722
-0.72000002861022949200 -0.00269642192870378494
-0.70999997854232788100 -0.00269261910580098629
-0.69999998807907104500 -0.00268474989570677281
-0.68999999761581420900 -0.00268077594228088856
-0.68000000715255737300 -0.00267118192277848721
-0.67000001668930053700 -0.00265325792133808136
-0.66000002622604370100 -0.00264656194485723972
-0.64999997615814209000 -0.00263982801698148251
-0.63999998569488525400 -0.00262238201685249806
-0.62999999523162841800 -0.00261235097423195839
-0.62000000476837158200 -0.00260934606194496155
-0.61000001430511474600 -0.00260167708620429039
-0.60000002384185791000 -0.00259766890667378903
-0.58999997377395629900 -0.00259320600889623165
-0.57999998331069946300 -0.00258471095003187656
-0.56999999284744262700 -0.00257002911530435085
-0.56000000238418579100 -0.00256290100514888764
-0.55000001192092895500 -0.00255413888953626156
-0.54000002145767211900 -0.00254236906766891480
-0.52999997138977050800 -0.00253260508179664612
-0.51999998092651367200 -0.00252512097358703613
-0.50999999046325683600 -0.00252210488542914391
-0.50000000000000000000 -0.00252069090493023396
-0.49000000953674316400 -0.00251491693779826164
-0.47999998927116394000 -0.00250666495412588120
-0.46999999880790710400 -0.00249494309537112713
-0.46000000834465026800 -0.00248481100425124168
-0.44999998807907104500 -0.00247927289456129074
-0.43999999761581420900 -0.00246826605871319771
-0.43000000715255737300 -0.00245688692666590214
-0.41999998688697814900 -0.00245274300687015057
-0.40999999642372131300 -0.00245045102201402187
-0.40000000596046447700 -0.00244544795714318752
-0.38999998569488525400 -0.00244129006750881672
-0.37999999523162841800 -0.00243544694967567921
-0.37000000476837158200 -0.00242185802198946476
-0.36000001430511474600 -0.00241319206543266773
-0.34999999403953552200 -0.00240873801521956921
-0.34000000357627868600 -0.00239534699358046055
-0.33000001311302185100 -0.00238634110428392887
-0.31999999284744262700 -0.00238089193589985371
-0.31000000238418579100 -0.00237643998116254807
-0.30000001192092895500 -0.00237305602058768272
-0.28999999165534973100 -0.00237065297551453114
-0.28000000119209289500 -0.00236256001517176628
-0.27000001072883606000 -0.00234931893646717072
-0.25999999046325683600 -0.00234152399934828281
-0.25000000000000000000 -0.00233639404177665711
-0.23999999463558197000 -0.00232447800226509571
-0.23000000417232513400 -0.00231569097377359867
-0.21999999880790710400 -0.00230986392125487328
-0.20999999344348907500 -0.00230524898506700993
-0.20000000298023223900 -0.00230437796562910080
-0.18999999761581420900 -0.00229834788478910923
-0.18000000715255737300 -0.00229114806279540062
-0.17000000178813934300 -0.00228124391287565231
-0.15999999642372131300 -0.00227155210450291634
-0.15000000596046447800 -0.00226488406769931316
-0.14000000059604644800 -0.00225724000483751297
-0.12999999523162841800 -0.00224447599612176418
-0.11999999731779098500 -0.00223750201985239983
-0.10999999940395355200 -0.00223683193325996399
-0.10000000149011611900 -0.00223136693239212036
-0.09000000357627868650 -0.00222533592022955418
-0.07999999821186065670 -0.00222189002670347691
-0.07000000029802322390 -0.00220929807983338833
-0.05999999865889549260 -0.00219598505645990372
-0.05000000074505805970 -0.00219516200013458729
-0.03999999910593032840 -0.00218266202136874199
-0.02999999932944774630 -0.00217018206603825092
-0.01999999955296516420 -0.00216667610220611096
-0.00999999977648258210 -0.00216011400334537029
0.00000000000000000000 -0.00215396098792552948
0.00999999977648258210 -0.00215183198451995850
0.01999999955296516420 -0.00214681401848793030
0.02999999932944774630 -0.00213351403363049030
0.03999999910593032840 -0.00212241592817008495
0.05000000074505805970 -0.00211743195541203022
0.05999999865889549260 -0.00210657203570008278
0.07000000029802322390 -0.00209518894553184509
0.07999999821186065670 -0.00208576209843158722
0.09000000357627868650 -0.00208058510906994343
0.10000000149011611900 -0.00207735202275216580
0.10999999940395355200 -0.00207077688537538052
0.11999999731779098500 -0.00206305389292538166
0.12999999523162841800 -0.00205352809280157089
0.14000000059604644800 -0.00203795707784593105
0.15000000596046447800 -0.00203205994330346584
0.15999999642372131300 -0.00202403496950864792
0.17000000178813934300 -0.00200766511261463165
0.18000000715255737300 -0.00199891906231641769
0.18999999761581420900 -0.00199223496019840241
0.20000000298023223900 -0.00198486004956066608
0.20999999344348907500 -0.00197549001313745976
0.21999999880790710400 -0.00197113794274628162
0.23000000417232513400 -0.00195518997497856617
0.23999999463558197000 -0.00193909497465938330
0.25000000000000000000 -0.00193332403432577848
0.25999999046325683600 -0.00191844801884144545
0.27000001072883606000 -0.00190113694407045841
0.28000000119209289500 -0.00189020903781056404
0.28999999165534973100 -0.00187670299783349037
0.30000001192092895500 -0.00186461198609322310
0.31000000238418579100 -0.00185344298370182514
0.31999999284744262700 -0.00183816498611122370
0.33000001311302185100 -0.00181799300480633974
0.34000000357627868600 -0.00179511099122464657
0.34999999403953552200 -0.00177248998079448938
0.36000001430511474600 -0.00174642703495919704
0.37000000476837158200 -0.00171534297987818718
0.37999999523162841800 -0.00168102595489472151
0.38999998569488525400 -0.00164401798974722624
0.40000000596046447700 -0.00160478195175528526
0.40999999642372131300 -0.00155497994273900986
0.41999998688697814900 -0.00149841594975441694
0.43000000715255737300 -0.00142909900750964880
0.43999999761581420900 -0.00134582596365362406
0.44999998807907104500 -0.00125534099061042070
0.46000000834465026800 -0.00115390098653733730
0.46999999880790710400 -0.00103359902277588844
0.47999998927116394000 -0.00091732328291982412
0.49000000953674316400 -0.00077064661309123039
0.50000000000000000000 -0.00060860131634399295
0.50999999046325683600 -0.00043158620246686041
0.51999998092651367200 -0.00024345220299437642
0.52999997138977050800 -0.00005521372077055275
0.54000002145767211900 0.00014983479923103005
0.55000001192092895500 0.00038492970634251833
0.56000000238418579100 0.00063003721879795194
0.56999999284744262700 0.00088563148165121675
0.57999998331069946300 0.00113623798824846745
0.58999997377395629900 0.00141550402622669935
0.60000002384185791000 0.00170148501638323069
0.61000001430511474600 0.00199564988724887371
0.62000000476837158200 0.00229978491552174091
0.62999999523162841800 0.00260527106001973152
0.63999998569488525400 0.00291741802357137203
0.64999997615814209000 0.00322892889380455017
0.66000002622604370100 0.00353230396285653114
0.67000001668930053700 0.00384670193307101727
0.68000000715255737300 0.00415639905259013176
0.68999999761581420900 0.00445210793986916542
0.69999998807907104500 0.00474934186786413193
0.70999997854232788100 0.00504999281838536263
0.72000002861022949200 0.00533849792554974556
0.73000001907348632800 0.00561762414872646332
0.74000000953674316400 0.00589625677093863487
0.75000000000000000000 0.00614634202793240547
0.75999999046325683600 0.00637257890775799752
0.76999998092651367200 0.00661624502390623093
0.77999997138977050800 0.00683048879727721214
0.79000002145767211900 0.00702118407934904099
0.80000001192092895500 0.00722224498167634011
0.81000000238418579100 0.00740447593852877617
0.81999999284744262700 0.00759068783372640610
0.82999998331069946300 0.00777332484722137451
0.83999997377395629900 0.00793480128049850464
0.85000002384185791000 0.00807034224271774292
0.86000001430511474600 0.00820433255285024643
0.87000000476837158200 0.00833639129996299744
0.87999999523162841800 0.00846327375620603562
0.88999998569488525400 0.00857671722769737244
0.89999997615814209000 0.00868295785039663315
0.91000002622604370100 0.00880352035164833069
0.92000001668930053700 0.00893350038677453995
0.93000000715255737300 0.00904326792806386948
0.93999999761581420900 0.00915251299738883972
0.94999998807907104500 0.00925907585769891739
0.95999997854232788100 0.00932691525667905808
0.97000002861022949200 0.00942276511341333390
0.98000001907348632800 0.00952541735023260117
0.99000000953674316400 0.00958660896867513657
1.00000000000000000000 0.00966913811862468720
