-1.00000000000000000000 -0.00227722688578069210
-0.99000000953674316400 -0.00224382593296468258
-0.98000001907348632800 -0.00221871607936918736
-0.97000002861022949200 -0.00219701207242906094
-0.95999997854232788100 -0.00217423611320555210
-0.94999998807907104500 -0.00215346505865454674
-0.93999999761581420900 -0.00214101094752550125
-0.93000000715255737300 -0.00212528207339346409
-0.92000001668930053700 -0.00210753409191966057
-0.91000002622604370100 -0.00209669303148984909
-0.89999997615814209000 -0.00208872999064624310
-0.88999998569488525400 -0.00208191596902906895
-0.87999999523162841800 -0.00207268795929849148
-0.87000000476837158200 -0.00206590490415692329
-0.86000001430511474600 -0.00205269106663763523
-0.85000002384185791000 -0.00203852192498743534
-0.83999997377395629900 -0.00203441688790917397
-0.82999998331069946300 -0.00202383007854223251
-0.81999999284744262700 -0.00200868607498705387
-0.81000000238418579100 -0.00200325809419155121
-0.80000001192092895500 -0.00199709506705403328
-0.79000002145767211900 -0.00199364894069731236
-0.77999997138977050800 -0.00198949710465967655
-0.76999998092651367200 -0.00198456901125609875
-0.75999999046325683600 -0.00197573797777295113
-0.75000000000000000000 -0.00196347897872328758
-0.74000000953674316400 -0.00195936905220150948
-0.73000001907348632800 -0.00195140799041837454
-0.72000002861022949200 -0.00194004899822175503
-0.70999997854232788100 -0.00193274801131337881
-0.69999998807907104500 -0.00192924903240054846
-0.68999999761581420900 -0.00192701397463679314
-0.68000000715255737300 -0.00192192103713750839
-0.67000001668930053700 -0.00191970297601073980
-0.66000002622604370100 -0.00191181397531181574
-0.64999997615814209000 -0.00190033996477723122
-0.63999998569488525400 -0.00189620698802173138
-0.62999999523162841800 -0.00189047004096210003
-0.62000000476837158200 -0.00187989301048219204
-0.61000001430511474600 -0.00187302695121616125
-0.60000002384185791000 -0.00186899502296000719
-0.58999997377395629900 -0.00186509604100137949
-0.57999998331069946300 -0.00186261197086423636
-0.56999999284744262700 -0.00185861997306346893
-0.56000000238418579100 -0.00185288197826594114
-0.55000001192092895500 -0.00184412801172584295
-0.54000002145767211900 -0.00183772598393261433
-0.52999997138977050800 -0.00183321197982877493
-0.51999998092651367200 -0.00182432297151535750
-0.50999999046325683600 -0.00181742501445114613
-0.50000000000000000000 -0.00181166303809732199
-0.49000000953674316400 -0.00180951994843780994
-0.47999998927116394000 -0.00180677894968539476
-0.46999999880790710400 -0.00180377101060003042
-0.46000000834465026800 -0.00179877504706382752
-0.44999998807907104500 -0.00179039803333580494
-0.43999999761581420900 -0.00178175000473856926
-0.43000000715255737300 -0.00177889398764818907
-0.41999998688697814900 -0.00177146994974464178
-0.40999999642372131300 -0.00176192296203225851
-0.40000000596046447700 -0.00175787904299795628
-0.38999998569488525400 -0.00175365200266242027
-0.37999999523162841800 -0.00175201101228594780
-0.37000000476837158200 -0.00174857303500175476
-0.36000001430511474600 -0.00174505100585520268
-0.34999999403953552200 -0.00173799996264278889
-0.34000000357627868600 -0.00172711594495922327
-0.33000001311302185100 -0.00172326096799224615
-0.31999999284744262700 -0.00171782495453953743
-0.31000000238418579100 -0.00170807098038494587
-0.30000001192092895500 -0.00170274800620973110
-0.28999999165534973100 -0.00169953005388379097
-0.28000000119209289500 -0.00169573200400918722
-0.27000001072883606000 -0.00169255200307816267
-0.25999999046325683600 -0.00169016001746058464
-0.25000000000000000000 -0.00168314005713909864
-0.23999999463558197000 -0.00167092704214155674
-0.23000000417232513400 -0.00166927999816834927
-0.21999999880790710400 -0.00166334502864629030
-0.20999999344348907500 -0.00165164005011320114
-0.20000000298023223900 -0.00164716795552521944
-0.18999999761581420900 -0.00164284103084355593
-0.18000000715255737300 -0.00163825100753456354
-0.17000000178813934300 -0.00163539301138371229
-0.15999999642372131300 -0.00163154595065861940
-0.15000000596046447800 -0.00162458396516740322
-0.14000000059604644800 -0.00161675794515758753
-0.12999999523162841800 -0.00160927197430282831
-0.11999999731779098500 -0.00160312000662088394
-0.10999999940395355200 -0.00159495300613343716
-0.10000000149011611900 -0.00158677098806947470
-0.09000000357627868650 -0.00158104300498962402
-0.07999999821186065670 -0.00157742504961788654
-0.07000000029802322390 -0.00157354003749787808
-0.05999999865889549260 -0.00156720099039375782
-0.05000000074505805970 -0.00156282703392207623
-0.03999999910593032840 -0.00155349296983331442
-0.02999999932944774630 -0.00154303503222763538
-0.01999999955296516420 -0.00153913605026900768
-0.00999999977648258210 -0.00153009197674691677
0.00000000000000000000 -0.00151883997023105621
0.00999999977648258210 -0.00151226297020912170
0.01999999955296516420 -0.00150516198482364416
0.02999999932944774630 -0.00149946694727987051
0.03999999910593032840 -0.00149501999840140343
0.05000000074505805970 -0.00148832600098103285
0.05999999865889549260 -0.00147829798515886068
0.07000000029802322390 -0.00146636599674820900
0.07999999821186065670 -0.00145860400516539812
0.09000000357627868650 -0.00144938495941460133
0.10000000149011611900 -0.00143720104824751616
0.10999999940395355200 -0.00142729398794472218
0.11999999731779098500 -0.00141844304744154215
0.12999999523162841800 -0.00141063495539128780
0.14000000059604644800 -0.00140207004733383656
0.15000000596046447800 -0.00139261700678616762
0.15999999642372131300 -0.00138174497988075018
0.17000000178813934300 -0.00136810098774731159
0.18000000715255737300 -0.00135359901469200850
0.18999999761581420900 -0.00134239299222826958
0.20000000298023223900 -0.00132832396775484085
0.20999999344348907500 -0.00131117599084973335
0.21999999880790710400 -0.00129805598407983780
0.23000000417232513400 -0.00128479802515357733
0.23999999463558197000 -0.00127107999287545681
0.25000000000000000000 -0.00125496904365718365
0.25999999046325683600 -0.00123932200949639082
0.27000001072883606000 -0.00121863896492868662
0.28000000119209289500 -0.00119614298455417156
0.28999999165534973100 -0.00117767695337533951
0.30000001192092895500 -0.00115492800250649452
0.31000000238418579100 -0.00112839601933956146
0.31999999284744262700 -0.00110430596396327019
0.33000001311302185100 -0.00107872905209660530
0.34000000357627868600 -0.00105105002876371145
0.34999999403953552200 -0.00102147599682211876
0.36000001430511474600 -0.00099905114620923996
0.37000000476837158200 -0.00095662701642140746
0.37999999523162841800 -0.00091826030984520912
0.38999998569488525400 -0.00087607151363044977
0.40000000596046447700 -0.00083013111725449562
0.40999999642372131300 -0.00077985069947317243
0.41999998688697814900 -0.00072526541771367192
0.43000000715255737300 -0.00066865072585642338
0.43999999761581420900 -0.00060683791525661945
0.44999998807907104500 -0.00053922570077702403
0.46000000834465026800 -0.00046770719927735627
0.46999999880790710400 -0.00039267979445867240
0.47999998927116394000 -0.00031208738801069558
0.49000000953674316400 -0.00022523530060425401
0.50000000000000000000 -0.00013339950237423182
0.50999999046325683600 -0.00004603160050464794
0.51999998092651367200 0.00004500129944062792
0.52999997138977050800 0.00015676849579904228
0.54000002145767211900 0.00027543489704839885
0.55000001192092895500 0.00039821688551455736
0.56000000238418579100 0.00052609742851927876
0.56999999284744262700 0.00065814389381557703
0.57999998331069946300 0.00079570431262254715
0.58999997377395629900 0.00093784462660551071
0.60000002384185791000 0.00106718903407454491
0.61000001430511474600 0.00122259894851595163
0.62000000476837158200 0.00138020794838666916
0.62999999523162841800 0.00154015794396400452
0.63999998569488525400 0.00170497805811464787
0.64999997615814209000 0.00187329400796443224
0.66000002622604370100 0.00204565702006220818
0.67000001668930053700 0.00222142692655324936
0.68000000715255737300 0.00239921803586184979
0.68999999761581420900 0.00258115096949040890
0.69999998807907104500 0.00276280404068529606
0.70999997854232788100 0.00294721708633005619
0.72000002861022949200 0.00313715194351971150
0.73000001907348632800 0.00332604907453060150
0.74000000953674316400 0.00351582909934222698
0.75000000000000000000 0.00371202803216874600
0.75999999046325683600 0.00391009682789444924
0.76999998092651367200 0.00410943478345870972
0.77999997138977050800 0.00431121420115232468
0.79000002145767211900 0.00451471097767353058
0.80000001192092895500 0.00471302913501858711
0.81000000238418579100 0.00491390610113739968
0.81999999284744262700 0.00512349419295787811
0.82999998331069946300 0.00532715581357479096
0.83999997377395629900 0.00552995922043919563
0.85000002384185791000 0.00574069516733288765
0.86000001430511474600 0.00595039501786231995
0.87000000476837158200 0.00616572611033916474
0.87999999523162841800 0.00638041691854596138
0.88999998569488525400 0.00659293495118618012
0.89999997615814209000 0.00680344086140394211
0.91000002622604370100 0.00700959889218211174
0.92000001668930053700 0.00722512882202863693
0.93000000715255737300 0.00743928179144859314
0.93999999761581420900 0.00764669105410575867
0.94999998807907104500 0.00785913038998842240
0.95999997854232788100 0.00807803031057119370
0.97000002861022949200 0.00829952117055654526
0.98000001907348632800 0.00851335842162370682
0.99000000953674316400 0.00873829144984483719
1.00000000000000000000 0.00894948467612266541
