-1.00000000000000000000 -0.00197989796288311482
-0.99000000953674316400 -0.00194024294614791870
-0.98000001907348632800 -0.00191015203017741442
-0.97000002861022949200 -0.00188849400728940964
-0.95999997854232788100 -0.00186473096255213022
-0.94999998807907104500 -0.00183829094748944044
-0.93999999761581420900 -0.00182575604412704706
-0.93000000715255737300 -0.00180996302515268326
-0.92000001668930053700 -0.00178864796180278063
-0.91000002622604370100 -0.00177645403891801834
-0.89999997615814209000 -0.00176710903178900480
-0.88999998569488525400 -0.00175617798231542110
-0.87999999523162841800 -0.00174978503491729498
-0.87000000476837158200 -0.00174188194796442986
-0.86000001430511474600 -0.00172942597419023514
-0.85000002384185791000 -0.00171617104206234217
-0.83999997377395629900 -0.00170917797368019819
-0.82999998331069946300 -0.00169750198256224394
-0.81999999284744262700 -0.00168487196788191795
-0.81000000238418579100 -0.00167737202718853951
-0.80000001192092895500 -0.00166845100466161966
-0.79000002145767211900 -0.00166412594262510538
-0.77999997138977050800 -0.00165925803594291210
-0.76999998092651367200 -0.00165214797016233206
-0.75999999046325683600 -0.00164537795353680849
-0.75000000000000000000 -0.00163479696493595839
-0.74000000953674316400 -0.00162566895596683025
-0.73000001907348632800 -0.00162041198927909136
-0.72000002861022949200 -0.00161097396630793810
-0.70999997854232788100 -0.00160099996719509363
-0.69999998807907104500 -0.00159584602806717157
-0.68999999761581420900 -0.00159194599837064743
-0.68000000715255737300 -0.00158760894555598497
-0.67000001668930053700 -0.00158200296573340893
-0.66000002622604370100 -0.00157814496196806431
-0.64999997615814209000 -0.00156799098476767540
-0.63999998569488525400 -0.00155958603136241436
-0.62999999523162841800 -0.00155516702216118574
-0.62000000476837158200 -0.00154693098738789558
-0.61000001430511474600 -0.00153822405263781548
-0.60000002384185791000 -0.00153345405124127865
-0.58999997377395629900 -0.00152947194874286652
-0.57999998331069946300 -0.00152612896636128426
-0.56999999284744262700 -0.00152254605200141668
-0.56000000238418579100 -0.00151698698755353689
-0.55000001192092895500 -0.00150922103784978390
-0.54000002145767211900 -0.00150144705548882484
-0.52999997138977050800 -0.00149730395060032606
-0.51999998092651367200 -0.00148877303581684828
-0.50999999046325683600 -0.00148118298966437578
-0.50000000000000000000 -0.00147684104740619659
-0.49000000953674316400 -0.00147326302248984575
-0.47999998927116394000 -0.00146990001667290926
-0.46999999880790710400 -0.00146611803211271763
-0.46000000834465026800 -0.00146245397627353668
-0.44999998807907104500 -0.00145441701170057058
-0.43999999761581420900 -0.00144569005351513624
-0.43000000715255737300 -0.00144278095103800297
-0.41999998688697814900 -0.00143537402618676424
-0.40999999642372131300 -0.00142711400985717773
-0.40000000596046447700 -0.00142236205283552408
-0.38999998569488525400 -0.00142003502696752548
-0.37999999523162841800 -0.00141686503775417805
-0.37000000476837158200 -0.00141374894883483648
-0.36000001430511474600 -0.00140967895276844502
-0.34999999403953552200 -0.00140207097865641117
-0.34000000357627868600 -0.00139333598781377077
-0.33000001311302185100 -0.00139023398514837027
-0.31999999284744262700 -0.00138454197440296412
-0.31000000238418579100 -0.00137561804149299860
-0.30000001192092895500 -0.00137012894265353680
-0.28999999165534973100 -0.00136741099413484335
-0.28000000119209289500 -0.00136487605050206184
-0.27000001072883606000 -0.00136081199161708355
-0.25999999046325683600 -0.00135910895187407732
-0.25000000000000000000 -0.00135206105187535286
-0.23999999463558197000 -0.00134293397422879934
-0.23000000417232513400 -0.00134070497006177902
-0.21999999880790710400 -0.00133412203285843134
-0.20999999344348907500 -0.00132483500055968761
-0.20000000298023223900 -0.00132014905102550983
-0.18999999761581420900 -0.00131693505682051182
-0.18000000715255737300 -0.00131341302767395973
-0.17000000178813934300 -0.00131083000451326370
-0.15999999642372131300 -0.00130772194825112820
-0.15000000596046447800 -0.00130108604207634926
-0.14000000059604644800 -0.00129141705110669136
-0.12999999523162841800 -0.00128898199182003737
-0.11999999731779098500 -0.00128245004452764988
-0.10999999940395355200 -0.00127319898456335068
-0.10000000149011611900 -0.00126770394854247570
-0.09000000357627868650 -0.00126378901768475771
-0.07999999821186065670 -0.00126111996360123158
-0.07000000029802322390 -0.00125711795408278704
-0.05999999865889549260 -0.00125410000327974558
-0.05000000074505805970 -0.00124805897939950228
-0.03999999910593032840 -0.00123877602163702250
-0.02999999932944774630 -0.00123332696966826916
-0.01999999955296516420 -0.00122914905659854412
-0.00999999977648258210 -0.00121945398859679699
0.00000000000000000000 -0.00121308502275496721
0.00999999977648258210 -0.00120880105532705784
0.01999999955296516420 -0.00120305595919489861
0.02999999932944774630 -0.00119992194231599569
0.03999999910593032840 -0.00119477603584527969
0.05000000074505805970 -0.00119011697825044394
0.05999999865889549260 -0.00118169002234935761
0.07000000029802322390 -0.00117208098527044058
0.07999999821186065670 -0.00116784498095512390
0.09000000357627868650 -0.00116037705447524786
0.10000000149011611900 -0.00115004403050988913
0.10999999940395355200 -0.00114360998850315809
0.11999999731779098500 -0.00113772100303322077
0.12999999523162841800 -0.00113179895561188459
0.14000000059604644800 -0.00112630100920796394
0.15000000596046447800 -0.00111963599920272827
0.15999999642372131300 -0.00111041904892772436
0.17000000178813934300 -0.00109874503687024117
0.18000000715255737300 -0.00109200598672032356
0.18999999761581420900 -0.00108274794183671474
0.20000000298023223900 -0.00107007904443889856
0.20999999344348907500 -0.00106107699684798718
0.21999999880790710400 -0.00105195702053606510
0.23000000417232513400 -0.00104277394711971283
0.23999999463558197000 -0.00103322905488312244
0.25000000000000000000 -0.00102340301964432001
0.25999999046325683600 -0.00100886600557714701
0.27000001072883606000 -0.00100984098389744759
0.28000000119209289500 -0.00098885537590831518
0.28999999165534973100 -0.00097290112171322107
0.30000001192092895500 -0.00095371139468625188
0.31000000238418579100 -0.00093253061641007662
0.31999999284744262700 -0.00091446592705324292
0.33000001311302185100 -0.00089145189849659801
0.34000000357627868600 -0.00086471979739144444
0.34999999403953552200 -0.00083909917157143354
0.36000001430511474600 -0.00081050337757915258
0.37000000476837158200 -0.00077975791646167636
0.37999999523162841800 -0.00074379041325300932
0.38999998569488525400 -0.00070379587123170495
0.40000000596046447700 -0.00065597228240221739
0.40999999642372131300 -0.00060234899865463376
0.41999998688697814900 -0.00054552429355680943
0.43000000715255737300 -0.00048000930109992623
0.43999999761581420900 -0.00040509938844479620
0.44999998807907104500 -0.00032412659493274987
0.46000000834465026800 -0.00023452070308849216
0.46999999880790710400 -0.00013514149759430438
0.47999998927116394000 -0.00004079816062585451
0.49000000953674316400 0.00006136031879577786
0.50000000000000000000 0.00019924189837183803
0.50999999046325683600 0.00034882620093412697
0.51999998092651367200 0.00050793268019333482
0.52999997138977050800 0.00067887647310271859
0.54000002145767211900 0.00086196977645158768
0.55000001192092895500 0.00102850794792175293
0.56000000238418579100 0.00124259002041071653
0.56999999284744262700 0.00146474398206919432
0.57999998331069946300 0.00169837300200015307
0.58999997377395629900 0.00194275204557925463
0.60000002384185791000 0.00219814991578459740
0.61000001430511474600 0.00246440991759300232
0.62000000476837158200 0.00273992889560759068
0.62999999523162841800 0.00302563793957233429
0.63999998569488525400 0.00332274101674556732
0.64999997615814209000 0.00362977897748351097
0.66000002622604370100 0.00394392712041735649
0.67000001668930053700 0.00426766881719231606
0.68000000715255737300 0.00459488295018672943
0.68999999761581420900 0.00492698280140757561
0.69999998807907104500 0.00527104502543807030
0.70999997854232788100 0.00561784114688634873
0.72000002861022949200 0.00596696604043245316
0.73000001907348632800 0.00632453197613358498
0.74000000953674316400 0.00669126678258180618
0.75000000000000000000 0.00706147681921720505
0.75999999046325683600 0.00743654603138566017
0.76999998092651367200 0.00781417917460203171
0.77999997138977050800 0.00819169823080301285
0.79000002145767211900 0.00856686383485794068
0.80000001192092895500 0.00895301438868045807
0.81000000238418579100 0.00933763012290000916
0.81999999284744262700 0.00971911102533340454
0.82999998331069946300 0.01010605972260236740
0.83999997377395629900 0.01045893970876932140
0.85000002384185791000 0.01086113974452018740
0.86000001430511474600 0.01125172991305589680
0.87000000476837158200 0.01164534967392683030
0.87999999523162841800 0.01204148959368467330
0.88999998569488525400 0.01244619954377412800
0.89999997615814209000 0.01284804008901119230
0.91000002622604370100 0.01324799004942178730
0.92000001668930053700 0.01364589016884565350
0.93000000715255737300 0.01403385028243064880
0.93999999761581420900 0.01441909000277519230
0.94999998807907104500 0.01481696963310241700
0.95999997854232788100 0.01520206965506076810
0.97000002861022949200 0.01557497959583997730
0.98000001907348632800 0.01596800051629543300
0.99000000953674316400 0.01636686921119689940
1.00000000000000000000 0.01675711013376712800
