-1.00000000000000000000 -0.00000007094583764911
-0.99000000953674316400 -0.00000008840203236105
-0.98000001907348632800 -0.00000007944513669145
-0.97000002861022949200 -0.00000007469527218973
-0.95999997854232788100 -0.00000009540359968696
-0.94999998807907104500 -0.00000004065524095154
-0.93999999761581420900 -0.00000002833841961092
-0.93000000715255737300 -0.00000001585461006925
-0.92000001668930053700 -0.00000002214303940207
-0.91000002622604370100 -0.00000001546190020463
-0.89999997615814209000 -0.00000002193558934493
-0.88999998569488525400 -0.00000001640528068947
-0.87999999523162841800 -0.00000001951364936303
-0.87000000476837158200 -0.00000001903651991597
-0.86000001430511474600 -0.00000001625810064354
-0.85000002384185791000 -0.00000002093520912183
-0.83999997377395629900 -0.00000001509200053817
-0.82999998331069946300 -0.00000002176266988840
-0.81999999284744262700 -0.00000001488703027519
-0.81000000238418579100 -0.00000002198824056165
-0.80000001192092895500 -0.00000001501281943206
-0.79000002145767211900 -0.00000002062134996095
-0.77999997138977050800 -0.00000001748285072267
-0.76999998092651367200 -0.00000001760685996999
-0.75999999046325683600 -0.00000001937345928127
-0.75000000000000000000 -0.00000001549095074438
-0.74000000953674316400 -0.00000002104103913325
-0.73000001907348632800 -0.00000001447461972504
-0.72000002861022949200 -0.00000002207977978230
-0.70999997854232788100 -0.00000001431263996210
-0.69999998807907104500 -0.00000002130422060986
-0.68999999761581420900 -0.00000001592538012574
-0.68000000715255737300 -0.00000001892640000278
-0.67000001668930053700 -0.00000001777377001133
-0.66000002622604370100 -0.00000001680468031395
-0.64999997615814209000 -0.00000001974676067107
-0.63999998569488525400 -0.00000001436882968164
-0.62999999523162841800 -0.00000002194398973643
-0.62000000476837158200 -0.00000001396680993082
-0.61000001430511474600 -0.00000002146150990257
-0.60000002384185791000 -0.00000001498104928999
-0.58999997377395629900 -0.00000002003097065995
-0.57999998331069946300 -0.00000001647195979615
-0.56999999284744262700 -0.00000001822134976237
-0.56000000238418579100 -0.00000001823694972813
-0.55000001192092895500 -0.00000001499500967839
-0.54000002145767211900 -0.00000002099715956660
-0.52999997138977050800 -0.00000001357039991490
-0.51999998092651367200 -0.00000002157879919196
-0.50999999046325683600 -0.00000001463738996677
-0.50000000000000000000 -0.00000002072554927679
-0.49000000953674316400 -0.00000001495327062173
-0.47999998927116394000 -0.00000001943420002704
-0.46999999880790710400 -0.00000001660817972038
-0.46000000834465026800 -0.00000001666255933230
-0.44999998807907104500 -0.00000001961008067042
-0.43999999761581420900 -0.00000001374919023078
-0.43000000715255737300 -0.00000002086055062023
-0.41999998688697814900 -0.00000001416631967288
-0.40999999642372131300 -0.00000002083054972957
-0.40000000596046447700 -0.00000001409753025428
-0.38999998569488525400 -0.00000002067329063493
-0.37999999523162841800 -0.00000001516118075529
-0.37000000476837158200 -0.00000001810322025619
-0.36000001430511474600 -0.00000001809732985691
-0.34999999403953552200 -0.00000001489170031732
-0.34000000357627868600 -0.00000001973199914573
-0.33000001311302185100 -0.00000001387235037953
-0.31999999284744262700 -0.00000002092506967699
-0.31000000238418579100 -0.00000001366406987557
-0.30000001192092895500 -0.00000002119750952545
-0.28999999165534973100 -0.00000001386769987732
-0.28000000119209289500 -0.00000001939551985686
-0.27000001072883606000 -0.00000001653944003976
-0.25999999046325683600 -0.00000001631208057518
-0.25000000000000000000 -0.00000001836970930924
-0.23999999463558197000 -0.00000001414059003224
-0.23000000417232513400 -0.00000002032875023872
-0.21999999880790710400 -0.00000001329920973347
-0.20999999344348907500 -0.00000002129747933566
-0.20000000298023223900 -0.00000001314776998385
-0.18999999761581420900 -0.00000002028066070636
-0.18000000715255737300 -0.00000001514096936717
-0.17000000178813934300 -0.00000001779032032800
-0.15999999642372131300 -0.00000001683335959513
-0.15000000596046447800 -0.00000001549478945151
-0.14000000059604644800 -0.00000001907496915976
-0.12999999523162841800 -0.00000001319757014784
-0.11999999731779098500 -0.00000002123294073897
-0.10999999940395355200 -0.00000001295383000866
-0.10000000149011611900 -0.00000002063157999999
-0.09000000357627868650 -0.00000001397692983574
-0.07999999821186065670 -0.00000001926428083721
-0.07000000029802322390 -0.00000001551251926912
-0.05999999865889549260 -0.00000001707375929527
-0.05000000074505805970 -0.00000001760978918242
-0.03999999910593032840 -0.00000001368719981798
-0.02999999932944774630 -0.00000002052147074494
-0.01999999955296516420 -0.00000001256541004580
-0.00999999977648258210 -0.00000002081534056231
0.00000000000000000000 -0.00000001345313016543
0.00999999977648258210 -0.00000002066152937630
0.01999999955296516420 -0.00000001369270030693
0.02999999932944774630 -0.00000001893410050968
0.03999999910593032840 -0.00000001576298913619
0.05000000074505805970 -0.00000001535732963021
0.05999999865889549260 -0.00000001881132938308
0.07000000029802322390 -0.00000001241820957176
0.07999999821186065670 -0.00000002043123004114
0.09000000357627868650 -0.00000001293606022301
0.10000000149011611900 -0.00000002062103021672
0.10999999940395355200 -0.00000001269447036378
0.11999999731779098500 -0.00000002034646939819
0.12999999523162841800 -0.00000001431181040346
0.14000000059604644800 -0.00000001696117024608
0.15000000596046447800 -0.00000001747062050583
0.15999999642372131300 -0.00000001341479016759
0.17000000178813934300 -0.00000001930943938078
0.18000000715255737300 -0.00000001233511959242
0.18999999761581420900 -0.00000002076400029694
0.20000000298023223900 -0.00000001222038026327
0.20999999344348907500 -0.00000002123718978453
0.21999999880790710400 -0.00000001265857019206
0.23000000417232513400 -0.00000001820862038926
0.23999999463558197000 -0.00000001562933960031
0.25000000000000000000 -0.00000001467786958642
0.25999999046325683600 -0.00000001808549043858
0.27000001072883606000 -0.00000001221996015488
0.28000000119209289500 -0.00000002048055058879
0.28999999165534973100 -0.00000001148275963203
0.30000001192092895500 -0.00000002151841016484
0.31000000238418579100 -0.00000001143215033750
0.31999999284744262700 -0.00000001969186946837
0.33000001311302185100 -0.00000001401700000514
0.34000000357627868600 -0.00000001615648947961
0.34999999403953552200 -0.00000001665958926367
0.36000001430511474600 -0.00000001299514007513
0.37000000476837158200 -0.00000001924911074980
0.37999999523162841800 -0.00000001069116972729
0.38999998569488525400 -0.00000002178581937073
0.40000000596046447700 -0.00000001055115017579
0.40999999642372131300 -0.00000002113091035483
0.41999998688697814900 -0.00000001213018041568
0.43000000715255737300 -0.00000001793160997465
0.43999999761581420900 -0.00000001471457000690
0.44999998807907104500 -0.00000000835434743607
0.46000000834465026800 -0.00000001791132930862
0.46999999880790710400 0.00000000182713999486
0.47999998927116394000 -0.00000002357404049746
0.49000000953674316400 0.00000000501439378908
0.50000000000000000000 -0.00000002010260047314
0.50999999046325683600 0.00000000456311299857
0.51999998092651367200 -0.00000000925350107650
0.52999997138977050800 0.00000001386428039041
0.54000002145767211900 0.00000000662149002295
0.55000001192092895500 0.00000000693397295137
0.56000000238418579100 0.00000002714920022129
0.56999999284744262700 -0.00000000376961395432
0.57999998331069946300 0.00000003889796929002
0.58999997377395629900 -0.00000000393072419058
0.60000002384185791000 0.00000003967139861061
0.61000001430511474600 0.00000000548415712842
0.62000000476837158200 0.00000004082679083695
0.62999999523162841800 0.00000001894665047075
0.63999998569488525400 0.00000003636473877577
0.64999997615814209000 0.00000004126124864001
0.66000002622604370100 0.00000002553037070641
0.67000001668930053700 0.00000006132111707302
0.68000000715255737300 0.00000002548310007455
0.68999999761581420900 0.00000007160024750874
0.69999998807907104500 0.00000005185379947648
0.70999997854232788100 0.00000012503819846188
0.72000002861022949200 0.00000015591309932006
0.73000001907348632800 0.00000025395820557605
0.74000000953674316400 0.00000039414629782186
0.75000000000000000000 0.00000055761387329767
0.75999999046325683600 0.00001083241022570292
0.76999998092651367200 0.00001091538979380857
0.77999997138977050800 0.00001055931988958037
0.79000002145767211900 0.00001049903039529454
0.80000001192092895500 0.00001092894035537029
0.81000000238418579100 0.00001051876006386010
0.81999999284744262700 0.00001049167985911481
0.82999998331069946300 0.00001057458030118141
0.83999997377395629900 0.00001032689033308998
0.85000002384185791000 0.00001027796042762930
0.86000001430511474600 0.00001029624036164023
0.87000000476837158200 0.00001023618006001925
0.87999999523162841800 0.00001047193018166581
0.88999998569488525400 0.00001036545017996104
0.89999997615814209000 0.00001033960961649427
0.91000002622604370100 0.00001024080029310426
0.92000001668930053700 0.00001040927963913418
0.93000000715255737300 0.00001026858990371693
0.93999999761581420900 0.00001026391964842333
0.94999998807907104500 0.00001049982984113740
0.95999997854232788100 0.00001047450041369302
0.97000002861022949200 0.00001046506986313034
0.98000001907348632800 0.00001052162042469718
0.99000000953674316400 0.00001062296996678924
1.00000000000000000000 0.00001053019968821900
