-1.00000000000000000000 -0.00556201580911874771
-0.99000000953674316400 -0.00555281387642025948
-0.98000001907348632800 -0.00554359098896384239
-0.97000002861022949200 -0.00551916612312197685
-0.95999997854232788100 -0.00551621289923787117
-0.94999998807907104500 -0.00551071716472506523
-0.93999999761581420900 -0.00549144297838211060
-0.93000000715255737300 -0.00547666382044553757
-0.92000001668930053700 -0.00548151880502700806
-0.91000002622604370100 -0.00549208791926503182
-0.89999997615814209000 -0.00549231190234422684
-0.88999998569488525400 -0.00550480419769883156
-0.87999999523162841800 -0.00549139222130179405
-0.87000000476837158200 -0.00546271493658423424
-0.86000001430511474600 -0.00546763604506850243
-0.85000002384185791000 -0.00546198105439543724
-0.83999997377395629900 -0.00543774198740720749
-0.82999998331069946300 -0.00543987099081277847
-0.81999999284744262700 -0.00543767679482698441
-0.81000000238418579100 -0.00544345891103148461
-0.80000001192092895500 -0.00545697705820202828
-0.79000002145767211900 -0.00545645086094737053
-0.77999997138977050800 -0.00544466916471719742
-0.76999998092651367200 -0.00541978795081377030
-0.75999999046325683600 -0.00542220380157232285
-0.75000000000000000000 -0.00541417999193072319
-0.74000000953674316400 -0.00539833214133977890
-0.73000001907348632800 -0.00537951197475194931
-0.72000002861022949200 -0.00538980402052402496
-0.70999997854232788100 -0.00540441321209073067
-0.69999998807907104500 -0.00538858212530612946
-0.68999999761581420900 -0.00540691614151000977
-0.68000000715255737300 -0.00539508415386080742
-0.67000001668930053700 -0.00534988380968570709
-0.66000002622604370100 -0.00536924414336681366
-0.64999997615814209000 -0.00536640500649809838
-0.63999998569488525400 -0.00532323308289051056
-0.62999999523162841800 -0.00533202709630131722
-0.62000000476837158200 -0.00534369796514511109
-0.61000001430511474600 -0.00533066783100366593
-0.60000002384185791000 -0.00534745119512081146
-0.58999997377395629900 -0.00535743311047554016
-0.57999998331069946300 -0.00532280281186103821
-0.56999999284744262700 -0.00530566694214940071
-0.56000000238418579100 -0.00532053178176283837
-0.55000001192092895500 -0.00529529899358749390
-0.54000002145767211900 -0.00528196012601256371
-0.52999997138977050800 -0.00528392707929015160
-0.51999998092651367200 -0.00527168018743395806
-0.50999999046325683600 -0.00528905121609568596
-0.50000000000000000000 -0.00528858602046966553
-0.49000000953674316400 -0.00528278481215238571
-0.47999998927116394000 -0.00526930904015898705
-0.46999999880790710400 -0.00524335494264960289
-0.46000000834465026800 -0.00524051301181316376
-0.44999998807907104500 -0.00523026706650853157
-0.43999999761581420900 -0.00521164014935493469
-0.43000000715255737300 -0.00519972993060946465
-0.41999998688697814900 -0.00520559493452310562
-0.40999999642372131300 -0.00521212117746472359
-0.40000000596046447700 -0.00520752416923642159
-0.38999998569488525400 -0.00520475720986723900
-0.37999999523162841800 -0.00518877478316426277
-0.37000000476837158200 -0.00516393501311540604
-0.36000001430511474600 -0.00516750616952776909
-0.34999999403953552200 -0.00515102688223123551
-0.34000000357627868600 -0.00512818386778235436
-0.33000001311302185100 -0.00512493401765823364
-0.31999999284744262700 -0.00512587977573275566
-0.31000000238418579100 -0.00512973777949810028
-0.30000001192092895500 -0.00512885116040706635
-0.28999999165534973100 -0.00512235518544912338
-0.28000000119209289500 -0.00509949587285518646
-0.27000001072883606000 -0.00508261099457740784
-0.25999999046325683600 -0.00507448287680745125
-0.25000000000000000000 -0.00505589414387941361
-0.23999999463558197000 -0.00503292307257652283
-0.23000000417232513400 -0.00502271903678774834
-0.21999999880790710400 -0.00502295885235071182
-0.20999999344348907500 -0.00502796098589897156
-0.20000000298023223900 -0.00501516880467534065
-0.18999999761581420900 -0.00500316685065627098
-0.18000000715255737300 -0.00498368497937917710
-0.17000000178813934300 -0.00495380815118551254
-0.15999999642372131300 -0.00495000695809721947
-0.15000000596046447800 -0.00493113510310649872
-0.14000000059604644800 -0.00489533320069313049
-0.12999999523162841800 -0.00488967401906847954
-0.11999999731779098500 -0.00488758506253361702
-0.10999999940395355200 -0.00487018097192049027
-0.10000000149011611900 -0.00486401421949267388
-0.09000000357627868650 -0.00485388701781630516
-0.07999999821186065670 -0.00480230012908577919
-0.07000000029802322390 -0.00479889009147882462
-0.05999999865889549260 -0.00478661619126796723
-0.05000000074505805970 -0.00473412778228521347
-0.03999999910593032840 -0.00472196890041232109
-0.02999999932944774630 -0.00471071386709809303
-0.01999999955296516420 -0.00468065822497010231
-0.00999999977648258210 -0.00467371894046664238
0.00000000000000000000 -0.00466454494744539261
0.00999999977648258210 -0.00462213577702641487
0.01999999955296516420 -0.00459416490048170090
0.02999999932944774630 -0.00455843377858400345
0.03999999910593032840 -0.00452369917184114456
0.05000000074505805970 -0.00449481699615716934
0.05999999865889549260 -0.00445400318130850792
0.07000000029802322390 -0.00441156420856714249
0.07999999821186065670 -0.00439189001917839050
0.09000000357627868650 -0.00436909403651952744
0.10000000149011611900 -0.00432305922731757164
0.10999999940395355200 -0.00429617986083030701
0.11999999731779098500 -0.00424616783857345581
0.12999999523162841800 -0.00418180786073207855
0.14000000059604644800 -0.00415369914844632149
0.15000000596046447800 -0.00410499889403581619
0.15999999642372131300 -0.00403647217899560928
0.17000000178813934300 -0.00400107819586992264
0.18000000715255737300 -0.00396218895912170410
0.18999999761581420900 -0.00390440807677805424
0.20000000298023223900 -0.00386721990071237087
0.20999999344348907500 -0.00381902209483087063
0.21999999880790710400 -0.00373924290761351586
0.23000000417232513400 -0.00368282198905944824
0.23999999463558197000 -0.00362965301610529423
0.25000000000000000000 -0.00355331902392208576
0.25999999046325683600 -0.00349067198112607002
0.27000001072883606000 -0.00343115697614848614
0.28000000119209289500 -0.00336267100647091866
0.28999999165534973100 -0.00330638792365789414
0.30000001192092895500 -0.00324284099042415619
0.31000000238418579100 -0.00316779501736164093
0.31999999284744262700 -0.00309200305491685867
0.33000001311302185100 -0.00301507301628589630
0.34000000357627868600 -0.00293782493099570274
0.34999999403953552200 -0.00286360294558107853
0.36000001430511474600 -0.00278141396120190621
0.37000000476837158200 -0.00270065688528120518
0.37999999523162841800 -0.00263287103734910488
0.38999998569488525400 -0.00256060995161533356
0.40000000596046447700 -0.00247979606501758099
0.40999999642372131300 -0.00240541598759591580
0.41999998688697814900 -0.00232165609486401081
0.43000000715255737300 -0.00223104795441031456
0.43999999761581420900 -0.00215901993215084076
0.44999998807907104500 -0.00207694689743220806
0.46000000834465026800 -0.00198891991749405861
0.46999999880790710400 -0.00191405904479324818
0.47999998927116394000 -0.00183957105036824942
0.49000000953674316400 -0.00176249095238745213
0.50000000000000000000 -0.00168790994212031364
0.50999999046325683600 -0.00161424803081899881
0.51999998092651367200 -0.00152995099779218435
0.52999997138977050800 -0.00145388394594192505
0.54000002145767211900 -0.00138289795722812414
0.55000001192092895500 -0.00130495894700288773
0.56000000238418579100 -0.00123169599100947380
0.56999999284744262700 -0.00116381095722317696
0.57999998331069946300 -0.00109713803976774216
0.58999997377395629900 -0.00103287003003060818
0.60000002384185791000 -0.00101130001712590456
0.61000001430511474600 -0.00093108892906457186
0.62000000476837158200 -0.00086481799371540546
0.62999999523162841800 -0.00080246059224009514
0.63999998569488525400 -0.00074132281588390470
0.64999997615814209000 -0.00068091240245848894
0.66000002622604370100 -0.00062140641966834664
0.67000001668930053700 -0.00056833680719137192
0.68000000715255737300 -0.00051645777421072125
0.68999999761581420900 -0.00046407271292991936
0.69999998807907104500 -0.00041651949868537486
0.70999997854232788100 -0.00037170099676586688
0.72000002861022949200 -0.00032850730349309742
0.73000001907348632800 -0.00028646571445278823
0.74000000953674316400 -0.00024670531274750829
0.75000000000000000000 -0.00020531550399027765
0.75999999046325683600 -0.00016488159599248320
0.76999998092651367200 -0.00012764640268869698
0.77999997138977050800 -0.00009208369738189504
0.79000002145767211900 -0.00005351916843210347
0.80000001192092895500 -0.00001611642073839903
0.81000000238418579100 0.00002045724068011623
0.81999999284744262700 0.00006127180677140132
0.82999998331069946300 0.00010102579835802317
0.83999997377395629900 0.00014368869597092271
0.85000002384185791000 0.00018612660642247647
0.86000001430511474600 0.00022995600011199713
0.87000000476837158200 0.00027570640668272972
0.87999999523162841800 0.00032366078812628984
0.88999998569488525400 0.00037328750477172434
0.89999997615814209000 0.00042467541061341763
0.91000002622604370100 0.00047923950478434563
0.92000001668930053700 0.00053522369125857949
0.93000000715255737300 0.00059257721295580268
0.93999999761581420900 0.00065333797829225659
0.94999998807907104500 0.00071568920975551009
0.95999997854232788100 0.00077929132385179400
0.97000002861022949200 0.00084607122698798776
0.98000001907348632800 0.00091390282614156604
0.99000000953674316400 0.00098136812448501587
1.00000000000000000000 0.00106398703064769506
