-1.00000000000000000000 -0.00484710978344082832
-0.99000000953674316400 -0.00483693089336156845
-0.98000001907348632800 -0.00481585506349802017
-0.97000002861022949200 -0.00482982490211725235
-0.95999997854232788100 -0.00482718087732791901
-0.94999998807907104500 -0.00480646686628460884
-0.93999999761581420900 -0.00480783311650156975
-0.93000000715255737300 -0.00482183322310447693
-0.92000001668930053700 -0.00482312217354774475
-0.91000002622604370100 -0.00482864398509263992
-0.89999997615814209000 -0.00483844988048076630
-0.88999998569488525400 -0.00482109887525439263
-0.87999999523162841800 -0.00480329710990190506
-0.87000000476837158200 -0.00481833098456263542
-0.86000001430511474600 -0.00480564078316092491
-0.85000002384185791000 -0.00478992192074656487
-0.83999997377395629900 -0.00479729520156979561
-0.82999998331069946300 -0.00479722116142511368
-0.81999999284744262700 -0.00481070298701524735
-0.81000000238418579100 -0.00482276221737265587
-0.80000001192092895500 -0.00482614384964108467
-0.79000002145767211900 -0.00481152581050992012
-0.77999997138977050800 -0.00480079790577292442
-0.76999998092651367200 -0.00480700284242630005
-0.75999999046325683600 -0.00480497581884264946
-0.75000000000000000000 -0.00479107908904552460
-0.74000000953674316400 -0.00478496914729475975
-0.73000001907348632800 -0.00478887883946299553
-0.72000002861022949200 -0.00480394996702671051
-0.70999997854232788100 -0.00480818003416061402
-0.69999998807907104500 -0.00481318403035402298
-0.68999999761581420900 -0.00480911787599325180
-0.68000000715255737300 -0.00478458218276500702
-0.67000001668930053700 -0.00479160202667117119
-0.66000002622604370100 -0.00479411520063877106
-0.64999997615814209000 -0.00477547803893685341
-0.63999998569488525400 -0.00476993108168244362
-0.62999999523162841800 -0.00477330200374126434
-0.62000000476837158200 -0.00478066923096776009
-0.61000001430511474600 -0.00478164386004209519
-0.60000002384185791000 -0.00479428004473447800
-0.58999997377395629900 -0.00478283502161502838
-0.57999998331069946300 -0.00476379413157701492
-0.56999999284744262700 -0.00476930709555745125
-0.56000000238418579100 -0.00476744491606950760
-0.55000001192092895500 -0.00475275376811623573
-0.54000002145767211900 -0.00475444691255688667
-0.52999997138977050800 -0.00475691584870219231
-0.51999998092651367200 -0.00475573819130659104
-0.50999999046325683600 -0.00477562006562948227
-0.50000000000000000000 -0.00477468920871615410
-0.49000000953674316400 -0.00477260211482644081
-0.47999998927116394000 -0.00476486422121524811
-0.46999999880790710400 -0.00475338799878954888
-0.46000000834465026800 -0.00475367298349738121
-0.44999998807907104500 -0.00475399801507592201
-0.43999999761581420900 -0.00474225310608744621
-0.43000000715255737300 -0.00473702978342771530
-0.41999998688697814900 -0.00475133815780282021
-0.40999999642372131300 -0.00475412700325250626
-0.40000000596046447700 -0.00475212000310420990
-0.38999998569488525400 -0.00476096710190176964
-0.37999999523162841800 -0.00474594300612807274
-0.37000000476837158200 -0.00473251100629568100
-0.36000001430511474600 -0.00474264798685908318
-0.34999999403953552200 -0.00473088910803198815
-0.34000000357627868600 -0.00471530621871352196
-0.33000001311302185100 -0.00472198193892836571
-0.31999999284744262700 -0.00472220312803983688
-0.31000000238418579100 -0.00472481921315193176
-0.30000001192092895500 -0.00473492778837680817
-0.28999999165534973100 -0.00473328912630677223
-0.28000000119209289500 -0.00471768202260136604
-0.27000001072883606000 -0.00470854714512825012
-0.25999999046325683600 -0.00471673114225268364
-0.25000000000000000000 -0.00470750499516725540
-0.23999999463558197000 -0.00469774520024657250
-0.23000000417232513400 -0.00469452794641256333
-0.21999999880790710400 -0.00469767209142446518
-0.20999999344348907500 -0.00471113901585340500
-0.20000000298023223900 -0.00471108499914407730
-0.18999999761581420900 -0.00471063517034053803
-0.18000000715255737300 -0.00470307888463139534
-0.17000000178813934300 -0.00467823585495352745
-0.15999999642372131300 -0.00468753604218363762
-0.15000000596046447800 -0.00468297116458415985
-0.14000000059604644800 -0.00466102501377463341
-0.12999999523162841800 -0.00466221896931529045
-0.11999999731779098500 -0.00467040715739130974
-0.10999999940395355200 -0.00466948188841342926
-0.10000000149011611900 -0.00467465911060571671
-0.09000000357627868650 -0.00467342277988791466
-0.07999999821186065670 -0.00465312181040644646
-0.07000000029802322390 -0.00464012613520026207
-0.05999999865889549260 -0.00464399298653006554
-0.05000000074505805970 -0.00462845200672745705
-0.03999999910593032840 -0.00461761886253952980
-0.02999999932944774630 -0.00461422884836792946
-0.01999999955296516420 -0.00461613805964589119
-0.00999999977648258210 -0.00462618796154856682
0.00000000000000000000 -0.00462828623130917549
0.00999999977648258210 -0.00462255021557211876
0.01999999955296516420 -0.00460936594754457474
0.02999999932944774630 -0.00459306221455335617
0.03999999910593032840 -0.00459374394267797470
0.05000000074505805970 -0.00458701793104410172
0.05999999865889549260 -0.00457341782748699188
0.07000000029802322390 -0.00456605479121208191
0.07999999821186065670 -0.00456671090796589852
0.09000000357627868650 -0.00457246694713830948
0.10000000149011611900 -0.00456714816391468048
0.10999999940395355200 -0.00456779589876532555
0.11999999731779098500 -0.00454909121617674828
0.12999999523162841800 -0.00452580209821462631
0.14000000059604644800 -0.00453252298757433891
0.15000000596046447800 -0.00452655786648392677
0.15999999642372131300 -0.00449296878650784493
0.17000000178813934300 -0.00448289001360535622
0.18000000715255737300 -0.00448076706379652023
0.18999999761581420900 -0.00447184592485427857
0.20000000298023223900 -0.00447573000565171242
0.20999999344348907500 -0.00446556415408849716
0.21999999880790710400 -0.00443999283015727997
0.23000000417232513400 -0.00441280612722039223
0.23999999463558197000 -0.00440858211368322373
0.25000000000000000000 -0.00438596820458769798
0.25999999046325683600 -0.00435620918869972229
0.27000001072883606000 -0.00433857785537838936
0.28000000119209289500 -0.00430955598130822182
0.28999999165534973100 -0.00428958097472786904
0.30000001192092895500 -0.00426131812855601311
0.31000000238418579100 -0.00421851221472024918
0.31999999284744262700 -0.00417318288236856461
0.33000001311302185100 -0.00409690989181399346
0.34000000357627868600 -0.00406020181253552437
0.34999999403953552200 -0.00399758806452155113
0.36000001430511474600 -0.00389494304545223713
0.37000000476837158200 -0.00376766803674399853
0.37999999523162841800 -0.00372469495050609112
0.38999998569488525400 -0.00354443793185055256
0.40000000596046447700 -0.00339778698980808258
0.40999999642372131300 -0.00322696007788181305
0.41999998688697814900 -0.00307306903414428234
0.43000000715255737300 -0.00286694406531751156
0.43999999761581420900 -0.00260278489440679550
0.44999998807907104500 -0.00226714299060404301
0.46000000834465026800 -0.00209116307087242603
0.46999999880790710400 -0.00166261894628405571
0.47999998927116394000 -0.00155232101678848267
0.49000000953674316400 -0.00109518598765134811
0.50000000000000000000 -0.00077805179171264172
0.50999999046325683600 -0.00048322099610231817
0.51999998092651367200 -0.00014650179946329445
0.52999997138977050800 0.00010962079977616668
0.54000002145767211900 0.00043771631317213178
0.55000001192092895500 0.00066622009035199881
0.56000000238418579100 0.00086223747348412871
0.56999999284744262700 0.00113326299469918013
0.57999998331069946300 0.00130601297132670879
0.58999997377395629900 0.00144950102549046278
0.60000002384185791000 0.00157364003825932741
0.61000001430511474600 0.00161697203293442726
0.62000000476837158200 0.00172054395079612732
0.62999999523162841800 0.00178408902138471603
0.63999998569488525400 0.00182227103505283594
0.64999997615814209000 0.00190735398791730404
0.66000002622604370100 0.00197001406922936440
0.67000001668930053700 0.00203537289053201675
0.68000000715255737300 0.00206184596754610539
0.68999999761581420900 0.00211239000782370567
0.69999998807907104500 0.00213752407580614090
0.70999997854232788100 0.00217325193807482719
0.72000002861022949200 0.00222235405817627907
0.73000001907348632800 0.00224474188871681690
0.74000000953674316400 0.00226891692727804184
0.75000000000000000000 0.00230046198703348637
0.75999999046325683600 0.00234779692254960537
0.76999998092651367200 0.00237178592942655087
0.77999997138977050800 0.00241953390650451183
0.79000002145767211900 0.00244383490644395351
0.80000001192092895500 0.00245680403895676136
0.81000000238418579100 0.00248617795296013355
0.81999999284744262700 0.00252494309097528458
0.82999998331069946300 0.00254798610694706440
0.83999997377395629900 0.00258424598723649979
0.85000002384185791000 0.00260341796092689037
0.86000001430511474600 0.00264395098201930523
0.87000000476837158200 0.00268327700905501843
0.87999999523162841800 0.00270153093151748180
0.88999998569488525400 0.00272158090956509113
0.89999997615814209000 0.00275150197558104992
0.91000002622604370100 0.00276991794817149639
0.92000001668930053700 0.00280070398002862930
0.93000000715255737300 0.00282673188485205174
0.93999999761581420900 0.00284629804082214832
0.94999998807907104500 0.00286924489773809910
0.95999997854232788100 0.00290324492380023003
0.97000002861022949200 0.00293195503763854504
0.98000001907348632800 0.00295181199908256531
0.99000000953674316400 0.00299036595970392227
1.00000000000000000000 0.00300748297013342381
