-1.00000000000000000000 -0.00575492111966013909
-0.99000000953674316400 -0.00576457101851701737
-0.98000001907348632800 -0.00575385987758636475
-0.97000002861022949200 -0.00574629800394177437
-0.95999997854232788100 -0.00575202517211437226
-0.94999998807907104500 -0.00575429014861583710
-0.93999999761581420900 -0.00576497381553053856
-0.93000000715255737300 -0.00577525002881884575
-0.92000001668930053700 -0.00576101895421743393
-0.91000002622604370100 -0.00575365405529737473
-0.89999997615814209000 -0.00574152916669845581
-0.88999998569488525400 -0.00574118318036198616
-0.87999999523162841800 -0.00573263596743345261
-0.87000000476837158200 -0.00572700984776020050
-0.86000001430511474600 -0.00572843290865421295
-0.85000002384185791000 -0.00574484094977378845
-0.83999997377395629900 -0.00575905805453658104
-0.82999998331069946300 -0.00576889095827937126
-0.81999999284744262700 -0.00576375285163521767
-0.81000000238418579100 -0.00574536481872200966
-0.80000001192092895500 -0.00575789902359247208
-0.79000002145767211900 -0.00575309479609131813
-0.77999997138977050800 -0.00573670817539095879
-0.76999998092651367200 -0.00574066303670406342
-0.75999999046325683600 -0.00574420392513275147
-0.75000000000000000000 -0.00576101709157228470
-0.74000000953674316400 -0.00576904416084289551
-0.73000001907348632800 -0.00577918207272887230
-0.72000002861022949200 -0.00576546508818864823
-0.70999997854232788100 -0.00575026497244834900
-0.69999998807907104500 -0.00575479120016098023
-0.68999999761581420900 -0.00574641814455389977
-0.68000000715255737300 -0.00572961522266268730
-0.67000001668930053700 -0.00573187600821256638
-0.66000002622604370100 -0.00573311792686581612
-0.64999997615814209000 -0.00573949981480836868
-0.63999998569488525400 -0.00574895599856972695
-0.62999999523162841800 -0.00574128609150648117
-0.62000000476837158200 -0.00572843803092837334
-0.61000001430511474600 -0.00572290178388357163
-0.60000002384185791000 -0.00572266988456249237
-0.58999997377395629900 -0.00572060700505971909
-0.57999998331069946300 -0.00571223488077521324
-0.56999999284744262700 -0.00571350613608956337
-0.56000000238418579100 -0.00573347415775060654
-0.55000001192092895500 -0.00574900396168231964
-0.54000002145767211900 -0.00575102120637893677
-0.52999997138977050800 -0.00575439212843775749
-0.51999998092651367200 -0.00573060894384980202
-0.50999999046325683600 -0.00573607906699180603
-0.50000000000000000000 -0.00574529310688376427
-0.49000000953674316400 -0.00572935119271278382
-0.47999998927116394000 -0.00572339305654168129
-0.46999999880790710400 -0.00573549093678593636
-0.46000000834465026800 -0.00574903190135955811
-0.44999998807907104500 -0.00575344776734709740
-0.43999999761581420900 -0.00576436007395386696
-0.43000000715255737300 -0.00575351016595959664
-0.41999998688697814900 -0.00573381781578063965
-0.40999999642372131300 -0.00574710220098495484
-0.40000000596046447700 -0.00573751190677285195
-0.38999998569488525400 -0.00571552990004420281
-0.37999999523162841800 -0.00571433920413255692
-0.37000000476837158200 -0.00572196720167994499
-0.36000001430511474600 -0.00572978518903255463
-0.34999999403953552200 -0.00573633704334497452
-0.34000000357627868600 -0.00573717197403311730
-0.33000001311302185100 -0.00572873186320066452
-0.31999999284744262700 -0.00570908281952142716
-0.31000000238418579100 -0.00572397885844111443
-0.30000001192092895500 -0.00571720208972692490
-0.28999999165534973100 -0.00570797780528664589
-0.28000000119209289500 -0.00571524212136864662
-0.27000001072883606000 -0.00572660099714994431
-0.25999999046325683600 -0.00574301602318882942
-0.25000000000000000000 -0.00574665097519755364
-0.23999999463558197000 -0.00574851594865322113
-0.23000000417232513400 -0.00572678493335843086
-0.21999999880790710400 -0.00572869414463639260
-0.20999999344348907500 -0.00573179405182600022
-0.20000000298023223900 -0.00571925006806850434
-0.18999999761581420900 -0.00571497110649943352
-0.18000000715255737300 -0.00572636211290955544
-0.17000000178813934300 -0.00573954312130808830
-0.15999999642372131300 -0.00574230309575796128
-0.15000000596046447800 -0.00574695784598588944
-0.14000000059604644800 -0.00573492795228958130
-0.12999999523162841800 -0.00570864602923393250
-0.11999999731779098500 -0.00571649707853794098
-0.10999999940395355200 -0.00570638710632920265
-0.10000000149011611900 -0.00568574294447898865
-0.09000000357627868650 -0.00568272080272436142
-0.07999999821186065670 -0.00569075299426913262
-0.07000000029802322390 -0.00570084294304251671
-0.05999999865889549260 -0.00570601876825094223
-0.05000000074505805970 -0.00570699386298656464
-0.03999999910593032840 -0.00569819007068872452
-0.02999999932944774630 -0.00568496203050017357
-0.01999999955296516420 -0.00569457700476050377
-0.00999999977648258210 -0.00568640185520052910
0.00000000000000000000 -0.00568340299651026726
0.00999999977648258210 -0.00569000188261270523
0.01999999955296516420 -0.00569578120484948158
0.02999999932944774630 -0.00571002205833792687
0.03999999910593032840 -0.00572013622149825096
0.05000000074505805970 -0.00572735304012894631
0.05999999865889549260 -0.00571266980841755867
0.07000000029802322390 -0.00569975515827536583
0.07999999821186065670 -0.00571022089570760727
0.09000000357627868650 -0.00570043083280324936
0.10000000149011611900 -0.00568239018321037293
0.10999999940395355200 -0.00569260399788618088
0.11999999731779098500 -0.00570699991658329964
0.12999999523162841800 -0.00570883322507143021
0.14000000059604644800 -0.00571774598211050034
0.15000000596046447800 -0.00570984184741973877
0.15999999642372131300 -0.00568120088428258896
0.17000000178813934300 -0.00568770989775657654
0.18000000715255737300 -0.00568147888407111168
0.18999999761581420900 -0.00565197784453630448
0.20000000298023223900 -0.00565431313589215279
0.20999999344348907500 -0.00566132087260484696
0.21999999880790710400 -0.00566175999119877815
0.23000000417232513400 -0.00567313097417354584
0.23999999463558197000 -0.00567809306085109711
0.25000000000000000000 -0.00566215580329298973
0.25999999046325683600 -0.00564240990206599236
0.27000001072883606000 -0.00564782088622450829
0.28000000119209289500 -0.00563378911465406418
0.28999999165534973100 -0.00561159802600741387
0.30000001192092895500 -0.00561460200697183609
0.31000000238418579100 -0.00561438081786036492
0.31999999284744262700 -0.00561107601970434189
0.33000001311302185100 -0.00560908904299139977
0.34000000357627868600 -0.00560075696557760239
0.34999999403953552200 -0.00556653784587979317
0.36000001430511474600 -0.00555007299408316612
0.37000000476837158200 -0.00553685985505580902
0.37999999523162841800 -0.00550178391858935356
0.38999998569488525400 -0.00547871692106127739
0.40000000596046447700 -0.00545778684318065644
0.40999999642372131300 -0.00544441118836402893
0.41999998688697814900 -0.00541972322389483452
0.43000000715255737300 -0.00539798801764845848
0.43999999761581420900 -0.00535424984991550446
0.44999998807907104500 -0.00529529480263590813
0.46000000834465026800 -0.00526284798979759216
0.46999999880790710400 -0.00521539989858865738
0.47999998927116394000 -0.00514705386012792587
0.49000000953674316400 -0.00510064885020256043
0.50000000000000000000 -0.00506062712520360947
0.50999999046325683600 -0.00500344112515449524
0.51999998092651367200 -0.00495169498026371002
0.52999997138977050800 -0.00488606095314025879
0.54000002145767211900 -0.00479541812092065811
0.55000001192092895500 -0.00469568092375993729
0.56000000238418579100 -0.00460283597931265831
0.56999999284744262700 -0.00447955913841724396
0.57999998331069946300 -0.00433026300743222237
0.58999997377395629900 -0.00417591305449604988
0.60000002384185791000 -0.00398466084152460098
0.61000001430511474600 -0.00376691692508757115
0.62000000476837158200 -0.00350454100407660008
0.62999999523162841800 -0.00318082794547080994
0.63999998569488525400 -0.00280459504574537277
0.64999997615814209000 -0.00237362599000334740
0.66000002622604370100 -0.00187780300620943308
0.67000001668930053700 -0.00130747398361563683
0.68000000715255737300 -0.00067661277716979384
0.68999999761581420900 -0.00003197776823071763
0.69999998807907104500 0.00067353778285905719
0.70999997854232788100 0.00150631100405007601
0.72000002861022949200 0.00236581708304584026
0.73000001907348632800 0.00330404099076986313
0.74000000953674316400 0.00426712911576032639
0.75000000000000000000 0.00526843406260013580
0.75999999046325683600 0.00634028809145092964
0.76999998092651367200 0.00740414019674062729
0.77999997138977050800 0.00852899998426437378
0.79000002145767211900 0.00967183988541364670
0.80000001192092895500 0.01028782967478036880
0.81000000238418579100 0.01142209023237228390
0.81999999284744262700 0.01261605042964220050
0.82999998331069946300 0.01378723978996276860
0.83999997377395629900 0.01499699987471103670
0.85000002384185791000 0.01621101051568984990
0.86000001430511474600 0.01746767014265060420
0.87000000476837158200 0.01871672086417675020
0.87999999523162841800 0.01998030021786689760
0.88999998569488525400 0.02124984003603458400
0.89999997615814209000 0.02251588925719261170
0.91000002622604370100 0.02383399009704589840
0.92000001668930053700 0.02511757984757423400
0.93000000715255737300 0.02643175050616264340
0.93999999761581420900 0.02774663083255290990
0.94999998807907104500 0.02909310907125473020
0.95999997854232788100 0.03043477982282638550
0.97000002861022949200 0.03179889172315597530
0.98000001907348632800 0.03314571827650070190
0.99000000953674316400 0.03448484092950820920
1.00000000000000000000 0.03585764020681381230
