-1.00000000000000000000 -0.00479380693286657334
-0.99000000953674316400 -0.00479293894022703171
-0.98000001907348632800 -0.00479508098214864731
-0.97000002861022949200 -0.00477939285337924957
-0.95999997854232788100 -0.00476520787924528122
-0.94999998807907104500 -0.00478324294090270996
-0.93999999761581420900 -0.00479113822802901268
-0.93000000715255737300 -0.00478742085397243500
-0.92000001668930053700 -0.00480557000264525414
-0.91000002622604370100 -0.00479610916227102280
-0.89999997615814209000 -0.00476445211097598076
-0.88999998569488525400 -0.00478256912901997566
-0.87999999523162841800 -0.00478240707889199257
-0.87000000476837158200 -0.00475573306903243065
-0.86000001430511474600 -0.00476649822667241097
-0.85000002384185791000 -0.00476764002814888954
-0.83999997377395629900 -0.00476877810433506966
-0.82999998331069946300 -0.00478568300604820252
-0.81999999284744262700 -0.00479690590873360634
-0.81000000238418579100 -0.00477513018995523453
-0.80000001192092895500 -0.00477028312161564827
-0.79000002145767211900 -0.00477178487926721573
-0.77999997138977050800 -0.00476274220272898674
-0.76999998092651367200 -0.00475871888920664787
-0.75999999046325683600 -0.00474892789497971535
-0.75000000000000000000 -0.00474400399252772331
-0.74000000953674316400 -0.00476074079051613808
-0.73000001907348632800 -0.00476962095126509667
-0.72000002861022949200 -0.00476056989282369614
-0.70999997854232788100 -0.00476923305541276932
-0.69999998807907104500 -0.00475198589265346527
-0.68999999761581420900 -0.00473515922203660011
-0.68000000715255737300 -0.00474625220522284508
-0.67000001668930053700 -0.00473263999447226524
-0.66000002622604370100 -0.00471352320164442063
-0.64999997615814209000 -0.00472912704572081566
-0.63999998569488525400 -0.00473652081564068794
-0.62999999523162841800 -0.00473428284749388695
-0.62000000476837158200 -0.00475380104035139084
-0.61000001430511474600 -0.00474250316619873047
-0.60000002384185791000 -0.00472123781219124794
-0.58999997377395629900 -0.00473381299525499344
-0.57999998331069946300 -0.00472859386354684830
-0.56999999284744262700 -0.00471212714910507202
-0.56000000238418579100 -0.00471622077748179436
-0.55000001192092895500 -0.00471545709297060967
-0.54000002145767211900 -0.00471834698691964150
-0.52999997138977050800 -0.00473776506260037422
-0.51999998092651367200 -0.00473835598677396774
-0.50999999046325683600 -0.00473140086978673935
-0.50000000000000000000 -0.00472145993262529373
-0.49000000953674316400 -0.00471649784594774246
-0.47999998927116394000 -0.00471404800191521645
-0.46999999880790710400 -0.00471040420234203339
-0.46000000834465026800 -0.00469406507909297943
-0.44999998807907104500 -0.00469269091263413429
-0.43999999761581420900 -0.00470954086631536484
-0.43000000715255737300 -0.00470815179869532585
-0.41999998688697814900 -0.00471251318231225014
-0.40999999642372131300 -0.00471488106995820999
-0.40000000596046447700 -0.00469127902761101723
-0.38999998569488525400 -0.00468943314626812935
-0.37999999523162841800 -0.00469377310946583748
-0.37000000476837158200 -0.00467560999095439911
-0.36000001430511474600 -0.00466847280040383339
-0.34999999403953552200 -0.00467528309673070908
-0.34000000357627868600 -0.00467673782259225846
-0.33000001311302185100 -0.00469177681952714920
-0.31999999284744262700 -0.00469271419569849968
-0.31000000238418579100 -0.00468095112591981888
-0.30000001192092895500 -0.00466962903738021851
-0.28999999165534973100 -0.00467333383858203888
-0.28000000119209289500 -0.00466497894376516342
-0.27000001072883606000 -0.00465589808300137520
-0.25999999046325683600 -0.00465550506487488747
-0.25000000000000000000 -0.00464759301394224167
-0.23999999463558197000 -0.00466375006362795830
-0.23000000417232513400 -0.00466770492494106293
-0.21999999880790710400 -0.00466333096846938133
-0.20999999344348907500 -0.00466398894786834717
-0.20000000298023223900 -0.00464633805677294731
-0.18999999761581420900 -0.00463260989636182785
-0.18000000715255737300 -0.00464034499600529671
-0.17000000178813934300 -0.00463277380913496018
-0.15999999642372131300 -0.00460995081812143326
-0.15000000596046447800 -0.00462130689993500710
-0.14000000059604644800 -0.00462703919038176537
-0.12999999523162841800 -0.00462053297087550163
-0.11999999731779098500 -0.00463368184864521027
-0.10999999940395355200 -0.00463238079100847244
-0.10000000149011611900 -0.00459969090297818184
-0.09000000357627868650 -0.00460283597931265831
-0.07999999821186065670 -0.00460772681981325150
-0.07000000029802322390 -0.00458362186327576637
-0.05999999865889549260 -0.00458475202322006226
-0.05000000074505805970 -0.00458616483956575394
-0.03999999910593032840 -0.00458448706194758415
-0.02999999932944774630 -0.00459844619035720825
-0.01999999955296516420 -0.00460582692176103592
-0.00999999977648258210 -0.00458783004432916641
0.00000000000000000000 -0.00457958411425352097
0.00999999977648258210 -0.00457496382296085358
0.01999999955296516420 -0.00457063317298889160
0.02999999932944774630 -0.00456904899328947067
0.03999999910593032840 -0.00455549778416752815
0.05000000074505805970 -0.00454609002918004990
0.05999999865889549260 -0.00455375108867883682
0.07000000029802322390 -0.00456300377845764160
0.07999999821186065670 -0.00455159321427345276
0.09000000357627868650 -0.00455617485567927361
0.10000000149011611900 -0.00453792000189423561
0.10999999940395355200 -0.00451874500140547753
0.11999999731779098500 -0.00452939420938491821
0.12999999523162841800 -0.00451644277200102806
0.14000000059604644800 -0.00448949821293354035
0.15000000596046447800 -0.00449683098122477532
0.15999999642372131300 -0.00450435280799865723
0.17000000178813934300 -0.00449524121358990669
0.18000000715255737300 -0.00450524594634771347
0.18999999761581420900 -0.00449919980019330979
0.20000000298023223900 -0.00447001913562417030
0.20999999344348907500 -0.00447287783026695252
0.21999999880790710400 -0.00446953019127249718
0.23000000417232513400 -0.00444630207493901253
0.23999999463558197000 -0.00444227177649736405
0.25000000000000000000 -0.00444297119975090027
0.25999999046325683600 -0.00443421211093664169
0.27000001072883606000 -0.00444595888257026672
0.28000000119209289500 -0.00444403896108269692
0.28999999165534973100 -0.00442828889936208725
0.30000001192092895500 -0.00441575096920132637
0.31000000238418579100 -0.00440168287605047226
0.31999999284744262700 -0.00438791001215577126
0.33000001311302185100 -0.00438459403812885285
0.34000000357627868600 -0.00436792010441422463
0.34999999403953552200 -0.00435097981244325638
0.36000001430511474600 -0.00435642711818218231
0.37000000476837158200 -0.00435498217120766640
0.37999999523162841800 -0.00434025796130299568
0.38999998569488525400 -0.00433980207890272141
0.40000000596046447700 -0.00431146379560232163
0.40999999642372131300 -0.00428691180422902107
0.41999998688697814900 -0.00428932486101984978
0.43000000715255737300 -0.00426549417898058891
0.43999999761581420900 -0.00423598801717162132
0.44999998807907104500 -0.00423301011323928833
0.46000000834465026800 -0.00421794084832072258
0.46999999880790710400 -0.00420154677703976631
0.47999998927116394000 -0.00419491901993751526
0.49000000953674316400 -0.00416999496519565582
0.50000000000000000000 -0.00412705400958657265
0.50999999046325683600 -0.00409722886979579926
0.51999998092651367200 -0.00406593596562743187
0.52999997138977050800 -0.00401663919910788536
0.54000002145767211900 -0.00396972522139549256
0.55000001192092895500 -0.00391512783244252205
0.56000000238418579100 -0.00385728594847023487
0.56999999284744262700 -0.00380097399465739727
0.57999998331069946300 -0.00371784600429236889
0.58999997377395629900 -0.00361736607737839222
0.60000002384185791000 -0.00350167602300643921
0.61000001430511474600 -0.00335567910224199295
0.62000000476837158200 -0.00321153388358652592
0.62999999523162841800 -0.00304413400590419769
0.63999998569488525400 -0.00283956993371248245
0.64999997615814209000 -0.00262490101158618927
0.66000002622604370100 -0.00239650392904877663
0.67000001668930053700 -0.00213751406408846378
0.68000000715255737300 -0.00185433705337345600
0.68999999761581420900 -0.00155407004058361054
0.69999998807907104500 -0.00122074095997959375
0.70999997854232788100 -0.00089030800154432654
0.72000002861022949200 -0.00054019037634134293
0.73000001907348632800 -0.00016937829786911607
0.74000000953674316400 0.00019707060710061342
0.75000000000000000000 0.00058152788551524282
0.75999999046325683600 0.00095394818345084786
0.76999998092651367200 0.00131137494463473558
0.77999997138977050800 0.00166947196703404188
0.79000002145767211900 0.00201367191039025784
0.80000001192092895500 0.00233646109700202942
0.81000000238418579100 0.00264024408534169197
0.81999999284744262700 0.00292150396853685379
0.82999998331069946300 0.00317717203870415688
0.83999997377395629900 0.00340971001423895359
0.85000002384185791000 0.00361836189404129982
0.86000001430511474600 0.00380227202549576759
0.87000000476837158200 0.00396758411079645157
0.87999999523162841800 0.00411244295537471771
0.88999998569488525400 0.00423776218667626381
0.89999997615814209000 0.00435596285387873650
0.91000002622604370100 0.00446036318317055702
0.92000001668930053700 0.00455139903351664543
0.93000000715255737300 0.00464125815778970719
0.93999999761581420900 0.00472558988258242607
0.94999998807907104500 0.00480243517085909844
0.95999997854232788100 0.00488073891028761864
0.97000002861022949200 0.00495355995371937752
0.98000001907348632800 0.00501792412251234055
0.99000000953674316400 0.00508482102304697037
1.00000000000000000000 0.00515300920233130455
