-1.00000000000000000000 -0.00483798002824187279
-0.99000000953674316400 -0.00482115102931857109
-0.98000001907348632800 -0.00481711188331246376
-0.97000002861022949200 -0.00481382710859179497
-0.95999997854232788100 -0.00480457814410328865
-0.94999998807907104500 -0.00482093403115868569
-0.93999999761581420900 -0.00483352597802877426
-0.93000000715255737300 -0.00482409307733178139
-0.92000001668930053700 -0.00482581183314323425
-0.91000002622604370100 -0.00481016794219613075
-0.89999997615814209000 -0.00479663722217082977
-0.88999998569488525400 -0.00480532180517911911
-0.87999999523162841800 -0.00480024376884102822
-0.87000000476837158200 -0.00478127179667353630
-0.86000001430511474600 -0.00479074288159608841
-0.85000002384185791000 -0.00480373715981841088
-0.83999997377395629900 -0.00479752197861671448
-0.82999998331069946300 -0.00481323804706335068
-0.81999999284744262700 -0.00481832586228847504
-0.81000000238418579100 -0.00478999316692352295
-0.80000001192092895500 -0.00478848395869135857
-0.79000002145767211900 -0.00480044307187199593
-0.77999997138977050800 -0.00478204106912016869
-0.76999998092651367200 -0.00478074979037046433
-0.75999999046325683600 -0.00478537101298570633
-0.75000000000000000000 -0.00478096678853034973
-0.74000000953674316400 -0.00480391597375273705
-0.73000001907348632800 -0.00480846781283617020
-0.72000002861022949200 -0.00479977717623114586
-0.70999997854232788100 -0.00479766121134161949
-0.69999998807907104500 -0.00478459522128105164
-0.68999999761581420900 -0.00478002009913325310
-0.68000000715255737300 -0.00478472886607050896
-0.67000001668930053700 -0.00477052899077534676
-0.66000002622604370100 -0.00475848419591784477
-0.64999997615814209000 -0.00477977190166711807
-0.63999998569488525400 -0.00478982413187623024
-0.62999999523162841800 -0.00477914791554212570
-0.62000000476837158200 -0.00478853983804583550
-0.61000001430511474600 -0.00477813184261322022
-0.60000002384185791000 -0.00475044688209891319
-0.58999997377395629900 -0.00476992316544055939
-0.57999998331069946300 -0.00476943794637918472
-0.56999999284744262700 -0.00474117416888475418
-0.56000000238418579100 -0.00475251488387584686
-0.55000001192092895500 -0.00475819921121001244
-0.54000002145767211900 -0.00475815078243613243
-0.52999997138977050800 -0.00477178022265434265
-0.51999998092651367200 -0.00478118797764182091
-0.50999999046325683600 -0.00475429696962237358
-0.50000000000000000000 -0.00474717281758785248
-0.49000000953674316400 -0.00476117711514234543
-0.47999998927116394000 -0.00474164495244622231
-0.46999999880790710400 -0.00473544606938958168
-0.46000000834465026800 -0.00473974505439400673
-0.44999998807907104500 -0.00473384978249669075
-0.43999999761581420900 -0.00474851578474044800
-0.43000000715255737300 -0.00475883716717362404
-0.41999998688697814900 -0.00474519422277808190
-0.40999999642372131300 -0.00474151689559221268
-0.40000000596046447700 -0.00472586182877421379
-0.38999998569488525400 -0.00472319917753338814
-0.37999999523162841800 -0.00472674099728465080
-0.37000000476837158200 -0.00471144123002886772
-0.36000001430511474600 -0.00469577219337224960
-0.34999999403953552200 -0.00470991991460323334
-0.34000000357627868600 -0.00472144503146409989
-0.33000001311302185100 -0.00470980117097496987
-0.31999999284744262700 -0.00472563086077570915
-0.31000000238418579100 -0.00471429107710719109
-0.30000001192092895500 -0.00468122493475675583
-0.28999999165534973100 -0.00470477901399135590
-0.28000000119209289500 -0.00470175314694643021
-0.27000001072883606000 -0.00467381905764341355
-0.25999999046325683600 -0.00468448502942919731
-0.25000000000000000000 -0.00468773720785975456
-0.23999999463558197000 -0.00468894699588418007
-0.23000000417232513400 -0.00470736203715205193
-0.21999999880790710400 -0.00470227887853980065
-0.20999999344348907500 -0.00468511786311864853
-0.20000000298023223900 -0.00467977393418550491
-0.18999999761581420900 -0.00468358816578984261
-0.18000000715255737300 -0.00467119598761200905
-0.17000000178813934300 -0.00466375006362795830
-0.15999999642372131300 -0.00465990696102380753
-0.15000000596046447800 -0.00466127600520849228
-0.14000000059604644800 -0.00468048918992280960
-0.12999999523162841800 -0.00467087700963020325
-0.11999999731779098500 -0.00467074383050203324
-0.10999999940395355200 -0.00466642295941710472
-0.10000000149011611900 -0.00463633006438612938
-0.09000000357627868650 -0.00464355107396841049
-0.07999999821186065670 -0.00464603910222649574
-0.07000000029802322390 -0.00462087709456682205
-0.05999999865889549260 -0.00461776880547404289
-0.05000000074505805970 -0.00463332282379269600
-0.03999999910593032840 -0.00462615210562944412
-0.02999999932944774630 -0.00463043805211782456
-0.01999999955296516420 -0.00464061414822936058
-0.00999999977648258210 -0.00461649801582098007
0.00000000000000000000 -0.00460064178332686424
0.00999999977648258210 -0.00461388705298304558
0.01999999955296516420 -0.00460512982681393624
0.02999999932944774630 -0.00457866489887237549
0.03999999910593032840 -0.00459012808278203011
0.05000000074505805970 -0.00458699697628617287
0.05999999865889549260 -0.00458810199052095413
0.07000000029802322390 -0.00460211606696248055
0.07999999821186065670 -0.00460157496854662895
0.09000000357627868650 -0.00457725301384925842
0.10000000149011611900 -0.00456772511824965477
0.10999999940395355200 -0.00457005295902490616
0.11999999731779098500 -0.00455778883770108223
0.12999999523162841800 -0.00454567512497305870
0.14000000059604644800 -0.00453439820557832718
0.15000000596046447800 -0.00453086802735924721
0.15999999642372131300 -0.00454406999051570892
0.17000000178813934300 -0.00454063387587666512
0.18000000715255737300 -0.00453458679839968681
0.18999999761581420900 -0.00452740304172039032
0.20000000298023223900 -0.00449613993987441063
0.20999999344348907500 -0.00449733482673764229
0.21999999880790710400 -0.00449845986440777779
0.23000000417232513400 -0.00446669291704893112
0.23999999463558197000 -0.00445953384041786194
0.25000000000000000000 -0.00446959305554628372
0.25999999046325683600 -0.00446350220590829849
0.27000001072883606000 -0.00445853080600500107
0.28000000119209289500 -0.00447453092783689499
0.28999999165534973100 -0.00444580614566802979
0.30000001192092895500 -0.00442252680659294129
0.31000000238418579100 -0.00443163979798555374
0.31999999284744262700 -0.00441372813656926155
0.33000001311302185100 -0.00439344113692641258
0.34000000357627868600 -0.00439270678907632828
0.34999999403953552200 -0.00437948200851678848
0.36000001430511474600 -0.00438114209100604057
0.37000000476837158200 -0.00438760500401258469
0.37999999523162841800 -0.00437336694449186325
0.38999998569488525400 -0.00435590976849198342
0.40000000596046447700 -0.00433017499744892120
0.40999999642372131300 -0.00431771297007799149
0.41999998688697814900 -0.00430262694135308266
0.43000000715255737300 -0.00427993293851613999
0.43999999761581420900 -0.00425224984064698219
0.44999998807907104500 -0.00424107303842902184
0.46000000834465026800 -0.00423623388633131981
0.46999999880790710400 -0.00420619407668709755
0.47999998927116394000 -0.00419242214411497116
0.49000000953674316400 -0.00415752502158284187
0.50000000000000000000 -0.00410194601863622666
0.50999999046325683600 -0.00407037790864706040
0.51999998092651367200 -0.00402709795162081719
0.52999997138977050800 -0.00395458517596125603
0.54000002145767211900 -0.00389539706520736218
0.55000001192092895500 -0.00383685599081218243
0.56000000238418579100 -0.00375283299945294857
0.56999999284744262700 -0.00367475301027297974
0.57999998331069946300 -0.00357578904367983341
0.58999997377395629900 -0.00343938590958714485
0.60000002384185791000 -0.00328855193220078945
0.61000001430511474600 -0.00313906092196702957
0.62000000476837158200 -0.00295212306082248688
0.62999999523162841800 -0.00274826702661812306
0.63999998569488525400 -0.00253169098868966103
0.64999997615814209000 -0.00229001906700432301
0.66000002622604370100 -0.00204254593700170517
0.67000001668930053700 -0.00177453598007559776
0.68000000715255737300 -0.00148779002483934164
0.68999999761581420900 -0.00118715502321720123
0.69999998807907104500 -0.00089103891514241695
0.70999997854232788100 -0.00057946320157498121
0.72000002861022949200 -0.00027216499438509345
0.73000001907348632800 0.00003117946835118346
0.74000000953674316400 0.00032813119469210505
0.75000000000000000000 0.00060821801889687777
0.75999999046325683600 0.00087577162776142359
0.76999998092651367200 0.00112234498374164104
0.77999997138977050800 0.00135139701887965202
0.79000002145767211900 0.00155759195331484079
0.80000001192092895500 0.00174291001167148352
0.81000000238418579100 0.00190864002797752619
0.81999999284744262700 0.00205468898639082909
0.82999998331069946300 0.00218335096724331379
0.83999997377395629900 0.00229624006897211075
0.85000002384185791000 0.00239598192274570465
0.86000001430511474600 0.00248445104807615280
0.87000000476837158200 0.00256471196189522743
0.87999999523162841800 0.00263976189307868481
0.88999998569488525400 0.00270667090080678463
0.89999997615814209000 0.00276915403082966805
0.91000002622604370100 0.00282650510780513287
0.92000001668930053700 0.00287800701335072517
0.93000000715255737300 0.00293057505041360855
0.93999999761581420900 0.00298271002247929573
0.94999998807907104500 0.00302775390446186066
0.95999997854232788100 0.00307409302331507206
0.97000002861022949200 0.00312263495288789272
0.98000001907348632800 0.00316865090280771256
0.99000000953674316400 0.00321420002728700638
1.00000000000000000000 0.00326135288923978806
