-1.00000000000000000000 -0.00490455608814954758
-0.99000000953674316400 -0.00489496812224388123
-0.98000001907348632800 -0.00488384487107396126
-0.97000002861022949200 -0.00488987285643815994
-0.95999997854232788100 -0.00488146208226680756
-0.94999998807907104500 -0.00487117283046245575
-0.93999999761581420900 -0.00486680818721652031
-0.93000000715255737300 -0.00487336795777082443
-0.92000001668930053700 -0.00488743092864751816
-0.91000002622604370100 -0.00488628586754202843
-0.89999997615814209000 -0.00489318883046507836
-0.88999998569488525400 -0.00488635897636413574
-0.87999999523162841800 -0.00485947821289300919
-0.87000000476837158200 -0.00487096002325415611
-0.86000001430511474600 -0.00487436680123209953
-0.85000002384185791000 -0.00484869722276926041
-0.83999997377395629900 -0.00485158897936344147
-0.82999998331069946300 -0.00486011384055018425
-0.81999999284744262700 -0.00485834712162613869
-0.81000000238418579100 -0.00486909504979848862
-0.80000001192092895500 -0.00488127116113901138
-0.79000002145767211900 -0.00486840493977069855
-0.77999997138977050800 -0.00484919594600796700
-0.76999998092651367200 -0.00486306101083755493
-0.75999999046325683600 -0.00485308282077312470
-0.75000000000000000000 -0.00483783194795250893
-0.74000000953674316400 -0.00483710085973143578
-0.73000001907348632800 -0.00483391014859080315
-0.72000002861022949200 -0.00484598288312554360
-0.70999997854232788100 -0.00485631590709090233
-0.69999998807907104500 -0.00485674478113651276
-0.68999999761581420900 -0.00485510705038905144
-0.68000000715255737300 -0.00483963778242468834
-0.67000001668930053700 -0.00483074784278869629
-0.66000002622604370100 -0.00483624078333377838
-0.64999997615814209000 -0.00482211401686072350
-0.63999998569488525400 -0.00480984197929501534
-0.62999999523162841800 -0.00481550907716155052
-0.62000000476837158200 -0.00481828581541776657
-0.61000001430511474600 -0.00482126604765653610
-0.60000002384185791000 -0.00482785003259778023
-0.58999997377395629900 -0.00483188405632972717
-0.57999998331069946300 -0.00481068901717662811
-0.56999999284744262700 -0.00480173015967011452
-0.56000000238418579100 -0.00481135211884975434
-0.55000001192092895500 -0.00479863910004496575
-0.54000002145767211900 -0.00478451093658804894
-0.52999997138977050800 -0.00478754704818129540
-0.51999998092651367200 -0.00478741107508540154
-0.50999999046325683600 -0.00480032013729214668
-0.50000000000000000000 -0.00480951182544231415
-0.49000000953674316400 -0.00480697723105549812
-0.47999998927116394000 -0.00479949079453945160
-0.46999999880790710400 -0.00477952091023325920
-0.46000000834465026800 -0.00478635216131806374
-0.44999998807907104500 -0.00478387577459216118
-0.43999999761581420900 -0.00476793013513088226
-0.43000000715255737300 -0.00476238317787647247
-0.41999998688697814900 -0.00476891919970512390
-0.40999999642372131300 -0.00477827712893486023
-0.40000000596046447700 -0.00477867620065808296
-0.38999998569488525400 -0.00478742597624659538
-0.37999999523162841800 -0.00478246295824646950
-0.37000000476837158200 -0.00475672911852598190
-0.36000001430511474600 -0.00476394407451152802
-0.34999999403953552200 -0.00476763909682631493
-0.34000000357627868600 -0.00474502006545662880
-0.33000001311302185100 -0.00473416084423661232
-0.31999999284744262700 -0.00474482122808694840
-0.31000000238418579100 -0.00474066892638802529
-0.30000001192092895500 -0.00475191418081521988
-0.28999999165534973100 -0.00475660804659128189
-0.28000000119209289500 -0.00475138891488313675
-0.27000001072883606000 -0.00473901489749550820
-0.25999999046325683600 -0.00473293988034129143
-0.25000000000000000000 -0.00473015196621417999
-0.23999999463558197000 -0.00472368299961090088
-0.23000000417232513400 -0.00471493322402238846
-0.21999999880790710400 -0.00470935320481657982
-0.20999999344348907500 -0.00471433997154235840
-0.20000000298023223900 -0.00472790608182549477
-0.18999999761581420900 -0.00472597498446702957
-0.18000000715255737300 -0.00472895894199609757
-0.17000000178813934300 -0.00472007598727941513
-0.15999999642372131300 -0.00469339685514569283
-0.15000000596046447800 -0.00470406282693147659
-0.14000000059604644800 -0.00470500299707055092
-0.12999999523162841800 -0.00467822095379233360
-0.11999999731779098500 -0.00467719091102480889
-0.10999999940395355200 -0.00468670390546321869
-0.10000000149011611900 -0.00468535581603646279
-0.09000000357627868650 -0.00468569016084074974
-0.07999999821186065670 -0.00469817407429218292
-0.07000000029802322390 -0.00467621209099888802
-0.05999999865889549260 -0.00465625897049903870
-0.05000000074505805970 -0.00467173801735043526
-0.03999999910593032840 -0.00465477118268609047
-0.02999999932944774630 -0.00463372701779007912
-0.01999999955296516420 -0.00463432492688298226
-0.00999999977648258210 -0.00463313702493906021
0.00000000000000000000 -0.00463923392817378044
0.00999999977648258210 -0.00464939512312412262
0.01999999955296516420 -0.00464526005089282990
0.02999999932944774630 -0.00463968794792890549
0.03999999910593032840 -0.00463145598769187927
0.05000000074505805970 -0.00461592199280858040
0.05999999865889549260 -0.00461595878005027771
0.07000000029802322390 -0.00461672898381948471
0.07999999821186065670 -0.00459155905991792679
0.09000000357627868650 -0.00458641815930604935
0.10000000149011611900 -0.00459706503897905350
0.10999999940395355200 -0.00459444709122180939
0.11999999731779098500 -0.00459748180583119393
0.12999999523162841800 -0.00460619712248444557
0.14000000059604644800 -0.00458553712815046311
0.15000000596046447800 -0.00455904798582196236
0.15999999642372131300 -0.00457945792004466057
0.17000000178813934300 -0.00456374511122703552
0.18000000715255737300 -0.00453648902475833893
0.18999999761581420900 -0.00454154703766107559
0.20000000298023223900 -0.00453680520877242088
0.20999999344348907500 -0.00453396188095211983
0.21999999880790710400 -0.00454916385933756828
0.23000000417232513400 -0.00454827491194009781
0.23999999463558197000 -0.00452716089785099030
0.25000000000000000000 -0.00451799901202321053
0.25999999046325683600 -0.00450847204774618149
0.27000001072883606000 -0.00449556298553943634
0.28000000119209289500 -0.00449031684547662735
0.28999999165534973100 -0.00447171786800026894
0.30000001192092895500 -0.00446250708773732186
0.31000000238418579100 -0.00447493884712457657
0.31999999284744262700 -0.00447050901129841805
0.33000001311302185100 -0.00446052290499210358
0.34000000357627868600 -0.00446459790691733360
0.34999999403953552200 -0.00443714810535311699
0.36000001430511474600 -0.00441846996545791626
0.37000000476837158200 -0.00442820601165294647
0.37999999523162841800 -0.00440279301255941391
0.38999998569488525400 -0.00437598116695880890
0.40000000596046447700 -0.00437969109043478966
0.40999999642372131300 -0.00436908705160021782
0.41999998688697814900 -0.00435799779370427132
0.43000000715255737300 -0.00436741020530462265
0.43999999761581420900 -0.00435304502025246620
0.44999998807907104500 -0.00432367296889424324
0.46000000834465026800 -0.00429883413016796112
0.46999999880790710400 -0.00429347297176718712
0.47999998927116394000 -0.00426955102011561394
0.49000000953674316400 -0.00424201693385839462
0.50000000000000000000 -0.00421763584017753601
0.50999999046325683600 -0.00419424800202250481
0.51999998092651367200 -0.00419199094176292420
0.52999997138977050800 -0.00416736304759979248
0.54000002145767211900 -0.00414315611124038696
0.55000001192092895500 -0.00411006622016429901
0.56000000238418579100 -0.00405518710613250733
0.56999999284744262700 -0.00401639519259333611
0.57999998331069946300 -0.00398404709994792938
0.58999997377395629900 -0.00391261791810393334
0.60000002384185791000 -0.00385152990929782391
0.61000001430511474600 -0.00380342593416571617
0.62000000476837158200 -0.00373200094327330589
0.62999999523162841800 -0.00365430489182472229
0.63999998569488525400 -0.00357028003782033920
0.64999997615814209000 -0.00345420604571700096
0.66000002622604370100 -0.00331675400957465172
0.67000001668930053700 -0.00317864795215427876
0.68000000715255737300 -0.00301879690960049629
0.68999999761581420900 -0.00282752909697592259
0.69999998807907104500 -0.00262659601867198944
0.70999997854232788100 -0.00240046693943440914
0.72000002861022949200 -0.00215872703120112419
0.73000001907348632800 -0.00190426397603005171
0.74000000953674316400 -0.00162329804152250290
0.75000000000000000000 -0.00132631894666701555
0.75999999046325683600 -0.00101708399597555399
0.76999998092651367200 -0.00070461368886753917
0.77999997138977050800 -0.00038762501208111644
0.79000002145767211900 -0.00007104698306648061
0.80000001192092895500 0.00023107729793991894
0.81000000238418579100 0.00052072288235649467
0.81999999284744262700 0.00079225411172956228
0.82999998331069946300 0.00104339094832539558
0.83999997377395629900 0.00127365102525800467
0.85000002384185791000 0.00147480599116533995
0.86000001430511474600 0.00164927297737449408
0.87000000476837158200 0.00180054095108062029
0.87999999523162841800 0.00193034205585718155
0.88999998569488525400 0.00203854893334209919
0.89999997615814209000 0.00212969491258263588
0.91000002622604370100 0.00220633507706224918
0.92000001668930053700 0.00227049808017909527
0.93000000715255737300 0.00232552597299218178
0.93999999761581420900 0.00237279594875872135
0.94999998807907104500 0.00241404608823359013
0.95999997854232788100 0.00245072203688323498
0.97000002861022949200 0.00248350598849356175
0.98000001907348632800 0.00251340703107416630
0.99000000953674316400 0.00254070409573614597
1.00000000000000000000 0.00256644608452916145
