-1.00000000000000000000 -0.00600497890263795853
-0.99000000953674316400 -0.00600819895043969155
-0.98000001907348632800 -0.00600720383226871491
-0.97000002861022949200 -0.00599398883059620857
-0.95999997854232788100 -0.00599782913923263550
-0.94999998807907104500 -0.00600048992782831192
-0.93999999761581420900 -0.00598673382773995400
-0.93000000715255737300 -0.00598106207326054573
-0.92000001668930053700 -0.00599615601822733879
-0.91000002622604370100 -0.00601506605744361878
-0.89999997615814209000 -0.00601158896461129189
-0.88999998569488525400 -0.00602508895099163056
-0.87999999523162841800 -0.00601522717624902725
-0.87000000476837158200 -0.00599082186818122864
-0.86000001430511474600 -0.00601025996729731560
-0.85000002384185791000 -0.00600005686283111572
-0.83999997377395629900 -0.00597671512514352799
-0.82999998331069946300 -0.00599088193848729134
-0.81999999284744262700 -0.00600161310285329819
-0.81000000238418579100 -0.00600362382829189301
-0.80000001192092895500 -0.00601668003946542740
-0.79000002145767211900 -0.00601473590359091759
-0.77999997138977050800 -0.00599154178053140640
-0.76999998092651367200 -0.00599194876849651337
-0.75999999046325683600 -0.00599283818155527115
-0.75000000000000000000 -0.00596786523237824440
-0.74000000953674316400 -0.00597127620130777359
-0.73000001907348632800 -0.00598271796479821205
-0.72000002861022949200 -0.00598772522062063217
-0.70999997854232788100 -0.00600099284201860428
-0.69999998807907104500 -0.00601422693580389023
-0.68999999761581420900 -0.00600655702874064446
-0.68000000715255737300 -0.00598846701905131340
-0.67000001668930053700 -0.00600156886503100395
-0.66000002622604370100 -0.00599607499316334725
-0.64999997615814209000 -0.00597536005079746246
-0.63999998569488525400 -0.00598157383501529694
-0.62999999523162841800 -0.00598828122019767761
-0.62000000476837158200 -0.00600413884967565537
-0.61000001430511474600 -0.00600783294066786766
-0.60000002384185791000 -0.00601642113178968430
-0.58999997377395629900 -0.00600420497357845307
-0.57999998331069946300 -0.00598552310839295387
-0.56999999284744262700 -0.00599639397114515305
-0.56000000238418579100 -0.00599070405587553978
-0.55000001192092895500 -0.00596464285627007485
-0.54000002145767211900 -0.00596011709421873093
-0.52999997138977050800 -0.00597158912569284439
-0.51999998092651367200 -0.00596930598840117455
-0.50999999046325683600 -0.00597365992143750191
-0.50000000000000000000 -0.00598178617656230927
-0.49000000953674316400 -0.00595845282077789307
-0.47999998927116394000 -0.00594326481223106384
-0.46999999880790710400 -0.00596213014796376228
-0.46000000834465026800 -0.00593859795480966568
-0.44999998807907104500 -0.00592954410240054131
-0.43999999761581420900 -0.00594975100830197334
-0.43000000715255737300 -0.00594900222495198250
-0.41999998688697814900 -0.00596370594576001168
-0.40999999642372131300 -0.00598263693973422051
-0.40000000596046447700 -0.00597275886684656143
-0.38999998569488525400 -0.00595633499324321747
-0.37999999523162841800 -0.00597442686557769776
-0.37000000476837158200 -0.00596185913309454918
-0.36000001430511474600 -0.00593906687572598458
-0.34999999403953552200 -0.00595009513199329376
-0.34000000357627868600 -0.00594441499561071396
-0.33000001311302185100 -0.00595951592549681664
-0.31999999284744262700 -0.00597460009157657624
-0.31000000238418579100 -0.00597306806594133377
-0.30000001192092895500 -0.00596532784402370453
-0.28999999165534973100 -0.00595656689256429672
-0.28000000119209289500 -0.00595331005752086640
-0.27000001072883606000 -0.00595051888376474381
-0.25999999046325683600 -0.00593798421323299408
-0.25000000000000000000 -0.00592702813446521759
-0.23999999463558197000 -0.00593910180032253266
-0.23000000417232513400 -0.00595178501680493355
-0.21999999880790710400 -0.00594758195802569390
-0.20999999344348907500 -0.00595613615587353707
-0.20000000298023223900 -0.00595034006983041764
-0.18999999761581420900 -0.00591879989951848984
-0.18000000715255737300 -0.00593896210193634033
-0.17000000178813934300 -0.00593675021082162857
-0.15999999642372131300 -0.00591128319501876831
-0.15000000596046447800 -0.00592303415760397911
-0.14000000059604644800 -0.00593745009973645210
-0.12999999523162841800 -0.00594085082411766052
-0.11999999731779098500 -0.00595010677352547646
-0.10999999940395355200 -0.00596285890787839890
-0.10000000149011611900 -0.00593883590772747994
-0.09000000357627868650 -0.00593755999580025673
-0.07999999821186065670 -0.00594624876976013184
-0.07000000029802322390 -0.00592572009190917015
-0.05999999865889549260 -0.00592357991263270378
-0.05000000074505805970 -0.00593085819855332375
-0.03999999910593032840 -0.00593357300385832787
-0.02999999932944774630 -0.00594451697543263436
-0.01999999955296516420 -0.00595573196187615395
-0.00999999977648258210 -0.00593814300373196602
0.00000000000000000000 -0.00592076405882835388
0.00999999977648258210 -0.00591688603162765503
0.01999999955296516420 -0.00591172697022557259
0.02999999932944774630 -0.00589885795488953591
0.03999999910593032840 -0.00588569696992635727
0.05000000074505805970 -0.00588012300431728363
0.05999999865889549260 -0.00588570488616824150
0.07000000029802322390 -0.00590112712234258652
0.07999999821186065670 -0.00588858500123023987
0.09000000357627868650 -0.00589506980031728745
0.10000000149011611900 -0.00589086487889289856
0.10999999940395355200 -0.00587336299940943718
0.11999999731779098500 -0.00588339893147349358
0.12999999523162841800 -0.00587736722081899643
0.14000000059604644800 -0.00585633795708417893
0.15000000596046447800 -0.00587172107771039009
0.15999999642372131300 -0.00589105300605297089
0.17000000178813934300 -0.00588535191491246224
0.18000000715255737300 -0.00590367522090673447
0.18999999761581420900 -0.00590132689103484154
0.20000000298023223900 -0.00586639996618032456
0.20999999344348907500 -0.00588337797671556473
0.21999999880790710400 -0.00588564109057188034
0.23000000417232513400 -0.00584887294098734856
0.23999999463558197000 -0.00585548300296068192
0.25000000000000000000 -0.00586936809122562409
0.25999999046325683600 -0.00586587004363536835
0.27000001072883606000 -0.00587824312970042229
0.28000000119209289500 -0.00588329415768384934
0.28999999165534973100 -0.00585875380784273148
0.30000001192092895500 -0.00584588898345828056
0.31000000238418579100 -0.00585805904120206833
0.31999999284744262700 -0.00583183206617832184
0.33000001311302185100 -0.00581710506230592728
0.34000000357627868600 -0.00581882614642381668
0.34999999403953552200 -0.00581290805712342262
0.36000001430511474600 -0.00581937516108155251
0.37000000476837158200 -0.00581806479021906853
0.37999999523162841800 -0.00580574991181492806
0.38999998569488525400 -0.00578752206638455391
0.40000000596046447700 -0.00576902879402041435
0.40999999642372131300 -0.00575032783672213555
0.41999998688697814900 -0.00571621907874941826
0.43000000715255737300 -0.00568894483149051666
0.43999999761581420900 -0.00565584283322095871
0.44999998807907104500 -0.00562889222055673599
0.46000000834465026800 -0.00558215007185935974
0.46999999880790710400 -0.00552216498181223870
0.47999998927116394000 -0.00543940719217061997
0.49000000953674316400 -0.00532748922705650330
0.50000000000000000000 -0.00522034708410501480
0.50999999046325683600 -0.00508958799764513970
0.51999998092651367200 -0.00492100417613983154
0.52999997138977050800 -0.00475913984701037407
0.54000002145767211900 -0.00458311196416616440
0.55000001192092895500 -0.00438671000301837921
0.56000000238418579100 -0.00417687790468335152
0.56999999284744262700 -0.00395791511982679367
0.57999998331069946300 -0.00371322408318519592
0.58999997377395629900 -0.00345805799588561058
0.60000002384185791000 -0.00321253295987844467
0.61000001430511474600 -0.00294846389442682266
0.62000000476837158200 -0.00267958198674023151
0.62999999523162841800 -0.00241867499426007271
0.63999998569488525400 -0.00214943196624517441
0.64999997615814209000 -0.00188372295815497637
0.66000002622604370100 -0.00162070000078529120
0.67000001668930053700 -0.00134799897205084562
0.68000000715255737300 -0.00107633194420486689
0.68999999761581420900 -0.00078975292854011059
0.69999998807907104500 -0.00052679819054901600
0.70999997854232788100 -0.00027022909489460289
0.72000002861022949200 -0.00002593759018054698
0.73000001907348632800 0.00021847699827048928
0.74000000953674316400 0.00047312059905380011
0.75000000000000000000 0.00072436837945133448
0.75999999046325683600 0.00097632920369505882
0.76999998092651367200 0.00128596101421862841
0.77999997138977050800 0.00155330600682646036
0.79000002145767211900 0.00182286498602479696
0.80000001192092895500 0.00209441990591585636
0.81000000238418579100 0.00236861198209226132
0.81999999284744262700 0.00264804391190409660
0.82999998331069946300 0.00292956992052495480
0.83999997377395629900 0.00321395299397408962
0.85000002384185791000 0.00350534101016819477
0.86000001430511474600 0.00380224105902016163
0.87000000476837158200 0.00410282379016280174
0.87999999523162841800 0.00441025011241436005
0.88999998569488525400 0.00472191302105784416
0.89999997615814209000 0.00503478292375802994
0.91000002622604370100 0.00535778095945715904
0.92000001668930053700 0.00568435015156865120
0.93000000715255737300 0.00601134588941931725
0.93999999761581420900 0.00635100621730089188
0.94999998807907104500 0.00669278297573328018
0.95999997854232788100 0.00704076001420617104
0.97000002861022949200 0.00739775784313678742
0.98000001907348632800 0.00775647209957242012
0.99000000953674316400 0.00811582896858453751
1.00000000000000000000 0.00848324876278638840
