-1.00000000000000000000 -0.00577918300405144692
-0.99000000953674316400 -0.00578048778697848320
-0.98000001907348632800 -0.00579452002421021462
-0.97000002861022949200 -0.00577316014096140862
-0.95999997854232788100 -0.00577246583998203278
-0.94999998807907104500 -0.00577280297875404358
-0.93999999761581420900 -0.00575891509652137757
-0.93000000715255737300 -0.00574701977893710137
-0.92000001668930053700 -0.00575366290286183357
-0.91000002622604370100 -0.00576226599514484406
-0.89999997615814209000 -0.00576031906530261040
-0.88999998569488525400 -0.00578125985339283943
-0.87999999523162841800 -0.00576348509639501572
-0.87000000476837158200 -0.00574402092024683952
-0.86000001430511474600 -0.00575229898095130921
-0.85000002384185791000 -0.00575298490002751351
-0.83999997377395629900 -0.00571516016498208046
-0.82999998331069946300 -0.00572893815115094185
-0.81999999284744262700 -0.00573817407712340355
-0.81000000238418579100 -0.00573346810415387154
-0.80000001192092895500 -0.00576294399797916413
-0.79000002145767211900 -0.00576801318675279618
-0.77999997138977050800 -0.00575777282938361168
-0.76999998092651367200 -0.00575080886483192444
-0.75999999046325683600 -0.00576439918950200081
-0.75000000000000000000 -0.00574426911771297455
-0.74000000953674316400 -0.00575031107291579247
-0.73000001907348632800 -0.00575025705620646477
-0.72000002861022949200 -0.00575367920100688934
-0.70999997854232788100 -0.00578302703797817230
-0.69999998807907104500 -0.00577810779213905335
-0.68999999761581420900 -0.00578220002353191376
-0.68000000715255737300 -0.00576427299529314041
-0.67000001668930053700 -0.00577301299199461937
-0.66000002622604370100 -0.00576303713023662567
-0.64999997615814209000 -0.00575458491221070290
-0.63999998569488525400 -0.00573888607323169708
-0.62999999523162841800 -0.00574478087946772576
-0.62000000476837158200 -0.00576162198558449745
-0.61000001430511474600 -0.00575524196028709412
-0.60000002384185791000 -0.00577507680281996727
-0.58999997377395629900 -0.00575707713142037392
-0.57999998331069946300 -0.00574196688830852509
-0.56999999284744262700 -0.00575171690434217453
-0.56000000238418579100 -0.00575395021587610245
-0.55000001192092895500 -0.00572589877992868424
-0.54000002145767211900 -0.00573770282790064812
-0.52999997138977050800 -0.00575234182178974152
-0.51999998092651367200 -0.00574696715921163559
-0.50999999046325683600 -0.00577319506555795670
-0.50000000000000000000 -0.00576759502291679382
-0.49000000953674316400 -0.00575307384133338928
-0.47999998927116394000 -0.00575541611760854721
-0.46999999880790710400 -0.00576517684385180474
-0.46000000834465026800 -0.00573242222890257836
-0.44999998807907104500 -0.00574235618114471436
-0.43999999761581420900 -0.00574528612196445465
-0.43000000715255737300 -0.00574155710637569428
-0.41999998688697814900 -0.00576780177652835846
-0.40999999642372131300 -0.00576553493738174439
-0.40000000596046447700 -0.00576292816549539566
-0.38999998569488525400 -0.00573621410876512528
-0.37999999523162841800 -0.00575094111263751984
-0.37000000476837158200 -0.00573285110294818878
-0.36000001430511474600 -0.00571976322680711746
-0.34999999403953552200 -0.00571382185444235802
-0.34000000357627868600 -0.00571174081414937973
-0.33000001311302185100 -0.00573610700666904450
-0.31999999284744262700 -0.00572231411933898926
-0.31000000238418579100 -0.00574523210525512696
-0.30000001192092895500 -0.00572300981730222702
-0.28999999165534973100 -0.00572269689291715622
-0.28000000119209289500 -0.00572189502418041229
-0.27000001072883606000 -0.00572378607466816902
-0.25999999046325683600 -0.00570115400478243828
-0.25000000000000000000 -0.00571361696347594261
-0.23999999463558197000 -0.00573637522757053375
-0.23000000417232513400 -0.00572352996096014977
-0.21999999880790710400 -0.00576476799324154854
-0.20999999344348907500 -0.00574945518746972084
-0.20000000298023223900 -0.00573582481592893601
-0.18999999761581420900 -0.00574208097532391548
-0.18000000715255737300 -0.00575557583943009377
-0.17000000178813934300 -0.00571034196764230728
-0.15999999642372131300 -0.00572335394099354744
-0.15000000596046447800 -0.00573393795639276505
-0.14000000059604644800 -0.00569717679172754288
-0.12999999523162841800 -0.00575655605643987656
-0.11999999731779098500 -0.00574804516509175301
-0.10999999940395355200 -0.00573836499825119972
-0.10000000149011611900 -0.00571681605651974678
-0.09000000357627868650 -0.00574452383443713188
-0.07999999821186065670 -0.00570495100691914559
-0.07000000029802322390 -0.00571227120235562325
-0.05999999865889549260 -0.00570622505620121956
-0.05000000074505805970 -0.00563912978395819664
-0.03999999910593032840 -0.00573647581040859223
-0.02999999932944774630 -0.00570400897413492203
-0.01999999955296516420 -0.00574004882946610451
-0.00999999977648258210 -0.00570631213486194611
0.00000000000000000000 -0.00573591282591223717
0.00999999977648258210 -0.00568638090044260025
0.01999999955296516420 -0.00573198590427637100
0.02999999932944774630 -0.00569135695695877075
0.03999999910593032840 -0.00561271421611309052
0.05000000074505805970 -0.00571678206324577332
0.05999999865889549260 -0.00562098203226923943
0.07000000029802322390 -0.00573087995871901512
0.07999999821186065670 -0.00568641209974884987
0.09000000357627868650 -0.00572067918255925179
0.10000000149011611900 -0.00564058404415845871
0.10999999940395355200 -0.00572915887460112572
0.11999999731779098500 -0.00563090806826949120
0.12999999523162841800 -0.00561496382579207421
0.14000000059604644800 -0.00567321013659238816
0.15000000596046447800 -0.00536873610690236092
0.15999999642372131300 -0.00566749693825840950
0.17000000178813934300 -0.00557917403057217598
0.18000000715255737300 -0.00567292422056198120
0.18999999761581420900 -0.00551784411072731018
0.20000000298023223900 -0.00568644981831312180
0.20999999344348907500 -0.00547871598973870278
0.21999999880790710400 -0.00557763082906603813
0.23000000417232513400 -0.00558203691616654396
0.23999999463558197000 -0.00497080618515610695
0.25000000000000000000 -0.00559355504810810089
0.25999999046325683600 -0.00534319784492254257
0.27000001072883606000 -0.00559814786538481713
0.28000000119209289500 -0.00537162506952881813
0.28999999165534973100 -0.00566743500530719757
0.30000001192092895500 -0.00523765385150909424
0.31000000238418579100 -0.00556614482775330544
0.31999999284744262700 -0.00538628501817584038
0.33000001311302185100 -0.00465614115819334984
0.34000000357627868600 -0.00549050094559788704
0.34999999403953552200 -0.00486013013869524002
0.36000001430511474600 -0.00544089218601584435
0.37000000476837158200 -0.00514752604067325592
0.37999999523162841800 -0.00554986298084259033
0.38999998569488525400 -0.00489640282467007637
0.40000000596046447700 -0.00549890287220478058
0.40999999642372131300 -0.00500109186396002770
0.41999998688697814900 -0.00443990482017397881
0.43000000715255737300 -0.00525792594999074936
0.43999999761581420900 -0.00399106601253151894
0.44999998807907104500 -0.00516114104539155960
0.46000000834465026800 -0.00468690600246191025
0.46999999880790710400 -0.00521851610392332077
0.47999998927116394000 -0.00446249311789870262
0.49000000953674316400 -0.00526015413925051689
0.50000000000000000000 -0.00433336803689599037
0.50999999046325683600 -0.00418841093778610230
0.51999998092651367200 -0.00475034303963184357
0.52999997138977050800 -0.00266780192032456398
0.54000002145767211900 -0.00472875498235225678
0.55000001192092895500 -0.00368949910625815392
0.56000000238418579100 -0.00460425484925508499
0.56999999284744262700 -0.00368211511522531510
0.57999998331069946300 -0.00470649683848023415
0.58999997377395629900 -0.00322613189928233624
0.60000002384185791000 -0.00349618704058229923
0.61000001430511474600 -0.00363354198634624481
0.62000000476837158200 -0.00123725796584039927
0.62999999523162841800 -0.00379868596792221069
0.63999998569488525400 -0.00181660405360162258
0.64999997615814209000 -0.00326437689363956452
0.66000002622604370100 -0.00217450503259897232
0.67000001668930053700 -0.00298389792442321777
0.68000000715255737300 -0.00131443701684474945
0.68999999761581420900 -0.00174959399737417698
0.69999998807907104500 -0.00111711304634809494
0.70999997854232788100 0.00143306201789528132
0.72000002861022949200 -0.00108103605452924967
0.73000001907348632800 0.00195062102284282446
0.74000000953674316400 0.00100315595045685768
0.75000000000000000000 0.00370151596143841744
0.75999999046325683600 0.00164916994981467724
0.76999998092651367200 0.00459460914134979248
0.77999997138977050800 0.00189487799070775509
0.79000002145767211900 0.00536025594919919968
0.80000001192092895500 0.00308938301168382168
0.81000000238418579100 0.00575849879533052445
0.81999999284744262700 0.00576760619878768921
0.82999998331069946300 0.00826780218631029129
0.83999997377395629900 0.01050010975450277330
0.85000002384185791000 0.01640667952597141270
0.86000001430511474600 0.01121957041323184970
0.87000000476837158200 0.01647233963012695310
0.87999999523162841800 0.01339855045080184940
0.88999998569488525400 0.01688748970627784730
0.89999997615814209000 0.01218018028885126110
0.91000002622604370100 0.01849390938878059390
0.92000001668930053700 0.01490527018904685970
0.93000000715255737300 0.01854966022074222560
0.93999999761581420900 0.03480948135256767270
0.94999998807907104500 0.02149173058569431310
0.95999997854232788100 0.02823078073561191560
0.97000002861022949200 0.01858711056411266330
0.98000001907348632800 0.02751467004418373110
0.99000000953674316400 0.01592024043202400210
1.00000000000000000000 0.02956393919885158540
