-1.00000000000000000000 -0.00545364012941718102
-0.99000000953674316400 -0.00544154178351163864
-0.98000001907348632800 -0.00545903621241450310
-0.97000002861022949200 -0.00547092221677303314
-0.95999997854232788100 -0.00546559179201722145
-0.94999998807907104500 -0.00548729207366704941
-0.93999999761581420900 -0.00547920679673552513
-0.93000000715255737300 -0.00544273713603615761
-0.92000001668930053700 -0.00546374078840017319
-0.91000002622604370100 -0.00546091189607977867
-0.89999997615814209000 -0.00542271416634321213
-0.88999998569488525400 -0.00543740997090935707
-0.87999999523162841800 -0.00543749099597334862
-0.87000000476837158200 -0.00543400412425398827
-0.86000001430511474600 -0.00545011693611741066
-0.85000002384185791000 -0.00545730208978056908
-0.83999997377395629900 -0.00542846415191888809
-0.82999998331069946300 -0.00542837008833885193
-0.81999999284744262700 -0.00542884785681962967
-0.81000000238418579100 -0.00540869217365980148
-0.80000001192092895500 -0.00540195917710661888
-0.79000002145767211900 -0.00538950506597757340
-0.77999997138977050800 -0.00537749286741018295
-0.76999998092651367200 -0.00540027488023042679
-0.75999999046325683600 -0.00540927518159151077
-0.75000000000000000000 -0.00539089692756533623
-0.74000000953674316400 -0.00540575198829174042
-0.73000001907348632800 -0.00538526196032762528
-0.72000002861022949200 -0.00535868899896740914
-0.70999997854232788100 -0.00538055598735809326
-0.69999998807907104500 -0.00536237796768546105
-0.68999999761581420900 -0.00533590000122785568
-0.68000000715255737300 -0.00535070616751909256
-0.67000001668930053700 -0.00535547500476241112
-0.66000002622604370100 -0.00534435082226991654
-0.64999997615814209000 -0.00536629511043429375
-0.63999998569488525400 -0.00536136981099843979
-0.62999999523162841800 -0.00532684382051229477
-0.62000000476837158200 -0.00532470177859067917
-0.61000001430511474600 -0.00532411690801382065
-0.60000002384185791000 -0.00529810599982738495
-0.58999997377395629900 -0.00528981396928429604
-0.57999998331069946300 -0.00528516480699181557
-0.56999999284744262700 -0.00527726812288165093
-0.56000000238418579100 -0.00529371900483965874
-0.55000001192092895500 -0.00528302509337663651
-0.54000002145767211900 -0.00527841411530971527
-0.52999997138977050800 -0.00526572111994028092
-0.51999998092651367200 -0.00523261912167072296
-0.50999999046325683600 -0.00523091200739145279
-0.50000000000000000000 -0.00522185117006301880
-0.49000000953674316400 -0.00519104581326246262
-0.47999998927116394000 -0.00518035888671875000
-0.46999999880790710400 -0.00518917106091976166
-0.46000000834465026800 -0.00517754303291440010
-0.44999998807907104500 -0.00517503498122096062
-0.43999999761581420900 -0.00517571298405528069
-0.43000000715255737300 -0.00514247082173824310
-0.41999998688697814900 -0.00511355791240930557
-0.40999999642372131300 -0.00511342799291014672
-0.40000000596046447700 -0.00509042479097843170
-0.38999998569488525400 -0.00505883898586034775
-0.37999999523162841800 -0.00504605798050761223
-0.37000000476837158200 -0.00502916704863309860
-0.36000001430511474600 -0.00502506503835320473
-0.34999999403953552200 -0.00501494109630584717
-0.34000000357627868600 -0.00499784806743264198
-0.33000001311302185100 -0.00496702222153544426
-0.31999999284744262700 -0.00492462702095508576
-0.31000000238418579100 -0.00490727508440613747
-0.30000001192092895500 -0.00488018896430730820
-0.28999999165534973100 -0.00483850808814167977
-0.28000000119209289500 -0.00479853106662631035
-0.27000001072883606000 -0.00478421617299318314
-0.25999999046325683600 -0.00476277479901909828
-0.25000000000000000000 -0.00472859293222427368
-0.23999999463558197000 -0.00471118791028857231
-0.23000000417232513400 -0.00466609699651598930
-0.21999999880790710400 -0.00460167694836854935
-0.20999999344348907500 -0.00458404421806335449
-0.20000000298023223900 -0.00453963782638311386
-0.18999999761581420900 -0.00447319680824875832
-0.18000000715255737300 -0.00444315979257225990
-0.17000000178813934300 -0.00440379511564970017
-0.15999999642372131300 -0.00435746181756258011
-0.15000000596046447800 -0.00432686321437358856
-0.14000000059604644800 -0.00428989203646779060
-0.12999999523162841800 -0.00422053597867488861
-0.11999999731779098500 -0.00416789203882217407
-0.10999999940395355200 -0.00412490498274564743
-0.10000000149011611900 -0.00405469723045825958
-0.09000000357627868650 -0.00399789912626147270
-0.07999999821186065670 -0.00394106097519397736
-0.07000000029802322390 -0.00387731101363897324
-0.05999999865889549260 -0.00383777590468525887
-0.05000000074505805970 -0.00378560088574886322
-0.03999999910593032840 -0.00371769699268043041
-0.02999999932944774630 -0.00366190611384809017
-0.01999999955296516420 -0.00358601193875074387
-0.00999999977648258210 -0.00351127795875072479
0.00000000000000000000 -0.00345584400929510594
0.00999999977648258210 -0.00338564999401569367
0.01999999955296516420 -0.00330105004832148552
0.02999999932944774630 -0.00324181606993079186
0.03999999910593032840 -0.00317858392372727394
0.05000000074505805970 -0.00310519500635564327
0.05999999865889549260 -0.00304601993411779404
0.07000000029802322390 -0.00297693605534732342
0.07999999821186065670 -0.00289095006883144379
0.09000000357627868650 -0.00282088294625282288
0.10000000149011611900 -0.00275298394262790680
0.10999999940395355200 -0.00266973511315882206
0.11999999731779098500 -0.00259894202463328838
0.12999999523162841800 -0.00252778991125524044
0.14000000059604644800 -0.00245175207965075970
0.15000000596046447800 -0.00239191809669137001
0.15999999642372131300 -0.00232122093439102173
0.17000000178813934300 -0.00224649906158447266
0.18000000715255737300 -0.00217721401713788509
0.18999999761581420900 -0.00209552911110222340
0.20000000298023223900 -0.00202591810375452042
0.20999999344348907500 -0.00196099607273936272
0.21999999880790710400 -0.00188313703984022141
0.23000000417232513400 -0.00181002099998295307
0.23999999463558197000 -0.00175139994826167822
0.25000000000000000000 -0.00168600201141089201
0.25999999046325683600 -0.00161777297034859657
0.27000001072883606000 -0.00156105402857065201
0.28000000119209289500 -0.00149285595398396254
0.28999999165534973100 -0.00141915201675146818
0.30000001192092895500 -0.00136609503533691168
0.31000000238418579100 -0.00130396999884396792
0.31999999284744262700 -0.00123630499001592398
0.33000001311302185100 -0.00118368596304208040
0.34000000357627868600 -0.00112757203169167042
0.34999999403953552200 -0.00107282097451388836
0.36000001430511474600 -0.00102376099675893784
0.37000000476837158200 -0.00118180795107036829
0.37999999523162841800 -0.00107242004014551640
0.38999998569488525400 -0.00104970904067158699
0.40000000596046447700 -0.00096980761736631393
0.40999999642372131300 -0.00089610519353300333
0.41999998688697814900 -0.00083715160144492984
0.43000000715255737300 -0.00077956647146493197
0.43999999761581420900 -0.00072337302844971418
0.44999998807907104500 -0.00067655602470040321
0.46000000834465026800 -0.00063093769131228328
0.46999999880790710400 -0.00058680219808593392
0.47999998927116394000 -0.00054732401622459292
0.49000000953674316400 -0.00050847377860918641
0.50000000000000000000 -0.00046876381384208798
0.50999999046325683600 -0.00043507121154107153
0.51999998092651367200 -0.00040271561010740697
0.52999997138977050800 -0.00036979961441829801
0.54000002145767211900 -0.00034115661401301622
0.55000001192092895500 -0.00031344318995252252
0.56000000238418579100 -0.00028699831455014646
0.56999999284744262700 -0.00026390829589217901
0.57999998331069946300 -0.00024102290626615286
0.58999997377395629900 -0.00021851359633728862
0.60000002384185791000 -0.00019854250422213227
0.61000001430511474600 -0.00017811110592447221
0.62000000476837158200 -0.00015949290536809713
0.62999999523162841800 -0.00014254769484978169
0.63999998569488525400 -0.00012529740342870355
0.64999997615814209000 -0.00010912540165008977
0.66000002622604370100 -0.00009972341649699956
0.67000001668930053700 -0.00008361259097000584
0.68000000715255737300 -0.00006835076783318073
0.68999999761581420900 -0.00005418989167083055
0.69999998807907104500 -0.00004102001912542619
0.70999997854232788100 -0.00002795470936689526
0.72000002861022949200 -0.00001502014038123889
0.73000001907348632800 -0.00000432631213698187
0.74000000953674316400 0.00000606700587013620
0.75000000000000000000 0.00001989142037928104
0.75999999046325683600 0.00003294457928859629
0.76999998092651367200 0.00004535738116828725
0.77999997138977050800 0.00005808077912661247
0.79000002145767211900 0.00007081025250954553
0.80000001192092895500 0.00008367456757696345
0.81000000238418579100 0.00009663750824984163
0.81999999284744262700 0.00011323080252623186
0.82999998331069946300 0.00012689649884123355
0.83999997377395629900 0.00014099030522629619
0.85000002384185791000 0.00015648269618395716
0.86000001430511474600 0.00017169069906231016
0.87000000476837158200 0.00018780850223265588
0.87999999523162841800 0.00020514189964160323
0.88999998569488525400 0.00022241119586396962
0.89999997615814209000 0.00024050950014498085
0.91000002622604370100 0.00025990669382736087
0.92000001668930053700 0.00027969930670224130
0.93000000715255737300 0.00030031948699615896
0.93999999761581420900 0.00032205189927481115
0.94999998807907104500 0.00034461301402188838
0.95999997854232788100 0.00036827960866503418
0.97000002861022949200 0.00039205639041028917
0.98000001907348632800 0.00041712389793246984
0.99000000953674316400 0.00044387328671291471
1.00000000000000000000 0.00047047570114955306
