-1.00000000000000000000 -0.01068759988993406300
-0.99000000953674316400 -0.01059324014931917190
-0.98000001907348632800 -0.01044338010251522060
-0.97000002861022949200 -0.01033093966543674470
-0.95999997854232788100 -0.01020998973399400710
-0.94999998807907104500 -0.01008990034461021420
-0.93999999761581420900 -0.01000666990876197820
-0.93000000715255737300 -0.00987348426133394242
-0.92000001668930053700 -0.00971857737749814988
-0.91000002622604370100 -0.00957507267594337464
-0.89999997615814209000 -0.00946507602930068970
-0.88999998569488525400 -0.00933264475315809250
-0.87999999523162841800 -0.00920202117413282395
-0.87000000476837158200 -0.00906631536781787873
-0.86000001430511474600 -0.00897695682942867279
-0.85000002384185791000 -0.00882406346499919892
-0.83999997377395629900 -0.00870234053581953049
-0.82999998331069946300 -0.00857770536094903946
-0.81999999284744262700 -0.00846242904663085938
-0.81000000238418579100 -0.00833525322377681732
-0.80000001192092895500 -0.00819888617843389511
-0.79000002145767211900 -0.00806108117103576660
-0.77999997138977050800 -0.00796244759112596512
-0.76999998092651367200 -0.00783464591950178147
-0.75999999046325683600 -0.00770418299362063408
-0.75000000000000000000 -0.00758812110871076584
-0.74000000953674316400 -0.00746391993016004563
-0.73000001907348632800 -0.00734604196622967720
-0.72000002861022949200 -0.00721600791439414025
-0.70999997854232788100 -0.00709754694253206253
-0.69999998807907104500 -0.00697623612359166146
-0.68999999761581420900 -0.00685873720794916153
-0.68000000715255737300 -0.00673600006848573685
-0.67000001668930053700 -0.00662190513685345650
-0.66000002622604370100 -0.00649611791595816612
-0.64999997615814209000 -0.00637325411662459374
-0.63999998569488525400 -0.00626786611974239350
-0.62999999523162841800 -0.00614683097228407860
-0.62000000476837158200 -0.00602509919553995133
-0.61000001430511474600 -0.00591843482106924057
-0.60000002384185791000 -0.00580490706488490105
-0.58999997377395629900 -0.00569064915180206299
-0.57999998331069946300 -0.00557106686756014824
-0.56999999284744262700 -0.00546255614608526230
-0.56000000238418579100 -0.00534005276858806610
-0.55000001192092895500 -0.00522984704002737999
-0.54000002145767211900 -0.00511612277477979660
-0.52999997138977050800 -0.00500094378367066384
-0.51999998092651367200 -0.00489471107721328736
-0.50999999046325683600 -0.00478193582966923714
-0.50000000000000000000 -0.00467725610360503197
-0.49000000953674316400 -0.00457066716626286507
-0.47999998927116394000 -0.00446023000404238701
-0.46999999880790710400 -0.00434806197881698609
-0.46000000834465026800 -0.00424232287332415581
-0.44999998807907104500 -0.00413762684911489487
-0.43999999761581420900 -0.00403391895815730095
-0.43000000715255737300 -0.00393245602026581764
-0.41999998688697814900 -0.00382883497513830662
-0.40999999642372131300 -0.00372756202705204487
-0.40000000596046447700 -0.00362218497321009636
-0.38999998569488525400 -0.00351590197533369064
-0.37999999523162841800 -0.00341788795776665211
-0.37000000476837158200 -0.00332199293188750744
-0.36000001430511474600 -0.00322526390664279461
-0.34999999403953552200 -0.00312847900204360485
-0.34000000357627868600 -0.00303152296692132950
-0.33000001311302185100 -0.00293119694106280804
-0.31999999284744262700 -0.00283683696761727333
-0.31000000238418579100 -0.00273598590865731239
-0.30000001192092895500 -0.00263916188850998879
-0.28999999165534973100 -0.00255066598765552044
-0.28000000119209289500 -0.00245044799521565437
-0.27000001072883606000 -0.00235404400154948235
-0.25999999046325683600 -0.00226219999603927136
-0.25000000000000000000 -0.00216977694071829319
-0.23999999463558197000 -0.00208137300796806812
-0.23000000417232513400 -0.00199141004122793675
-0.21999999880790710400 -0.00190201902296394110
-0.20999999344348907500 -0.00181017396971583366
-0.20000000298023223900 -0.00172064197249710560
-0.18999999761581420900 -0.00163265701849013567
-0.18000000715255737300 -0.00154057703912258148
-0.17000000178813934300 -0.00145373097620904446
-0.15999999642372131300 -0.00136587105225771666
-0.15000000596046447800 -0.00127937400247901678
-0.14000000059604644800 -0.00119328603614121676
-0.12999999523162841800 -0.00110961799509823322
-0.11999999731779098500 -0.00102512701414525509
-0.10999999940395355200 -0.00093544321134686470
-0.10000000149011611900 -0.00084825232625007629
-0.09000000357627868650 -0.00076502922456711531
-0.07999999821186065670 -0.00067903898889198899
-0.07000000029802322390 -0.00059625221183523536
-0.05999999865889549260 -0.00051289267139509320
-0.05000000074505805970 -0.00042993848910555244
-0.03999999910593032840 -0.00034657679498195648
-0.02999999932944774630 -0.00026247868663631380
-0.01999999955296516420 -0.00017875820049084723
-0.00999999977648258210 -0.00009553052950650454
0.00000000000000000000 -0.00001638988942431752
0.00999999977648258210 0.00006485888297902420
0.01999999955296516420 0.00015473729581572115
0.02999999932944774630 0.00023916350619401783
0.03999999910593032840 0.00032290109083987772
0.05000000074505805970 0.00040802708826959133
0.05999999865889549260 0.00049335428047925234
0.07000000029802322390 0.00057719741016626358
0.07999999821186065670 0.00066273642005398870
0.09000000357627868650 0.00074894208228215575
0.10000000149011611900 0.00083350361092016101
0.10999999940395355200 0.00092082057381048799
0.11999999731779098500 0.00101256894413381815
0.12999999523162841800 0.00109724700450897217
0.14000000059604644800 0.00118301296606659889
0.15000000596046447800 0.00127535697538405657
0.15999999642372131300 0.00136628898326307535
0.17000000178813934300 0.00145765405613929033
0.18000000715255737300 0.00154688896145671606
0.18999999761581420900 0.00163642899133265019
0.20000000298023223900 0.00173546001315116882
0.20999999344348907500 0.00183100497815757990
0.21999999880790710400 0.00192779698409140110
0.23000000417232513400 0.00202595489099621773
0.23999999463558197000 0.00212277495302259922
0.25000000000000000000 0.00221196003258228302
0.25999999046325683600 0.00230482895858585835
0.27000001072883606000 0.00240532797761261463
0.28000000119209289500 0.00250600511208176613
0.28999999165534973100 0.00260473205707967281
0.30000001192092895500 0.00270061404444277287
0.31000000238418579100 0.00279679894447326660
0.31999999284744262700 0.00289844698272645474
0.33000001311302185100 0.00300278002396225929
0.34000000357627868600 0.00310555705800652504
0.34999999403953552200 0.00320425699464976788
0.36000001430511474600 0.00331097701564431191
0.37000000476837158200 0.00341504998505115509
0.37999999523162841800 0.00352372298948466778
0.38999998569488525400 0.00362559594213962555
0.40000000596046447700 0.00373511109501123428
0.40999999642372131300 0.00383774307556450367
0.41999998688697814900 0.00394285703077912331
0.43000000715255737300 0.00404708599671721459
0.43999999761581420900 0.00415004789829254151
0.44999998807907104500 0.00426357612013816834
0.46000000834465026800 0.00437613995745778084
0.46999999880790710400 0.00449305586516857147
0.47999998927116394000 0.00459686480462551117
0.49000000953674316400 0.00470585888251662254
0.50000000000000000000 0.00481736520305275917
0.50999999046325683600 0.00493912585079669953
0.51999998092651367200 0.00504659814760088921
0.52999997138977050800 0.00515796896070241928
0.54000002145767211900 0.00527167506515979767
0.55000001192092895500 0.00538355298340320587
0.56000000238418579100 0.00550075015053153038
0.56999999284744262700 0.00561919482424855232
0.57999998331069946300 0.00572656607255339623
0.58999997377395629900 0.00583421112969517708
0.60000002384185791000 0.00595508096739649773
0.61000001430511474600 0.00607313821092247963
0.62000000476837158200 0.00619379896670579910
0.62999999523162841800 0.00631022080779075623
0.63999998569488525400 0.00642781006172299385
0.64999997615814209000 0.00656022923067212105
0.66000002622604370100 0.00668472005054354668
0.67000001668930053700 0.00679758097976446152
0.68000000715255737300 0.00693452404811978340
0.68999999761581420900 0.00705166114494204521
0.69999998807907104500 0.00717399222776293755
0.70999997854232788100 0.00730457995086908341
0.72000002861022949200 0.00742740510031580925
0.73000001907348632800 0.00754981394857168198
0.74000000953674316400 0.00769252609461545944
0.75000000000000000000 0.00780092598870396614
0.75999999046325683600 0.00794067513197660446
0.76999998092651367200 0.00806089397519826889
0.77999997138977050800 0.00818804744631052018
0.79000002145767211900 0.00831681117415428162
0.80000001192092895500 0.00843169633299112320
0.81000000238418579100 0.00856889877468347550
0.81999999284744262700 0.00870836712419986725
0.82999998331069946300 0.00883982609957456589
0.83999997377395629900 0.00896216183900833130
0.85000002384185791000 0.00910732522606849671
0.86000001430511474600 0.00923277996480464936
0.87000000476837158200 0.00935705285519361496
0.87999999523162841800 0.00949032604694366455
0.88999998569488525400 0.00963885709643363953
0.89999997615814209000 0.00976771023124456406
0.91000002622604370100 0.00989349838346242905
0.92000001668930053700 0.01003369968384504320
0.93000000715255737300 0.01017753966152668000
0.93999999761581420900 0.01033676043152809140
0.94999998807907104500 0.01048776973038911820
0.95999997854232788100 0.01062329020351171490
0.97000002861022949200 0.01078431960195302960
0.98000001907348632800 0.01090854033827781680
0.99000000953674316400 0.01104397978633642200
1.00000000000000000000 0.01118971966207027440
