-1.00000000000000000000 -0.00000517494800078566
-0.99000000953674316400 -0.00000496499978908105
-0.98000001907348632800 -0.00000485433520225342
-0.97000002861022949200 -0.00000469484984932933
-0.95999997854232788100 -0.00000455006693300675
-0.94999998807907104500 -0.00000444245688413503
-0.93999999761581420900 -0.00000429502415499883
-0.93000000715255737300 -0.00000419721709477017
-0.92000001668930053700 -0.00000405935998060158
-0.91000002622604370100 -0.00000400129283661954
-0.89999997615814209000 -0.00000385695602744818
-0.88999998569488525400 -0.00000380330197913281
-0.87999999523162841800 -0.00000367212396668037
-0.87000000476837158200 -0.00000358067995875899
-0.86000001430511474600 -0.00000350018899553106
-0.85000002384185791000 -0.00000339591701958852
-0.83999997377395629900 -0.00000331977093992464
-0.82999998331069946300 -0.00000321590391649806
-0.81999999284744262700 -0.00000318026195600396
-0.81000000238418579100 -0.00000306053789245198
-0.80000001192092895500 -0.00000303791898659256
-0.79000002145767211900 -0.00000292650202027289
-0.77999997138977050800 -0.00000286670501736808
-0.76999998092651367200 -0.00000279409300674160
-0.75999999046325683600 -0.00000271530689133215
-0.75000000000000000000 -0.00000265313406089263
-0.74000000953674316400 -0.00000256992598224315
-0.73000001907348632800 -0.00000253389998761122
-0.72000002861022949200 -0.00000243064096139278
-0.70999997854232788100 -0.00000243287809098547
-0.69999998807907104500 -0.00000232592492466210
-0.68999999761581420900 -0.00000229345096158795
-0.68000000715255737300 -0.00000222250309889205
-0.67000001668930053700 -0.00000215592490349081
-0.66000002622604370100 -0.00000210067901207367
-0.64999997615814209000 -0.00000203498507289623
-0.63999998569488525400 -0.00000198900511350075
-0.62999999523162841800 -0.00000189209504242172
-0.62000000476837158200 -0.00000189249203685904
-0.61000001430511474600 -0.00000178188702193438
-0.60000002384185791000 -0.00000175308105099248
-0.58999997377395629900 -0.00000167072300882865
-0.57999998331069946300 -0.00000160487400080456
-0.56999999284744262700 -0.00000152864095070981
-0.56000000238418579100 -0.00000146510694776225
-0.55000001192092895500 -0.00000140550503147097
-0.54000002145767211900 -0.00000131133299419162
-0.52999997138977050800 -0.00000130084299598821
-0.51999998092651367200 -0.00000120111201340478
-0.50999999046325683600 -0.00000120562401662028
-0.50000000000000000000 -0.00000114640999981930
-0.49000000953674316400 -0.00000113097803478013
-0.47999998927116394000 -0.00000109526604319399
-0.46999999880790710400 -0.00000108287895272952
-0.46000000834465026800 -0.00000105138497019652
-0.44999998807907104500 -0.00000100817703696521
-0.43999999761581420900 -0.00000101630996596214
-0.43000000715255737300 -0.00000100980196293676
-0.41999998688697814900 -0.00000100842203210050
-0.40999999642372131300 -0.00000094538057737736
-0.40000000596046447700 -0.00000088826499222705
-0.38999998569488525400 -0.00000079709332112543
-0.37999999523162841800 -0.00000079532048857800
-0.37000000476837158200 -0.00000071315912464343
-0.36000001430511474600 -0.00000070352967895815
-0.34999999403953552200 -0.00000063161490970742
-0.34000000357627868600 -0.00000061008091734038
-0.33000001311302185100 -0.00000053655958254240
-0.31999999284744262700 -0.00000050113072802560
-0.31000000238418579100 -0.00000045928331360301
-0.30000001192092895500 -0.00000038343898722815
-0.28999999165534973100 -0.00000037738911373708
-0.28000000119209289500 -0.00000029384480626504
-0.27000001072883606000 -0.00000028639090032812
-0.25999999046325683600 -0.00000020957909896424
-0.25000000000000000000 -0.00000018259720491187
-0.23999999463558197000 -0.00000010168219688467
-0.23000000417232513400 -0.00000007020482684084
-0.21999999880790710400 -0.00000000561419710721
-0.20999999344348907500 0.00000006732093282835
-0.20000000298023223900 0.00000009210877749410
-0.18999999761581420900 0.00000019356660629910
-0.18000000715255737300 0.00000020985760329495
-0.17000000178813934300 0.00000029959079483888
-0.15999999642372131300 0.00000033388241149623
-0.15000000596046447800 0.00000042721231352516
-0.14000000059604644800 0.00000046268530695670
-0.12999999523162841800 0.00000054495689028045
-0.11999999731779098500 0.00000061324709577093
-0.10999999940395355200 0.00000065854851527547
-0.10000000149011611900 0.00000076281361316433
-0.09000000357627868650 0.00000079132132668747
-0.07999999821186065670 0.00000089258878688270
-0.07000000029802322390 0.00000093079518137529
-0.05999999865889549260 0.00000103291699815600
-0.05000000074505805970 0.00000108591405023617
-0.03999999910593032840 0.00000112923999040504
-0.02999999932944774630 0.00000125631902392342
-0.01999999955296516420 0.00000129614102206688
-0.00999999977648258210 0.00000140010604354757
0.00000000000000000000 0.00000146573097481451
0.00999999977648258210 0.00000156641704052163
0.01999999955296516420 0.00000161530795139697
0.02999999932944774630 0.00000170868895565945
0.03999999910593032840 0.00000181141297161957
0.05000000074505805970 0.00000185508201866469
0.05999999865889549260 0.00000197801909962436
0.07000000029802322390 0.00000202599790100066
0.07999999821186065670 0.00000213400107895723
0.09000000357627868650 0.00000219410389945551
0.10000000149011611900 0.00000231809804063232
0.10999999940395355200 0.00000236572009271185
0.11999999731779098500 0.00000246982199314516
0.12999999523162841800 0.00000256232897299924
0.14000000059604644800 0.00000262914704762807
0.15000000596046447800 0.00000275359889201354
0.15999999642372131300 0.00000280959488918597
0.17000000178813934300 0.00000293312791654898
0.18000000715255737300 0.00000299243606605160
0.18999999761581420900 0.00000312213796860306
0.20000000298023223900 0.00000318898901241482
0.20999999344348907500 0.00000330572311213473
0.21999999880790710400 0.00000337256005877862
0.23000000417232513400 0.00000346682804774900
0.23999999463558197000 0.00000358905003849941
0.25000000000000000000 0.00000363674507752876
0.25999999046325683600 0.00000376224602405273
0.27000001072883606000 0.00000383091082767351
0.28000000119209289500 0.00000396181712858379
0.28999999165534973100 0.00000403868898501969
0.30000001192092895500 0.00000418343006458599
0.31000000238418579100 0.00000425355392508209
0.31999999284744262700 0.00000435914580521057
0.33000001311302185100 0.00000449755316367373
0.34000000357627868600 0.00000457462692793342
0.34999999403953552200 0.00000470519898954080
0.36000001430511474600 0.00000478715992358048
0.37000000476837158200 0.00000493176912641502
0.37999999523162841800 0.00000501773683936335
0.38999998569488525400 0.00000517166699864902
0.40000000596046447700 0.00000524651977684698
0.40999999642372131300 0.00000537495407115784
0.41999998688697814900 0.00000548765319763334
0.43000000715255737300 0.00000557897510589100
0.43999999761581420900 0.00000570481097383890
0.44999998807907104500 0.00000577605214857613
0.46000000834465026800 0.00000592777405472589
0.46999999880790710400 0.00000601408009970328
0.47999998927116394000 0.00000616720490143052
0.49000000953674316400 0.00000625525808573002
0.50000000000000000000 0.00000640645794192096
0.50999999046325683600 0.00000648426521365764
0.51999998092651367200 0.00000661435979054659
0.52999997138977050800 0.00000676882382322219
0.54000002145767211900 0.00000685113081999589
0.55000001192092895500 0.00000701008002579329
0.56000000238418579100 0.00000709808091414743
0.56999999284744262700 0.00000726042981114006
0.57999998331069946300 0.00000732630314814742
0.58999997377395629900 0.00000748929278415744
0.60000002384185791000 0.00000755385417505750
0.61000001430511474600 0.00000766807806940051
0.62000000476837158200 0.00000781326798460213
0.62999999523162841800 0.00000792269565863535
0.63999998569488525400 0.00000804528826847672
0.64999997615814209000 0.00000813835595181445
0.66000002622604370100 0.00000830895532999421
0.67000001668930053700 0.00000840051143313758
0.68000000715255737300 0.00000855696634971537
0.68999999761581420900 0.00000864523735799594
0.69999998807907104500 0.00000877399543242063
0.70999997854232788100 0.00000888079739524983
0.72000002861022949200 0.00000900209033716237
0.73000001907348632800 0.00000914869542611996
0.74000000953674316400 0.00000925990116229514
0.75000000000000000000 0.00000941005237109493
0.75999999046325683600 0.00000951790843828348
0.76999998092651367200 0.00000969478242041077
0.77999997138977050800 0.00000978260322881397
0.79000002145767211900 0.00000992614877759479
0.80000001192092895500 0.00001002407043415587
0.81000000238418579100 0.00001014292956824647
0.81999999284744262700 0.00001031004012475023
0.82999998331069946300 0.00001041956966219004
0.83999997377395629900 0.00001035290006257128
0.85000002384185791000 0.00001055899974744534
0.86000001430511474600 0.00001066353979695123
0.87000000476837158200 0.00001087029977497878
0.87999999523162841800 0.00001101716043194756
0.88999998569488525400 0.00001119776970881503
0.89999997615814209000 0.00001131126009568106
0.91000002622604370100 0.00001147054990724428
0.92000001668930053700 0.00001166533002106007
0.93000000715255737300 0.00001178675029223086
0.93999999761581420900 0.00001200647966470569
0.94999998807907104500 0.00001212998995470116
0.95999997854232788100 0.00001231134956469759
0.97000002861022949200 0.00001249644992640242
0.98000001907348632800 0.00001266604976990493
0.99000000953674316400 0.00001276752027479233
1.00000000000000000000 0.00001288501971430378
