-1.00000000000000000000 -0.00581591809168457985
-0.99000000953674316400 -0.00583949219435453415
-0.98000001907348632800 -0.00583167187869548798
-0.97000002861022949200 -0.00584664195775985718
-0.95999997854232788100 -0.00584014598280191422
-0.94999998807907104500 -0.00581227289512753487
-0.93999999761581420900 -0.00583330309018492699
-0.93000000715255737300 -0.00582905486226081848
-0.92000001668930053700 -0.00579746486619114876
-0.91000002622604370100 -0.00581782916560769081
-0.89999997615814209000 -0.00583100784569978714
-0.88999998569488525400 -0.00582872703671455384
-0.87999999523162841800 -0.00584583310410380364
-0.87000000476837158200 -0.00584737583994865418
-0.86000001430511474600 -0.00581134017556905747
-0.85000002384185791000 -0.00582314608618617058
-0.83999997377395629900 -0.00582403317093849182
-0.82999998331069946300 -0.00579451303929090500
-0.81999999284744262700 -0.00580720882862806320
-0.81000000238418579100 -0.00581549480557441712
-0.80000001192092895500 -0.00581389712169766426
-0.79000002145767211900 -0.00582935707643628121
-0.77999997138977050800 -0.00584368919953703880
-0.76999998092651367200 -0.00582071393728256226
-0.75999999046325683600 -0.00580959301441907883
-0.75000000000000000000 -0.00582132302224636078
-0.74000000953674316400 -0.00580524280667304993
-0.73000001907348632800 -0.00580000178888440132
-0.72000002861022949200 -0.00580101087689399719
-0.70999997854232788100 -0.00580531917512416840
-0.69999998807907104500 -0.00582520896568894386
-0.68999999761581420900 -0.00583198107779026032
-0.68000000715255737300 -0.00582562712952494621
-0.67000001668930053700 -0.00583014311268925667
-0.66000002622604370100 -0.00580674596130847931
-0.64999997615814209000 -0.00581117719411849976
-0.63999998569488525400 -0.00582213699817657471
-0.62999999523162841800 -0.00579411489889025688
-0.62000000476837158200 -0.00579713517799973488
-0.61000001430511474600 -0.00582384876906871796
-0.60000002384185791000 -0.00581984501332044602
-0.58999997377395629900 -0.00582419522106647492
-0.57999998331069946300 -0.00583240902051329613
-0.56999999284744262700 -0.00578944711014628410
-0.56000000238418579100 -0.00580143788829445839
-0.55000001192092895500 -0.00581136904656887055
-0.54000002145767211900 -0.00577446911484003067
-0.52999997138977050800 -0.00577807286754250527
-0.51999998092651367200 -0.00580214709043502808
-0.50999999046325683600 -0.00579844322055578232
-0.50000000000000000000 -0.00581089500337839127
-0.49000000953674316400 -0.00583594711497426033
-0.47999998927116394000 -0.00580112915486097336
-0.46999999880790710400 -0.00579536799341440201
-0.46000000834465026800 -0.00581582402810454369
-0.44999998807907104500 -0.00579363806173205376
-0.43999999761581420900 -0.00578922219574451447
-0.43000000715255737300 -0.00580157013610005379
-0.41999998688697814900 -0.00579720316454768181
-0.40999999642372131300 -0.00581858679652214050
-0.40000000596046447700 -0.00583103578537702561
-0.38999998569488525400 -0.00581171596422791481
-0.37999999523162841800 -0.00580445583909749985
-0.37000000476837158200 -0.00581145379692316056
-0.36000001430511474600 -0.00579575588926672936
-0.34999999403953552200 -0.00578782381489872933
-0.34000000357627868600 -0.00578890787437558174
-0.33000001311302185100 -0.00578731019049882889
-0.31999999284744262700 -0.00580535177141427994
-0.31000000238418579100 -0.00581586081534624100
-0.30000001192092895500 -0.00581087404862046242
-0.28999999165534973100 -0.00581258488819003105
-0.28000000119209289500 -0.00578820891678333283
-0.27000001072883606000 -0.00579022197052836418
-0.25999999046325683600 -0.00579871097579598427
-0.25000000000000000000 -0.00577534502372145653
-0.23999999463558197000 -0.00576958619058132172
-0.23000000417232513400 -0.00579498102888464928
-0.21999999880790710400 -0.00579696521162986756
-0.20999999344348907500 -0.00579527998343110085
-0.20000000298023223900 -0.00581567501649260521
-0.18999999761581420900 -0.00578234577551484108
-0.18000000715255737300 -0.00577835878357291222
-0.17000000178813934300 -0.00579810980707406998
-0.15999999642372131300 -0.00577129097655415535
-0.15000000596046447800 -0.00576131511479616165
-0.14000000059604644800 -0.00578231783583760262
-0.12999999523162841800 -0.00577521789819002152
-0.11999999731779098500 -0.00578704895451664925
-0.10999999940395355200 -0.00581433391198515892
-0.10000000149011611900 -0.00578318489715456963
-0.09000000357627868650 -0.00577009608969092369
-0.07999999821186065670 -0.00579062476754188538
-0.07000000029802322390 -0.00576966814696788788
-0.05999999865889549260 -0.00575609318912029267
-0.05000000074505805970 -0.00576830189675092697
-0.03999999910593032840 -0.00576053000986576080
-0.02999999932944774630 -0.00577868102118372917
-0.01999999955296516420 -0.00579073512926697731
-0.00999999977648258210 -0.00577657297253608704
0.00000000000000000000 -0.00576863717287778855
0.00999999977648258210 -0.00576434098184108734
0.01999999955296516420 -0.00575822312384843826
0.02999999932944774630 -0.00574789103120565415
0.03999999910593032840 -0.00574443303048610687
0.05000000074505805970 -0.00572868809103965759
0.05999999865889549260 -0.00574029190465807915
0.07000000029802322390 -0.00576273212209343910
0.07999999821186065670 -0.00574718602001667023
0.09000000357627868650 -0.00575937703251838684
0.10000000149011611900 -0.00575965503230690956
0.10999999940395355200 -0.00572603102773427963
0.11999999731779098500 -0.00573882879689335823
0.12999999523162841800 -0.00574145419523119927
0.14000000059604644800 -0.00570314517244696617
0.15000000596046447800 -0.00571678718551993370
0.15999999642372131300 -0.00573281198740005493
0.17000000178813934300 -0.00572181399911642075
0.18000000715255737300 -0.00573452515527606011
0.18999999761581420900 -0.00573582202196121216
0.20000000298023223900 -0.00569242797791957855
0.20999999344348907500 -0.00569803500548005104
0.21999999880790710400 -0.00569179421290755272
0.23000000417232513400 -0.00565501395612955094
0.23999999463558197000 -0.00565475411713123322
0.25000000000000000000 -0.00565948197618126869
0.25999999046325683600 -0.00564566301181912422
0.27000001072883606000 -0.00565650220960378647
0.28000000119209289500 -0.00565119599923491478
0.28999999165534973100 -0.00561448605731129646
0.30000001192092895500 -0.00559188099578022957
0.31000000238418579100 -0.00558506418019533158
0.31999999284744262700 -0.00555057218298316002
0.33000001311302185100 -0.00552253890782594681
0.34000000357627868600 -0.00550030078738927841
0.34999999403953552200 -0.00546967005357146263
0.36000001430511474600 -0.00546609517186880112
0.37000000476837158200 -0.00542711513116955757
0.37999999523162841800 -0.00538105377927422524
0.38999998569488525400 -0.00533261988312005997
0.40000000596046447700 -0.00526668317615985871
0.40999999642372131300 -0.00520166289061307907
0.41999998688697814900 -0.00513551617041230202
0.43000000715255737300 -0.00504473596811294556
0.43999999761581420900 -0.00496141286566853523
0.44999998807907104500 -0.00488983793184161186
0.46000000834465026800 -0.00477696489542722702
0.46999999880790710400 -0.00466455612331628800
0.47999998927116394000 -0.00453693186864256859
0.49000000953674316400 -0.00436618179082870484
0.50000000000000000000 -0.00421722093597054482
0.50999999046325683600 -0.00405994476750493050
0.51999998092651367200 -0.00385255692526698113
0.52999997138977050800 -0.00366353290155529976
0.54000002145767211900 -0.00347876199521124363
0.55000001192092895500 -0.00326015008613467217
0.56000000238418579100 -0.00304717198014259338
0.56999999284744262700 -0.00283276103436946869
0.57999998331069946300 -0.00258413003757596016
0.58999997377395629900 -0.00234523299150168896
0.60000002384185791000 -0.00211852695792913437
0.61000001430511474600 -0.00186737498734146357
0.62000000476837158200 -0.00162495300173759460
0.62999999523162841800 -0.00139252294320613146
0.63999998569488525400 -0.00115040596574544907
0.64999997615814209000 -0.00087691727094352245
0.66000002622604370100 -0.00064830871997401118
0.67000001668930053700 -0.00041854431037791073
0.68000000715255737300 -0.00019517139298841357
0.68999999761581420900 0.00002557821972004604
0.69999998807907104500 0.00025167819694615901
0.70999997854232788100 0.00048024140414781868
0.72000002861022949200 0.00070886430330574513
0.73000001907348632800 0.00094216258730739355
0.74000000953674316400 0.00123526295647025108
0.75000000000000000000 0.00148392701521515846
0.75999999046325683600 0.00174304202664643526
0.76999998092651367200 0.00200030091218650341
0.77999997138977050800 0.00226813205517828465
0.79000002145767211900 0.00254414789378643036
0.80000001192092895500 0.00281171803362667561
0.81000000238418579100 0.00309846806339919567
0.81999999284744262700 0.00339468405582010746
0.82999998331069946300 0.00367737095803022385
0.83999997377395629900 0.00398105103522539139
0.85000002384185791000 0.00430027581751346588
0.86000001430511474600 0.00461124582216143608
0.87000000476837158200 0.00494175776839256287
0.87999999523162841800 0.00528170214965939522
0.88999998569488525400 0.00560574978590011597
0.89999997615814209000 0.00595213286578655243
0.91000002622604370100 0.00631585577502846718
0.92000001668930053700 0.00666112499311566353
0.93000000715255737300 0.00703214202076196671
0.93999999761581420900 0.00741581711918115616
0.94999998807907104500 0.00779721885919570923
0.95999997854232788100 0.00820858031511306763
0.97000002861022949200 0.00861940812319517136
0.98000001907348632800 0.00901926029473543167
0.99000000953674316400 0.00944567006081342697
1.00000000000000000000 0.00988029409199953080
