-1.00000000000000000000 -0.00156544498167932034
-0.99000000953674316400 -0.00152443500701338053
-0.98000001907348632800 -0.00149963295552879572
-0.97000002861022949200 -0.00148181698750704527
-0.95999997854232788100 -0.00146568997297435999
-0.94999998807907104500 -0.00145331898238509893
-0.93999999761581420900 -0.00144270400051027536
-0.93000000715255737300 -0.00142706395126879215
-0.92000001668930053700 -0.00141208700370043516
-0.91000002622604370100 -0.00140487402677536011
-0.89999997615814209000 -0.00139331002719700336
-0.88999998569488525400 -0.00137978198472410440
-0.87999999523162841800 -0.00137222895864397287
-0.87000000476837158200 -0.00136482599191367626
-0.86000001430511474600 -0.00135914096608757973
-0.85000002384185791000 -0.00135362904984503984
-0.83999997377395629900 -0.00134803401306271553
-0.82999998331069946300 -0.00134047796018421650
-0.81999999284744262700 -0.00133019103668630123
-0.81000000238418579100 -0.00132354197558015585
-0.80000001192092895500 -0.00131713098380714655
-0.79000002145767211900 -0.00130799296312034130
-0.77999997138977050800 -0.00130076496861875057
-0.76999998092651367200 -0.00129600299987941980
-0.75999999046325683600 -0.00129217596258968115
-0.75000000000000000000 -0.00128824403509497643
-0.74000000953674316400 -0.00128396903164684773
-0.73000001907348632800 -0.00127897900529205799
-0.72000002861022949200 -0.00127049605362117291
-0.70999997854232788100 -0.00126467004884034395
-0.69999998807907104500 -0.00126023299526423216
-0.68999999761581420900 -0.00125212001148611307
-0.68000000715255737300 -0.00124532997142523527
-0.67000001668930053700 -0.00124146102461963892
-0.66000002622604370100 -0.00123848696239292622
-0.64999997615814209000 -0.00123541697394102812
-0.63999998569488525400 -0.00123301998246461153
-0.62999999523162841800 -0.00122822402045130730
-0.62000000476837158200 -0.00122103304602205753
-0.61000001430511474600 -0.00121490994933992624
-0.60000002384185791000 -0.00121120398398488760
-0.58999997377395629900 -0.00120460300240665674
-0.57999998331069946300 -0.00119774602353572846
-0.56999999284744262700 -0.00119457801338285208
-0.56000000238418579100 -0.00119144702330231667
-0.55000001192092895500 -0.00118901103269308806
-0.54000002145767211900 -0.00118479598313570023
-0.52999997138977050800 -0.00118244194891303778
-0.51999998092651367200 -0.00117536494508385658
-0.50999999046325683600 -0.00116830901242792606
-0.50000000000000000000 -0.00116664194501936436
-0.49000000953674316400 -0.00116047903429716826
-0.47999998927116394000 -0.00115310202818363905
-0.46999999880790710400 -0.00114988605491816998
-0.46000000834465026800 -0.00114704796578735113
-0.44999998807907104500 -0.00114490301348268986
-0.43999999761581420900 -0.00114249403122812510
-0.43000000715255737300 -0.00113945303019136190
-0.41999998688697814900 -0.00113336101640015841
-0.40999999642372131300 -0.00112594699021428824
-0.40000000596046447700 -0.00112417305354028940
-0.38999998569488525400 -0.00111916905734688044
-0.37999999523162841800 -0.00111240905243903399
-0.37000000476837158200 -0.00110872404184192419
-0.36000001430511474600 -0.00110581901390105486
-0.34999999403953552200 -0.00110393995419144630
-0.34000000357627868600 -0.00110082805622369051
-0.33000001311302185100 -0.00109874899499118328
-0.31999999284744262700 -0.00109280005563050509
-0.31000000238418579100 -0.00108496204484254122
-0.30000001192092895500 -0.00108336494304239750
-0.28999999165534973100 -0.00107850797940045595
-0.28000000119209289500 -0.00107028300408273935
-0.27000001072883606000 -0.00106710102409124374
-0.25999999046325683600 -0.00106473895721137524
-0.25000000000000000000 -0.00106166396290063858
-0.23999999463558197000 -0.00105991598684340715
-0.23000000417232513400 -0.00105671095661818981
-0.21999999880790710400 -0.00105168099980801344
-0.20999999344348907500 -0.00104473496321588755
-0.20000000298023223900 -0.00104227697011083365
-0.18999999761581420900 -0.00103722594212740660
-0.18000000715255737300 -0.00103057199157774448
-0.17000000178813934300 -0.00102659000549465418
-0.15999999642372131300 -0.00102285703178495169
-0.15000000596046447800 -0.00102058600168675184
-0.14000000059604644800 -0.00101756805088371038
-0.12999999523162841800 -0.00101505999919027090
-0.11999999731779098500 -0.00101001502480357885
-0.10999999940395355200 -0.00100294104777276516
-0.10000000149011611900 -0.00100422301329672337
-0.09000000357627868650 -0.00099990179296582937
-0.07999999821186065670 -0.00099297123961150646
-0.07000000029802322390 -0.00098581612110137939
-0.05999999865889549260 -0.00098332646302878857
-0.05000000074505805970 -0.00097717065364122391
-0.03999999910593032840 -0.00096930592553690076
-0.02999999932944774630 -0.00096523499814793468
-0.01999999955296516420 -0.00096067570848390460
-0.00999999977648258210 -0.00095814268570393324
0.00000000000000000000 -0.00095428468193858862
0.00999999977648258210 -0.00094977207481861115
0.01999999955296516420 -0.00094472838100045919
0.02999999932944774630 -0.00093773147091269493
0.03999999910593032840 -0.00093112001195549965
0.05000000074505805970 -0.00092672108439728618
0.05999999865889549260 -0.00092024379409849644
0.07000000029802322390 -0.00091253389837220311
0.07999999821186065670 -0.00090773997362703085
0.09000000357627868650 -0.00090356747386977077
0.10000000149011611900 -0.00089881307212635875
0.10999999940395355200 -0.00089359661797061563
0.11999999731779098500 -0.00088821368990465999
0.12999999523162841800 -0.00087980349780991674
0.14000000059604644800 -0.00087123719276860356
0.15000000596046447800 -0.00086581811774522066
0.15999999642372131300 -0.00085729628335684538
0.17000000178813934300 -0.00084856548346579075
0.18000000715255737300 -0.00084132759366184473
0.18999999761581420900 -0.00083460181485861540
0.20000000298023223900 -0.00082746427506208420
0.20999999344348907500 -0.00082008517347276211
0.21999999880790710400 -0.00081174942897632718
0.23000000417232513400 -0.00080028601223602891
0.23999999463558197000 -0.00078771379776299000
0.25000000000000000000 -0.00077812292147427797
0.25999999046325683600 -0.00076534372055903077
0.27000001072883606000 -0.00075059552909806371
0.28000000119209289500 -0.00073696987237781286
0.28999999165534973100 -0.00072256108978763223
0.30000001192092895500 -0.00070728309219703078
0.31000000238418579100 -0.00068986450787633657
0.31999999284744262700 -0.00067073147511109710
0.33000001311302185100 -0.00064681709045544267
0.34000000357627868600 -0.00061974528944119811
0.34999999403953552200 -0.00059219647664576769
0.36000001430511474600 -0.00055937108118087053
0.37000000476837158200 -0.00052057811990380287
0.37999999523162841800 -0.00047937579802237451
0.38999998569488525400 -0.00043311971239745617
0.40000000596046447700 -0.00038045531255193055
0.40999999642372131300 -0.00032079670927487314
0.41999998688697814900 -0.00025349610950797796
0.43000000715255737300 -0.00017630840011406690
0.43999999761581420900 -0.00011455349886091426
0.44999998807907104500 -0.00002273844984301832
0.46000000834465026800 0.00007201422704383731
0.46999999880790710400 0.00019177330250386149
0.47999998927116394000 0.00032489740988239646
0.49000000953674316400 0.00046701298560947180
0.50000000000000000000 0.00062086322577670217
0.50999999046325683600 0.00078668072819709778
0.51999998092651367200 0.00096515088807791472
0.52999997138977050800 0.00112927705049514771
0.54000002145767211900 0.00133833196014165878
0.55000001192092895500 0.00155607296619564295
0.56000000238418579100 0.00178427505306899548
0.56999999284744262700 0.00202355789951980114
0.57999998331069946300 0.00227481289766728878
0.58999997377395629900 0.00253473292104899883
0.60000002384185791000 0.00280561810359358788
0.61000001430511474600 0.00308730592951178551
0.62000000476837158200 0.00337896589189767838
0.62999999523162841800 0.00367915490642189980
0.63999998569488525400 0.00398902688175439835
0.64999997615814209000 0.00430385908111929894
0.66000002622604370100 0.00462449295446276665
0.67000001668930053700 0.00495503610000014305
0.68000000715255737300 0.00528977205976843834
0.68999999761581420900 0.00562919583171606064
0.69999998807907104500 0.00597686599940061569
0.70999997854232788100 0.00632928498089313507
0.72000002861022949200 0.00669095711782574654
0.73000001907348632800 0.00705814408138394356
0.74000000953674316400 0.00742436992004513741
0.75000000000000000000 0.00779828289523720742
0.75999999046325683600 0.00817091204226016999
0.76999998092651367200 0.00854428019374608994
0.77999997138977050800 0.00893042236566543579
0.79000002145767211900 0.00931226555258035660
0.80000001192092895500 0.00969296228140592575
0.81000000238418579100 0.01008553989231586460
0.81999999284744262700 0.01048402022570371630
0.82999998331069946300 0.01083234976977109910
0.83999997377395629900 0.01123080030083656310
0.85000002384185791000 0.01163524016737937930
0.86000001430511474600 0.01204251032322645190
0.87000000476837158200 0.01245282962918281560
0.87999999523162841800 0.01286198012530803680
0.88999998569488525400 0.01327226962894201280
0.89999997615814209000 0.01367336977273225780
0.91000002622604370100 0.01407228969037532810
0.92000001668930053700 0.01448434032499790190
0.93000000715255737300 0.01488924026489257810
0.93999999761581420900 0.01528534013777971270
0.94999998807907104500 0.01569890044629573820
0.95999997854232788100 0.01611395925283432010
0.97000002861022949200 0.01652766019105911260
0.98000001907348632800 0.01694330014288425450
0.99000000953674316400 0.01736192032694816590
1.00000000000000000000 0.01775979064404964450
