-1.00000000000000000000 -0.00432638777419924736
-0.99000000953674316400 -0.00430083321407437325
-0.98000001907348632800 -0.00428725779056549072
-0.97000002861022949200 -0.00426206085830926895
-0.95999997854232788100 -0.00423202197998762131
-0.94999998807907104500 -0.00422628503292798996
-0.93999999761581420900 -0.00421221787109971047
-0.93000000715255737300 -0.00418744981288909912
-0.92000001668930053700 -0.00417894590646028519
-0.91000002622604370100 -0.00417140498757362366
-0.89999997615814209000 -0.00417057285085320473
-0.88999998569488525400 -0.00416511017829179764
-0.87999999523162841800 -0.00416356977075338364
-0.87000000476837158200 -0.00415628217160701752
-0.86000001430511474600 -0.00413787085562944412
-0.85000002384185791000 -0.00413087289780378342
-0.83999997377395629900 -0.00412452500313520432
-0.82999998331069946300 -0.00410623289644718170
-0.81999999284744262700 -0.00409155199304223061
-0.81000000238418579100 -0.00409238506108522415
-0.80000001192092895500 -0.00409040786325931549
-0.79000002145767211900 -0.00409240880981087685
-0.77999997138977050800 -0.00408993894234299660
-0.76999998092651367200 -0.00408723717555403710
-0.75999999046325683600 -0.00407018885016441345
-0.75000000000000000000 -0.00405974686145782471
-0.74000000953674316400 -0.00405752519145607948
-0.73000001907348632800 -0.00404451880604028702
-0.72000002861022949200 -0.00403298996388912201
-0.70999997854232788100 -0.00402740901336073876
-0.69999998807907104500 -0.00402803812175989151
-0.68999999761581420900 -0.00402844185009598732
-0.68000000715255737300 -0.00402841204777359963
-0.67000001668930053700 -0.00402616010978817940
-0.66000002622604370100 -0.00401426898315548897
-0.64999997615814209000 -0.00399703299626708031
-0.63999998569488525400 -0.00399653892964124680
-0.62999999523162841800 -0.00398714002221822739
-0.62000000476837158200 -0.00397194921970367432
-0.61000001430511474600 -0.00396541412919759750
-0.60000002384185791000 -0.00396683206781744957
-0.58999997377395629900 -0.00396873010322451592
-0.57999998331069946300 -0.00396698899567127228
-0.56999999284744262700 -0.00397041812539100647
-0.56000000238418579100 -0.00395652418956160545
-0.55000001192092895500 -0.00393676897510886192
-0.54000002145767211900 -0.00394078902900218964
-0.52999997138977050800 -0.00393392192199826241
-0.51999998092651367200 -0.00391077296808362007
-0.50999999046325683600 -0.00390944490209221840
-0.50000000000000000000 -0.00390878878533840180
-0.49000000953674316400 -0.00390567793510854244
-0.47999998927116394000 -0.00391064910218119621
-0.46999999880790710400 -0.00391191709786653519
-0.46000000834465026800 -0.00389821291901171208
-0.44999998807907104500 -0.00388420303352177143
-0.43999999761581420900 -0.00388249801471829414
-0.43000000715255737300 -0.00387204997241497040
-0.41999998688697814900 -0.00385716790333390236
-0.40999999642372131300 -0.00385299208573997021
-0.40000000596046447700 -0.00384598807431757450
-0.38999998569488525400 -0.00384889193810522556
-0.37999999523162841800 -0.00385032198391854763
-0.37000000476837158200 -0.00384475500322878361
-0.36000001430511474600 -0.00384039594791829586
-0.34999999403953552200 -0.00382770295254886150
-0.34000000357627868600 -0.00381423300132155419
-0.33000001311302185100 -0.00381412799470126629
-0.31999999284744262700 -0.00380170089192688465
-0.31000000238418579100 -0.00378226907923817635
-0.30000001192092895500 -0.00378307909704744816
-0.28999999165534973100 -0.00378422392532229424
-0.28000000119209289500 -0.00378081505186855793
-0.27000001072883606000 -0.00378079991787672043
-0.25999999046325683600 -0.00378045788966119290
-0.25000000000000000000 -0.00376197393052279949
-0.23999999463558197000 -0.00374729698523879051
-0.23000000417232513400 -0.00374959688633680344
-0.21999999880790710400 -0.00373407895676791668
-0.20999999344348907500 -0.00372034101746976376
-0.20000000298023223900 -0.00371556193567812443
-0.18999999761581420900 -0.00371004408225417137
-0.18000000715255737300 -0.00371020403690636158
-0.17000000178813934300 -0.00370848202146589756
-0.15999999642372131300 -0.00370429106988012791
-0.15000000596046447800 -0.00369382603093981743
-0.14000000059604644800 -0.00367429503239691258
-0.12999999523162841800 -0.00367073900997638702
-0.11999999731779098500 -0.00366091192699968815
-0.10999999940395355200 -0.00364115508273243904
-0.10000000149011611900 -0.00363196502439677715
-0.09000000357627868650 -0.00362901389598846436
-0.07999999821186065670 -0.00362784089520573616
-0.07000000029802322390 -0.00361997308209538460
-0.05999999865889549260 -0.00362011906690895558
-0.05000000074505805970 -0.00360610894858837128
-0.03999999910593032840 -0.00358754699118435383
-0.02999999932944774630 -0.00357930106110870838
-0.01999999955296516420 -0.00356832798570394516
-0.00999999977648258210 -0.00354950688779354096
0.00000000000000000000 -0.00353647302836179733
0.00999999977648258210 -0.00352658703923225403
0.01999999955296516420 -0.00352047500200569630
0.02999999932944774630 -0.00352009106427431107
0.03999999910593032840 -0.00350643298588693142
0.05000000074505805970 -0.00349902594462037087
0.05999999865889549260 -0.00348101300187408924
0.07000000029802322390 -0.00345645099878311157
0.07999999821186065670 -0.00345095410011708737
0.09000000357627868650 -0.00343515607528388500
0.10000000149011611900 -0.00340797798708081246
0.10999999940395355200 -0.00339675205759704113
0.11999999731779098500 -0.00338739692233502865
0.12999999523162841800 -0.00337300496175885201
0.14000000059604644800 -0.00336167006753385067
0.15000000596046447800 -0.00334839709103107452
0.15999999642372131300 -0.00332405092194676399
0.17000000178813934300 -0.00329518411308526993
0.18000000715255737300 -0.00328301708213984966
0.18999999761581420900 -0.00325744692236185074
0.20000000298023223900 -0.00322421500459313393
0.20999999344348907500 -0.00320194009691476822
0.21999999880790710400 -0.00317981303669512272
0.23000000417232513400 -0.00316102197393774986
0.23999999463558197000 -0.00313668488524854183
0.25000000000000000000 -0.00311427004635334015
0.25999999046325683600 -0.00307871797122061253
0.27000001072883606000 -0.00303760496899485588
0.28000000119209289500 -0.00300708808936178684
0.28999999165534973100 -0.00296932295896112919
0.30000001192092895500 -0.00292337895371019840
0.31000000238418579100 -0.00288052600808441639
0.31999999284744262700 -0.00283956294879317284
0.33000001311302185100 -0.00279553397558629513
0.34000000357627868600 -0.00274992710910737515
0.34999999403953552200 -0.00269707106053829193
0.36000001430511474600 -0.00264157098717987537
0.37000000476837158200 -0.00257570995017886162
0.37999999523162841800 -0.00250575598329305649
0.38999998569488525400 -0.00243767397478222847
0.40000000596046447700 -0.00236014695838093758
0.40999999642372131300 -0.00227629300206899643
0.41999998688697814900 -0.00219156988896429539
0.43000000715255737300 -0.00210512196645140648
0.43999999761581420900 -0.00201042299158871174
0.44999998807907104500 -0.00190878496505320072
0.46000000834465026800 -0.00180201197508722544
0.46999999880790710400 -0.00168349302839487791
0.47999998927116394000 -0.00155851303134113550
0.49000000953674316400 -0.00143329601269215345
0.50000000000000000000 -0.00129696005024015904
0.50999999046325683600 -0.00115235603880137205
0.51999998092651367200 -0.00100701395422220230
0.52999997138977050800 -0.00087838998297229409
0.54000002145767211900 -0.00070804439019411802
0.55000001192092895500 -0.00053980958182364702
0.56000000238418579100 -0.00036802430986426771
0.56999999284744262700 -0.00019242129928898066
0.57999998331069946300 -0.00002874737037927844
0.58999997377395629900 0.00014438820653595030
0.60000002384185791000 0.00033877629903145134
0.61000001430511474600 0.00053369801025837660
0.62000000476837158200 0.00073090032674372196
0.62999999523162841800 0.00092942622723057866
0.63999998569488525400 0.00111211999319493771
0.64999997615814209000 0.00131851295009255409
0.66000002622604370100 0.00152238504961133003
0.67000001668930053700 0.00172700604889541864
0.68000000715255737300 0.00193027104251086712
0.68999999761581420900 0.00213190307840704918
0.69999998807907104500 0.00233145500533282757
0.70999997854232788100 0.00253329100087285042
0.72000002861022949200 0.00273081799969077110
0.73000001907348632800 0.00292598898522555828
0.74000000953674316400 0.00312202703207731247
0.75000000000000000000 0.00331726297736167908
0.75999999046325683600 0.00351292593404650688
0.76999998092651367200 0.00370392389595508576
0.77999997138977050800 0.00389619404450058937
0.79000002145767211900 0.00408150302246212959
0.80000001192092895500 0.00426032394170761109
0.81000000238418579100 0.00444697309285402298
0.81999999284744262700 0.00462909601628780365
0.82999998331069946300 0.00480286218225955963
0.83999997377395629900 0.00498077506199479103
0.85000002384185791000 0.00516051379963755608
0.86000001430511474600 0.00533873494714498520
0.87000000476837158200 0.00551568297669291496
0.87999999523162841800 0.00569227384403347969
0.88999998569488525400 0.00585957989096641541
0.89999997615814209000 0.00602106889709830284
0.91000002622604370100 0.00619381992146372795
0.92000001668930053700 0.00635563116520643234
0.93000000715255737300 0.00651070708408951760
0.93999999761581420900 0.00667427107691764832
0.94999998807907104500 0.00683810701593756676
0.95999997854232788100 0.00700352480635046959
0.97000002861022949200 0.00716853607445955277
0.98000001907348632800 0.00733025697991251946
0.99000000953674316400 0.00748623814433813095
1.00000000000000000000 0.00763481622561812401
