-1.00000000000000000000 -0.02848175913095474240
-0.99000000953674316400 -0.02454366907477378850
-0.98000001907348632800 -0.01540936995297670360
-0.97000002861022949200 -0.01446816977113485340
-0.95999997854232788100 -0.01476875972002744670
-0.94999998807907104500 -0.01461767964065074920
-0.93999999761581420900 -0.01445368025451898580
-0.93000000715255737300 -0.01420119963586330410
-0.92000001668930053700 -0.01390998996794223790
-0.91000002622604370100 -0.01370458025485277180
-0.89999997615814209000 -0.01345571968704462050
-0.88999998569488525400 -0.01319751981645822530
-0.87999999523162841800 -0.01300099026411771770
-0.87000000476837158200 -0.01276094000786542890
-0.86000001430511474600 -0.01259541045874357220
-0.85000002384185791000 -0.01241435017436742780
-0.83999997377395629900 -0.01223963033407926560
-0.82999998331069946300 -0.01204567961394786830
-0.81999999284744262700 -0.01184654980897903440
-0.81000000238418579100 -0.01164641045033931730
-0.80000001192092895500 -0.01150321029126644130
-0.79000002145767211900 -0.01135182008147239690
-0.77999997138977050800 -0.01117260009050369260
-0.76999998092651367200 -0.01100947987288236620
-0.75999999046325683600 -0.01086182985454797740
-0.75000000000000000000 -0.01072158012539148330
-0.74000000953674316400 -0.01058859005570411680
-0.73000001907348632800 -0.01049636956304311750
-0.72000002861022949200 -0.01030679978430271150
-0.70999997854232788100 -0.01018202025443315510
-0.69999998807907104500 -0.01000182982534170150
-0.68999999761581420900 -0.00990175735205411911
-0.68000000715255737300 -0.00974329467862844468
-0.67000001668930053700 -0.00967261288315057755
-0.66000002622604370100 -0.00951794628053903580
-0.64999997615814209000 -0.00937781482934951782
-0.63999998569488525400 -0.00925164390355348587
-0.62999999523162841800 -0.00914273504167795182
-0.62000000476837158200 -0.00903311371803283692
-0.61000001430511474600 -0.00894458312541246414
-0.60000002384185791000 -0.00882586929947137833
-0.58999997377395629900 -0.00869353488087654114
-0.57999998331069946300 -0.00859540142118930817
-0.56999999284744262700 -0.00847787410020828247
-0.56000000238418579100 -0.00836093537509441376
-0.55000001192092895500 -0.00826309528201818466
-0.54000002145767211900 -0.00816079601645469666
-0.52999997138977050800 -0.00806597527116537094
-0.51999998092651367200 -0.00799207016825675965
-0.50999999046325683600 -0.00789536628872156143
-0.50000000000000000000 -0.00779923098161816597
-0.49000000953674316400 -0.00770304817706346512
-0.47999998927116394000 -0.00759894819930195809
-0.46999999880790710400 -0.00750576704740524292
-0.46000000834465026800 -0.00742128910496830940
-0.44999998807907104500 -0.00731738004833459854
-0.43999999761581420900 -0.00723083689808845520
-0.43000000715255737300 -0.00716046197339892388
-0.41999998688697814900 -0.00708008510991930962
-0.40999999642372131300 -0.00699896598234772682
-0.40000000596046447700 -0.00693141110241413117
-0.38999998569488525400 -0.00683271978050470352
-0.37999999523162841800 -0.00673733279109001160
-0.37000000476837158200 -0.00668162107467651367
-0.36000001430511474600 -0.00659494800493121147
-0.34999999403953552200 -0.00650232704356312752
-0.34000000357627868600 -0.00644314289093017578
-0.33000001311302185100 -0.00637594005092978478
-0.31999999284744262700 -0.00631190696731209755
-0.31000000238418579100 -0.00626138597726821900
-0.30000001192092895500 -0.00619036797434091568
-0.28999999165534973100 -0.00611522002145648003
-0.28000000119209289500 -0.00604609120637178421
-0.27000001072883606000 -0.00598910404369235039
-0.25999999046325683600 -0.00592331588268280030
-0.25000000000000000000 -0.00585871282964944840
-0.23999999463558197000 -0.00579687114804983139
-0.23000000417232513400 -0.00574789196252822876
-0.21999999880790710400 -0.00571061298251152039
-0.20999999344348907500 -0.00565727381035685539
-0.20000000298023223900 -0.00561285810545086861
-0.18999999761581420900 -0.00555532285943627358
-0.18000000715255737300 -0.00548325199633836746
-0.17000000178813934300 -0.00545037677511572838
-0.15999999642372131300 -0.00540538597851991654
-0.15000000596046447800 -0.00533433491364121437
-0.14000000059604644800 -0.00529178511351346970
-0.12999999523162841800 -0.00526280887424945831
-0.11999999731779098500 -0.00521660177037119866
-0.10999999940395355200 -0.00518822018057107926
-0.10000000149011611900 -0.00515398290008306503
-0.09000000357627868650 -0.00509295705705881119
-0.07999999821186065670 -0.00504359276965260506
-0.07000000029802322390 -0.00501930620521306992
-0.05999999865889549260 -0.00496409786865115166
-0.05000000074505805970 -0.00491632521152496338
-0.03999999910593032840 -0.00488688983023166657
-0.02999999932944774630 -0.00484112510457634926
-0.01999999955296516420 -0.00482189795002341271
-0.00999999977648258210 -0.00479279318824410439
0.00000000000000000000 -0.00474165705963969231
0.00999999977648258210 -0.00469781085848808289
0.01999999955296516420 -0.00464498391374945641
0.02999999932944774630 -0.00460101012140512467
0.03999999910593032840 -0.00455962121486663818
0.05000000074505805970 -0.00450876588001847267
0.05999999865889549260 -0.00445146393030881882
0.07000000029802322390 -0.00441440893337130547
0.07999999821186065670 -0.00438217679038643837
0.09000000357627868650 -0.00433127302676439285
0.10000000149011611900 -0.00429748417809605599
0.10999999940395355200 -0.00423869583755731583
0.11999999731779098500 -0.00415950687602162361
0.12999999523162841800 -0.00411519501358270645
0.14000000059604644800 -0.00406189216300845146
0.15000000596046447800 -0.00398156419396400452
0.15999999642372131300 -0.00392986088991165161
0.17000000178813934300 -0.00387532496824860573
0.18000000715255737300 -0.00381485209800302982
0.18999999761581420900 -0.00376835488714277744
0.20000000298023223900 -0.00371980201452970505
0.20999999344348907500 -0.00363157992251217365
0.21999999880790710400 -0.00355887901969254017
0.23000000417232513400 -0.00350130908191204071
0.23999999463558197000 -0.00341467210091650486
0.25000000000000000000 -0.00333255203440785408
0.25999999046325683600 -0.00325907790102064610
0.27000001072883606000 -0.00317291589453816414
0.28000000119209289500 -0.00310892006382346153
0.28999999165534973100 -0.00304019311442971230
0.30000001192092895500 -0.00294669298455119133
0.31000000238418579100 -0.00285672908648848534
0.31999999284744262700 -0.00275086099281907082
0.33000001311302185100 -0.00264588696882128716
0.34000000357627868600 -0.00255373492836952210
0.34999999403953552200 -0.00244174711406230927
0.36000001430511474600 -0.00231116195209324360
0.37000000476837158200 -0.00220915395766496658
0.37999999523162841800 -0.00210557691752910614
0.38999998569488525400 -0.00196428690105676651
0.40000000596046447700 -0.00184659496881067753
0.40999999642372131300 -0.00171508605126291514
0.41999998688697814900 -0.00155359203927218914
0.43000000715255737300 -0.00143348902929574251
0.43999999761581420900 -0.00129245105199515820
0.44999998807907104500 -0.00112059398088604212
0.46000000834465026800 -0.00102119694929569960
0.46999999880790710400 -0.00076752831228077412
0.47999998927116394000 -0.00060496618971228600
0.49000000953674316400 -0.00042313241283409297
0.50000000000000000000 -0.00023037279606796801
0.50999999046325683600 0.00002677777956705540
0.51999998092651367200 0.00006651256262557581
0.52999997138977050800 0.00023313269775826484
0.54000002145767211900 0.00042305688839405775
0.55000001192092895500 0.00059722951846197248
0.56000000238418579100 0.00078944972483441234
0.56999999284744262700 0.00100662594195455313
0.57999998331069946300 0.00125398603267967701
0.58999997377395629900 0.00148543494287878275
0.60000002384185791000 0.00173648598138242960
0.61000001430511474600 0.00199912791140377522
0.62000000476837158200 0.00228214100934565067
0.62999999523162841800 0.00259263510815799236
0.63999998569488525400 0.00288206711411476135
0.64999997615814209000 0.00327740889042615891
0.66000002622604370100 0.00365228811278939247
0.67000001668930053700 0.00406249798834323883
0.68000000715255737300 0.00446276878938078880
0.68999999761581420900 0.00487703690305352211
0.69999998807907104500 0.00530651817098259926
0.70999997854232788100 0.00576127786189317703
0.72000002861022949200 0.00612989580258727074
0.73000001907348632800 0.00665764091536402703
0.74000000953674316400 0.00726449722424149514
0.75000000000000000000 0.00798331666737794876
0.75999999046325683600 0.00860694423317909241
0.76999998092651367200 0.00914755556732416153
0.77999997138977050800 0.00944154243916273117
0.79000002145767211900 0.01029597036540508270
0.80000001192092895500 0.01068895962089300160
0.81000000238418579100 0.01186862029135227200
0.81999999284744262700 0.01170395035296678540
0.82999998331069946300 0.01098848041146993640
0.83999997377395629900 0.01142237987369298940
0.85000002384185791000 0.01148703973740339280
0.86000001430511474600 0.01296462956815958020
0.87000000476837158200 0.01192275993525981900
0.87999999523162841800 0.01246346998959779740
0.88999998569488525400 0.01741785928606987000
0.89999997615814209000 0.02156228944659233090
0.91000002622604370100 0.01483429968357086180
0.92000001668930053700 0.01376125961542129520
0.93000000715255737300 0.00879148021340370178
0.93999999761581420900 0.00893978495150804520
0.94999998807907104500 0.00903448555618524552
0.95999997854232788100 0.00921608880162239075
0.97000002861022949200 0.00891986023634672165
0.98000001907348632800 0.00905452203005552292
0.99000000953674316400 0.00928754080086946488
1.00000000000000000000 0.00947170332074165345
