-1.00000000000000000000 -0.00466190511360764504
-0.99000000953674316400 -0.00465455418452620506
-0.98000001907348632800 -0.00465717818588018418
-0.97000002861022949200 -0.00464172521606087685
-0.95999997854232788100 -0.00462883384898304939
-0.94999998807907104500 -0.00463913613930344582
-0.93999999761581420900 -0.00462345778942108154
-0.93000000715255737300 -0.00460328999906778336
-0.92000001668930053700 -0.00461753504350781441
-0.91000002622604370100 -0.00462675513699650765
-0.89999997615814209000 -0.00462011480703949928
-0.88999998569488525400 -0.00463616522029042244
-0.87999999523162841800 -0.00463211908936500549
-0.87000000476837158200 -0.00460327602922916412
-0.86000001430511474600 -0.00460941018536686897
-0.85000002384185791000 -0.00461482303217053414
-0.83999997377395629900 -0.00458995904773473740
-0.82999998331069946300 -0.00459461100399494171
-0.81999999284744262700 -0.00459897518157958985
-0.81000000238418579100 -0.00459258677437901497
-0.80000001192092895500 -0.00461504980921745300
-0.79000002145767211900 -0.00461673084646463394
-0.77999997138977050800 -0.00460607605054974556
-0.76999998092651367200 -0.00460580596700310707
-0.75999999046325683600 -0.00459551811218261719
-0.75000000000000000000 -0.00459359213709831238
-0.74000000953674316400 -0.00459652487188577652
-0.73000001907348632800 -0.00458385283127427101
-0.72000002861022949200 -0.00457338010892271996
-0.70999997854232788100 -0.00459256302565336228
-0.69999998807907104500 -0.00459783710539340973
-0.68999999761581420900 -0.00459038605913519859
-0.68000000715255737300 -0.00459769414737820625
-0.67000001668930053700 -0.00458787987008690834
-0.66000002622604370100 -0.00456382613629102707
-0.64999997615814209000 -0.00458147889003157616
-0.63999998569488525400 -0.00457094097509980202
-0.62999999523162841800 -0.00454903021454811096
-0.62000000476837158200 -0.00455907313153147698
-0.61000001430511474600 -0.00456088921055197716
-0.60000002384185791000 -0.00456339400261640549
-0.58999997377395629900 -0.00457522319629788399
-0.57999998331069946300 -0.00457875197753310204
-0.56999999284744262700 -0.00455259718000888825
-0.56000000238418579100 -0.00455135200172662735
-0.55000001192092895500 -0.00455968594178557396
-0.54000002145767211900 -0.00454436009749770165
-0.52999997138977050800 -0.00453996099531650543
-0.51999998092651367200 -0.00453914981335401535
-0.50999999046325683600 -0.00453529506921768189
-0.50000000000000000000 -0.00455487612634897232
-0.49000000953674316400 -0.00456168781965970993
-0.47999998927116394000 -0.00455217808485031128
-0.46999999880790710400 -0.00454712985083460808
-0.46000000834465026800 -0.00453871395438909531
-0.44999998807907104500 -0.00453392090275883675
-0.43999999761581420900 -0.00453291693702340126
-0.43000000715255737300 -0.00452505797147750855
-0.41999998688697814900 -0.00451318221166729927
-0.40999999642372131300 -0.00452215783298015595
-0.40000000596046447700 -0.00453301891684532166
-0.38999998569488525400 -0.00452307099476456642
-0.37999999523162841800 -0.00453159306198358536
-0.37000000476837158200 -0.00452164281159639359
-0.36000001430511474600 -0.00449329707771539688
-0.34999999403953552200 -0.00450906902551651001
-0.34000000357627868600 -0.00450420984998345375
-0.33000001311302185100 -0.00447389110922813416
-0.31999999284744262700 -0.00448151119053363800
-0.31000000238418579100 -0.00448762113228440285
-0.30000001192092895500 -0.00448269583284854889
-0.28999999165534973100 -0.00449964497238397598
-0.28000000119209289500 -0.00450119283050298691
-0.27000001072883606000 -0.00447498308494687081
-0.25999999046325683600 -0.00447274511680006981
-0.25000000000000000000 -0.00448040384799242020
-0.23999999463558197000 -0.00445921998471021652
-0.23000000417232513400 -0.00445926003158092499
-0.21999999880790710400 -0.00446102581918239594
-0.20999999344348907500 -0.00445289304479956627
-0.20000000298023223900 -0.00447730114683508873
-0.18999999761581420900 -0.00447573792189359665
-0.18000000715255737300 -0.00446716090664267540
-0.17000000178813934300 -0.00446245586499571800
-0.15999999642372131300 -0.00444818381220102310
-0.15000000596046447800 -0.00444911699742078781
-0.14000000059604644800 -0.00444685714319348335
-0.12999999523162841800 -0.00443115597590804100
-0.11999999731779098500 -0.00442694220691919327
-0.10999999940395355200 -0.00444037606939673424
-0.10000000149011611900 -0.00443893996998667717
-0.09000000357627868650 -0.00444186199456453324
-0.07999999821186065670 -0.00443867780268192291
-0.07000000029802322390 -0.00441736308857798576
-0.05999999865889549260 -0.00440873904153704643
-0.05000000074505805970 -0.00441640894860029221
-0.03999999910593032840 -0.00439633522182703018
-0.02999999932944774630 -0.00438648695126175881
-0.01999999955296516420 -0.00439037103205919266
-0.00999999977648258210 -0.00438977219164371491
0.00000000000000000000 -0.00439473381265997887
0.00999999977648258210 -0.00439664395526051521
0.01999999955296516420 -0.00439506815746426582
0.02999999932944774630 -0.00437208404764533043
0.03999999910593032840 -0.00436507584527134895
0.05000000074505805970 -0.00436952477321028710
0.05999999865889549260 -0.00435276888310909271
0.07000000029802322390 -0.00434158509597182274
0.07999999821186065670 -0.00433602603152394295
0.09000000357627868650 -0.00433571077883243561
0.10000000149011611900 -0.00434363493695855141
0.10999999940395355200 -0.00433952221646904946
0.11999999731779098500 -0.00432817498221993446
0.12999999523162841800 -0.00431367522105574608
0.14000000059604644800 -0.00429314794018864632
0.15000000596046447800 -0.00428752414882183075
0.15999999642372131300 -0.00427826307713985443
0.17000000178813934300 -0.00425589177757501602
0.18000000715255737300 -0.00424347491934895516
0.18999999761581420900 -0.00424906611442565918
0.20000000298023223900 -0.00424276292324066162
0.20999999344348907500 -0.00423040287569165230
0.21999999880790710400 -0.00423367414623498917
0.23000000417232513400 -0.00420625181868672371
0.23999999463558197000 -0.00418130820617079735
0.25000000000000000000 -0.00418647704645991326
0.25999999046325683600 -0.00416448991745710373
0.27000001072883606000 -0.00413379119709134102
0.28000000119209289500 -0.00413620378822088242
0.28999999165534973100 -0.00412767985835671425
0.30000001192092895500 -0.00411887792870402336
0.31000000238418579100 -0.00412340508773922920
0.31999999284744262700 -0.00410044193267822266
0.33000001311302185100 -0.00407393509522080422
0.34000000357627868600 -0.00406078388914465904
0.34999999403953552200 -0.00404237397015094757
0.36000001430511474600 -0.00402057077735662460
0.37000000476837158200 -0.00399787677451968193
0.37999999523162841800 -0.00397742399945855141
0.38999998569488525400 -0.00396707002073526383
0.40000000596046447700 -0.00395897403359413147
0.40999999642372131300 -0.00393751077353954315
0.41999998688697814900 -0.00391468079760670662
0.43000000715255737300 -0.00387406698428094387
0.43999999761581420900 -0.00384136009961366654
0.44999998807907104500 -0.00381955201737582684
0.46000000834465026800 -0.00377716193906962872
0.46999999880790710400 -0.00373129593208432198
0.47999998927116394000 -0.00370017392560839653
0.49000000953674316400 -0.00366576295346021652
0.50000000000000000000 -0.00361622101627290249
0.50999999046325683600 -0.00357533898204565048
0.51999998092651367200 -0.00350946304388344288
0.52999997138977050800 -0.00342156691476702690
0.54000002145767211900 -0.00335024599917232990
0.55000001192092895500 -0.00326323905028402805
0.56000000238418579100 -0.00314738391898572445
0.56999999284744262700 -0.00303168711252510548
0.57999998331069946300 -0.00290836207568645477
0.58999997377395629900 -0.00275844288989901543
0.60000002384185791000 -0.00260968110524117947
0.61000001430511474600 -0.00243280106224119663
0.62000000476837158200 -0.00222156289964914322
0.62999999523162841800 -0.00199823407456278801
0.63999998569488525400 -0.00176488899160176516
0.64999997615814209000 -0.00150673498865216970
0.66000002622604370100 -0.00123712094500660896
0.67000001668930053700 -0.00096339528681710362
0.68000000715255737300 -0.00066796818282455206
0.68999999761581420900 -0.00036087821354158223
0.69999998807907104500 -0.00005567636981140822
0.70999997854232788100 0.00026006941334344447
0.72000002861022949200 0.00057658372679725289
0.73000001907348632800 0.00089542899513617158
0.74000000953674316400 0.00120273698121309280
0.75000000000000000000 0.00151514995377510786
0.75999999046325683600 0.00181066896766424179
0.76999998092651367200 0.00209494400769472122
0.77999997138977050800 0.00236721802502870560
0.79000002145767211900 0.00262328609824180603
0.80000001192092895500 0.00286248396150767803
0.81000000238418579100 0.00308679300360381603
0.81999999284744262700 0.00329713290557265282
0.82999998331069946300 0.00349184800870716572
0.83999997377395629900 0.00366873200982809067
0.85000002384185791000 0.00383207807317376137
0.86000001430511474600 0.00398609414696693421
0.87000000476837158200 0.00313631305471062660
0.87999999523162841800 0.00425418606027960777
0.88999998569488525400 0.00437846686691045761
0.89999997615814209000 0.00449639698490500450
0.91000002622604370100 0.00460944278165698052
0.92000001668930053700 0.00471561122685670853
0.93000000715255737300 0.00481636589393019676
0.93999999761581420900 0.00491274194791913033
0.94999998807907104500 0.00499957613646984100
0.95999997854232788100 0.00509286811575293541
0.97000002861022949200 0.00518375681713223458
0.98000001907348632800 0.00526675023138523102
0.99000000953674316400 0.00535108521580696106
1.00000000000000000000 0.00544043676927685738
