-1.00000000000000000000 -0.00545435678213834763
-0.99000000953674316400 -0.00543610099703073502
-0.98000001907348632800 -0.00542610604315996170
-0.97000002861022949200 -0.00542635796591639519
-0.95999997854232788100 -0.00543469190597534180
-0.94999998807907104500 -0.00544485403224825859
-0.93999999761581420900 -0.00544829806312918663
-0.93000000715255737300 -0.00544333318248391152
-0.92000001668930053700 -0.00542298890650272370
-0.91000002622604370100 -0.00541571201756596565
-0.89999997615814209000 -0.00541878119111061096
-0.88999998569488525400 -0.00540167419239878655
-0.87999999523162841800 -0.00538892112672328949
-0.87000000476837158200 -0.00539398100227117539
-0.86000001430511474600 -0.00539606809616088867
-0.85000002384185791000 -0.00540494918823242188
-0.83999997377395629900 -0.00541137810796499252
-0.82999998331069946300 -0.00540390983223915100
-0.81999999284744262700 -0.00538385612890124321
-0.81000000238418579100 -0.00538091594353318215
-0.80000001192092895500 -0.00537289818748831749
-0.79000002145767211900 -0.00536047993227839470
-0.77999997138977050800 -0.00535164494067430496
-0.76999998092651367200 -0.00534185301512479782
-0.75999999046325683600 -0.00534898415207862854
-0.75000000000000000000 -0.00536226108670234680
-0.74000000953674316400 -0.00535575719550251961
-0.73000001907348632800 -0.00535970693454146385
-0.72000002861022949200 -0.00534353591501712799
-0.70999997854232788100 -0.00532134203240275383
-0.69999998807907104500 -0.00533255701884627342
-0.68999999761581420900 -0.00532374298200011254
-0.68000000715255737300 -0.00529497116804122925
-0.67000001668930053700 -0.00529950018972158432
-0.66000002622604370100 -0.00531302299350500107
-0.64999997615814209000 -0.00530375912785530090
-0.63999998569488525400 -0.00531514501199126244
-0.62999999523162841800 -0.00531991617754101753
-0.62000000476837158200 -0.00528484210371971131
-0.61000001430511474600 -0.00528020178899168968
-0.60000002384185791000 -0.00528817204758524895
-0.58999997377395629900 -0.00525470497086644173
-0.57999998331069946300 -0.00525079900398850441
-0.56999999284744262700 -0.00525657786056399346
-0.56000000238418579100 -0.00524133816361427307
-0.55000001192092895500 -0.00525771919637918472
-0.54000002145767211900 -0.00526391202583909035
-0.52999997138977050800 -0.00524839386343955994
-0.51999998092651367200 -0.00523152481764554978
-0.50999999046325683600 -0.00522236200049519539
-0.50000000000000000000 -0.00521598802879452706
-0.49000000953674316400 -0.00520276091992855072
-0.47999998927116394000 -0.00518940482288599014
-0.46999999880790710400 -0.00517996819689869881
-0.46000000834465026800 -0.00519205490127205849
-0.44999998807907104500 -0.00519735692068934441
-0.43999999761581420900 -0.00519496295601129532
-0.43000000715255737300 -0.00518859690055251122
-0.41999998688697814900 -0.00517067592591047287
-0.40999999642372131300 -0.00515426089987158776
-0.40000000596046447700 -0.00515770819038152695
-0.38999998569488525400 -0.00513825984671711922
-0.37999999523162841800 -0.00511709693819284439
-0.37000000476837158200 -0.00511783082038164139
-0.36000001430511474600 -0.00512031000107526779
-0.34999999403953552200 -0.00512252887710928917
-0.34000000357627868600 -0.00511946110054850578
-0.33000001311302185100 -0.00511626899242401123
-0.31999999284744262700 -0.00508532719686627388
-0.31000000238418579100 -0.00507398601621389389
-0.30000001192092895500 -0.00506921019405126572
-0.28999999165534973100 -0.00504300883039832115
-0.28000000119209289500 -0.00502657378092408180
-0.27000001072883606000 -0.00502154882997274399
-0.25999999046325683600 -0.00501996278762817383
-0.25000000000000000000 -0.00502072321251034737
-0.23999999463558197000 -0.00501751992851495743
-0.23000000417232513400 -0.00500157102942466736
-0.21999999880790710400 -0.00497710704803466797
-0.20999999344348907500 -0.00495890108868479729
-0.20000000298023223900 -0.00494858389720320702
-0.18999999761581420900 -0.00492968317121267319
-0.18000000715255737300 -0.00490316981449723244
-0.17000000178813934300 -0.00489676510915160179
-0.15999999642372131300 -0.00489387102425098419
-0.15000000596046447800 -0.00488714082166552544
-0.14000000059604644800 -0.00487556401640176773
-0.12999999523162841800 -0.00486479094251990318
-0.11999999731779098500 -0.00482475478202104569
-0.10999999940395355200 -0.00480942102149128914
-0.10000000149011611900 -0.00480131106451153755
-0.09000000357627868650 -0.00476278783753514290
-0.07999999821186065670 -0.00474208313971757889
-0.07000000029802322390 -0.00472371000796556473
-0.05999999865889549260 -0.00470303697511553764
-0.05000000074505805970 -0.00469583319500088692
-0.03999999910593032840 -0.00468290597200393677
-0.02999999932944774630 -0.00464224908500909805
-0.01999999955296516420 -0.00460876617580652237
-0.00999999977648258210 -0.00457925116643309593
0.00000000000000000000 -0.00454623810946941376
0.00999999977648258210 -0.00451978715136647225
0.01999999955296516420 -0.00447706598788499832
0.02999999932944774630 -0.00444311881437897682
0.03999999910593032840 -0.00441365921869874001
0.05000000074505805970 -0.00438907090574502945
0.05999999865889549260 -0.00435399217531085014
0.07000000029802322390 -0.00432235701009631157
0.07999999821186065670 -0.00427450798451900482
0.09000000357627868650 -0.00421219784766435623
0.10000000149011611900 -0.00417900318279862404
0.10999999940395355200 -0.00413435697555541992
0.11999999731779098500 -0.00406686402857303620
0.12999999523162841800 -0.00402366183698177338
0.14000000059604644800 -0.00398158887401223183
0.15000000596046447800 -0.00392799219116568566
0.15999999642372131300 -0.00388222699984908104
0.17000000178813934300 -0.00383332790806889534
0.18000000715255737300 -0.00375859509222209454
0.18999999761581420900 -0.00368873006664216519
0.20000000298023223900 -0.00363526400178670883
0.20999999344348907500 -0.00356016610749065876
0.21999999880790710400 -0.00348665704950690270
0.23000000417232513400 -0.00342452200129628182
0.23999999463558197000 -0.00334975589066743851
0.25000000000000000000 -0.00329130189493298531
0.25999999046325683600 -0.00322404503822326660
0.27000001072883606000 -0.00314584397710859776
0.28000000119209289500 -0.00306859100237488747
0.28999999165534973100 -0.00298289000056684017
0.30000001192092895500 -0.00290386890992522240
0.31000000238418579100 -0.00282886810600757599
0.31999999284744262700 -0.00274189701303839684
0.33000001311302185100 -0.00265382206998765469
0.34000000357627868600 -0.00258170301094651222
0.34999999403953552200 -0.00250732898712158203
0.36000001430511474600 -0.00242373300716280937
0.37000000476837158200 -0.00234710192307829857
0.37999999523162841800 -0.00226200604811310768
0.38999998569488525400 -0.00216695899143815041
0.40000000596046447700 -0.00209322897717356682
0.40999999642372131300 -0.00201217690482735634
0.41999998688697814900 -0.00192043604329228401
0.43000000715255737300 -0.00184533302672207356
0.43999999761581420900 -0.00176834105513989925
0.44999998807907104500 -0.00169035000726580620
0.46000000834465026800 -0.00161608704365789890
0.46999999880790710400 -0.00154209195170551539
0.47999998927116394000 -0.00146006396971642971
0.49000000953674316400 -0.00138339796103537083
0.50000000000000000000 -0.00131453701760619879
0.50999999046325683600 -0.00124087894801050425
0.51999998092651367200 -0.00116788200102746487
0.52999997138977050800 -0.00110131700057536364
0.54000002145767211900 -0.00103492394555360079
0.55000001192092895500 -0.00103414105251431465
0.56000000238418579100 -0.00094752997392788529
0.56999999284744262700 -0.00087641022400930524
0.57999998331069946300 -0.00081291317474097014
0.58999997377395629900 -0.00075244478648528457
0.60000002384185791000 -0.00069334189174696803
0.61000001430511474600 -0.00063649291405454278
0.62000000476837158200 -0.00058037997223436832
0.62999999523162841800 -0.00052650208817794919
0.63999998569488525400 -0.00047658951370976865
0.64999997615814209000 -0.00042750689317472279
0.66000002622604370100 -0.00037917541339993477
0.67000001668930053700 -0.00033443269785493612
0.68000000715255737300 -0.00029238499701023102
0.68999999761581420900 -0.00025028130039572716
0.69999998807907104500 -0.00020977089297957718
0.70999997854232788100 -0.00016980239888653159
0.72000002861022949200 -0.00012912669626530260
0.73000001907348632800 -0.00009271683666156605
0.74000000953674316400 -0.00005326702012098394
0.75000000000000000000 -0.00001394208993588109
0.75999999046325683600 0.00002341145045647863
0.76999998092651367200 0.00006370651681208983
0.77999997138977050800 0.00010387280053691939
0.79000002145767211900 0.00014823110541328788
0.80000001192092895500 0.00019028459792025387
0.81000000238418579100 0.00023361100465990603
0.81999999284744262700 0.00027855150983668864
0.82999998331069946300 0.00032509281300008297
0.83999997377395629900 0.00037388078635558486
0.85000002384185791000 0.00042465550359338522
0.86000001430511474600 0.00047705139149911702
0.87000000476837158200 0.00053195009240880609
0.87999999523162841800 0.00058912241365760565
0.88999998569488525400 0.00064766872674226761
0.89999997615814209000 0.00070863967994228005
0.91000002622604370100 0.00077187840361148119
0.92000001668930053700 0.00083637831266969442
0.93000000715255737300 0.00090366939548403025
0.93999999761581420900 0.00097225827630609274
0.94999998807907104500 0.00104088999796658754
0.95999997854232788100 0.00112163799349218607
0.97000002861022949200 0.00119145994540303946
0.98000001907348632800 0.00126303103752434254
0.99000000953674316400 0.00133526802528649569
1.00000000000000000000 0.00140742701478302479
