-1.00000000000000000000 -0.00494673103094100952
-0.99000000953674316400 -0.00494386907666921616
-0.98000001907348632800 -0.00494706816971302033
-0.97000002861022949200 -0.00496986787766218186
-0.95999997854232788100 -0.00496493093669414520
-0.94999998807907104500 -0.00496560288593173027
-0.93999999761581420900 -0.00496354699134826660
-0.93000000715255737300 -0.00494425510987639427
-0.92000001668930053700 -0.00494661787524819374
-0.91000002622604370100 -0.00495337322354316712
-0.89999997615814209000 -0.00493127480149269104
-0.88999998569488525400 -0.00492901401594281197
-0.87999999523162841800 -0.00494807818904519081
-0.87000000476837158200 -0.00494934013113379479
-0.86000001430511474600 -0.00494910404086112976
-0.85000002384185791000 -0.00496021006256341934
-0.83999997377395629900 -0.00494729401543736458
-0.82999998331069946300 -0.00491908099502325058
-0.81999999284744262700 -0.00494239991530776024
-0.81000000238418579100 -0.00493744108825922012
-0.80000001192092895500 -0.00490878894925117493
-0.79000002145767211900 -0.00492339720949530602
-0.77999997138977050800 -0.00492751086130738259
-0.76999998092651367200 -0.00492387916892766953
-0.75999999046325683600 -0.00494452100247144699
-0.75000000000000000000 -0.00495204702019691467
-0.74000000953674316400 -0.00493037700653076172
-0.73000001907348632800 -0.00492499815300107002
-0.72000002861022949200 -0.00493767019361257553
-0.70999997854232788100 -0.00492251012474298477
-0.69999998807907104500 -0.00491443416103720665
-0.68999999761581420900 -0.00491678994148969650
-0.68000000715255737300 -0.00491116521880030632
-0.67000001668930053700 -0.00492933299392461777
-0.66000002622604370100 -0.00493695307523012161
-0.64999997615814209000 -0.00493347179144620896
-0.63999998569488525400 -0.00492889713495969772
-0.62999999523162841800 -0.00490959500893950462
-0.62000000476837158200 -0.00491019710898399353
-0.61000001430511474600 -0.00491372216492891312
-0.60000002384185791000 -0.00489317905157804489
-0.58999997377395629900 -0.00488306907936930657
-0.57999998331069946300 -0.00490022823214530945
-0.56999999284744262700 -0.00490514282137155533
-0.56000000238418579100 -0.00490351999178528786
-0.55000001192092895500 -0.00492279184982180596
-0.54000002145767211900 -0.00490564899519085884
-0.52999997138977050800 -0.00487685110419988632
-0.51999998092651367200 -0.00490017281845211983
-0.50999999046325683600 -0.00489369779825210571
-0.50000000000000000000 -0.00486819818615913391
-0.49000000953674316400 -0.00488086696714162827
-0.47999998927116394000 -0.00488408980891108513
-0.46999999880790710400 -0.00488447584211826325
-0.46000000834465026800 -0.00490514980629086495
-0.44999998807907104500 -0.00491215707734227181
-0.43999999761581420900 -0.00489493785426020622
-0.43000000715255737300 -0.00488704582676291466
-0.41999998688697814900 -0.00489083305001258850
-0.40999999642372131300 -0.00488188304007053375
-0.40000000596046447700 -0.00487516401335597038
-0.38999998569488525400 -0.00487076118588447571
-0.37999999523162841800 -0.00486589502543210983
-0.37000000476837158200 -0.00488429004326462746
-0.36000001430511474600 -0.00488703185692429543
-0.34999999403953552200 -0.00488727400079369545
-0.34000000357627868600 -0.00488535221666097641
-0.33000001311302185100 -0.00485977390781044960
-0.31999999284744262700 -0.00486507592722773552
-0.31000000238418579100 -0.00487227598205208779
-0.30000001192092895500 -0.00484479777514934540
-0.28999999165534973100 -0.00483681121841073036
-0.28000000119209289500 -0.00485070515424013138
-0.27000001072883606000 -0.00484585715457797051
-0.25999999046325683600 -0.00485645886510610581
-0.25000000000000000000 -0.00487237190827727318
-0.23999999463558197000 -0.00484808906912803650
-0.23000000417232513400 -0.00483292480930685997
-0.21999999880790710400 -0.00484438799321651459
-0.20999999344348907500 -0.00483132712543010712
-0.20000000298023223900 -0.00481582898646593094
-0.18999999761581420900 -0.00482041295617818833
-0.18000000715255737300 -0.00481313094496726990
-0.17000000178813934300 -0.00482555618509650231
-0.15999999642372131300 -0.00483670597895979881
-0.15000000596046447800 -0.00482947891578078270
-0.14000000059604644800 -0.00482015078887343407
-0.12999999523162841800 -0.00480525614693760872
-0.11999999731779098500 -0.00479845516383647919
-0.10999999940395355200 -0.00480352807790040970
-0.10000000149011611900 -0.00478609278798103333
-0.09000000357627868650 -0.00476883305236697197
-0.07999999821186065670 -0.00476682884618639946
-0.07000000029802322390 -0.00477942498400807381
-0.05999999865889549260 -0.00477791996672749520
-0.05000000074505805970 -0.00478086480870842934
-0.03999999910593032840 -0.00477464497089385986
-0.02999999932944774630 -0.00473169516772031784
-0.01999999955296516420 -0.00474007800221443176
-0.00999999977648258210 -0.00473713781684637070
0.00000000000000000000 -0.00470748497173190117
0.00999999977648258210 -0.00470369588583707810
0.01999999955296516420 -0.00470119202509522438
0.02999999932944774630 -0.00469479383900761604
0.03999999910593032840 -0.00469187693670392037
0.05000000074505805970 -0.00469954404979944229
0.05999999865889549260 -0.00468313507735729218
0.07000000029802322390 -0.00466305203735828400
0.07999999821186065670 -0.00465334486216306687
0.09000000357627868650 -0.00463410513475537300
0.10000000149011611900 -0.00461984984576702118
0.10999999940395355200 -0.00460213096812367439
0.11999999731779098500 -0.00458338111639022827
0.12999999523162841800 -0.00457748211920261383
0.14000000059604644800 -0.00456227082759141922
0.15000000596046447800 -0.00454588979482650757
0.15999999642372131300 -0.00452202279120683670
0.17000000178813934300 -0.00447908090427517891
0.18000000715255737300 -0.00442553590983152390
0.18999999761581420900 -0.00440265098586678505
0.20000000298023223900 -0.00436201505362987518
0.20999999344348907500 -0.00430808681994676590
0.21999999880790710400 -0.00422345101833343506
0.23000000417232513400 -0.00418976088985800743
0.23999999463558197000 -0.00412974692881107330
0.25000000000000000000 -0.00395435281097888947
0.25999999046325683600 -0.00389483408071100712
0.27000001072883606000 -0.00379570596851408482
0.28000000119209289500 -0.00370743707753717899
0.28999999165534973100 -0.00350973196327686310
0.30000001192092895500 -0.00328736100345849991
0.31000000238418579100 -0.00309881102293729782
0.31999999284744262700 -0.00290836393833160400
0.33000001311302185100 -0.00269900099374353886
0.34000000357627868600 -0.00239530811086297035
0.34999999403953552200 -0.00224462593905627728
0.36000001430511474600 -0.00196052389219403267
0.37000000476837158200 -0.00165777804795652628
0.37999999523162841800 -0.00151591398753225803
0.38999998569488525400 -0.00104994897264987230
0.40000000596046447700 -0.00063543877331539989
0.40999999642372131300 -0.00039070719503797591
0.41999998688697814900 -0.00030779110966250300
0.43000000715255737300 0.00019326870096847415
0.43999999761581420900 0.00041033211164176464
0.44999998807907104500 0.00080444838386029005
0.46000000834465026800 0.00103579601272940636
0.46999999880790710400 0.00151192804332822561
0.47999998927116394000 0.00158761302009224892
0.49000000953674316400 0.00187649403233081102
0.50000000000000000000 0.00215605297125875950
0.50999999046325683600 0.00230847508646547794
0.51999998092651367200 0.00246967095881700516
0.52999997138977050800 0.00259407307021319866
0.54000002145767211900 0.00277191307395696640
0.55000001192092895500 0.00284570106305181980
0.56000000238418579100 0.00305658392608165741
0.56999999284744262700 0.00315933907404541969
0.57999998331069946300 0.00325443898327648640
0.58999997377395629900 0.00330232293345034123
0.60000002384185791000 0.00342385796830058098
0.61000001430511474600 0.00347076100297272205
0.62000000476837158200 0.00352185009978711605
0.62999999523162841800 0.00364676397293806076
0.63999998569488525400 0.00370237790048122406
0.64999997615814209000 0.00370661402121186257
0.66000002622604370100 0.00378159410320222378
0.67000001668930053700 0.00380975706502795220
0.68000000715255737300 0.00390567001886665821
0.68999999761581420900 0.00393885886296629906
0.69999998807907104500 0.00400427216663956642
0.70999997854232788100 0.00406556297093629837
0.72000002861022949200 0.00408795196563005448
0.73000001907348632800 0.00415811687707901001
0.74000000953674316400 0.00422150688245892525
0.75000000000000000000 0.00424615712836384773
0.75999999046325683600 0.00431332783773541451
0.76999998092651367200 0.00434820121154189110
0.77999997138977050800 0.00438965298235416412
0.79000002145767211900 0.00441767880693078041
0.80000001192092895500 0.00446490896865725517
0.81000000238418579100 0.00454184599220752716
0.81999999284744262700 0.00460354099050164223
0.82999998331069946300 0.00465227803215384484
0.83999997377395629900 0.00471042795106768608
0.85000002384185791000 0.00475984998047351837
0.86000001430511474600 0.00486101116985082626
0.87000000476837158200 0.00487486599013209343
0.87999999523162841800 0.00490261102095246315
0.88999998569488525400 0.00491568213328719139
0.89999997615814209000 0.00493287900462746620
0.91000002622604370100 0.00498464517295360565
0.92000001668930053700 0.00506388396024703980
0.93000000715255737300 0.00509985303506255150
0.93999999761581420900 0.00515361595898866654
0.94999998807907104500 0.00518069183453917504
0.95999997854232788100 0.00520531088113784790
0.97000002861022949200 0.00527878897264599800
0.98000001907348632800 0.00529127893969416619
0.99000000953674316400 0.00531908310949802399
1.00000000000000000000 0.00538358604535460472
