-1.00000000000000000000 -0.00001020546005747747
-0.99000000953674316400 -0.00000894064396561589
-0.98000001907348632800 -0.00000881073174241465
-0.97000002861022949200 -0.00000863469176692888
-0.95999997854232788100 -0.00000843286034069024
-0.94999998807907104500 -0.00000826765244710259
-0.93999999761581420900 -0.00000811302743386477
-0.93000000715255737300 -0.00000792830905993469
-0.92000001668930053700 -0.00000776465094531886
-0.91000002622604370100 -0.00000768335394241149
-0.89999997615814209000 -0.00000750189019527170
-0.88999998569488525400 -0.00000740815221433877
-0.87999999523162841800 -0.00000721954302207450
-0.87000000476837158200 -0.00000715589294486563
-0.86000001430511474600 -0.00000696887900630827
-0.85000002384185791000 -0.00000686536805005744
-0.83999997377395629900 -0.00000665184506942751
-0.82999998331069946300 -0.00000653168490316602
-0.81999999284744262700 -0.00000640624193692929
-0.81000000238418579100 -0.00000630694785286323
-0.80000001192092895500 -0.00000617663908997201
-0.79000002145767211900 -0.00000598827682551928
-0.77999997138977050800 -0.00000590894705965184
-0.76999998092651367200 -0.00000577623814024264
-0.75999999046325683600 -0.00000571907003177330
-0.75000000000000000000 -0.00000549753895029426
-0.74000000953674316400 -0.00000539101984031731
-0.73000001907348632800 -0.00000528288410350797
-0.72000002861022949200 -0.00000515922420163406
-0.70999997854232788100 -0.00000506374681208399
-0.69999998807907104500 -0.00000492847311761579
-0.68999999761581420900 -0.00000483956591779133
-0.68000000715255737300 -0.00000471305111204856
-0.67000001668930053700 -0.00000469174392492278
-0.66000002622604370100 -0.00000454365181212779
-0.64999997615814209000 -0.00000446846888735308
-0.63999998569488525400 -0.00000433328295912361
-0.62999999523162841800 -0.00000419690013586660
-0.62000000476837158200 -0.00000412824783779797
-0.61000001430511474600 -0.00000399800501327263
-0.60000002384185791000 -0.00000390661216442822
-0.58999997377395629900 -0.00000376296998183534
-0.57999998331069946300 -0.00000372657291336509
-0.56999999284744262700 -0.00000356010104951565
-0.56000000238418579100 -0.00000350027903550654
-0.55000001192092895500 -0.00000334346009367437
-0.54000002145767211900 -0.00000324388201988768
-0.52999997138977050800 -0.00000316150203616417
-0.51999998092651367200 -0.00000306265292238095
-0.50999999046325683600 -0.00000297515998681774
-0.50000000000000000000 -0.00000285019905277295
-0.49000000953674316400 -0.00000285088299278868
-0.47999998927116394000 -0.00000272709598903020
-0.46999999880790710400 -0.00000272311899607303
-0.46000000834465026800 -0.00000259668604485341
-0.44999998807907104500 -0.00000252282598012243
-0.43999999761581420900 -0.00000243955196310708
-0.43000000715255737300 -0.00000237326003116323
-0.41999998688697814900 -0.00000226761289923161
-0.40999999642372131300 -0.00000221165396396827
-0.40000000596046447700 -0.00000217449496631161
-0.38999998569488525400 -0.00000206886807063711
-0.37999999523162841800 -0.00000210819302992604
-0.37000000476837158200 -0.00000198798602468742
-0.36000001430511474600 -0.00000191812091543397
-0.34999999403953552200 -0.00000182315295660374
-0.34000000357627868600 -0.00000175293405391130
-0.33000001311302185100 -0.00000166177903793141
-0.31999999284744262700 -0.00000159120497755794
-0.31000000238418579100 -0.00000151398694470117
-0.30000001192092895500 -0.00000140100098633411
-0.28999999165534973100 -0.00000139191695325280
-0.28000000119209289500 -0.00000124838697956875
-0.27000001072883606000 -0.00000122076994557574
-0.25999999046325683600 -0.00000115277998702368
-0.25000000000000000000 -0.00000109716302176821
-0.23999999463558197000 -0.00000100352497156564
-0.23000000417232513400 -0.00000096898202173179
-0.21999999880790710400 -0.00000084329252558746
-0.20999999344348907500 -0.00000080853078543441
-0.20000000298023223900 -0.00000072174020715465
-0.18999999761581420900 -0.00000068107982542642
-0.18000000715255737300 -0.00000059727938150900
-0.17000000178813934300 -0.00000050462887202229
-0.15999999642372131300 -0.00000045848869945075
-0.15000000596046447800 -0.00000035477418691698
-0.14000000059604644800 -0.00000032570110874985
-0.12999999523162841800 -0.00000022334420179959
-0.11999999731779098500 -0.00000020208879902839
-0.10999999940395355200 -0.00000009869906847371
-0.10000000149011611900 -0.00000006606605040815
-0.09000000357627868650 0.00000003610740151316
-0.07999999821186065670 0.00000009278610235697
-0.07000000029802322390 0.00000013942100451914
-0.05999999865889549260 0.00000023459040221496
-0.05000000074505805970 0.00000026543318654149
-0.03999999910593032840 0.00000036259459079702
-0.02999999932944774630 0.00000038738409102734
-0.01999999955296516420 0.00000049066022711486
-0.00999999977648258210 0.00000051911041509811
0.00000000000000000000 0.00000062059717720331
0.00999999977648258210 0.00000066875611537398
0.01999999955296516420 0.00000073902589292629
0.02999999932944774630 0.00000082513389543237
0.03999999910593032840 0.00000087092320200099
0.05000000074505805970 0.00000096367807600473
0.05999999865889549260 0.00000099608496384462
0.07000000029802322390 0.00000104878904494399
0.07999999821186065670 0.00000113754401809274
0.09000000357627868650 0.00000118824596029299
0.10000000149011611900 0.00000129780300994753
0.10999999940395355200 0.00000133801802348898
0.11999999731779098500 0.00000144208297570003
0.12999999523162841800 0.00000149171796692826
0.14000000059604644800 0.00000160144895744452
0.15000000596046447800 0.00000165812798513798
0.15999999642372131300 0.00000178112100002181
0.17000000178813934300 0.00000184588498086669
0.18000000715255737300 0.00000190862397175806
0.18999999761581420900 0.00000199750002138899
0.20000000298023223900 0.00000203891909222875
0.20999999344348907500 0.00000216447210732440
0.21999999880790710400 0.00000221908499042911
0.23000000417232513400 0.00000235190304920252
0.23999999463558197000 0.00000239480095842737
0.25000000000000000000 0.00000251957908403710
0.25999999046325683600 0.00000259130410995567
0.27000001072883606000 0.00000267985797108850
0.28000000119209289500 0.00000279876303466153
0.28999999165534973100 0.00000285888199869078
0.30000001192092895500 0.00000298763188766316
0.31000000238418579100 0.00000306335891764320
0.31999999284744262700 0.00000318809088639682
0.33000001311302185100 0.00000324852294397715
0.34000000357627868600 0.00000339114603775670
0.34999999403953552200 0.00000346083493241167
0.36000001430511474600 0.00000360177409675089
0.37000000476837158200 0.00000369988197235216
0.37999999523162841800 0.00000379222501578624
0.38999998569488525400 0.00000394804419556749
0.40000000596046447700 0.00000402525620302185
0.40999999642372131300 0.00000415560180044849
0.41999998688697814900 0.00000423321398557164
0.43000000715255737300 0.00000439745190305985
0.43999999761581420900 0.00000446675312559819
0.44999998807907104500 0.00000462905381937162
0.46000000834465026800 0.00000471516977995634
0.46999999880790710400 0.00000482434506920981
0.47999998927116394000 0.00000496940492666909
0.49000000953674316400 0.00000516916315973504
0.50000000000000000000 0.00000529019098394201
0.50999999046325683600 0.00000536452716914937
0.51999998092651367200 0.00000551540779269999
0.52999997138977050800 0.00000553381596546387
0.54000002145767211900 0.00000575466083319043
0.55000001192092895500 0.00000586935584578896
0.56000000238418579100 0.00000593734694120940
0.56999999284744262700 0.00000606892308496754
0.57999998331069946300 0.00000622838615527144
0.58999997377395629900 0.00000631223883829080
0.60000002384185791000 0.00000640582720734528
0.61000001430511474600 0.00000661633112031268
0.62000000476837158200 0.00000662027196085546
0.62999999523162841800 0.00000685388022247935
0.63999998569488525400 0.00000691002196617774
0.64999997615814209000 0.00000715815485818894
0.66000002622604370100 0.00000721806190995267
0.67000001668930053700 0.00000737885420676321
0.68000000715255737300 0.00000749495711716008
0.68999999761581420900 0.00000757399811845971
0.69999998807907104500 0.00000775901389715727
0.70999997854232788100 0.00000791726506577106
0.72000002861022949200 0.00000802239992481191
0.73000001907348632800 0.00000823032587504713
0.74000000953674316400 0.00000823816026240820
0.75000000000000000000 0.00000833625836094143
0.75999999046325683600 0.00000855412326927762
0.76999998092651367200 0.00000868229835759848
0.77999997138977050800 0.00000878778155311011
0.79000002145767211900 0.00000894454205990769
0.80000001192092895500 0.00000901340081327362
0.81000000238418579100 0.00000924235610000324
0.81999999284744262700 0.00000936171636567451
0.82999998331069946300 0.00000951539368543308
0.83999997377395629900 0.00000965077742876019
0.85000002384185791000 0.00000978710977506125
0.86000001430511474600 0.00000987441217148444
0.87000000476837158200 0.00001008883009490091
0.87999999523162841800 0.00001021542993839830
0.88999998569488525400 0.00001033223998092581
0.89999997615814209000 0.00001042396979755722
0.91000002622604370100 0.00001060660997609375
0.92000001668930053700 0.00001073755993274972
0.93000000715255737300 0.00001096997038985137
0.93999999761581420900 0.00001104008970287396
0.94999998807907104500 0.00001123795027524466
0.95999997854232788100 0.00001138809966505505
0.97000002861022949200 0.00001148734008893371
0.98000001907348632800 0.00001169850020232843
0.99000000953674316400 0.00001178188995254459
1.00000000000000000000 0.00001196444009110564
