-1.00000000000000000000 -0.00550646381452679634
-0.99000000953674316400 -0.00548137677833437920
-0.98000001907348632800 -0.00546181900426745415
-0.97000002861022949200 -0.00543368188664317131
-0.95999997854232788100 -0.00540586700662970543
-0.94999998807907104500 -0.00540259992703795433
-0.93999999761581420900 -0.00538154784590005875
-0.93000000715255737300 -0.00535406218841671944
-0.92000001668930053700 -0.00534873781725764275
-0.91000002622604370100 -0.00534955179318785668
-0.89999997615814209000 -0.00534542277455329895
-0.88999998569488525400 -0.00534076010808348656
-0.87999999523162841800 -0.00534140318632125855
-0.87000000476837158200 -0.00531572801992297173
-0.86000001430511474600 -0.00529335299506783486
-0.85000002384185791000 -0.00529825501143932343
-0.83999997377395629900 -0.00527845602482557297
-0.82999998331069946300 -0.00525584816932678223
-0.81999999284744262700 -0.00525329401716589928
-0.81000000238418579100 -0.00525167118757963181
-0.80000001192092895500 -0.00525339413434267044
-0.79000002145767211900 -0.00525861792266368866
-0.77999997138977050800 -0.00524900015443563461
-0.76999998092651367200 -0.00523128407076001167
-0.75999999046325683600 -0.00521573703736066818
-0.75000000000000000000 -0.00521383201703429222
-0.74000000953674316400 -0.00519678182899951935
-0.73000001907348632800 -0.00518254889175295830
-0.72000002861022949200 -0.00517592811957001686
-0.70999997854232788100 -0.00517674814909696579
-0.69999998807907104500 -0.00518388394266366959
-0.68999999761581420900 -0.00517646921798586846
-0.68000000715255737300 -0.00517802685499191284
-0.67000001668930053700 -0.00516471685841679573
-0.66000002622604370100 -0.00513948500156402588
-0.64999997615814209000 -0.00514171598479151726
-0.63999998569488525400 -0.00513336202129721642
-0.62999999523162841800 -0.00510806590318679810
-0.62000000476837158200 -0.00510495109483599663
-0.61000001430511474600 -0.00510946102440357208
-0.60000002384185791000 -0.00510572222992777825
-0.58999997377395629900 -0.00510478718206286431
-0.57999998331069946300 -0.00511469598859548569
-0.56999999284744262700 -0.00509414914995431900
-0.56000000238418579100 -0.00506438314914703369
-0.55000001192092895500 -0.00508068408817052841
-0.54000002145767211900 -0.00506386486813426018
-0.52999997138977050800 -0.00503459805622696877
-0.51999998092651367200 -0.00504119694232940674
-0.50999999046325683600 -0.00503552285954356194
-0.50000000000000000000 -0.00503647420555353165
-0.49000000953674316400 -0.00504455110058188439
-0.47999998927116394000 -0.00504329195246100426
-0.46999999880790710400 -0.00502315210178494454
-0.46000000834465026800 -0.00500852521508932114
-0.44999998807907104500 -0.00500916782766580582
-0.43999999761581420900 -0.00499119097366929054
-0.43000000715255737300 -0.00497762020677328110
-0.41999998688697814900 -0.00496890814974904061
-0.40999999642372131300 -0.00496536307036876679
-0.40000000596046447700 -0.00497483788058161736
-0.38999998569488525400 -0.00497243599966168404
-0.37999999523162841800 -0.00496682990342378616
-0.37000000476837158200 -0.00496324803680181503
-0.36000001430511474600 -0.00493379076942801476
-0.34999999403953552200 -0.00493261497467756272
-0.34000000357627868600 -0.00493058096617460251
-0.33000001311302185100 -0.00490489322692155838
-0.31999999284744262700 -0.00489594414830207825
-0.31000000238418579100 -0.00490368576720356941
-0.30000001192092895500 -0.00490382220596075058
-0.28999999165534973100 -0.00489918794482946396
-0.28000000119209289500 -0.00491152284666895867
-0.27000001072883606000 -0.00489031895995140076
-0.25999999046325683600 -0.00486278720200061798
-0.25000000000000000000 -0.00487438309937715531
-0.23999999463558197000 -0.00485906098037958145
-0.23000000417232513400 -0.00482852803543210030
-0.21999999880790710400 -0.00483285076916217804
-0.20999999344348907500 -0.00482941186055541039
-0.20000000298023223900 -0.00482566980645060539
-0.18999999761581420900 -0.00483670085668563843
-0.18000000715255737300 -0.00483550596982240677
-0.17000000178813934300 -0.00481614191085100174
-0.15999999642372131300 -0.00480086822062730789
-0.15000000596046447800 -0.00479940697550773621
-0.14000000059604644800 -0.00478379987180233002
-0.12999999523162841800 -0.00476726703345775604
-0.11999999731779098500 -0.00475941319018602371
-0.10999999940395355200 -0.00475071789696812630
-0.10000000149011611900 -0.00476090796291828156
-0.09000000357627868650 -0.00475677289068698883
-0.07999999821186065670 -0.00475517893210053444
-0.07000000029802322390 -0.00474760308861732483
-0.05999999865889549260 -0.00471916515380144119
-0.05000000074505805970 -0.00471261423081159592
-0.03999999910593032840 -0.00471152784302830696
-0.02999999932944774630 -0.00468682404607534409
-0.01999999955296516420 -0.00467348098754882813
-0.00999999977648258210 -0.00467880815267562866
0.00000000000000000000 -0.00467287190258502960
0.00999999977648258210 -0.00466991309076547623
0.01999999955296516420 -0.00466986699029803276
0.02999999932944774630 -0.00466117402538657189
0.03999999910593032840 -0.00463658804073929787
0.05000000074505805970 -0.00462954211980104447
0.05999999865889549260 -0.00462108990177512169
0.07000000029802322390 -0.00460141897201538086
0.07999999821186065670 -0.00458924006670713425
0.09000000357627868650 -0.00457983883097767830
0.10000000149011611900 -0.00457677105441689491
0.10999999940395355200 -0.00457794498652219772
0.11999999731779098500 -0.00457071699202060700
0.12999999523162841800 -0.00456046499311923981
0.14000000059604644800 -0.00454711122438311577
0.15000000596046447800 -0.00452403398230671883
0.15999999642372131300 -0.00451452005654573441
0.17000000178813934300 -0.00450568180531263352
0.18000000715255737300 -0.00447562709450721741
0.18999999761581420900 -0.00446746498346328736
0.20000000298023223900 -0.00446659279987215996
0.20999999344348907500 -0.00445806281641125679
0.21999999880790710400 -0.00444540008902549744
0.23000000417232513400 -0.00444362312555313110
0.23999999463558197000 -0.00441508088260889054
0.25000000000000000000 -0.00438572606071829796
0.25999999046325683600 -0.00438388483598828316
0.27000001072883606000 -0.00435813795775175095
0.28000000119209289500 -0.00433011399582028389
0.28999999165534973100 -0.00431783776730298996
0.30000001192092895500 -0.00429989490658044815
0.31000000238418579100 -0.00428518513217568398
0.31999999284744262700 -0.00427382905036211014
0.33000001311302185100 -0.00424801697954535484
0.34000000357627868600 -0.00421282090246677399
0.34999999403953552200 -0.00417602201923727989
0.36000001430511474600 -0.00414476217702031136
0.37000000476837158200 -0.00410393904894590378
0.37999999523162841800 -0.00405447278171777725
0.38999998569488525400 -0.00400687009096145630
0.40000000596046447700 -0.00395911000669002533
0.40999999642372131300 -0.00391254480928182602
0.41999998688697814900 -0.00384662090800702572
0.43000000715255737300 -0.00377707392908632755
0.43999999761581420900 -0.00368773005902767182
0.44999998807907104500 -0.00357915507629513741
0.46000000834465026800 -0.00348008004948496819
0.46999999880790710400 -0.00336352898739278317
0.47999998927116394000 -0.00322171603329479694
0.49000000953674316400 -0.00308182090520858765
0.50000000000000000000 -0.00293321791104972363
0.50999999046325683600 -0.00276235700584948063
0.51999998092651367200 -0.00258250208571553230
0.52999997138977050800 -0.00238773599267005920
0.54000002145767211900 -0.00216756109148263931
0.55000001192092895500 -0.00193214602768421173
0.56000000238418579100 -0.00169477402232587338
0.56999999284744262700 -0.00143473094794899225
0.57999998331069946300 -0.00115946098230779171
0.58999997377395629900 -0.00090255658142268658
0.60000002384185791000 -0.00060233689146116376
0.61000001430511474600 -0.00029005779651924968
0.62000000476837158200 0.00000555258111489820
0.62999999523162841800 0.00031430379021912813
0.63999998569488525400 0.00065704568987712264
0.64999997615814209000 0.00100482197012752295
0.66000002622604370100 0.00133416499011218548
0.67000001668930053700 0.00169295596424490213
0.68000000715255737300 0.00204986007884144783
0.68999999761581420900 0.00240811705589294434
0.69999998807907104500 0.00276131508871912956
0.70999997854232788100 0.00310532189905643463
0.72000002861022949200 0.00345165911130607128
0.73000001907348632800 0.00378995691426098347
0.74000000953674316400 0.00411095377057790756
0.75000000000000000000 0.00442676711827516556
0.75999999046325683600 0.00474029686301946640
0.76999998092651367200 0.00503521179780364037
0.77999997138977050800 0.00531917298212647438
0.79000002145767211900 0.00559317180886864662
0.80000001192092895500 0.00583644211292266846
0.81000000238418579100 0.00605840282514691353
0.81999999284744262700 0.00629503605887293816
0.82999998331069946300 0.00649595214053988457
0.83999997377395629900 0.00667563686147332192
0.85000002384185791000 0.00686614494770765305
0.86000001430511474600 0.00704021798446774483
0.87000000476837158200 0.00720578199252486229
0.87999999523162841800 0.00737070105969905854
0.88999998569488525400 0.00751427188515663147
0.89999997615814209000 0.00763250514864921570
0.91000002622604370100 0.00774790020659565926
0.92000001668930053700 0.00787371769547462464
0.93000000715255737300 0.00797570962458848954
0.93999999761581420900 0.00807252060621976853
0.94999998807907104500 0.00816905312240123749
0.95999997854232788100 0.00827060081064701081
0.97000002861022949200 0.00838226079940795899
0.98000001907348632800 0.00847768224775791168
0.99000000953674316400 0.00857367366552352906
1.00000000000000000000 0.00866034626960754395
