-1.00000000000000000000 -0.00979364011436700821
-0.99000000953674316400 -0.00967813003808259964
-0.98000001907348632800 -0.00958949420601129532
-0.97000002861022949200 -0.00949379988014698029
-0.95999997854232788100 -0.00937486439943313599
-0.94999998807907104500 -0.00927691999822854996
-0.93999999761581420900 -0.00919704046100378037
-0.93000000715255737300 -0.00907705072313547135
-0.92000001668930053700 -0.00895795971155166626
-0.91000002622604370100 -0.00884443614631891251
-0.89999997615814209000 -0.00874634739011526108
-0.88999998569488525400 -0.00863278657197952271
-0.87999999523162841800 -0.00851931702345609665
-0.87000000476837158200 -0.00840338319540023804
-0.86000001430511474600 -0.00829580705612897873
-0.85000002384185791000 -0.00816821586340665818
-0.83999997377395629900 -0.00806282740086317063
-0.82999998331069946300 -0.00795452762395143509
-0.81999999284744262700 -0.00785675365477800370
-0.81000000238418579100 -0.00774521380662918091
-0.80000001192092895500 -0.00762045709416270256
-0.79000002145767211900 -0.00750468811020255089
-0.77999997138977050800 -0.00739253312349319458
-0.76999998092651367200 -0.00728057604283094406
-0.75999999046325683600 -0.00716942502185702324
-0.75000000000000000000 -0.00707100192084908486
-0.74000000953674316400 -0.00697600096464157105
-0.73000001907348632800 -0.00685241306200623512
-0.72000002861022949200 -0.00675452779978513718
-0.70999997854232788100 -0.00665673986077308655
-0.69999998807907104500 -0.00655637495219707489
-0.68999999761581420900 -0.00644455896690487862
-0.68000000715255737300 -0.00632869498804211617
-0.67000001668930053700 -0.00621716817840933800
-0.66000002622604370100 -0.00612832000479102135
-0.64999997615814209000 -0.00602909177541732788
-0.63999998569488525400 -0.00592256290838122368
-0.62999999523162841800 -0.00581415509805083275
-0.62000000476837158200 -0.00571300508454442024
-0.61000001430511474600 -0.00560936518013477326
-0.60000002384185791000 -0.00549662997946143150
-0.58999997377395629900 -0.00540113216266036034
-0.57999998331069946300 -0.00528202299028635025
-0.56999999284744262700 -0.00518782204017043114
-0.56000000238418579100 -0.00508582778275012970
-0.55000001192092895500 -0.00498751411214470864
-0.54000002145767211900 -0.00487635890021920204
-0.52999997138977050800 -0.00479012401774525643
-0.51999998092651367200 -0.00468281796202063561
-0.50999999046325683600 -0.00458764098584651947
-0.50000000000000000000 -0.00448570214211940766
-0.49000000953674316400 -0.00438042590394616127
-0.47999998927116394000 -0.00428432784974575043
-0.46999999880790710400 -0.00418737297877669335
-0.46000000834465026800 -0.00409468216821551323
-0.44999998807907104500 -0.00399611284956336022
-0.43999999761581420900 -0.00389766599982976914
-0.43000000715255737300 -0.00379470805637538433
-0.41999998688697814900 -0.00369773106649518013
-0.40999999642372131300 -0.00360183301381766796
-0.40000000596046447700 -0.00351240392774343491
-0.38999998569488525400 -0.00341423298232257366
-0.37999999523162841800 -0.00332417106255888939
-0.37000000476837158200 -0.00322507997043430805
-0.36000001430511474600 -0.00313878501765429974
-0.34999999403953552200 -0.00304600503295660019
-0.34000000357627868600 -0.00294906599447131157
-0.33000001311302185100 -0.00286047090776264668
-0.31999999284744262700 -0.00276723108254373074
-0.31000000238418579100 -0.00267354701645672321
-0.30000001192092895500 -0.00258313305675983429
-0.28999999165534973100 -0.00248811789788305760
-0.28000000119209289500 -0.00239643594250082970
-0.27000001072883606000 -0.00230720010586082935
-0.25999999046325683600 -0.00221811491064727306
-0.25000000000000000000 -0.00212905299849808216
-0.23999999463558197000 -0.00203999597579240799
-0.23000000417232513400 -0.00195096305105835199
-0.21999999880790710400 -0.00185930205043405294
-0.20999999344348907500 -0.00177565100602805615
-0.20000000298023223900 -0.00168820505496114492
-0.18999999761581420900 -0.00159978098236024380
-0.18000000715255737300 -0.00151333701796829701
-0.17000000178813934300 -0.00142732099629938602
-0.15999999642372131300 -0.00134533701930195093
-0.15000000596046447800 -0.00125769304577261210
-0.14000000059604644800 -0.00117258296813815832
-0.12999999523162841800 -0.00108809105586260557
-0.11999999731779098500 -0.00100423896219581366
-0.10999999940395355200 -0.00092214782489463687
-0.10000000149011611900 -0.00083673972403630614
-0.09000000357627868650 -0.00075190240750089288
-0.07999999821186065670 -0.00066968752071261406
-0.07000000029802322390 -0.00058696197811514139
-0.05999999865889549260 -0.00050421390915289521
-0.05000000074505805970 -0.00042060291161760688
-0.03999999910593032840 -0.00033727911068126559
-0.02999999932944774630 -0.00025381590239703655
-0.01999999955296516420 -0.00017100760305766016
-0.00999999977648258210 -0.00008857272769091651
0.00000000000000000000 -0.00000477427602163516
0.00999999977648258210 0.00007854095747461542
0.01999999955296516420 0.00016321129805874079
0.02999999932944774630 0.00024852721253409982
0.03999999910593032840 0.00033275820896960795
0.05000000074505805970 0.00041737788706086576
0.05999999865889549260 0.00050297152483835816
0.07000000029802322390 0.00058826967142522335
0.07999999821186065670 0.00067379511892795563
0.09000000357627868650 0.00076027371687814593
0.10000000149011611900 0.00084674422396346927
0.10999999940395355200 0.00093454582383856177
0.11999999731779098500 0.00102199602406471968
0.12999999523162841800 0.00111050996929407120
0.14000000059604644800 0.00120071496348828077
0.15000000596046447800 0.00128979096189141274
0.15999999642372131300 0.00137898698449134827
0.17000000178813934300 0.00146820105146616697
0.18000000715255737300 0.00156147696543484926
0.18999999761581420900 0.00165065401233732700
0.20000000298023223900 0.00174387497827410698
0.20999999344348907500 0.00183520803693681955
0.21999999880790710400 0.00192699895706027746
0.23000000417232513400 0.00201769405975937843
0.23999999463558197000 0.00211326102726161480
0.25000000000000000000 0.00221195700578391552
0.25999999046325683600 0.00230923597700893879
0.27000001072883606000 0.00240073399618268013
0.28000000119209289500 0.00249738991260528565
0.28999999165534973100 0.00259570893831551075
0.30000001192092895500 0.00269140489399433136
0.31000000238418579100 0.00279133510775864124
0.31999999284744262700 0.00288387108594179154
0.33000001311302185100 0.00298703694716095924
0.34000000357627868600 0.00308752804994583130
0.34999999403953552200 0.00319091510027647019
0.36000001430511474600 0.00328913400880992413
0.37000000476837158200 0.00338326697237789631
0.37999999523162841800 0.00348851690068840981
0.38999998569488525400 0.00358530692756175995
0.40000000596046447700 0.00368665694259107113
0.40999999642372131300 0.00378580694086849690
0.41999998688697814900 0.00388859701342880726
0.43000000715255737300 0.00399402994662523270
0.43999999761581420900 0.00409591477364301682
0.44999998807907104500 0.00419687619432806969
0.46000000834465026800 0.00430832710117101669
0.46999999880790710400 0.00441741803660988808
0.47999998927116394000 0.00451776711270213127
0.49000000953674316400 0.00462326407432556152
0.50000000000000000000 0.00472956383600831032
0.50999999046325683600 0.00482929591089487076
0.51999998092651367200 0.00494196405634284020
0.52999997138977050800 0.00505114020779728890
0.54000002145767211900 0.00515591399744153023
0.55000001192092895500 0.00526651088148355484
0.56000000238418579100 0.00537352683022618294
0.56999999284744262700 0.00548037607222795487
0.57999998331069946300 0.00560251483693718910
0.58999997377395629900 0.00571238109841942787
0.60000002384185791000 0.00582385296002030373
0.61000001430511474600 0.00593480980023741722
0.62000000476837158200 0.00605944497510790825
0.62999999523162841800 0.00616635382175445557
0.63999998569488525400 0.00627770787104964256
0.64999997615814209000 0.00638106884434819222
0.66000002622604370100 0.00649421382695436478
0.67000001668930053700 0.00660990597680211067
0.68000000715255737300 0.00672242511063814163
0.68999999761581420900 0.00683322502300143242
0.69999998807907104500 0.00694734510034322739
0.70999997854232788100 0.00704779988154768944
0.72000002861022949200 0.00717049418017268181
0.73000001907348632800 0.00727452896535396576
0.74000000953674316400 0.00742235686630010605
0.75000000000000000000 0.00753589998930692673
0.75999999046325683600 0.00765934586524963379
0.76999998092651367200 0.00777914188802242279
0.77999997138977050800 0.00788817089051008225
0.79000002145767211900 0.00799791142344474793
0.80000001192092895500 0.00814090389758348465
0.81000000238418579100 0.00825081299990415573
0.81999999284744262700 0.00837262161076068878
0.82999998331069946300 0.00850639864802360535
0.83999997377395629900 0.00865172687917947769
0.85000002384185791000 0.00877403467893600464
0.86000001430511474600 0.00888182967901229859
0.87000000476837158200 0.00902225077152252198
0.87999999523162841800 0.00914582610130310059
0.88999998569488525400 0.00928179081529378891
0.89999997615814209000 0.00940665137022733689
0.91000002622604370100 0.00952893123030662537
0.92000001668930053700 0.00965976808220148087
0.93000000715255737300 0.00978935230523347855
0.93999999761581420900 0.00991672184318304062
0.94999998807907104500 0.01005113031715154650
0.95999997854232788100 0.01018388010561466220
0.97000002861022949200 0.01030439976602792740
0.98000001907348632800 0.01044011954218149190
0.99000000953674316400 0.01059911027550697330
1.00000000000000000000 0.01072604954242706300
