-1.00000000000000000000 -0.00585946999490261078
-0.99000000953674316400 -0.00587246613577008248
-0.98000001907348632800 -0.00587535090744495392
-0.97000002861022949200 -0.00589373288676142693
-0.95999997854232788100 -0.00589999277144670487
-0.94999998807907104500 -0.00587639585137367249
-0.93999999761581420900 -0.00587459187954664231
-0.93000000715255737300 -0.00587484706193208695
-0.92000001668930053700 -0.00585912680253386498
-0.91000002622604370100 -0.00585522083565592766
-0.89999997615814209000 -0.00585481384769082070
-0.88999998569488525400 -0.00585937593132257462
-0.87999999523162841800 -0.00587764615193009377
-0.87000000476837158200 -0.00587732298299670220
-0.86000001430511474600 -0.00586612010374665260
-0.85000002384185791000 -0.00586207490414381027
-0.83999997377395629900 -0.00585233187302947045
-0.82999998331069946300 -0.00584405520930886269
-0.81999999284744262700 -0.00584331387653946877
-0.81000000238418579100 -0.00583161599934101105
-0.80000001192092895500 -0.00584098789840936661
-0.79000002145767211900 -0.00586548587307333946
-0.77999997138977050800 -0.00586691405624151230
-0.76999998092651367200 -0.00587705289945006371
-0.75999999046325683600 -0.00588821712881326676
-0.75000000000000000000 -0.00585239101201295853
-0.74000000953674316400 -0.00586962001398205757
-0.73000001907348632800 -0.00587900122627615929
-0.72000002861022949200 -0.00584244402125477791
-0.70999997854232788100 -0.00585182197391986847
-0.69999998807907104500 -0.00587681401520967484
-0.68999999761581420900 -0.00587095320224761963
-0.68000000715255737300 -0.00588497519493103028
-0.67000001668930053700 -0.00590478209778666496
-0.66000002622604370100 -0.00587068405002355576
-0.64999997615814209000 -0.00585976615548133850
-0.63999998569488525400 -0.00587907480075955391
-0.62999999523162841800 -0.00585215818136930466
-0.62000000476837158200 -0.00584730878472328186
-0.61000001430511474600 -0.00586090981960296631
-0.60000002384185791000 -0.00585618894547224045
-0.58999997377395629900 -0.00587045820429921150
-0.57999998331069946300 -0.00588956801220774651
-0.56999999284744262700 -0.00586679298430681229
-0.56000000238418579100 -0.00585659313946962357
-0.55000001192092895500 -0.00586020201444625855
-0.54000002145767211900 -0.00584502099081873894
-0.52999997138977050800 -0.00583536783233284950
-0.51999998092651367200 -0.00583417899906635285
-0.50999999046325683600 -0.00583660788834095001
-0.50000000000000000000 -0.00585105177015066147
-0.49000000953674316400 -0.00586557714268565178
-0.47999998927116394000 -0.00586726283654570580
-0.46999999880790710400 -0.00586907286196947098
-0.46000000834465026800 -0.00584332784637808800
-0.44999998807907104500 -0.00585300615057349205
-0.43999999761581420900 -0.00585768977180123329
-0.43000000715255737300 -0.00583259994164109230
-0.41999998688697814900 -0.00583567982539534569
-0.40999999642372131300 -0.00585436122491955757
-0.40000000596046447700 -0.00585812982171773911
-0.38999998569488525400 -0.00585787184536457062
-0.37999999523162841800 -0.00588135095313191414
-0.37000000476837158200 -0.00586089678108692169
-0.36000001430511474600 -0.00583717878907918930
-0.34999999403953552200 -0.00586138805374503136
-0.34000000357627868600 -0.00583978788927197457
-0.33000001311302185100 -0.00581859098747372627
-0.31999999284744262700 -0.00583606585860252381
-0.31000000238418579100 -0.00583402579650282860
-0.30000001192092895500 -0.00583551079034805298
-0.28999999165534973100 -0.00585671095177531243
-0.28000000119209289500 -0.00584546895697712898
-0.27000001072883606000 -0.00582824507728219032
-0.25999999046325683600 -0.00583408679813146591
-0.25000000000000000000 -0.00582516100257635117
-0.23999999463558197000 -0.00580933410674333573
-0.23000000417232513400 -0.00582044385373592377
-0.21999999880790710400 -0.00581440981477499008
-0.20999999344348907500 -0.00582982785999774933
-0.20000000298023223900 -0.00586034497246146202
-0.18999999761581420900 -0.00585078494623303414
-0.18000000715255737300 -0.00585261685773730278
-0.17000000178813934300 -0.00584394298493862152
-0.15999999642372131300 -0.00583413708955049515
-0.15000000596046447800 -0.00583603000268340111
-0.14000000059604644800 -0.00583400111645460129
-0.12999999523162841800 -0.00581645080819725990
-0.11999999731779098500 -0.00583178084343671799
-0.10999999940395355200 -0.00585313979536294937
-0.10000000149011611900 -0.00584519794210791588
-0.09000000357627868650 -0.00585982715710997582
-0.07999999821186065670 -0.00585690187290310860
-0.07000000029802322390 -0.00582008715718984604
-0.05999999865889549260 -0.00583949079737067223
-0.05000000074505805970 -0.00584153877571225166
-0.03999999910593032840 -0.00580750498920679093
-0.02999999932944774630 -0.00581474089995026589
-0.01999999955296516420 -0.00583007792010903359
-0.00999999977648258210 -0.00582554610446095467
0.00000000000000000000 -0.00584156718105077744
0.00999999977648258210 -0.00585656799376010895
0.01999999955296516420 -0.00582794379442930222
0.02999999932944774630 -0.00580640509724617005
0.03999999910593032840 -0.00583204999566078186
0.05000000074505805970 -0.00580717111006379128
0.05999999865889549260 -0.00579277519136667252
0.07000000029802322390 -0.00580892013385891915
0.07999999821186065670 -0.00580042600631713867
0.09000000357627868650 -0.00582135701552033425
0.10000000149011611900 -0.00583518901839852333
0.10999999940395355200 -0.00583091005682945252
0.11999999731779098500 -0.00582346413284540177
0.12999999523162841800 -0.00581131316721439362
0.14000000059604644800 -0.00580476503819227219
0.15000000596046447800 -0.00580635899677872658
0.15999999642372131300 -0.00579877803102135658
0.17000000178813934300 -0.00579086504876613617
0.18000000715255737300 -0.00580551009625196457
0.18999999761581420900 -0.00581779284402728081
0.20000000298023223900 -0.00581071898341178894
0.20999999344348907500 -0.00581697700545191765
0.21999999880790710400 -0.00580050703138113022
0.23000000417232513400 -0.00577728217467665672
0.23999999463558197000 -0.00578656187281012535
0.25000000000000000000 -0.00576863810420036316
0.25999999046325683600 -0.00574122183024883270
0.27000001072883606000 -0.00575628504157066345
0.28000000119209289500 -0.00576137378811836243
0.28999999165534973100 -0.00575700402259826660
0.30000001192092895500 -0.00577078619971871376
0.31000000238418579100 -0.00576497009024024010
0.31999999284744262700 -0.00572704384103417397
0.33000001311302185100 -0.00574294803664088249
0.34000000357627868600 -0.00573152396827936173
0.34999999403953552200 -0.00570242712274193764
0.36000001430511474600 -0.00571173802018165589
0.37000000476837158200 -0.00571256503462791443
0.37999999523162841800 -0.00570908794179558754
0.38999998569488525400 -0.00571905402466654778
0.40000000596046447700 -0.00572001095861196518
0.40999999642372131300 -0.00568690197542309761
0.41999998688697814900 -0.00566329713910818100
0.43000000715255737300 -0.00565447285771369934
0.43999999761581420900 -0.00562448799610137940
0.44999998807907104500 -0.00559597322717308998
0.46000000834465026800 -0.00556400790810585022
0.46999999880790710400 -0.00553930597379803658
0.47999998927116394000 -0.00552514009177684784
0.49000000953674316400 -0.00547609105706214905
0.50000000000000000000 -0.00541777815669775009
0.50999999046325683600 -0.00534817483276128769
0.51999998092651367200 -0.00523666385561227799
0.52999997138977050800 -0.00514329783618450165
0.54000002145767211900 -0.00501680094748735428
0.55000001192092895500 -0.00484221288934350014
0.56000000238418579100 -0.00467501115053892136
0.56999999284744262700 -0.00448729610070586205
0.57999998331069946300 -0.00424523511901497841
0.58999997377395629900 -0.00399249698966741562
0.60000002384185791000 -0.00370921008288860321
0.61000001430511474600 -0.00336908502504229546
0.62000000476837158200 -0.00304117193445563316
0.62999999523162841800 -0.00268973503261804581
0.63999998569488525400 -0.00229993602260947228
0.64999997615814209000 -0.00191896501928567886
0.66000002622604370100 -0.00152978696860373020
0.67000001668930053700 -0.00112278899177908897
0.68000000715255737300 -0.00068197288783267140
0.68999999761581420900 -0.00028798100538551807
0.69999998807907104500 0.00010449549881741405
0.70999997854232788100 0.00051133381202816963
0.72000002861022949200 0.00092043267795816064
0.73000001907348632800 0.00139826303347945213
0.74000000953674316400 0.00182608794420957565
0.75000000000000000000 0.00225857598707079887
0.75999999046325683600 0.00269358605146408081
0.76999998092651367200 0.00312165496870875359
0.77999997138977050800 0.00355843594297766686
0.79000002145767211900 0.00400338182225823403
0.80000001192092895500 0.00443646684288978577
0.81000000238418579100 0.00488525815308094025
0.81999999284744262700 0.00533883599564433098
0.82999998331069946300 0.00576978595927357674
0.83999997377395629900 0.00623581185936927796
0.85000002384185791000 0.00670588901266455651
0.86000001430511474600 0.00714821182191371918
0.87000000476837158200 0.00762783782556653023
0.87999999523162841800 0.00812590029090642929
0.88999998569488525400 0.00860315654426813126
0.89999997615814209000 0.00911478511989116669
0.91000002622604370100 0.00963578931987285614
0.92000001668930053700 0.01011736970394849780
0.93000000715255737300 0.01017528958618640900
0.93999999761581420900 0.01068814005702733990
0.94999998807907104500 0.01118324976414442060
0.95999997854232788100 0.01168579980731010440
0.97000002861022949200 0.01222074031829833980
0.98000001907348632800 0.01274400018155574800
0.99000000953674316400 0.01327005028724670410
1.00000000000000000000 0.01382804010063409810
