-1.00000000000000000000 -0.00609906204044818878
-0.99000000953674316400 -0.00611288379877805710
-0.98000001907348632800 -0.00609767204150557518
-0.97000002861022949200 -0.00609566783532500267
-0.95999997854232788100 -0.00610258197411894798
-0.94999998807907104500 -0.00608654785901308060
-0.93999999761581420900 -0.00607573287561535835
-0.93000000715255737300 -0.00608789082616567612
-0.92000001668930053700 -0.00609780289232730866
-0.91000002622604370100 -0.00610136613249778748
-0.89999997615814209000 -0.00611739978194236756
-0.88999998569488525400 -0.00610374705865979195
-0.87999999523162841800 -0.00607158895581960678
-0.87000000476837158200 -0.00608294690027832985
-0.86000001430511474600 -0.00607337802648544312
-0.85000002384185791000 -0.00604554917663335800
-0.83999997377395629900 -0.00605087913572788239
-0.82999998331069946300 -0.00605129823088645935
-0.81999999284744262700 -0.00605552596971392632
-0.81000000238418579100 -0.00606995914131402970
-0.80000001192092895500 -0.00607156893238425255
-0.79000002145767211900 -0.00605721212923526764
-0.77999997138977050800 -0.00604863697662949562
-0.76999998092651367200 -0.00605619605630636215
-0.75999999046325683600 -0.00605379277840256691
-0.75000000000000000000 -0.00603988999500870705
-0.74000000953674316400 -0.00604172796010971070
-0.73000001907348632800 -0.00605625100433826447
-0.72000002861022949200 -0.00608065910637378693
-0.70999997854232788100 -0.00607382599264383316
-0.69999998807907104500 -0.00608091801404953003
-0.68999999761581420900 -0.00607881601899862290
-0.68000000715255737300 -0.00605951715260744095
-0.67000001668930053700 -0.00606160378083586693
-0.66000002622604370100 -0.00605753390118479729
-0.64999997615814209000 -0.00604054192081093788
-0.63999998569488525400 -0.00604628305882215500
-0.62999999523162841800 -0.00607045786455273628
-0.62000000476837158200 -0.00606734910979866982
-0.61000001430511474600 -0.00607583392411470413
-0.60000002384185791000 -0.00607993500307202339
-0.58999997377395629900 -0.00604923581704497338
-0.57999998331069946300 -0.00605743983760476113
-0.56999999284744262700 -0.00606278702616691590
-0.56000000238418579100 -0.00603064801543951035
-0.55000001192092895500 -0.00602591410279273987
-0.54000002145767211900 -0.00604529585689306259
-0.52999997138977050800 -0.00604210514575242996
-0.51999998092651367200 -0.00605354690924286843
-0.50999999046325683600 -0.00607000617310404778
-0.50000000000000000000 -0.00604929914698004723
-0.49000000953674316400 -0.00603228993713855744
-0.47999998927116394000 -0.00605443678796291352
-0.46999999880790710400 -0.00603881292045116425
-0.46000000834465026800 -0.00602760491892695427
-0.44999998807907104500 -0.00604352494701743126
-0.43999999761581420900 -0.00603717612102627754
-0.43000000715255737300 -0.00605638185515999794
-0.41999998688697814900 -0.00606934120878577233
-0.40999999642372131300 -0.00606421008706092835
-0.40000000596046447700 -0.00605922890827059746
-0.38999998569488525400 -0.00605345098301768303
-0.37999999523162841800 -0.00604709191247820854
-0.37000000476837158200 -0.00604250002652406693
-0.36000001430511474600 -0.00603588297963142395
-0.34999999403953552200 -0.00602638116106390953
-0.34000000357627868600 -0.00604024995118379593
-0.33000001311302185100 -0.00605240417644381523
-0.31999999284744262700 -0.00604472402483224869
-0.31000000238418579100 -0.00604324089363217354
-0.30000001192092895500 -0.00602065306156873703
-0.28999999165534973100 -0.00599776813760399819
-0.28000000119209289500 -0.00600034091621637345
-0.27000001072883606000 -0.00598016381263732910
-0.25999999046325683600 -0.00596459582448005676
-0.25000000000000000000 -0.00597665412351489067
-0.23999999463558197000 -0.00598625512793660164
-0.23000000417232513400 -0.00598708493635058403
-0.21999999880790710400 -0.00600473815575242043
-0.20999999344348907500 -0.00599997676908969879
-0.20000000298023223900 -0.00597287202253937721
-0.18999999761581420900 -0.00599174108356237412
-0.18000000715255737300 -0.00598686980083584786
-0.17000000178813934300 -0.00596216693520545960
-0.15999999642372131300 -0.00597288087010383606
-0.15000000596046447800 -0.00598260387778282166
-0.14000000059604644800 -0.00598786491900682450
-0.12999999523162841800 -0.00600322987884283066
-0.11999999731779098500 -0.00601021898910403252
-0.10999999940395355200 -0.00598904676735401154
-0.10000000149011611900 -0.00597830396145582199
-0.09000000357627868650 -0.00598850101232528687
-0.07999999821186065670 -0.00597471604123711586
-0.07000000029802322390 -0.00596166821196675301
-0.05999999865889549260 -0.00596687383949756622
-0.05000000074505805970 -0.00596943777054548264
-0.03999999910593032840 -0.00598273985087871552
-0.02999999932944774630 -0.00598955107852816582
-0.01999999955296516420 -0.00598553987219929695
-0.00999999977648258210 -0.00597664713859558106
0.00000000000000000000 -0.00596242211759090424
0.00999999977648258210 -0.00596080021932721138
0.01999999955296516420 -0.00595713406801223755
0.02999999932944774630 -0.00594379613175988198
0.03999999910593032840 -0.00593483587726950646
0.05000000074505805970 -0.00594546878710389137
0.05999999865889549260 -0.00596240907907485962
0.07000000029802322390 -0.00595817295834422112
0.07999999821186065670 -0.00597652001306414604
0.09000000357627868650 -0.00596724683418869972
0.10000000149011611900 -0.00594054581597447396
0.10999999940395355200 -0.00595814408734440804
0.11999999731779098500 -0.00595516897737979889
0.12999999523162841800 -0.00593037903308868408
0.14000000059604644800 -0.00593671621754765511
0.15000000596046447800 -0.00595272099599242211
0.15999999642372131300 -0.00595149397850036621
0.17000000178813934300 -0.00596161279827356339
0.18000000715255737300 -0.00596632016822695732
0.18999999761581420900 -0.00594253186136484146
0.20000000298023223900 -0.00593146309256553650
0.20999999344348907500 -0.00593722099438309670
0.21999999880790710400 -0.00591524690389633179
0.23000000417232513400 -0.00590148009359836579
0.23999999463558197000 -0.00590341677889227867
0.25000000000000000000 -0.00590016692876815796
0.25999999046325683600 -0.00590702285990118981
0.27000001072883606000 -0.00590438302606344223
0.28000000119209289500 -0.00588435400277376175
0.28999999165534973100 -0.00586284184828400612
0.30000001192092895500 -0.00585843110457062721
0.31000000238418579100 -0.00584044819697737694
0.31999999284744262700 -0.00582106318324804306
0.33000001311302185100 -0.00581195112317800522
0.34000000357627868600 -0.00580513710156083107
0.34999999403953552200 -0.00581213412806391716
0.36000001430511474600 -0.00580582721158862114
0.37000000476837158200 -0.00579456286504864693
0.37999999523162841800 -0.00577134499326348305
0.38999998569488525400 -0.00572878308594226837
0.40000000596046447700 -0.00570413004606962204
0.40999999642372131300 -0.00567315984517335892
0.41999998688697814900 -0.00561621412634849549
0.43000000715255737300 -0.00556095596402883530
0.43999999761581420900 -0.00551735889166593552
0.44999998807907104500 -0.00545061100274324417
0.46000000834465026800 -0.00536738010123372078
0.46999999880790710400 -0.00527579383924603462
0.47999998927116394000 -0.00514910789206624031
0.49000000953674316400 -0.00500566419214010239
0.50000000000000000000 -0.00487159611657261849
0.50999999046325683600 -0.00470090191811323166
0.51999998092651367200 -0.00451140198856592178
0.52999997138977050800 -0.00432923110201954842
0.54000002145767211900 -0.00412372592836618424
0.55000001192092895500 -0.00391109799966216087
0.56000000238418579100 -0.00368629302829504013
0.56999999284744262700 -0.00344313401728868485
0.57999998331069946300 -0.00318777910433709622
0.58999997377395629900 -0.00293679093010723591
0.60000002384185791000 -0.00266811391338706017
0.61000001430511474600 -0.00239401706494390965
0.62000000476837158200 -0.00212292908690869808
0.62999999523162841800 -0.00184107001405209303
0.63999998569488525400 -0.00156166998203843832
0.64999997615814209000 -0.00127907097339630127
0.66000002622604370100 -0.00094704737421125174
0.67000001668930053700 -0.00065989117138087750
0.68000000715255737300 -0.00037909680395387113
0.68999999761581420900 -0.00009944316116161644
0.69999998807907104500 0.00018901549628935754
0.70999997854232788100 0.00048172989045269787
0.72000002861022949200 0.00077270058682188392
0.73000001907348632800 0.00111850898247212172
0.74000000953674316400 0.00143544701859354973
0.75000000000000000000 0.00175136805046349764
0.75999999046325683600 0.00207134289667010307
0.76999998092651367200 0.00239334697835147381
0.77999997138977050800 0.00271918298676609993
0.79000002145767211900 0.00304968608543276787
0.80000001192092895500 0.00338301598094403744
0.81000000238418579100 0.00371961807832121849
0.81999999284744262700 0.00406057108193635941
0.82999998331069946300 0.00440368801355361939
0.83999997377395629900 0.00475179916247725487
0.85000002384185791000 0.00510240811854600907
0.86000001430511474600 0.00545774586498737335
0.87000000476837158200 0.00581754697486758232
0.87999999523162841800 0.00617916695773601532
0.88999998569488525400 0.00654417322948575020
0.89999997615814209000 0.00691349897533655167
0.91000002622604370100 0.00728542217984795571
0.92000001668930053700 0.00766098406165838242
0.93000000715255737300 0.00803881045430898667
0.93999999761581420900 0.00842077843844890595
0.94999998807907104500 0.00880684144794940949
0.95999997854232788100 0.00919612217694520951
0.97000002861022949200 0.00958680920302867890
0.98000001907348632800 0.00998126156628131867
0.99000000953674316400 0.01037735957652330400
1.00000000000000000000 0.01026550028473138810
