-1.00000000000000000000 -0.00595899112522602082
-0.99000000953674316400 -0.00595010677352547646
-0.98000001907348632800 -0.00593240885064005852
-0.97000002861022949200 -0.00595120992511510849
-0.95999997854232788100 -0.00594700220972299576
-0.94999998807907104500 -0.00593104399740695954
-0.93999999761581420900 -0.00594611279666423798
-0.93000000715255737300 -0.00596642214804887772
-0.92000001668930053700 -0.00596676720306277275
-0.91000002622604370100 -0.00598406000062823296
-0.89999997615814209000 -0.00598415406420826912
-0.88999998569488525400 -0.00595886819064617157
-0.87999999523162841800 -0.00597352208569645882
-0.87000000476837158200 -0.00596895394846796990
-0.86000001430511474600 -0.00594235584139823914
-0.85000002384185791000 -0.00594917219132184982
-0.83999997377395629900 -0.00596074899658560753
-0.82999998331069946300 -0.00596460187807679176
-0.81999999284744262700 -0.00597675703465938568
-0.81000000238418579100 -0.00598178198561072350
-0.80000001192092895500 -0.00595984701067209244
-0.79000002145767211900 -0.00594734214246273041
-0.77999997138977050800 -0.00595596618950366974
-0.76999998092651367200 -0.00594881083816289902
-0.75999999046325683600 -0.00593597721308469772
-0.75000000000000000000 -0.00594227202236652374
-0.74000000953674316400 -0.00595447001978754997
-0.73000001907348632800 -0.00596082117408514023
-0.72000002861022949200 -0.00597466109320521355
-0.70999997854232788100 -0.00597225409001111984
-0.69999998807907104500 -0.00594712281599640846
-0.68999999761581420900 -0.00595415802672505379
-0.68000000715255737300 -0.00596344284713268280
-0.67000001668930053700 -0.00593651412054896355
-0.66000002622604370100 -0.00593773601576685906
-0.64999997615814209000 -0.00595336593687534332
-0.63999998569488525400 -0.00595866097137331963
-0.62999999523162841800 -0.00596400303766131401
-0.62000000476837158200 -0.00597406784072518349
-0.61000001430511474600 -0.00596001697704195976
-0.60000002384185791000 -0.00593863613903522492
-0.58999997377395629900 -0.00594747299328446388
-0.57999998331069946300 -0.00593656208366155625
-0.56999999284744262700 -0.00591651489958167076
-0.56000000238418579100 -0.00592178106307983399
-0.55000001192092895500 -0.00592790218070149422
-0.54000002145767211900 -0.00592803815379738808
-0.52999997138977050800 -0.00593931786715984345
-0.51999998092651367200 -0.00592884002253413201
-0.50999999046325683600 -0.00590362492948770523
-0.50000000000000000000 -0.00592088699340820313
-0.49000000953674316400 -0.00591669790446758270
-0.47999998927116394000 -0.00589392613619565964
-0.46999999880790710400 -0.00590480677783489228
-0.46000000834465026800 -0.00591591186821460724
-0.44999998807907104500 -0.00592907983809709549
-0.43999999761581420900 -0.00594259286299347878
-0.43000000715255737300 -0.00595267815515398979
-0.41999998688697814900 -0.00594157679006457329
-0.40999999642372131300 -0.00593267614021897316
-0.40000000596046447700 -0.00594450812786817551
-0.38999998569488525400 -0.00593825895339250565
-0.37999999523162841800 -0.00592591892927885056
-0.37000000476837158200 -0.00592953292652964592
-0.36000001430511474600 -0.00594526017084717751
-0.34999999403953552200 -0.00595625117421150208
-0.34000000357627868600 -0.00596078718081116676
-0.33000001311302185100 -0.00595588516443967819
-0.31999999284744262700 -0.00593896303325891495
-0.31000000238418579100 -0.00593392178416252136
-0.30000001192092895500 -0.00593489594757556916
-0.28999999165534973100 -0.00591152114793658257
-0.28000000119209289500 -0.00590813299641013146
-0.27000001072883606000 -0.00591941690072417259
-0.25999999046325683600 -0.00593129219487309456
-0.25000000000000000000 -0.00593390082940459252
-0.23999999463558197000 -0.00594438100233674050
-0.23000000417232513400 -0.00593838281929492951
-0.21999999880790710400 -0.00591801479458808899
-0.20999999344348907500 -0.00593393109738826752
-0.20000000298023223900 -0.00592720182612538338
-0.18999999761581420900 -0.00590459490194916725
-0.18000000715255737300 -0.00591523479670286179
-0.17000000178813934300 -0.00592380622401833534
-0.15999999642372131300 -0.00593447312712669373
-0.15000000596046447800 -0.00594238983467221260
-0.14000000059604644800 -0.00594534585252404213
-0.12999999523162841800 -0.00592530099675059319
-0.11999999731779098500 -0.00592109095305204392
-0.10999999940395355200 -0.00592541089281439781
-0.10000000149011611900 -0.00590893905609846115
-0.09000000357627868650 -0.00589957088232040405
-0.07999999821186065670 -0.00590790202841162682
-0.07000000029802322390 -0.00592045485973358154
-0.05999999865889549260 -0.00592075986787676811
-0.05000000074505805970 -0.00592849496752023697
-0.03999999910593032840 -0.00591352488845586777
-0.02999999932944774630 -0.00589149305596947670
-0.01999999955296516420 -0.00589485606178641319
-0.00999999977648258210 -0.00588928116485476494
0.00000000000000000000 -0.00586602091789245606
0.00999999977648258210 -0.00586709799244999886
0.01999999955296516420 -0.00587190501391887665
0.02999999932944774630 -0.00588487507775425911
0.03999999910593032840 -0.00589492497965693474
0.05000000074505805970 -0.00590581120923161507
0.05999999865889549260 -0.00590016087517142296
0.07000000029802322390 -0.00587831903249025345
0.07999999821186065670 -0.00588942691683769226
0.09000000357627868650 -0.00588778685778379440
0.10000000149011611900 -0.00586534012109041214
0.10999999940395355200 -0.00587573787197470665
0.11999999731779098500 -0.00588478008285164833
0.12999999523162841800 -0.00589196197688579560
0.14000000059604644800 -0.00590611621737480164
0.15000000596046447800 -0.00590061396360397339
0.15999999642372131300 -0.00587359117344021797
0.17000000178813934300 -0.00588404200971126557
0.18000000715255737300 -0.00588377518579363823
0.18999999761581420900 -0.00585146481171250344
0.20000000298023223900 -0.00585214002057909966
0.20999999344348907500 -0.00585497822612524033
0.21999999880790710400 -0.00585251208394765854
0.23000000417232513400 -0.00585992913693189621
0.23999999463558197000 -0.00586102809756994248
0.25000000000000000000 -0.00583334779366850853
0.25999999046325683600 -0.00581464916467666626
0.27000001072883606000 -0.00581663893535733223
0.28000000119209289500 -0.00579624809324741364
0.28999999165534973100 -0.00577748101204633713
0.30000001192092895500 -0.00577378785237669945
0.31000000238418579100 -0.00577500788494944573
0.31999999284744262700 -0.00576982181519269943
0.33000001311302185100 -0.00576705578714609146
0.34000000357627868600 -0.00575052015483379364
0.34999999403953552200 -0.00571529613807797432
0.36000001430511474600 -0.00569834606721997261
0.37000000476837158200 -0.00568445818498730660
0.37999999523162841800 -0.00563798379153013230
0.38999998569488525400 -0.00561724882572889328
0.40000000596046447700 -0.00560746481642127037
0.40999999642372131300 -0.00558059196919202805
0.41999998688697814900 -0.00556045398116111756
0.43000000715255737300 -0.00553519511595368386
0.43999999761581420900 -0.00548282684758305550
0.44999998807907104500 -0.00543061597272753716
0.46000000834465026800 -0.00540263717994093895
0.46999999880790710400 -0.00534984190016984940
0.47999998927116394000 -0.00528010400012135506
0.49000000953674316400 -0.00523328222334384918
0.50000000000000000000 -0.00518145784735679627
0.50999999046325683600 -0.00512046599760651589
0.51999998092651367200 -0.00505756400525569916
0.52999997138977050800 -0.00497608818113803864
0.54000002145767211900 -0.00486717280000448227
0.55000001192092895500 -0.00477686291560530663
0.56000000238418579100 -0.00465730298310518265
0.56999999284744262700 -0.00450292509049177170
0.57999998331069946300 -0.00434754183515906334
0.58999997377395629900 -0.00416142307221889496
0.60000002384185791000 -0.00394568312913179398
0.61000001430511474600 -0.00368795008398592472
0.62000000476837158200 -0.00338333006948232651
0.62999999523162841800 -0.00302211800590157509
0.63999998569488525400 -0.00261592795141041279
0.64999997615814209000 -0.00216719601303339005
0.66000002622604370100 -0.00166310998611152172
0.67000001668930053700 -0.00111178995575755835
0.68000000715255737300 -0.00052324368152767420
0.68999999761581420900 0.00006921357271494344
0.69999998807907104500 0.00069865101249888539
0.70999997854232788100 0.00143897195812314749
0.72000002861022949200 0.00218662410043179989
0.73000001907348632800 0.00297577399760484696
0.74000000953674316400 0.00378294498659670353
0.75000000000000000000 0.00461596297100186348
0.75999999046325683600 0.00547628197818994522
0.76999998092651367200 0.00634881481528282166
0.77999997138977050800 0.00724751595407724381
0.79000002145767211900 0.00812220387160778046
0.80000001192092895500 0.00853594392538070679
0.81000000238418579100 0.01001578010618686680
0.81999999284744262700 0.01040645968168973920
0.82999998331069946300 0.01132860966026782990
0.83999997377395629900 0.01226655021309852600
0.85000002384185791000 0.01292239036411046980
0.86000001430511474600 0.01473615039139986040
0.87000000476837158200 0.01524760015308856960
0.87999999523162841800 0.01617125049233436580
0.88999998569488525400 0.01711831986904144290
0.89999997615814209000 0.01807189919054508210
0.91000002622604370100 0.01899014040827751160
0.92000001668930053700 0.02000748924911022190
0.93000000715255737300 0.02097784914076328280
0.93999999761581420900 0.02204276062548160550
0.94999998807907104500 0.02305017039179801940
0.95999997854232788100 0.02404301054775714870
0.97000002861022949200 0.02509935945272445680
0.98000001907348632800 0.02615109086036682130
0.99000000953674316400 0.02713925950229167940
1.00000000000000000000 0.02816895022988319400
