-1.00000000000000000000 -0.00554831791669130326
-0.99000000953674316400 -0.00556395808234810829
-0.98000001907348632800 -0.00556389102712273598
-0.97000002861022949200 -0.00556718185544013977
-0.95999997854232788100 -0.00556904496625065804
-0.94999998807907104500 -0.00554418517276644707
-0.93999999761581420900 -0.00554244779050350189
-0.93000000715255737300 -0.00555192120373249054
-0.92000001668930053700 -0.00552728679031133652
-0.91000002622604370100 -0.00551400892436504364
-0.89999997615814209000 -0.00552723696455359459
-0.88999998569488525400 -0.00552595918998122215
-0.87999999523162841800 -0.00553583679720759392
-0.87000000476837158200 -0.00554866297170519829
-0.86000001430511474600 -0.00554752815514802933
-0.85000002384185791000 -0.00552689982578158379
-0.83999997377395629900 -0.00551911210641264916
-0.82999998331069946300 -0.00552339805290102959
-0.81999999284744262700 -0.00551029806956648827
-0.81000000238418579100 -0.00550612201914191246
-0.80000001192092895500 -0.00549630401656031609
-0.79000002145767211900 -0.00549740716814994812
-0.77999997138977050800 -0.00551669811829924584
-0.76999998092651367200 -0.00551860406994819641
-0.75999999046325683600 -0.00551888998597860336
-0.75000000000000000000 -0.00552171003073453903
-0.74000000953674316400 -0.00549259781837463379
-0.73000001907348632800 -0.00549064623191952706
-0.72000002861022949200 -0.00550517998635768891
-0.70999997854232788100 -0.00547590991482138634
-0.69999998807907104500 -0.00546598015353083611
-0.68999999761581420900 -0.00547910900786519051
-0.68000000715255737300 -0.00548245012760162354
-0.67000001668930053700 -0.00548243802040815354
-0.66000002622604370100 -0.00550072686746716500
-0.64999997615814209000 -0.00548929907381534577
-0.63999998569488525400 -0.00546468188986182213
-0.62999999523162841800 -0.00546735618263483048
-0.62000000476837158200 -0.00546517083421349526
-0.61000001430511474600 -0.00544563913717865944
-0.60000002384185791000 -0.00544657884165644646
-0.58999997377395629900 -0.00543937319889664650
-0.57999998331069946300 -0.00543920695781707764
-0.56999999284744262700 -0.00546271679922938347
-0.56000000238418579100 -0.00545836985111236572
-0.55000001192092895500 -0.00545562198385596276
-0.54000002145767211900 -0.00545280799269676209
-0.52999997138977050800 -0.00542529299855232239
-0.51999998092651367200 -0.00543489586561918259
-0.50999999046325683600 -0.00544475205242633820
-0.50000000000000000000 -0.00541528919711709023
-0.49000000953674316400 -0.00540787493810057640
-0.47999998927116394000 -0.00542529998347163201
-0.46999999880790710400 -0.00542531115934252739
-0.46000000834465026800 -0.00542960083112120629
-0.44999998807907104500 -0.00544700911268591881
-0.43999999761581420900 -0.00543256383389234543
-0.43000000715255737300 -0.00541199184954166413
-0.41999998688697814900 -0.00542110018432140350
-0.40999999642372131300 -0.00540971988812088967
-0.40000000596046447700 -0.00539262313395738602
-0.38999998569488525400 -0.00538801215589046478
-0.37999999523162841800 -0.00538575695827603340
-0.37000000476837158200 -0.00539050996303558350
-0.36000001430511474600 -0.00540904793888330460
-0.34999999403953552200 -0.00540564209222793579
-0.34000000357627868600 -0.00540029583498835564
-0.33000001311302185100 -0.00539646204560995102
-0.31999999284744262700 -0.00537082785740494728
-0.31000000238418579100 -0.00537597481161355972
-0.30000001192092895500 -0.00538129312917590141
-0.28999999165534973100 -0.00535644218325614929
-0.28000000119209289500 -0.00535329012200236321
-0.27000001072883606000 -0.00536541920155286789
-0.25999999046325683600 -0.00536922598257660866
-0.25000000000000000000 -0.00536676216870546341
-0.23999999463558197000 -0.00538478884845972061
-0.23000000417232513400 -0.00535887014120817185
-0.21999999880790710400 -0.00533250905573368073
-0.20999999344348907500 -0.00535319978371262551
-0.20000000298023223900 -0.00534692220389842987
-0.18999999761581420900 -0.00531915808096528053
-0.18000000715255737300 -0.00532439816743135452
-0.17000000178813934300 -0.00532347802072763443
-0.15999999642372131300 -0.00532280001789331436
-0.15000000596046447800 -0.00534071400761604309
-0.14000000059604644800 -0.00534098502248525620
-0.12999999523162841800 -0.00532496906816959381
-0.11999999731779098500 -0.00531520415097475052
-0.10999999940395355200 -0.00530954217538237572
-0.10000000149011611900 -0.00530072813853621483
-0.09000000357627868650 -0.00529034994542598725
-0.07999999821186065670 -0.00527513399720191956
-0.07000000029802322390 -0.00527062220498919487
-0.05999999865889549260 -0.00528947077691555023
-0.05000000074505805970 -0.00529023120179772377
-0.03999999910593032840 -0.00528760720044374466
-0.02999999932944774630 -0.00529260607436299324
-0.01999999955296516420 -0.00526713998988270760
-0.00999999977648258210 -0.00525274500250816345
0.00000000000000000000 -0.00526588410139083862
0.00999999977648258210 -0.00524976616725325585
0.01999999955296516420 -0.00522398995235562325
0.02999999932944774630 -0.00523271504789590836
0.03999999910593032840 -0.00522828707471489906
0.05000000074505805970 -0.00522960303351283074
0.05999999865889549260 -0.00523985782638192177
0.07000000029802322390 -0.00524288509041070938
0.07999999821186065670 -0.00522392010316252709
0.09000000357627868650 -0.00520479399710893631
0.10000000149011611900 -0.00521135097369551659
0.10999999940395355200 -0.00519928988069295883
0.11999999731779098500 -0.00518601015210151673
0.12999999523162841800 -0.00517848320305347443
0.14000000059604644800 -0.00517390295863151550
0.15000000596046447800 -0.00518394820392131806
0.15999999642372131300 -0.00518813915550708771
0.17000000178813934300 -0.00518115703016519547
0.18000000715255737300 -0.00518204690888524056
0.18999999761581420900 -0.00516148703172802925
0.20000000298023223900 -0.00514085311442613602
0.20999999344348907500 -0.00514418911188840866
0.21999999880790710400 -0.00513471383601427078
0.23000000417232513400 -0.00511248689144849777
0.23999999463558197000 -0.00510911596938967705
0.25000000000000000000 -0.00511449808254837990
0.25999999046325683600 -0.00511001981794834137
0.27000001072883606000 -0.00511176977306604386
0.28000000119209289500 -0.00511380704119801521
0.28999999165534973100 -0.00508613418787717819
0.30000001192092895500 -0.00506356498226523400
0.31000000238418579100 -0.00507315900176763535
0.31999999284744262700 -0.00505369110032916069
0.33000001311302185100 -0.00502921594306826592
0.34000000357627868600 -0.00502817798405885697
0.34999999403953552200 -0.00501366984099149704
0.36000001430511474600 -0.00501877581700682640
0.37000000476837158200 -0.00502351718023419380
0.37999999523162841800 -0.00501363491639494896
0.38999998569488525400 -0.00499254511669278145
0.40000000596046447700 -0.00497017102316021919
0.40999999642372131300 -0.00495466077700257302
0.41999998688697814900 -0.00493849022313952446
0.43000000715255737300 -0.00492361420765519142
0.43999999761581420900 -0.00488912686705589295
0.44999998807907104500 -0.00487598590552806854
0.46000000834465026800 -0.00487166503444314003
0.46999999880790710400 -0.00485775712877511978
0.47999998927116394000 -0.00483465101569890976
0.49000000953674316400 -0.00482441810891032219
0.50000000000000000000 -0.00477992277592420578
0.50999999046325683600 -0.00473451288416981697
0.51999998092651367200 -0.00472380593419075012
0.52999997138977050800 -0.00467679183930158615
0.54000002145767211900 -0.00462323101237416268
0.55000001192092895500 -0.00459099700674414635
0.56000000238418579100 -0.00454163411632180214
0.56999999284744262700 -0.00449248822405934334
0.57999998331069946300 -0.00444560218602418900
0.58999997377395629900 -0.00437667220830917359
0.60000002384185791000 -0.00428059883415699005
0.61000001430511474600 -0.00418010121211409569
0.62000000476837158200 -0.00408363901078701019
0.62999999523162841800 -0.00395810510963201523
0.63999998569488525400 -0.00381936505436897278
0.64999997615814209000 -0.00366532988846302033
0.66000002622604370100 -0.00349488202482461929
0.67000001668930053700 -0.00332097103819251061
0.68000000715255737300 -0.00311179296113550663
0.68999999761581420900 -0.00288455607369542122
0.69999998807907104500 -0.00263688107952475548
0.70999997854232788100 -0.00235730502754449844
0.72000002861022949200 -0.00207122089341282845
0.73000001907348632800 -0.00177769199945032597
0.74000000953674316400 -0.00145752495154738426
0.75000000000000000000 -0.00113031500950455666
0.75999999046325683600 -0.00081534631317481399
0.76999998092651367200 -0.00047905289102345705
0.77999997138977050800 -0.00013921619392931461
0.79000002145767211900 0.00018043970339931548
0.80000001192092895500 0.00050712528172880411
0.81000000238418579100 0.00081541301915422082
0.81999999284744262700 0.00110655499156564474
0.82999998331069946300 0.00138269900344312191
0.83999997377395629900 0.00163729395717382431
0.85000002384185791000 0.00186667905654758215
0.86000001430511474600 0.00207055592909455299
0.87000000476837158200 0.00225188699550926685
0.87999999523162841800 0.00240916293114423752
0.88999998569488525400 0.00254454300738871098
0.89999997615814209000 0.00266089988872408867
0.91000002622604370100 0.00275896000675857067
0.92000001668930053700 0.00284239603206515312
0.93000000715255737300 0.00291420589201152325
0.93999999761581420900 0.00297620194032788277
0.94999998807907104500 0.00303016509860754013
0.95999997854232788100 0.00307815498672425747
0.97000002861022949200 0.00312140397727489472
0.98000001907348632800 0.00316074606962502003
0.99000000953674316400 0.00319685903377830982
1.00000000000000000000 0.00323045602999627590
