-1.00000000000000000000 -0.00593726104125380516
-0.99000000953674316400 -0.00595359085127711296
-0.98000001907348632800 -0.00595324393361806870
-0.97000002861022949200 -0.00593386776745319367
-0.95999997854232788100 -0.00593780400231480599
-0.94999998807907104500 -0.00594656681641936302
-0.93999999761581420900 -0.00592160504311323166
-0.93000000715255737300 -0.00592081202194094658
-0.92000001668930053700 -0.00593630410730838776
-0.91000002622604370100 -0.00593878515064716339
-0.89999997615814209000 -0.00594865996390581131
-0.88999998569488525400 -0.00596118718385696411
-0.87999999523162841800 -0.00594788882881402970
-0.87000000476837158200 -0.00592270214110612869
-0.86000001430511474600 -0.00592962000519037247
-0.85000002384185791000 -0.00592222809791564942
-0.83999997377395629900 -0.00590043980628252030
-0.82999998331069946300 -0.00590117322281002999
-0.81999999284744262700 -0.00590642308816313744
-0.81000000238418579100 -0.00591434910893440247
-0.80000001192092895500 -0.00592610612511634827
-0.79000002145767211900 -0.00593442795798182488
-0.77999997138977050800 -0.00592477712780237198
-0.76999998092651367200 -0.00591030810028314591
-0.75999999046325683600 -0.00592633616179227829
-0.75000000000000000000 -0.00592236686497926712
-0.74000000953674316400 -0.00590195413678884506
-0.73000001907348632800 -0.00591204781085252762
-0.72000002861022949200 -0.00592334987595677376
-0.70999997854232788100 -0.00593086890876293183
-0.69999998807907104500 -0.00593961216509342194
-0.68999999761581420900 -0.00595587398856878281
-0.68000000715255737300 -0.00594190321862697602
-0.67000001668930053700 -0.00592597108334302902
-0.66000002622604370100 -0.00594086619094014168
-0.64999997615814209000 -0.00593064911663532257
-0.63999998569488525400 -0.00591353792697191239
-0.62999999523162841800 -0.00592296803370118141
-0.62000000476837158200 -0.00592680182307958603
-0.61000001430511474600 -0.00594093278050422669
-0.60000002384185791000 -0.00594798289239406586
-0.58999997377395629900 -0.00594183197245001793
-0.57999998331069946300 -0.00592861091718077660
-0.56999999284744262700 -0.00591423781588673592
-0.56000000238418579100 -0.00591841479763388634
-0.55000001192092895500 -0.00590944709256291390
-0.54000002145767211900 -0.00589568400755524636
-0.52999997138977050800 -0.00589867401868104935
-0.51999998092651367200 -0.00590938422828912735
-0.50999999046325683600 -0.00592369819059967995
-0.50000000000000000000 -0.00593202188611030579
-0.49000000953674316400 -0.00593266077339649201
-0.47999998927116394000 -0.00592564605176448822
-0.46999999880790710400 -0.00591508485376834870
-0.46000000834465026800 -0.00592119386419653893
-0.44999998807907104500 -0.00591668207198381424
-0.43999999761581420900 -0.00590654509142041207
-0.43000000715255737300 -0.00590784102678298950
-0.41999998688697814900 -0.00592426117509603501
-0.40999999642372131300 -0.00593761680647730828
-0.40000000596046447700 -0.00594326807186007500
-0.38999998569488525400 -0.00594081589952111244
-0.37999999523162841800 -0.00591533491387963295
-0.37000000476837158200 -0.00592390401288866997
-0.36000001430511474600 -0.00592120178043842316
-0.34999999403953552200 -0.00589918717741966248
-0.34000000357627868600 -0.00589833687990903855
-0.33000001311302185100 -0.00590091990306973458
-0.31999999284744262700 -0.00591097213327884674
-0.31000000238418579100 -0.00591164082288742066
-0.30000001192092895500 -0.00591833097860217095
-0.28999999165534973100 -0.00590614601969718933
-0.28000000119209289500 -0.00588699989020824433
-0.27000001072883606000 -0.00588638614863157272
-0.25999999046325683600 -0.00588433118537068367
-0.25000000000000000000 -0.00586925679817795754
-0.23999999463558197000 -0.00586418807506561280
-0.23000000417232513400 -0.00588322104886174202
-0.21999999880790710400 -0.00589223392307758332
-0.20999999344348907500 -0.00590159185230731964
-0.20000000298023223900 -0.00590842403471469879
-0.18999999761581420900 -0.00590272387489676476
-0.18000000715255737300 -0.00588596984744071961
-0.17000000178813934300 -0.00590193597599864006
-0.15999999642372131300 -0.00589581998065114022
-0.15000000596046447800 -0.00587832508608698845
-0.14000000059604644800 -0.00588158983737230301
-0.12999999523162841800 -0.00589389679953455925
-0.11999999731779098500 -0.00590838817879557610
-0.10999999940395355200 -0.00591429416090250015
-0.10000000149011611900 -0.00591823179274797440
-0.09000000357627868650 -0.00590628199279308319
-0.07999999821186065670 -0.00589275686070322991
-0.07000000029802322390 -0.00589670008048415184
-0.05999999865889549260 -0.00588802294805645943
-0.05000000074505805970 -0.00587308406829833985
-0.03999999910593032840 -0.00587556697428226471
-0.02999999932944774630 -0.00588777009397745133
-0.01999999955296516420 -0.00589682813733816147
-0.00999999977648258210 -0.00589720392599701882
0.00000000000000000000 -0.00589198619127273560
0.00999999977648258210 -0.00588529277592897415
0.01999999955296516420 -0.00586804607883095741
0.02999999932944774630 -0.00588103476911783219
0.03999999910593032840 -0.00587572623044252396
0.05000000074505805970 -0.00585411489009857178
0.05999999865889549260 -0.00586264207959175110
0.07000000029802322390 -0.00587324099615216255
0.07999999821186065670 -0.00587931182235479355
0.09000000357627868650 -0.00589240901172161102
0.10000000149011611900 -0.00589397596195340157
0.10999999940395355200 -0.00587109383195638657
0.11999999731779098500 -0.00586986495181918144
0.12999999523162841800 -0.00587597396224737168
0.14000000059604644800 -0.00585962599143385887
0.15000000596046447800 -0.00585436495020985604
0.15999999642372131300 -0.00585944484919309616
0.17000000178813934300 -0.00586749799549579621
0.18000000715255737300 -0.00586919486522674561
0.18999999761581420900 -0.00587896490469574928
0.20000000298023223900 -0.00585813494399189949
0.20999999344348907500 -0.00582726998254656792
0.21999999880790710400 -0.00583590287715196610
0.23000000417232513400 -0.00581885594874620438
0.23999999463558197000 -0.00578971300274133682
0.25000000000000000000 -0.00578360911458730698
0.25999999046325683600 -0.00578410876914858818
0.27000001072883606000 -0.00577913084998726845
0.28000000119209289500 -0.00577710522338747978
0.28999999165534973100 -0.00577599601820111275
0.30000001192092895500 -0.00575796421617269516
0.31000000238418579100 -0.00572620891034603119
0.31999999284744262700 -0.00572939077392220497
0.33000001311302185100 -0.00571398390457034111
0.34000000357627868600 -0.00567792681977152825
0.34999999403953552200 -0.00567151512950658798
0.36000001430511474600 -0.00566732417792081833
0.37000000476837158200 -0.00565467402338981629
0.37999999523162841800 -0.00564849702641367912
0.38999998569488525400 -0.00563386594876646996
0.40000000596046447700 -0.00559389591217041016
0.40999999642372131300 -0.00555766792967915535
0.41999998688697814900 -0.00553969480097293854
0.43000000715255737300 -0.00550065003335475922
0.43999999761581420900 -0.00545680290088057518
0.44999998807907104500 -0.00542735494673252106
0.46000000834465026800 -0.00539415888488292694
0.46999999880790710400 -0.00536076491698622704
0.47999998927116394000 -0.00532011501491069794
0.49000000953674316400 -0.00526715209707617760
0.50000000000000000000 -0.00519553991034626961
0.50999999046325683600 -0.00513223698362708092
0.51999998092651367200 -0.00506827002391219139
0.52999997138977050800 -0.00498186098411679268
0.54000002145767211900 -0.00489325681701302529
0.55000001192092895500 -0.00480626709759235382
0.56000000238418579100 -0.00470857322216033936
0.56999999284744262700 -0.00458958186209201813
0.57999998331069946300 -0.00445217499509453774
0.58999997377395629900 -0.00427940394729375839
0.60000002384185791000 -0.00406246399506926537
0.61000001430511474600 -0.00383753003552556038
0.62000000476837158200 -0.00356216193176805973
0.62999999523162841800 -0.00323100993409752846
0.63999998569488525400 -0.00287216296419501305
0.64999997615814209000 -0.00246244110167026520
0.66000002622604370100 -0.00200651609338819981
0.67000001668930053700 -0.00149891502223908901
0.68000000715255737300 -0.00091280561173334718
0.68999999761581420900 -0.00035163509892299771
0.69999998807907104500 0.00021396750526037067
0.70999997854232788100 0.00090234872186556458
0.72000002861022949200 0.00167046394199132919
0.73000001907348632800 0.00242727599106729031
0.74000000953674316400 0.00320728006772696972
0.75000000000000000000 0.00401490787044167519
0.75999999046325683600 0.00484413513913750649
0.76999998092651367200 0.00567879807204008103
0.77999997138977050800 0.00656404020264744759
0.79000002145767211900 0.00716417189687490464
0.80000001192092895500 0.00807938072830438614
0.81000000238418579100 0.00933886412531137467
0.81999999284744262700 0.01025678031146526340
0.82999998331069946300 0.01060836017131805420
0.83999997377395629900 0.01154039986431598660
0.85000002384185791000 0.01249105017632246020
0.86000001430511474600 0.01343595981597900390
0.87000000476837158200 0.01438760012388229370
0.87999999523162841800 0.01534100994467735290
0.88999998569488525400 0.01627070084214210510
0.89999997615814209000 0.01723740063607692720
0.91000002622604370100 0.01855828054249286650
0.92000001668930053700 0.01923111081123352050
0.93000000715255737300 0.02022629976272583010
0.93999999761581420900 0.02121851034462451940
0.94999998807907104500 0.02221258915960788730
0.95999997854232788100 0.02322022058069705960
0.97000002861022949200 0.02424100041389465330
0.98000001907348632800 0.02526831068098545070
0.99000000953674316400 0.02629552036523818970
1.00000000000000000000 0.02732684090733528140
