-1.00000000000000000000 -0.00616246601566672325
-0.99000000953674316400 -0.00614643096923828125
-0.98000001907348632800 -0.00615533115342259407
-0.97000002861022949200 -0.00616079615429043770
-0.95999997854232788100 -0.00614003790542483330
-0.94999998807907104500 -0.00614560488611459732
-0.93999999761581420900 -0.00616310117766261101
-0.93000000715255737300 -0.00616607908159494400
-0.92000001668930053700 -0.00617429194971919060
-0.91000002622604370100 -0.00618183286860585213
-0.89999997615814209000 -0.00616453588008880615
-0.88999998569488525400 -0.00615812279284000397
-0.87999999523162841800 -0.00617282185703516007
-0.87000000476837158200 -0.00615027314051985741
-0.86000001430511474600 -0.00613988190889358521
-0.85000002384185791000 -0.00615588203072547913
-0.83999997377395629900 -0.00615351507440209389
-0.82999998331069946300 -0.00616345601156353951
-0.81999999284744262700 -0.00618061283603310585
-0.81000000238418579100 -0.00616451492533087731
-0.80000001192092895500 -0.00614489289000630379
-0.79000002145767211900 -0.00615594489499926567
-0.77999997138977050800 -0.00614302977919578552
-0.76999998092651367200 -0.00612322101369500160
-0.75999999046325683600 -0.00613592099398374558
-0.75000000000000000000 -0.00613054912537336350
-0.74000000953674316400 -0.00614640582352876663
-0.73000001907348632800 -0.00616417312994599343
-0.72000002861022949200 -0.00616840785369277001
-0.70999997854232788100 -0.00615637004375457764
-0.69999998807907104500 -0.00614842213690280914
-0.68999999761581420900 -0.00615293812006711960
-0.68000000715255737300 -0.00615072296932339668
-0.67000001668930053700 -0.00614173291251063347
-0.66000002622604370100 -0.00613803882151842118
-0.64999997615814209000 -0.00614922679960727692
-0.63999998569488525400 -0.00616724416613578797
-0.62999999523162841800 -0.00616293121129274368
-0.62000000476837158200 -0.00617044186219573021
-0.61000001430511474600 -0.00616426207125186920
-0.60000002384185791000 -0.00613746279850602150
-0.58999997377395629900 -0.00614786287769675255
-0.57999998331069946300 -0.00613773381337523461
-0.56999999284744262700 -0.00611294386908411980
-0.56000000238418579100 -0.00611814204603433609
-0.55000001192092895500 -0.00612827017903327942
-0.54000002145767211900 -0.00612422497943043709
-0.52999997138977050800 -0.00613228185102343559
-0.51999998092651367200 -0.00613492494449019432
-0.50999999046325683600 -0.00610105600208044052
-0.50000000000000000000 -0.00610547093674540520
-0.49000000953674316400 -0.00610842788591980934
-0.47999998927116394000 -0.00607926584780216217
-0.46999999880790710400 -0.00608687382191419602
-0.46000000834465026800 -0.00609671603888273239
-0.44999998807907104500 -0.00609986204653978348
-0.43999999761581420900 -0.00611971318721771240
-0.43000000715255737300 -0.00613445090129971504
-0.41999998688697814900 -0.00611264910548925400
-0.40999999642372131300 -0.00610326416790485382
-0.40000000596046447700 -0.00612218677997589112
-0.38999998569488525400 -0.00610516313463449478
-0.37999999523162841800 -0.00609106011688709259
-0.37000000476837158200 -0.00609766785055398941
-0.36000001430511474600 -0.00609659217298030853
-0.34999999403953552200 -0.00611206982284784317
-0.34000000357627868600 -0.00612187013030052185
-0.33000001311302185100 -0.00612110318616032601
-0.31999999284744262700 -0.00611515110358595848
-0.31000000238418579100 -0.00609697680920362473
-0.30000001192092895500 -0.00609811814501881600
-0.28999999165534973100 -0.00609152484685182572
-0.28000000119209289500 -0.00608147308230400086
-0.27000001072883606000 -0.00607874104753136635
-0.25999999046325683600 -0.00609098700806498528
-0.25000000000000000000 -0.00609842222183942795
-0.23999999463558197000 -0.00609696889296174050
-0.23000000417232513400 -0.00610259408131241799
-0.21999999880790710400 -0.00608665822073817253
-0.20999999344348907500 -0.00607558479532599449
-0.20000000298023223900 -0.00608024513348937035
-0.18999999761581420900 -0.00606525689363479614
-0.18000000715255737300 -0.00605965219438076020
-0.17000000178813934300 -0.00606982409954071045
-0.15999999642372131300 -0.00608223583549261093
-0.15000000596046447800 -0.00608959421515464783
-0.14000000059604644800 -0.00610671797767281532
-0.12999999523162841800 -0.00609595188871026039
-0.11999999731779098500 -0.00607563089579343796
-0.10999999940395355200 -0.00608742516487836838
-0.10000000149011611900 -0.00608160812407732010
-0.09000000357627868650 -0.00606305012479424477
-0.07999999821186065670 -0.00606817100197076798
-0.07000000029802322390 -0.00607284810394048691
-0.05999999865889549260 -0.00607868982478976250
-0.05000000074505805970 -0.00609413394704461098
-0.03999999910593032840 -0.00609290692955255509
-0.02999999932944774630 -0.00607804581522941590
-0.01999999955296516420 -0.00605999492108821869
-0.00999999977648258210 -0.00606614211574196816
0.00000000000000000000 -0.00605184119194746018
0.00999999977648258210 -0.00603645900264382363
0.01999999955296516420 -0.00603158306330442429
0.02999999932944774630 -0.00602423306554555893
0.03999999910593032840 -0.00603737076744437218
0.05000000074505805970 -0.00604156311601400376
0.05999999865889549260 -0.00604012701660394669
0.07000000029802322390 -0.00603481102734804154
0.07999999821186065670 -0.00601204205304384232
0.09000000357627868650 -0.00601750984787940979
0.10000000149011611900 -0.00602001789957284928
0.10999999940395355200 -0.00599949015304446221
0.11999999731779098500 -0.00600059516727924347
0.12999999523162841800 -0.00601646816357970238
0.14000000059604644800 -0.00602323794737458229
0.15000000596046447800 -0.00602788105607032776
0.15999999642372131300 -0.00603875517845153809
0.17000000178813934300 -0.00602411013096570969
0.18000000715255737300 -0.00600141705945134163
0.18999999761581420900 -0.00601826701313257218
0.20000000298023223900 -0.00600099284201860428
0.20999999344348907500 -0.00597982108592987061
0.21999999880790710400 -0.00598959811031818390
0.23000000417232513400 -0.00599320605397224426
0.23999999463558197000 -0.00599868921563029289
0.25000000000000000000 -0.00600456912070512772
0.25999999046325683600 -0.00599958701059222222
0.27000001072883606000 -0.00597730884328484535
0.28000000119209289500 -0.00597210414707660675
0.28999999165534973100 -0.00596356717869639397
0.30000001192092895500 -0.00593918096274137497
0.31000000238418579100 -0.00593207078054547310
0.31999999284744262700 -0.00592430913820862770
0.33000001311302185100 -0.00592603022232651711
0.34000000357627868600 -0.00592712312936782837
0.34999999403953552200 -0.00591797986999154091
0.36000001430511474600 -0.00589651521295309067
0.37000000476837158200 -0.00586646795272827149
0.37999999523162841800 -0.00585129018872976303
0.38999998569488525400 -0.00582699896767735481
0.40000000596046447700 -0.00578930415213108063
0.40999999642372131300 -0.00575280189514160156
0.41999998688697814900 -0.00572351180016994476
0.43000000715255737300 -0.00568825518712401390
0.43999999761581420900 -0.00563184497877955437
0.44999998807907104500 -0.00556775787845253945
0.46000000834465026800 -0.00548389181494712830
0.46999999880790710400 -0.00536539405584335327
0.47999998927116394000 -0.00526292482390999794
0.49000000953674316400 -0.00513609498739242554
0.50000000000000000000 -0.00497370678931474686
0.50999999046325683600 -0.00481652701273560524
0.51999998092651367200 -0.00465075019747018814
0.52999997138977050800 -0.00446191383525729180
0.54000002145767211900 -0.00425840588286519051
0.55000001192092895500 -0.00404769415035843849
0.56000000238418579100 -0.00380583596415817738
0.56999999284744262700 -0.00356182409450411797
0.57999998331069946300 -0.00331930909305810928
0.58999997377395629900 -0.00304835196584463120
0.60000002384185791000 -0.00278188707306981087
0.61000001430511474600 -0.00251295207999646664
0.62000000476837158200 -0.00223175506107509136
0.62999999523162841800 -0.00195037503726780415
0.63999998569488525400 -0.00166608800645917654
0.64999997615814209000 -0.00136357895098626614
0.66000002622604370100 -0.00106279202736914158
0.67000001668930053700 -0.00073690770659595728
0.68000000715255737300 -0.00044050460564903915
0.68999999761581420900 -0.00014408180140890181
0.69999998807907104500 0.00014651509991381317
0.70999997854232788100 0.00045442100963555276
0.72000002861022949200 0.00075573840877041221
0.73000001907348632800 0.00110290001612156630
0.74000000953674316400 0.00142492004670202732
0.75000000000000000000 0.00174694496672600508
0.75999999046325683600 0.00207011611200869083
0.76999998092651367200 0.00239449110813438892
0.77999997138977050800 0.00272185797803103924
0.79000002145767211900 0.00304814102128148079
0.80000001192092895500 0.00337517890147864819
0.81000000238418579100 0.00370594603009521961
0.81999999284744262700 0.00403707800433039665
0.82999998331069946300 0.00436925608664751053
0.83999997377395629900 0.00470350077375769615
0.85000002384185791000 0.00503735803067684174
0.86000001430511474600 0.00537422392517328262
0.87000000476837158200 0.00571118202060461044
0.87999999523162841800 0.00604872312396764755
0.88999998569488525400 0.00638950197026133538
0.89999997615814209000 0.00673059886321425438
0.91000002622604370100 0.00707323383539915085
0.92000001668930053700 0.00741801690310239792
0.93000000715255737300 0.00776051497086882592
0.93999999761581420900 0.00810731109231710434
0.94999998807907104500 0.00845686905086040497
0.95999997854232788100 0.00880264025181531906
0.97000002861022949200 0.00915356446057558060
0.98000001907348632800 0.00950695108622312546
0.99000000953674316400 0.00985905993729829788
1.00000000000000000000 0.01021659001708030700
