-1.00000000000000000000 -0.00596626708284020424
-0.99000000953674316400 -0.00595556618645787239
-0.98000001907348632800 -0.00598081992939114571
-0.97000002861022949200 -0.00599307101219892502
-0.95999997854232788100 -0.00599409779533743858
-0.94999998807907104500 -0.00601108605042099953
-0.93999999761581420900 -0.00600133789703249932
-0.93000000715255737300 -0.00597348902374505997
-0.92000001668930053700 -0.00599460210651159287
-0.91000002622604370100 -0.00599305704236030579
-0.89999997615814209000 -0.00596456415951251984
-0.88999998569488525400 -0.00598270306363701821
-0.87999999523162841800 -0.00598970986902713776
-0.87000000476837158200 -0.00599319580942392349
-0.86000001430511474600 -0.00600789394229650498
-0.85000002384185791000 -0.00600704411044716835
-0.83999997377395629900 -0.00597835285589098931
-0.82999998331069946300 -0.00599036598578095436
-0.81999999284744262700 -0.00598289677873253822
-0.81000000238418579100 -0.00595455383881926537
-0.80000001192092895500 -0.00596481002867221832
-0.79000002145767211900 -0.00596289895474910736
-0.77999997138977050800 -0.00596624519675970078
-0.76999998092651367200 -0.00599025702103972435
-0.75999999046325683600 -0.00598856201395392418
-0.75000000000000000000 -0.00596808688715100289
-0.74000000953674316400 -0.00596741493791341782
-0.73000001907348632800 -0.00597054976969957352
-0.72000002861022949200 -0.00596228521317243576
-0.70999997854232788100 -0.00595842814072966576
-0.69999998807907104500 -0.00595586281269788742
-0.68999999761581420900 -0.00596280116587877274
-0.68000000715255737300 -0.00598862813785672188
-0.67000001668930053700 -0.00598766002804040909
-0.66000002622604370100 -0.00599134899675846100
-0.64999997615814209000 -0.00600047921761870384
-0.63999998569488525400 -0.00596784707158803940
-0.62999999523162841800 -0.00598086882382631302
-0.62000000476837158200 -0.00598848378285765648
-0.61000001430511474600 -0.00595032703131437302
-0.60000002384185791000 -0.00596527103334665299
-0.58999997377395629900 -0.00598943000659346581
-0.57999998331069946300 -0.00598023692145943642
-0.56999999284744262700 -0.00599438278004527092
-0.56000000238418579100 -0.00600468507036566734
-0.55000001192092895500 -0.00596742704510688782
-0.54000002145767211900 -0.00597164500504732132
-0.52999997138977050800 -0.00598269794136285782
-0.51999998092651367200 -0.00594572583213448525
-0.50999999046325683600 -0.00594661105424165726
-0.50000000000000000000 -0.00596336880698800087
-0.49000000953674316400 -0.00596341118216514588
-0.47999998927116394000 -0.00597233278676867485
-0.46999999880790710400 -0.00599362701177597046
-0.46000000834465026800 -0.00596418697386980057
-0.44999998807907104500 -0.00595003087073564530
-0.43999999761581420900 -0.00596954487264156342
-0.43000000715255737300 -0.00594678614288568497
-0.41999998688697814900 -0.00593617279082536698
-0.40999999642372131300 -0.00594345619902014733
-0.40000000596046447700 -0.00594217097386717796
-0.38999998569488525400 -0.00595944514498114586
-0.37999999523162841800 -0.00597158912569284439
-0.37000000476837158200 -0.00596233084797859192
-0.36000001430511474600 -0.00595872616395354271
-0.34999999403953552200 -0.00594787020236253739
-0.34000000357627868600 -0.00594632420688867569
-0.33000001311302185100 -0.00594067620113492012
-0.31999999284744262700 -0.00593482097610831261
-0.31000000238418579100 -0.00593733415007591248
-0.30000001192092895500 -0.00596230896189808846
-0.28999999165534973100 -0.00596328312531113625
-0.28000000119209289500 -0.00596446683630347252
-0.27000001072883606000 -0.00597118493169546128
-0.25999999046325683600 -0.00593792693689465523
-0.25000000000000000000 -0.00594627577811479569
-0.23999999463558197000 -0.00595318991690874100
-0.23000000417232513400 -0.00591974984854459763
-0.21999999880790710400 -0.00591767905279994011
-0.20999999344348907500 -0.00593827897682785988
-0.20000000298023223900 -0.00592982303351163864
-0.18999999761581420900 -0.00594021892175078392
-0.18000000715255737300 -0.00596148101612925530
-0.17000000178813934300 -0.00592557387426495552
-0.15999999642372131300 -0.00591710582375526428
-0.15000000596046447800 -0.00593918515369296074
-0.14000000059604644800 -0.00591137679293751717
-0.12999999523162841800 -0.00590992579236626625
-0.11999999731779098500 -0.00593176018446683884
-0.10999999940395355200 -0.00593064911663532257
-0.10000000149011611900 -0.00594954006373882294
-0.09000000357627868650 -0.00597066897898912430
-0.07999999821186065670 -0.00594894913956522942
-0.07000000029802322390 -0.00594010017812252045
-0.05999999865889549260 -0.00595490913838148117
-0.05000000074505805970 -0.00593482283875346184
-0.03999999910593032840 -0.00592411588877439499
-0.02999999932944774630 -0.00592856900766491890
-0.01999999955296516420 -0.00592940812930464745
-0.00999999977648258210 -0.00594771280884742737
0.00000000000000000000 -0.00595567608252167702
0.00999999977648258210 -0.00595196196809411049
0.01999999955296516420 -0.00594835681840777397
0.02999999932944774630 -0.00593789201229810715
0.03999999910593032840 -0.00593337696045637131
0.05000000074505805970 -0.00593122886493802071
0.05999999865889549260 -0.00591714400798082352
0.07000000029802322390 -0.00590684497728943825
0.07999999821186065670 -0.00591875007376074791
0.09000000357627868650 -0.00593342399224638939
0.10000000149011611900 -0.00592486606910824776
0.10999999940395355200 -0.00593958701938390732
0.11999999731779098500 -0.00592619599774479866
0.12999999523162841800 -0.00589468888938426972
0.14000000059604644800 -0.00591195980086922646
0.15000000596046447800 -0.00590214598923921585
0.15999999642372131300 -0.00588076002895832062
0.17000000178813934300 -0.00589086022228002548
0.18000000715255737300 -0.00590346101671457291
0.18999999761581420900 -0.00590402586385607720
0.20000000298023223900 -0.00592355383560061455
0.20999999344348907500 -0.00591387413442134857
0.21999999880790710400 -0.00588653283193707466
0.23000000417232513400 -0.00590203795582056046
0.23999999463558197000 -0.00589510006830096245
0.25000000000000000000 -0.00586333917453885079
0.25999999046325683600 -0.00587544823065400124
0.27000001072883606000 -0.00587135879322886467
0.28000000119209289500 -0.00587577419355511666
0.28999999165534973100 -0.00589643511921167374
0.30000001192092895500 -0.00588430697098374367
0.31000000238418579100 -0.00586207304149866104
0.31999999284744262700 -0.00585531722754240036
0.33000001311302185100 -0.00584301305934786797
0.34000000357627868600 -0.00583084486424922943
0.34999999403953552200 -0.00581832416355609894
0.36000001430511474600 -0.00579852890223264694
0.37000000476837158200 -0.00580381602048873902
0.37999999523162841800 -0.00581695977598428726
0.38999998569488525400 -0.00579639896750450134
0.40000000596046447700 -0.00578955980017781258
0.40999999642372131300 -0.00577250588685274124
0.41999998688697814900 -0.00574825378134846688
0.43000000715255737300 -0.00574020808562636376
0.43999999761581420900 -0.00571575714275240898
0.44999998807907104500 -0.00568006187677383423
0.46000000834465026800 -0.00567440222948789597
0.46999999880790710400 -0.00566912302747368813
0.47999998927116394000 -0.00563285686075687409
0.49000000953674316400 -0.00561255821958184242
0.50000000000000000000 -0.00555938715115189552
0.50999999046325683600 -0.00547765800729393959
0.51999998092651367200 -0.00542596401646733284
0.52999997138977050800 -0.00533534307032823563
0.54000002145767211900 -0.00520386081188917160
0.55000001192092895500 -0.00508990511298179627
0.56000000238418579100 -0.00494126603007316590
0.56999999284744262700 -0.00475618802011013031
0.57999998331069946300 -0.00455360207706689835
0.58999997377395629900 -0.00430364999920129776
0.60000002384185791000 -0.00400346098467707634
0.61000001430511474600 -0.00369273801334202290
0.62000000476837158200 -0.00334275001659989357
0.62999999523162841800 -0.00295300106517970562
0.63999998569488525400 -0.00255570909939706326
0.64999997615814209000 -0.00212845508940517902
0.66000002622604370100 -0.00168304296676069498
0.67000001668930053700 -0.00122672796715050936
0.68000000715255737300 -0.00071312242653220892
0.68999999761581420900 -0.00024308600404765457
0.69999998807907104500 0.00021136589930392802
0.70999997854232788100 0.00073087692726403475
0.72000002861022949200 0.00129454000853002071
0.73000001907348632800 0.00183138297870755196
0.74000000953674316400 0.00237347697839140892
0.75000000000000000000 0.00292435591109097004
0.75999999046325683600 0.00348392105661332607
0.76999998092651367200 0.00405221199616789818
0.77999997138977050800 0.00461836392059922218
0.79000002145767211900 0.00520081305876374245
0.80000001192092895500 0.00579109601676464081
0.81000000238418579100 0.00637051602825522423
0.81999999284744262700 0.00697214109823107720
0.82999998331069946300 0.00759095512330532074
0.83999997377395629900 0.00819815974682569504
0.85000002384185791000 0.00882981624454259873
0.86000001430511474600 0.00947303976863622666
0.87000000476837158200 0.01009222958236932750
0.87999999523162841800 0.01024236995726823810
0.88999998569488525400 0.01087001990526914600
0.89999997615814209000 0.01150054018944501880
0.91000002622604370100 0.01211929041892290120
0.92000001668930053700 0.01277523953467607500
0.93000000715255737300 0.01342536974698305130
0.93999999761581420900 0.01406923029571771620
0.94999998807907104500 0.01475077029317617420
0.95999997854232788100 0.01541132014244794850
0.97000002861022949200 0.01610713079571723940
0.98000001907348632800 0.01684243977069854740
0.99000000953674316400 0.01753222011029720310
1.00000000000000000000 0.01824788004159927370
