-1.00000000000000000000 -0.00607131188735365868
-0.99000000953674316400 -0.00606773281469941139
-0.98000001907348632800 -0.00605397392064332962
-0.97000002861022949200 -0.00604854617267847061
-0.95999997854232788100 -0.00605702819302678108
-0.94999998807907104500 -0.00604523485526442528
-0.93999999761581420900 -0.00603980105370283127
-0.93000000715255737300 -0.00605228822678327561
-0.92000001668930053700 -0.00606796983629465103
-0.91000002622604370100 -0.00608048308640718460
-0.89999997615814209000 -0.00609345687553286553
-0.88999998569488525400 -0.00608571898192167282
-0.87999999523162841800 -0.00607153307646512985
-0.87000000476837158200 -0.00607775105163455010
-0.86000001430511474600 -0.00607666699215769768
-0.85000002384185791000 -0.00606188410893082619
-0.83999997377395629900 -0.00605860399082303047
-0.82999998331069946300 -0.00607315497472882271
-0.81999999284744262700 -0.00608220277354121208
-0.81000000238418579100 -0.00608279602602124214
-0.80000001192092895500 -0.00609431508928537369
-0.79000002145767211900 -0.00608292687684297562
-0.77999997138977050800 -0.00605816813185811043
-0.76999998092651367200 -0.00607019383460283280
-0.75999999046325683600 -0.00605930807068943978
-0.75000000000000000000 -0.00604077382013201714
-0.74000000953674316400 -0.00604205019772052765
-0.73000001907348632800 -0.00605403678491711617
-0.72000002861022949200 -0.00606448017060756684
-0.70999997854232788100 -0.00606772117316722870
-0.69999998807907104500 -0.00607568910345435143
-0.68999999761581420900 -0.00606407318264245987
-0.68000000715255737300 -0.00604847492650151253
-0.67000001668930053700 -0.00606257701292634010
-0.66000002622604370100 -0.00605282979086041451
-0.64999997615814209000 -0.00604230398312211037
-0.63999998569488525400 -0.00604912498965859413
-0.62999999523162841800 -0.00606412719935178757
-0.62000000476837158200 -0.00607614079490303993
-0.61000001430511474600 -0.00609301403164863587
-0.60000002384185791000 -0.00608496088534593582
-0.58999997377395629900 -0.00606575515121221543
-0.57999998331069946300 -0.00606967695057392121
-0.56999999284744262700 -0.00606642011553049088
-0.56000000238418579100 -0.00604926701635122299
-0.55000001192092895500 -0.00604983512312173844
-0.54000002145767211900 -0.00605927314609289170
-0.52999997138977050800 -0.00606437399983406067
-0.51999998092651367200 -0.00607147812843322754
-0.50999999046325683600 -0.00607661204412579537
-0.50000000000000000000 -0.00606279820203781128
-0.49000000953674316400 -0.00603738520294427872
-0.47999998927116394000 -0.00604478595778346062
-0.46999999880790710400 -0.00603558495640754700
-0.46000000834465026800 -0.00601213378831744194
-0.44999998807907104500 -0.00601616594940423966
-0.43999999761581420900 -0.00602066610008478165
-0.43000000715255737300 -0.00603555887937545777
-0.41999998688697814900 -0.00604123109951615334
-0.40999999642372131300 -0.00605192314833402634
-0.40000000596046447700 -0.00604212982580065727
-0.38999998569488525400 -0.00603053998202085495
-0.37999999523162841800 -0.00604348909109830856
-0.37000000476837158200 -0.00603721989318728447
-0.36000001430511474600 -0.00603155279532074928
-0.34999999403953552200 -0.00603422103449702263
-0.34000000357627868600 -0.00604892103001475334
-0.33000001311302185100 -0.00606336910277605057
-0.31999999284744262700 -0.00606534397229552269
-0.31000000238418579100 -0.00606688577681779862
-0.30000001192092895500 -0.00604989100247621536
-0.28999999165534973100 -0.00604231189936399460
-0.28000000119209289500 -0.00605375319719314575
-0.27000001072883606000 -0.00603671092540025711
-0.25999999046325683600 -0.00602797279134392739
-0.25000000000000000000 -0.00603972794488072396
-0.23999999463558197000 -0.00604841997846961022
-0.23000000417232513400 -0.00605429615825414658
-0.21999999880790710400 -0.00606211880221962929
-0.20999999344348907500 -0.00605283491313457489
-0.20000000298023223900 -0.00602389406412839890
-0.18999999761581420900 -0.00603125989437103272
-0.18000000715255737300 -0.00602749409154057503
-0.17000000178813934300 -0.00600696215406060219
-0.15999999642372131300 -0.00600867811590433121
-0.15000000596046447800 -0.00601762393489480019
-0.14000000059604644800 -0.00603121798485517502
-0.12999999523162841800 -0.00603604177013039589
-0.11999999731779098500 -0.00605356320738792420
-0.10999999940395355200 -0.00604094797745347023
-0.10000000149011611900 -0.00601585814729332924
-0.09000000357627868650 -0.00603667413815855980
-0.07999999821186065670 -0.00603295816108584404
-0.07000000029802322390 -0.00600485177710652352
-0.05999999865889549260 -0.00601399783045053482
-0.05000000074505805970 -0.00602367799729108811
-0.03999999910593032840 -0.00603594491258263588
-0.02999999932944774630 -0.00604807818308472634
-0.01999999955296516420 -0.00605149613693356514
-0.00999999977648258210 -0.00604273611679673195
0.00000000000000000000 -0.00601926678791642189
0.00999999977648258210 -0.00602514296770095825
0.01999999955296516420 -0.00601805513724684715
0.02999999932944774630 -0.00600215792655944824
0.03999999910593032840 -0.00599260581657290459
0.05000000074505805970 -0.00599313480779528618
0.05999999865889549260 -0.00600363081321120262
0.07000000029802322390 -0.00600582594051957131
0.07999999821186065670 -0.00601470097899436951
0.09000000357627868650 -0.00599587103351950646
0.10000000149011611900 -0.00597122777253389359
0.10999999940395355200 -0.00598148582503199578
0.11999999731779098500 -0.00597411487251520157
0.12999999523162841800 -0.00595594616606831551
0.14000000059604644800 -0.00595973990857601166
0.15000000596046447800 -0.00596280908212065697
0.15999999642372131300 -0.00597757892683148384
0.17000000178813934300 -0.00599060114473104477
0.18000000715255737300 -0.00598985608667135239
0.18999999761581420900 -0.00598275614902377129
0.20000000298023223900 -0.00596296088770031929
0.20999999344348907500 -0.00596707779914140702
0.21999999880790710400 -0.00596206681802868843
0.23000000417232513400 -0.00593964103609323502
0.23999999463558197000 -0.00593758281320333481
0.25000000000000000000 -0.00594256911426782608
0.25999999046325683600 -0.00595064321532845497
0.27000001072883606000 -0.00594538496807217598
0.28000000119209289500 -0.00594427622854709625
0.28999999165534973100 -0.00592238409444689751
0.30000001192092895500 -0.00589470518752932549
0.31000000238418579100 -0.00589030282571911812
0.31999999284744262700 -0.00587191479280591011
0.33000001311302185100 -0.00584205007180571556
0.34000000357627868600 -0.00582814589142799378
0.34999999403953552200 -0.00582373002544045448
0.36000001430511474600 -0.00581212295219302178
0.37000000476837158200 -0.00580036314204335213
0.37999999523162841800 -0.00578049989417195320
0.38999998569488525400 -0.00574592081829905510
0.40000000596046447700 -0.00571338413283228874
0.40999999642372131300 -0.00569903617724776268
0.41999998688697814900 -0.00566349783912301064
0.43000000715255737300 -0.00562865613028407097
0.43999999761581420900 -0.00560591090470552445
0.44999998807907104500 -0.00558285322040319443
0.46000000834465026800 -0.00555744580924510956
0.46999999880790710400 -0.00552645185962319374
0.47999998927116394000 -0.00548006501048803330
0.49000000953674316400 -0.00541693391278386116
0.50000000000000000000 -0.00537041807547211647
0.50999999046325683600 -0.00531282508745789528
0.51999998092651367200 -0.00523811718448996544
0.52999997138977050800 -0.00516359414905309677
0.54000002145767211900 -0.00509013189002871514
0.55000001192092895500 -0.00500344391912221909
0.56000000238418579100 -0.00489621283486485481
0.56999999284744262700 -0.00476988777518272400
0.57999998331069946300 -0.00460702413693070412
0.58999997377395629900 -0.00440916977822780609
0.60000002384185791000 -0.00419549178332090378
0.61000001430511474600 -0.00394217204302549362
0.62000000476837158200 -0.00363805494271218777
0.62999999523162841800 -0.00330233410932123661
0.63999998569488525400 -0.00293039507232606411
0.64999997615814209000 -0.00251253694295883179
0.66000002622604370100 -0.00204918906092643738
0.67000001668930053700 -0.00153837504331022501
0.68000000715255737300 -0.00095736951334401965
0.68999999761581420900 -0.00040910890675149858
0.69999998807907104500 0.00014309620019048452
0.70999997854232788100 0.00081124471034854651
0.72000002861022949200 0.00153110700193792582
0.73000001907348632800 0.00224892795085906982
0.74000000953674316400 0.00298848096281290054
0.75000000000000000000 0.00375089794397354126
0.75999999046325683600 0.00453564804047346115
0.76999998092651367200 0.00533437309786677361
0.77999997138977050800 0.00614880910143256188
0.79000002145767211900 0.00698320101946592331
0.80000001192092895500 0.00782591011375188828
0.81000000238418579100 0.00868150871247053147
0.81999999284744262700 0.00956303812563419342
0.82999998331069946300 0.01043410971760749820
0.83999997377395629900 0.01075941976159811020
0.85000002384185791000 0.01161829009652137760
0.86000001430511474600 0.01248695980757474900
0.87000000476837158200 0.01336309034377336500
0.87999999523162841800 0.01424442045390605930
0.88999998569488525400 0.01513206027448177340
0.89999997615814209000 0.01602361910045146940
0.91000002622604370100 0.01691420003771781920
0.92000001668930053700 0.01782201044261455540
0.93000000715255737300 0.01872562989592552190
0.93999999761581420900 0.01963571086525917050
0.94999998807907104500 0.02055013924837112430
0.95999997854232788100 0.02147684060037136080
0.97000002861022949200 0.02241704985499382020
0.98000001907348632800 0.02335114032030105590
0.99000000953674316400 0.02429023943841457370
1.00000000000000000000 0.02522999979555606840
