-1.00000000000000000000 -0.00610999111086130142
-0.99000000953674316400 -0.00609730789437890053
-0.98000001907348632800 -0.00609091622754931450
-0.97000002861022949200 -0.00609881198033690453
-0.95999997854232788100 -0.00610835617408156395
-0.94999998807907104500 -0.00611598603427410126
-0.93999999761581420900 -0.00612591020762920380
-0.93000000715255737300 -0.00610794592648744583
-0.92000001668930053700 -0.00608291383832693100
-0.91000002622604370100 -0.00609863921999931336
-0.89999997615814209000 -0.00608537998050451279
-0.88999998569488525400 -0.00605966197326779366
-0.87999999523162841800 -0.00606657983735203743
-0.87000000476837158200 -0.00607179896906018257
-0.86000001430511474600 -0.00608185911551117897
-0.85000002384185791000 -0.00609322497621178627
-0.83999997377395629900 -0.00609044497832655907
-0.82999998331069946300 -0.00607950380071997643
-0.81999999284744262700 -0.00607353495433926582
-0.81000000238418579100 -0.00607886817306280136
-0.80000001192092895500 -0.00607423903420567513
-0.79000002145767211900 -0.00606392417103052140
-0.77999997138977050800 -0.00607517082244157791
-0.76999998092651367200 -0.00609379587695002556
-0.75999999046325683600 -0.00610668677836656571
-0.75000000000000000000 -0.00611282605677843094
-0.74000000953674316400 -0.00610832683742046356
-0.73000001907348632800 -0.00609391182661056519
-0.72000002861022949200 -0.00610446278005838394
-0.70999997854232788100 -0.00610219314694404602
-0.69999998807907104500 -0.00608564680442214012
-0.68999999761581420900 -0.00608391920104622841
-0.68000000715255737300 -0.00609960779547691345
-0.67000001668930053700 -0.00611124979332089424
-0.66000002622604370100 -0.00610927212983369827
-0.64999997615814209000 -0.00611618394032120705
-0.63999998569488525400 -0.00609706295654177666
-0.62999999523162841800 -0.00609594397246837616
-0.62000000476837158200 -0.00609908811748027802
-0.61000001430511474600 -0.00607309909537434578
-0.60000002384185791000 -0.00607375521212816239
-0.58999997377395629900 -0.00607891613617539406
-0.57999998331069946300 -0.00608836207538843155
-0.56999999284744262700 -0.00610084086656570435
-0.56000000238418579100 -0.00610769120976328850
-0.55000001192092895500 -0.00609498796984553337
-0.54000002145767211900 -0.00608324492350220680
-0.52999997138977050800 -0.00608864985406398773
-0.51999998092651367200 -0.00608344795182347298
-0.50999999046325683600 -0.00607116287574172020
-0.50000000000000000000 -0.00607723789289593697
-0.49000000953674316400 -0.00608867080882191658
-0.47999998927116394000 -0.00609800312668085098
-0.46999999880790710400 -0.00610851310193538666
-0.46000000834465026800 -0.00610685301944613457
-0.44999998807907104500 -0.00609094602987170220
-0.43999999761581420900 -0.00608783215284347534
-0.43000000715255737300 -0.00608681607991456986
-0.41999998688697814900 -0.00607415381819009781
-0.40999999642372131300 -0.00606154697015881539
-0.40000000596046447700 -0.00606426689773797989
-0.38999998569488525400 -0.00607463717460632324
-0.37999999523162841800 -0.00607991078868508339
-0.37000000476837158200 -0.00608819210901856423
-0.36000001430511474600 -0.00607160013169050217
-0.34999999403953552200 -0.00604376988485455513
-0.34000000357627868600 -0.00605712505057454109
-0.33000001311302185100 -0.00604985281825065613
-0.31999999284744262700 -0.00602693390101194382
-0.31000000238418579100 -0.00603835377842187882
-0.30000001192092895500 -0.00604921905323863030
-0.28999999165534973100 -0.00605799304321408272
-0.28000000119209289500 -0.00607237499207258225
-0.27000001072883606000 -0.00607281597331166268
-0.25999999046325683600 -0.00605836603790521622
-0.25000000000000000000 -0.00606068409979343414
-0.23999999463558197000 -0.00606596097350120545
-0.23000000417232513400 -0.00605167588219046593
-0.21999999880790710400 -0.00604977505281567574
-0.20999999344348907500 -0.00606425385922193527
-0.20000000298023223900 -0.00606908323243260384
-0.18999999761581420900 -0.00608223583549261093
-0.18000000715255737300 -0.00609978707507252693
-0.17000000178813934300 -0.00607662787660956383
-0.15999999642372131300 -0.00606602896004915238
-0.15000000596046447800 -0.00607497198507189751
-0.14000000059604644800 -0.00606550695374608040
-0.12999999523162841800 -0.00604961393401026726
-0.11999999731779098500 -0.00605338905006647110
-0.10999999940395355200 -0.00605283584445714951
-0.10000000149011611900 -0.00606688484549522400
-0.09000000357627868650 -0.00607295893132686615
-0.07999999821186065670 -0.00607410306110978127
-0.07000000029802322390 -0.00605802703648805618
-0.05999999865889549260 -0.00604587001726031304
-0.05000000074505805970 -0.00605775602161884308
-0.03999999910593032840 -0.00604360690340399742
-0.02999999932944774630 -0.00603393698111176491
-0.01999999955296516420 -0.00604642415419220925
-0.00999999977648258210 -0.00605226121842861176
0.00000000000000000000 -0.00606027198955416680
0.00999999977648258210 -0.00606329692527651787
0.01999999955296516420 -0.00606878194957971573
0.02999999932944774630 -0.00604912312701344490
0.03999999910593032840 -0.00604949891567230225
0.05000000074505805970 -0.00604972802102565766
0.05999999865889549260 -0.00603250879794359207
0.07000000029802322390 -0.00602553179487586022
0.07999999821186065670 -0.00602960586547851563
0.09000000357627868650 -0.00603854097425937653
0.10000000149011611900 -0.00605223700404167176
0.10999999940395355200 -0.00605124980211257935
0.11999999731779098500 -0.00603519007563591004
0.12999999523162841800 -0.00601510982960462570
0.14000000059604644800 -0.00601194193586707115
0.15000000596046447800 -0.00600154185667634010
0.15999999642372131300 -0.00598210608586668968
0.17000000178813934300 -0.00598218897357583046
0.18000000715255737300 -0.00598160689696669579
0.18999999761581420900 -0.00599444704130291939
0.20000000298023223900 -0.00600135186687111855
0.20999999344348907500 -0.00599564192816615105
0.21999999880790710400 -0.00598344579339027405
0.23000000417232513400 -0.00597202917560935021
0.23999999463558197000 -0.00597033603116869927
0.25000000000000000000 -0.00596339581534266472
0.25999999046325683600 -0.00594844296574592590
0.27000001072883606000 -0.00594692584127187729
0.28000000119209289500 -0.00595725886523723602
0.28999999165534973100 -0.00596077879890799523
0.30000001192092895500 -0.00595699623227119446
0.31000000238418579100 -0.00594897195696830750
0.31999999284744262700 -0.00591308018192648888
0.33000001311302185100 -0.00591430393978953362
0.34000000357627868600 -0.00590196391567587853
0.34999999403953552200 -0.00586874177679419518
0.36000001430511474600 -0.00585639802739024162
0.37000000476837158200 -0.00584912020713090897
0.37999999523162841800 -0.00583580415695905686
0.38999998569488525400 -0.00582423480227589607
0.40000000596046447700 -0.00580503698438405991
0.40999999642372131300 -0.00576352002099156380
0.41999998688697814900 -0.00572594394907355309
0.43000000715255737300 -0.00570595404133200646
0.43999999761581420900 -0.00565944192931056023
0.44999998807907104500 -0.00561914499849081040
0.46000000834465026800 -0.00558672891929745674
0.46999999880790710400 -0.00555593986064195633
0.47999998927116394000 -0.00552335800603032112
0.49000000953674316400 -0.00548701779916882515
0.50000000000000000000 -0.00541886501014232636
0.50999999046325683600 -0.00534630985930562020
0.51999998092651367200 -0.00528411893174052239
0.52999997138977050800 -0.00519659509882330895
0.54000002145767211900 -0.00508947018533945084
0.55000001192092895500 -0.00498118810355663300
0.56000000238418579100 -0.00485574314370751381
0.56999999284744262700 -0.00470741512253880501
0.57999998331069946300 -0.00452775321900844574
0.58999997377395629900 -0.00430966308340430260
0.60000002384185791000 -0.00404377281665802002
0.61000001430511474600 -0.00374041893519461155
0.62000000476837158200 -0.00340562104247510433
0.62999999523162841800 -0.00301005388610064983
0.63999998569488525400 -0.00257293693721294403
0.64999997615814209000 -0.00210056710056960583
0.66000002622604370100 -0.00158379704225808382
0.67000001668930053700 -0.00102890294510871172
0.68000000715255737300 -0.00042198869050480425
0.68999999761581420900 0.00011773720325436443
0.69999998807907104500 0.00079639448085799813
0.70999997854232788100 0.00152298598550260067
0.72000002861022949200 0.00224898499436676502
0.73000001907348632800 0.00299480091780424118
0.74000000953674316400 0.00375848589465022087
0.75000000000000000000 0.00454623298719525337
0.75999999046325683600 0.00535179395228624344
0.76999998092651367200 0.00617241021245718002
0.77999997138977050800 0.00700940378010272980
0.79000002145767211900 0.00785967335104942322
0.80000001192092895500 0.00871921796351671219
0.81000000238418579100 0.00959031283855438233
0.81999999284744262700 0.01047756988555192950
0.82999998331069946300 0.01080370973795652390
0.83999997377395629900 0.01167009025812149050
0.85000002384185791000 0.01253215037286281590
0.86000001430511474600 0.01341573987156152730
0.87000000476837158200 0.01429990027099847790
0.87999999523162841800 0.01518321968615055080
0.88999998569488525400 0.01609661988914012910
0.89999997615814209000 0.01705794967710971830
0.91000002622604370100 0.01790465973317623140
0.92000001668930053700 0.01879174076020717620
0.93000000715255737300 0.01973092928528785710
0.93999999761581420900 0.02063168957829475400
0.94999998807907104500 0.02157109044492244720
0.95999997854232788100 0.02250465936958789830
0.97000002861022949200 0.02342760935425758360
0.98000001907348632800 0.02437633089721202850
0.99000000953674316400 0.02531941980123519900
1.00000000000000000000 0.02626354061067104340
