-1.00000000000000000000 -0.00621875189244747162
-0.99000000953674316400 -0.00620913598686456680
-0.98000001907348632800 -0.00621204217895865441
-0.97000002861022949200 -0.00620703911408782006
-0.95999997854232788100 -0.00619804486632347107
-0.94999998807907104500 -0.00619652401655912400
-0.93999999761581420900 -0.00620365422219038010
-0.93000000715255737300 -0.00621911603957414627
-0.92000001668930053700 -0.00621858611702919007
-0.91000002622604370100 -0.00621894188225269318
-0.89999997615814209000 -0.00620992807671427727
-0.88999998569488525400 -0.00618821708485484123
-0.87999999523162841800 -0.00619038986042141915
-0.87000000476837158200 -0.00618167221546173096
-0.86000001430511474600 -0.00615793280303478241
-0.85000002384185791000 -0.00616219779476523400
-0.83999997377395629900 -0.00617252197116613388
-0.82999998331069946300 -0.00617265282198786736
-0.81999999284744262700 -0.00618178304284811020
-0.81000000238418579100 -0.00618193484842777252
-0.80000001192092895500 -0.00614901119843125344
-0.79000002145767211900 -0.00616713007912039757
-0.77999997138977050800 -0.00617054011672735214
-0.76999998092651367200 -0.00613785721361637116
-0.75999999046325683600 -0.00615220516920089722
-0.75000000000000000000 -0.00616504484787583351
-0.74000000953674316400 -0.00616552820429205895
-0.73000001907348632800 -0.00618258304893970490
-0.72000002861022949200 -0.00620037084445357323
-0.70999997854232788100 -0.00617828685790300369
-0.69999998807907104500 -0.00616508722305297852
-0.68999999761581420900 -0.00618269713595509529
-0.68000000715255737300 -0.00616317708045244217
-0.67000001668930053700 -0.00615257397294044495
-0.66000002622604370100 -0.00616143597289919853
-0.64999997615814209000 -0.00615638680756092072
-0.63999998569488525400 -0.00617504678666591644
-0.62999999523162841800 -0.00618830183520913124
-0.62000000476837158200 -0.00617949478328227997
-0.61000001430511474600 -0.00617519998922944069
-0.60000002384185791000 -0.00616129580885171890
-0.58999997377395629900 -0.00616173679009079933
-0.57999998331069946300 -0.00615293392911553383
-0.56999999284744262700 -0.00614180089905858040
-0.56000000238418579100 -0.00614173384383320809
-0.55000001192092895500 -0.00615203613415360451
-0.54000002145767211900 -0.00616184808313846588
-0.52999997138977050800 -0.00615969905629754067
-0.51999998092651367200 -0.00616507884114980698
-0.50999999046325683600 -0.00615261914208531380
-0.50000000000000000000 -0.00614965520799160004
-0.49000000953674316400 -0.00615528877824544907
-0.47999998927116394000 -0.00613814080134034157
-0.46999999880790710400 -0.00613348884508013726
-0.46000000834465026800 -0.00614374596625566483
-0.44999998807907104500 -0.00615727994590997696
-0.43999999761581420900 -0.00616268999874591828
-0.43000000715255737300 -0.00617918604984879494
-0.41999998688697814900 -0.00616934103891253472
-0.40999999642372131300 -0.00614511687308549881
-0.40000000596046447700 -0.00615930510684847832
-0.38999998569488525400 -0.00615270109847187996
-0.37999999523162841800 -0.00612895609810948372
-0.37000000476837158200 -0.00613215519115328789
-0.36000001430511474600 -0.00614108517765998840
-0.34999999403953552200 -0.00614658789709210396
-0.34000000357627868600 -0.00615679286420345307
-0.33000001311302185100 -0.00615624198690056801
-0.31999999284744262700 -0.00613886909559369087
-0.31000000238418579100 -0.00612006802111864090
-0.30000001192092895500 -0.00612065801396965981
-0.28999999165534973100 -0.00610448885709047318
-0.28000000119209289500 -0.00608785683289170265
-0.27000001072883606000 -0.00608891015872359276
-0.25999999046325683600 -0.00609312020242214203
-0.25000000000000000000 -0.00611200695857405663
-0.23999999463558197000 -0.00611174106597900391
-0.23000000417232513400 -0.00611623981967568398
-0.21999999880790710400 -0.00610627513378858566
-0.20999999344348907500 -0.00609485106542706490
-0.20000000298023223900 -0.00610233517363667488
-0.18999999761581420900 -0.00609800685197114945
-0.18000000715255737300 -0.00608321791514754296
-0.17000000178813934300 -0.00609048688784241676
-0.15999999642372131300 -0.00611289311200380326
-0.15000000596046447800 -0.00611054617911577225
-0.14000000059604644800 -0.00612198701128363610
-0.12999999523162841800 -0.00612285220995545387
-0.11999999731779098500 -0.00609322497621178627
-0.10999999940395355200 -0.00610566511750221253
-0.10000000149011611900 -0.00611056294292211533
-0.09000000357627868650 -0.00607705488801002503
-0.07999999821186065670 -0.00607718620449304581
-0.07000000029802322390 -0.00609515607357025147
-0.05999999865889549260 -0.00609551602974534035
-0.05000000074505805970 -0.00610339501872658730
-0.03999999910593032840 -0.00611577788367867470
-0.02999999932944774630 -0.00609462196007370949
-0.01999999955296516420 -0.00607263995334506035
-0.00999999977648258210 -0.00608922820538282395
0.00000000000000000000 -0.00606964109465479851
0.00999999977648258210 -0.00605085399001836777
0.01999999955296516420 -0.00605192082002758980
0.02999999932944774630 -0.00605723680928349495
0.03999999910593032840 -0.00606604898348450661
0.05000000074505805970 -0.00607615197077393532
0.05999999865889549260 -0.00608519185334444046
0.07000000029802322390 -0.00607374077662825585
0.07999999821186065670 -0.00605806801468133927
0.09000000357627868650 -0.00606633722782135010
0.10000000149011611900 -0.00606490904465317726
0.10999999940395355200 -0.00604885397478938103
0.11999999731779098500 -0.00604729121550917626
0.12999999523162841800 -0.00605896487832069397
0.14000000059604644800 -0.00607459805905818939
0.15000000596046447800 -0.00607520295307040215
0.15999999642372131300 -0.00607917318120598793
0.17000000178813934300 -0.00607452308759093285
0.18000000715255737300 -0.00604606512933969498
0.18999999761581420900 -0.00605314504355192185
0.20000000298023223900 -0.00604863278567790985
0.20999999344348907500 -0.00601868005469441414
0.21999999880790710400 -0.00601860322058200836
0.23000000417232513400 -0.00602619582787156105
0.23999999463558197000 -0.00602150522172451020
0.25000000000000000000 -0.00601618504151701927
0.25999999046325683600 -0.00601835409179329872
0.27000001072883606000 -0.00598419597372412682
0.28000000119209289500 -0.00597340613603591919
0.28999999165534973100 -0.00597550394013524056
0.30000001192092895500 -0.00593763403594493866
0.31000000238418579100 -0.00592698622494935990
0.31999999284744262700 -0.00593036413192749024
0.33000001311302185100 -0.00592286884784698486
0.34000000357627868600 -0.00592325814068317414
0.34999999403953552200 -0.00592709193006157875
0.36000001430511474600 -0.00588805601000785828
0.37000000476837158200 -0.00585325015708804131
0.37999999523162841800 -0.00584591319784522057
0.38999998569488525400 -0.00579875614494085312
0.40000000596046447700 -0.00575064215809106827
0.40999999642372131300 -0.00571561697870492935
0.41999998688697814900 -0.00565849104896187782
0.43000000715255737300 -0.00561068020761013031
0.43999999761581420900 -0.00554980104789137840
0.44999998807907104500 -0.00546006998047232628
0.46000000834465026800 -0.00535900099202990532
0.46999999880790710400 -0.00524040916934609413
0.47999998927116394000 -0.00511498190462589264
0.49000000953674316400 -0.00497409794479608536
0.50000000000000000000 -0.00481467600911855698
0.50999999046325683600 -0.00464421510696411133
0.51999998092651367200 -0.00447233486920595169
0.52999997138977050800 -0.00429065199568867684
0.54000002145767211900 -0.00408485997468233109
0.55000001192092895500 -0.00387491588480770588
0.56000000238418579100 -0.00364878796972334385
0.56999999284744262700 -0.00340980500914156437
0.57999998331069946300 -0.00317529495805501938
0.58999997377395629900 -0.00292588700540363789
0.60000002384185791000 -0.00266878004185855389
0.61000001430511474600 -0.00241569010540843010
0.62000000476837158200 -0.00215765601024031639
0.62999999523162841800 -0.00188951403833925724
0.63999998569488525400 -0.00162316299974918366
0.64999997615814209000 -0.00134593097027391195
0.66000002622604370100 -0.00106157897971570492
0.67000001668930053700 -0.00075244461186230183
0.68000000715255737300 -0.00048180570593103766
0.68999999761581420900 -0.00020417990162968636
0.69999998807907104500 0.00007185727008618414
0.70999997854232788100 0.00034390098880976439
0.72000002861022949200 0.00062414811691269279
0.73000001907348632800 0.00090763508342206478
0.74000000953674316400 0.00124965794384479523
0.75000000000000000000 0.00154717604164034128
0.75999999046325683600 0.00184844399336725473
0.76999998092651367200 0.00214857491664588451
0.77999997138977050800 0.00245136790908873081
0.79000002145767211900 0.00275674392469227314
0.80000001192092895500 0.00305969407781958580
0.81000000238418579100 0.00336529291234910488
0.81999999284744262700 0.00367259397171437740
0.82999998331069946300 0.00397846801206469536
0.83999997377395629900 0.00428632786497473717
0.85000002384185791000 0.00459425710141658783
0.86000001430511474600 0.00490415794774889946
0.87000000476837158200 0.00521586602553725243
0.87999999523162841800 0.00552529888227581978
0.88999998569488525400 0.00583837786689400673
0.89999997615814209000 0.00615303590893745423
0.91000002622604370100 0.00646395701915025711
0.92000001668930053700 0.00677947700023651123
0.93000000715255737300 0.00709640886634588242
0.93999999761581420900 0.00741186318919062615
0.94999998807907104500 0.00773137295618653298
0.95999997854232788100 0.00805193558335304260
0.97000002861022949200 0.00836826395243406296
0.98000001907348632800 0.00868810806423425675
0.99000000953674316400 0.00901229307055473328
1.00000000000000000000 0.00933105219155550003
