-1.00000000000000000000 -0.00613248581066727638
-0.99000000953674316400 -0.00615297583863139153
-0.98000001907348632800 -0.00615308992564678192
-0.97000002861022949200 -0.00616506207734346390
-0.95999997854232788100 -0.00615771207958459854
-0.94999998807907104500 -0.00614865589886903763
-0.93999999761581420900 -0.00615680497139692307
-0.93000000715255737300 -0.00614506704732775688
-0.92000001668930053700 -0.00613584509119391442
-0.91000002622604370100 -0.00614687195047736168
-0.89999997615814209000 -0.00616367999464273453
-0.88999998569488525400 -0.00616867095232009888
-0.87999999523162841800 -0.00618193019181489945
-0.87000000476837158200 -0.00617569917812943459
-0.86000001430511474600 -0.00615631416440010071
-0.85000002384185791000 -0.00615440402179956436
-0.83999997377395629900 -0.00615926180034875870
-0.82999998331069946300 -0.00614029308781027794
-0.81999999284744262700 -0.00613351492211222649
-0.81000000238418579100 -0.00614126678556203842
-0.80000001192092895500 -0.00614998117089271546
-0.79000002145767211900 -0.00615870300680398941
-0.77999997138977050800 -0.00616290606558322907
-0.76999998092651367200 -0.00615471694618463516
-0.75999999046325683600 -0.00613768398761749268
-0.75000000000000000000 -0.00614754902198910713
-0.74000000953674316400 -0.00614178413525223732
-0.73000001907348632800 -0.00612532719969749451
-0.72000002861022949200 -0.00612542405724525452
-0.70999997854232788100 -0.00613440712913870812
-0.69999998807907104500 -0.00615231087431311608
-0.68999999761581420900 -0.00615140004083514214
-0.68000000715255737300 -0.00616635289043188095
-0.67000001668930053700 -0.00615961290895938874
-0.66000002622604370100 -0.00613487884402275086
-0.64999997615814209000 -0.00614801095798611641
-0.63999998569488525400 -0.00614288495853543282
-0.62999999523162841800 -0.00612549576908349991
-0.62000000476837158200 -0.00612878007814288140
-0.61000001430511474600 -0.00614700699225068093
-0.60000002384185791000 -0.00615684781223535538
-0.58999997377395629900 -0.00616228301078081131
-0.57999998331069946300 -0.00616763718426227570
-0.56999999284744262700 -0.00615278119221329689
-0.56000000238418579100 -0.00612856307998299599
-0.55000001192092895500 -0.00613672891631722450
-0.54000002145767211900 -0.00612392509356141091
-0.52999997138977050800 -0.00609953701496124268
-0.51999998092651367200 -0.00610534893348813057
-0.50999999046325683600 -0.00611280510202050209
-0.50000000000000000000 -0.00612222682684659958
-0.49000000953674316400 -0.00612925412133336067
-0.47999998927116394000 -0.00613470980897545815
-0.46999999880790710400 -0.00611837999895215035
-0.46000000834465026800 -0.00611195387318730354
-0.44999998807907104500 -0.00611996790394186974
-0.43999999761581420900 -0.00611263979226350784
-0.43000000715255737300 -0.00610728887841105461
-0.41999998688697814900 -0.00611593201756477356
-0.40999999642372131300 -0.00613278197124600411
-0.40000000596046447700 -0.00614167517051100731
-0.38999998569488525400 -0.00615563197061419487
-0.37999999523162841800 -0.00615226384252309799
-0.37000000476837158200 -0.00612456910312175751
-0.36000001430511474600 -0.00613860692828893662
-0.34999999403953552200 -0.00613779015839099884
-0.34000000357627868600 -0.00611239392310380936
-0.33000001311302185100 -0.00611343188211321831
-0.31999999284744262700 -0.00612509902566671372
-0.31000000238418579100 -0.00613579619675874710
-0.30000001192092895500 -0.00614695576950907707
-0.28999999165534973100 -0.00615211203694343567
-0.28000000119209289500 -0.00613843789324164391
-0.27000001072883606000 -0.00611764704808592796
-0.25999999046325683600 -0.00612794002518057823
-0.25000000000000000000 -0.00612009083852171898
-0.23999999463558197000 -0.00609392020851373673
-0.23000000417232513400 -0.00609865598380565644
-0.21999999880790710400 -0.00610701786354184151
-0.20999999344348907500 -0.00611387984827160835
-0.20000000298023223900 -0.00612541195005178452
-0.18999999761581420900 -0.00613508699461817742
-0.18000000715255737300 -0.00611978210508823395
-0.17000000178813934300 -0.00610403902828693390
-0.15999999642372131300 -0.00611513387411832810
-0.15000000596046447800 -0.00610475707799196244
-0.14000000059604644800 -0.00609352579340338707
-0.12999999523162841800 -0.00609928695484995842
-0.11999999731779098500 -0.00611423188820481301
-0.10999999940395355200 -0.00612381100654602051
-0.10000000149011611900 -0.00613331981003284455
-0.09000000357627868650 -0.00614191498607397080
-0.07999999821186065670 -0.00613213796168565750
-0.07000000029802322390 -0.00610941182821989060
-0.05999999865889549260 -0.00612006103619933129
-0.05000000074505805970 -0.00610501877963542938
-0.03999999910593032840 -0.00609220890328288078
-0.02999999932944774630 -0.00609373021870851517
-0.01999999955296516420 -0.00609673280268907547
-0.00999999977648258210 -0.00610772101208567620
0.00000000000000000000 -0.00610943697392940521
0.00999999977648258210 -0.00610848795622587204
0.01999999955296516420 -0.00609022611752152443
0.02999999932944774630 -0.00606834189966320992
0.03999999910593032840 -0.00607208302244544029
0.05000000074505805970 -0.00606819521635770798
0.05999999865889549260 -0.00604968285188078880
0.07000000029802322390 -0.00604620482772588730
0.07999999821186065670 -0.00606195395812392235
0.09000000357627868650 -0.00607256591320037842
0.10000000149011611900 -0.00607996201142668724
0.10999999940395355200 -0.00608351314440369606
0.11999999731779098500 -0.00607417616993188858
0.12999999523162841800 -0.00606565410271286965
0.14000000059604644800 -0.00606885598972439766
0.15000000596046447800 -0.00605226820334792137
0.15999999642372131300 -0.00604498200118541718
0.17000000178813934300 -0.00605128798633813858
0.18000000715255737300 -0.00605717720463871956
0.18999999761581420900 -0.00606645690277218819
0.20000000298023223900 -0.00607002899050712586
0.20999999344348907500 -0.00605931086465716362
0.21999999880790710400 -0.00603603292256593704
0.23000000417232513400 -0.00604314589872956276
0.23999999463558197000 -0.00602866290137171746
0.25000000000000000000 -0.00600189482793211937
0.25999999046325683600 -0.00599508406594395638
0.27000001072883606000 -0.00599452480673789978
0.28000000119209289500 -0.00599541701376438141
0.28999999165534973100 -0.00598884001374244690
0.30000001192092895500 -0.00598570005968213082
0.31000000238418579100 -0.00595779577270150185
0.31999999284744262700 -0.00592678086832165718
0.33000001311302185100 -0.00592409307137131691
0.34000000357627868600 -0.00590485101565718651
0.34999999403953552200 -0.00587137695401906967
0.36000001430511474600 -0.00586013216525316239
0.37000000476837158200 -0.00585553282871842384
0.37999999523162841800 -0.00584819121286273003
0.38999998569488525400 -0.00583482906222343445
0.40000000596046447700 -0.00581957399845123291
0.40999999642372131300 -0.00579260988160967827
0.41999998688697814900 -0.00575093599036335945
0.43000000715255737300 -0.00573051301762461662
0.43999999761581420900 -0.00569766387343406677
0.44999998807907104500 -0.00565313780680298805
0.46000000834465026800 -0.00562322698533535004
0.46999999880790710400 -0.00559813994914293289
0.47999998927116394000 -0.00556978816166520119
0.49000000953674316400 -0.00553044490516185761
0.50000000000000000000 -0.00548826018348336220
0.50999999046325683600 -0.00542633095756173134
0.51999998092651367200 -0.00535713881254196167
0.52999997138977050800 -0.00530132092535495758
0.54000002145767211900 -0.00521659012883901596
0.55000001192092895500 -0.00513179507106542587
0.56000000238418579100 -0.00503961183130741120
0.56999999284744262700 -0.00494045112282037735
0.57999998331069946300 -0.00481866300106048584
0.58999997377395629900 -0.00467312289401888848
0.60000002384185791000 -0.00449089007452130318
0.61000001430511474600 -0.00426841108128428459
0.62000000476837158200 -0.00402436079457402229
0.62999999523162841800 -0.00374183407984673977
0.63999998569488525400 -0.00340905389748513699
0.64999997615814209000 -0.00304075097665190697
0.66000002622604370100 -0.00264088599942624569
0.67000001668930053700 -0.00219501391984522343
0.68000000715255737300 -0.00170994596555829048
0.68999999761581420900 -0.00119068799540400505
0.69999998807907104500 -0.00061509542865678668
0.70999997854232788100 -0.00005956670065643266
0.72000002861022949200 0.00051478639943525195
0.73000001907348632800 0.00116977700963616371
0.74000000953674316400 0.00182751601096242666
0.75000000000000000000 0.00255368906073272228
0.75999999046325683600 0.00327035808004438877
0.76999998092651367200 0.00397376809269189835
0.77999997138977050800 0.00471104308962821961
0.79000002145767211900 0.00546107906848192215
0.80000001192092895500 0.00622370187193155289
0.81000000238418579100 0.00700543308630585671
0.81999999284744262700 0.00777895981445908547
0.82999998331069946300 0.00811255630105733872
0.83999997377395629900 0.00931814685463905335
0.85000002384185791000 0.01013934984803199770
0.86000001430511474600 0.01001477986574172970
0.87000000476837158200 0.01083012018352746960
0.87999999523162841800 0.01171087007969617840
0.88999998569488525400 0.01201342977583408360
0.89999997615814209000 0.01275151036679744720
0.91000002622604370100 0.01426536031067371370
0.92000001668930053700 0.01428547035902738570
0.93000000715255737300 0.01534043997526168820
0.93999999761581420900 0.01582318916916847230
0.94999998807907104500 0.01694316975772380830
0.95999997854232788100 0.01769890077412128450
0.97000002861022949200 0.01859663985669612880
0.98000001907348632800 0.01968519017100334170
0.99000000953674316400 0.02080483920872211460
1.00000000000000000000 0.02170388028025627140
