-1.00000000000000000000 -0.00616174796596169472
-0.99000000953674316400 -0.00617814622819423676
-0.98000001907348632800 -0.00616938620805740357
-0.97000002861022949200 -0.00616262108087539673
-0.95999997854232788100 -0.00616601388901472092
-0.94999998807907104500 -0.00617662584409117699
-0.93999999761581420900 -0.00619952194392681122
-0.93000000715255737300 -0.00621006079018115998
-0.92000001668930053700 -0.00620656181126832962
-0.91000002622604370100 -0.00619312096387147904
-0.89999997615814209000 -0.00619704416021704674
-0.88999998569488525400 -0.00619761506095528603
-0.87999999523162841800 -0.00618665199726819992
-0.87000000476837158200 -0.00618403917178511620
-0.86000001430511474600 -0.00619501015171408653
-0.85000002384185791000 -0.00620782421901822090
-0.83999997377395629900 -0.00621272902935743332
-0.82999998331069946300 -0.00622539594769477844
-0.81999999284744262700 -0.00621598679572343826
-0.81000000238418579100 -0.00618838099762797356
-0.80000001192092895500 -0.00620248308405280113
-0.79000002145767211900 -0.00619641179218888283
-0.77999997138977050800 -0.00616820808500051499
-0.76999998092651367200 -0.00617406703531742096
-0.75999999046325683600 -0.00618145801126956940
-0.75000000000000000000 -0.00619108695536851883
-0.74000000953674316400 -0.00620494782924652100
-0.73000001907348632800 -0.00620633689686655998
-0.72000002861022949200 -0.00619343901053071022
-0.70999997854232788100 -0.00619072699919342995
-0.69999998807907104500 -0.00619655614718794823
-0.68999999761581420900 -0.00618565687909722328
-0.68000000715255737300 -0.00617844285443425179
-0.67000001668930053700 -0.00618447782471776009
-0.66000002622604370100 -0.00619573891162872315
-0.64999997615814209000 -0.00620984099805355072
-0.63999998569488525400 -0.00621862709522247315
-0.62999999523162841800 -0.00620743911713361740
-0.62000000476837158200 -0.00618546316400170326
-0.61000001430511474600 -0.00619792100042104721
-0.60000002384185791000 -0.00618746597319841385
-0.58999997377395629900 -0.00616869982331991196
-0.57999998331069946300 -0.00616491306573152542
-0.56999999284744262700 -0.00617334200069308281
-0.56000000238418579100 -0.00618209922686219216
-0.55000001192092895500 -0.00618366990238428116
-0.54000002145767211900 -0.00618471205234527588
-0.52999997138977050800 -0.00617156317457556725
-0.51999998092651367200 -0.00615237420424818993
-0.50999999046325683600 -0.00616320082917809487
-0.50000000000000000000 -0.00615162402391433716
-0.49000000953674316400 -0.00613345485180616379
-0.47999998927116394000 -0.00614551920443773270
-0.46999999880790710400 -0.00615696609020233154
-0.46000000834465026800 -0.00616646697744727135
-0.44999998807907104500 -0.00618489412590861321
-0.43999999761581420900 -0.00617797300219535828
-0.43000000715255737300 -0.00615649111568927765
-0.41999998688697814900 -0.00617317296564579010
-0.40999999642372131300 -0.00617127493023872376
-0.40000000596046447700 -0.00614881608635187149
-0.38999998569488525400 -0.00615817680954933167
-0.37999999523162841800 -0.00616800878196954727
-0.37000000476837158200 -0.00617845077067613602
-0.36000001430511474600 -0.00619303993880748749
-0.34999999403953552200 -0.00620565516874194145
-0.34000000357627868600 -0.00618709716945886612
-0.33000001311302185100 -0.00617446890100836754
-0.31999999284744262700 -0.00618760893121361733
-0.31000000238418579100 -0.00617396086454391480
-0.30000001192092895500 -0.00615842686966061592
-0.28999999165534973100 -0.00616356497630476952
-0.28000000119209289500 -0.00617000786587595940
-0.27000001072883606000 -0.00617840886116027832
-0.25999999046325683600 -0.00618680100888013840
-0.25000000000000000000 -0.00618155300617218018
-0.23999999463558197000 -0.00616429001092910767
-0.23000000417232513400 -0.00615877006202936173
-0.21999999880790710400 -0.00616346905007958412
-0.20999999344348907500 -0.00614811200648546219
-0.20000000298023223900 -0.00614379113540053368
-0.18999999761581420900 -0.00615569483488798142
-0.18000000715255737300 -0.00616763718426227570
-0.17000000178813934300 -0.00617635902017354965
-0.15999999642372131300 -0.00618924479931592942
-0.15000000596046447800 -0.00617962097749114037
-0.14000000059604644800 -0.00615368597209453583
-0.12999999523162841800 -0.00616938620805740357
-0.11999999731779098500 -0.00616190489381551743
-0.10999999940395355200 -0.00613814499229192734
-0.10000000149011611900 -0.00614757789298892021
-0.09000000357627868650 -0.00614519696682691574
-0.07999999821186065670 -0.00615708902478218079
-0.07000000029802322390 -0.00616749189794063568
-0.05999999865889549260 -0.00616320082917809487
-0.05000000074505805970 -0.00614611711353063584
-0.03999999910593032840 -0.00613413285464048386
-0.02999999932944774630 -0.00613669585436582566
-0.01999999955296516420 -0.00612244987860321999
-0.00999999977648258210 -0.00610920693725347519
0.00000000000000000000 -0.00610235007479786873
0.00999999977648258210 -0.00610858108848333359
0.01999999955296516420 -0.00612079678103327751
0.02999999932944774630 -0.00613077310845255852
0.03999999910593032840 -0.00613046018406748772
0.05000000074505805970 -0.00612678797915577889
0.05999999865889549260 -0.00610914407297968865
0.07000000029802322390 -0.00611890805885195732
0.07999999821186065670 -0.00611418904736638069
0.09000000357627868650 -0.00609713001176714897
0.10000000149011611900 -0.00610157893970608711
0.10999999940395355200 -0.00611690897494554520
0.11999999731779098500 -0.00612401589751243592
0.12999999523162841800 -0.00613146787509322167
0.14000000059604644800 -0.00613366300240159035
0.15000000596046447800 -0.00610991101711988449
0.15999999642372131300 -0.00610867701470851898
0.17000000178813934300 -0.00611283304169774056
0.18000000715255737300 -0.00608795089647173882
0.18999999761581420900 -0.00608240207657217980
0.20000000298023223900 -0.00608960399404168129
0.20999999344348907500 -0.00609841803088784218
0.21999999880790710400 -0.00609167804941534996
0.23000000417232513400 -0.00610120221972465515
0.23999999463558197000 -0.00607800902798771858
0.25000000000000000000 -0.00604766979813575745
0.25999999046325683600 -0.00605652015656232834
0.27000001072883606000 -0.00603740522637963295
0.28000000119209289500 -0.00601222179830074310
0.28999999165534973100 -0.00601081596687436104
0.30000001192092895500 -0.00600836193189024925
0.31000000238418579100 -0.00601278105750679970
0.31999999284744262700 -0.00601245416328310967
0.33000001311302185100 -0.00599129078909754753
0.34000000357627868600 -0.00596329011023044586
0.34999999403953552200 -0.00594768906012177468
0.36000001430511474600 -0.00592869380488991738
0.37000000476837158200 -0.00590293109416961670
0.37999999523162841800 -0.00587478419765830040
0.38999998569488525400 -0.00586679112166166306
0.40000000596046447700 -0.00585924321785569191
0.40999999642372131300 -0.00584076484665274620
0.41999998688697814900 -0.00581781100481748581
0.43000000715255737300 -0.00578257488086819649
0.43999999761581420900 -0.00573144899681210518
0.44999998807907104500 -0.00571070797741413117
0.46000000834465026800 -0.00567123200744390488
0.46999999880790710400 -0.00561114214360713959
0.47999998927116394000 -0.00557036185637116432
0.49000000953674316400 -0.00553525378927588463
0.50000000000000000000 -0.00549190677702426911
0.50999999046325683600 -0.00543906120583415032
0.51999998092651367200 -0.00537796691060066223
0.52999997138977050800 -0.00529344100505113602
0.54000002145767211900 -0.00520071899518370629
0.55000001192092895500 -0.00511919008567929268
0.56000000238418579100 -0.00499789603054523468
0.56999999284744262700 -0.00486136088147759438
0.57999998331069946300 -0.00471900496631860733
0.58999997377395629900 -0.00454381387680768967
0.60000002384185791000 -0.00433234777301549912
0.61000001430511474600 -0.00409294106066226959
0.62000000476837158200 -0.00378880696371197701
0.62999999523162841800 -0.00344970589503645897
0.63999998569488525400 -0.00308902096003293991
0.64999997615814209000 -0.00267043407075107098
0.66000002622604370100 -0.00221355003304779530
0.67000001668930053700 -0.00172863597981631756
0.68000000715255737300 -0.00121078605297952890
0.68999999761581420900 -0.00064812891650944948
0.69999998807907104500 -0.00010241199925076216
0.70999997854232788100 0.00046184621169231832
0.72000002861022949200 0.00112009595613926649
0.73000001907348632800 0.00177783798426389694
0.74000000953674316400 0.00245088594965636730
0.75000000000000000000 0.00313868094235658646
0.75999999046325683600 0.00383992493152618408
0.76999998092651367200 0.00455072615295648575
0.77999997138977050800 0.00527969514951109886
0.79000002145767211900 0.00602043699473142624
0.80000001192092895500 0.00676425313577055931
0.81000000238418579100 0.00752298906445503235
0.81999999284744262700 0.00828821957111358643
0.82999998331069946300 0.00876349210739135742
0.83999997377395629900 0.00918363779783248902
0.85000002384185791000 0.01007075980305671690
0.86000001430511474600 0.01083566993474960330
0.87000000476837158200 0.01160977967083454130
0.87999999523162841800 0.01236767973750829700
0.88999998569488525400 0.01227988954633474350
0.89999997615814209000 0.01369144953787326810
0.91000002622604370100 0.01432891003787517550
0.92000001668930053700 0.01499454025179147720
0.93000000715255737300 0.01605042070150375370
0.93999999761581420900 0.01624109037220478060
0.94999998807907104500 0.01666535995900630950
0.95999997854232788100 0.01805525086820125580
0.97000002861022949200 0.01910821907222270970
0.98000001907348632800 0.02018965035676956180
0.99000000953674316400 0.02089009061455726620
1.00000000000000000000 0.02195977047085762020
