-1.00000000000000000000 -0.00602656416594982147
-0.99000000953674316400 -0.00600731093436479569
-0.98000001907348632800 -0.00601505907252430916
-0.97000002861022949200 -0.00604059407487511635
-0.95999997854232788100 -0.00604362692683935166
-0.94999998807907104500 -0.00604959996417164803
-0.93999999761581420900 -0.00606243498623371124
-0.93000000715255737300 -0.00602931296452879906
-0.92000001668930053700 -0.00603771815076470375
-0.91000002622604370100 -0.00605022581294178963
-0.89999997615814209000 -0.00601371610537171364
-0.88999998569488525400 -0.00601725280284881592
-0.87999999523162841800 -0.00604302017018198967
-0.87000000476837158200 -0.00603845901787281037
-0.86000001430511474600 -0.00605192594230175018
-0.85000002384185791000 -0.00607309909537434578
-0.83999997377395629900 -0.00604037614539265633
-0.82999998331069946300 -0.00602597091346979141
-0.81999999284744262700 -0.00605027098208665848
-0.81000000238418579100 -0.00602357694879174233
-0.80000001192092895500 -0.00601076986640691757
-0.79000002145767211900 -0.00602679979056119919
-0.77999997138977050800 -0.00601645978167653084
-0.76999998092651367200 -0.00603164685890078545
-0.75999999046325683600 -0.00604672590270638466
-0.75000000000000000000 -0.00602865219116210938
-0.74000000953674316400 -0.00602108705788850784
-0.73000001907348632800 -0.00602355692535638809
-0.72000002861022949200 -0.00601161411032080650
-0.70999997854232788100 -0.00600166805088520050
-0.69999998807907104500 -0.00600999686866998673
-0.68999999761581420900 -0.00600712792947888374
-0.68000000715255737300 -0.00602525519207119942
-0.67000001668930053700 -0.00604739412665367127
-0.66000002622604370100 -0.00604411913082003594
-0.64999997615814209000 -0.00604433100670576096
-0.63999998569488525400 -0.00603120308369398117
-0.62999999523162841800 -0.00603015720844268799
-0.62000000476837158200 -0.00603776099160313606
-0.61000001430511474600 -0.00602209381759166718
-0.60000002384185791000 -0.00601124204695224762
-0.58999997377395629900 -0.00603133020922541619
-0.57999998331069946300 -0.00604799017310142517
-0.56999999284744262700 -0.00603862013667821884
-0.56000000238418579100 -0.00605671200901269913
-0.55000001192092895500 -0.00604481715708971024
-0.54000002145767211900 -0.00601574918255209923
-0.52999997138977050800 -0.00603713281452655792
-0.51999998092651367200 -0.00603287620469927788
-0.50999999046325683600 -0.00600178306922316551
-0.50000000000000000000 -0.00601159408688545227
-0.49000000953674316400 -0.00602553319185972214
-0.47999998927116394000 -0.00602319603785872460
-0.46999999880790710400 -0.00603965204209089279
-0.46000000834465026800 -0.00603551091626286507
-0.44999998807907104500 -0.00601220689713954926
-0.43999999761581420900 -0.00601751497015357018
-0.43000000715255737300 -0.00601663021370768547
-0.41999998688697814900 -0.00598976900801062584
-0.40999999642372131300 -0.00599241582676768303
-0.40000000596046447700 -0.00600177701562643051
-0.38999998569488525400 -0.00600747112184762955
-0.37999999523162841800 -0.00602747779339551926
-0.37000000476837158200 -0.00603417493402957916
-0.36000001430511474600 -0.00602512387558817864
-0.34999999403953552200 -0.00601628283038735390
-0.34000000357627868600 -0.00602023117244243622
-0.33000001311302185100 -0.00601101713255047798
-0.31999999284744262700 -0.00600314605981111527
-0.31000000238418579100 -0.00599677488207817078
-0.30000001192092895500 -0.00600446294993162155
-0.28999999165534973100 -0.00603161286562681198
-0.28000000119209289500 -0.00601714616641402245
-0.27000001072883606000 -0.00602891482412815094
-0.25999999046325683600 -0.00602711085230112076
-0.25000000000000000000 -0.00599893089383840561
-0.23999999463558197000 -0.00600836379453539848
-0.23000000417232513400 -0.00600540777668356896
-0.21999999880790710400 -0.00597093487158417702
-0.20999999344348907500 -0.00598146999254822731
-0.20000000298023223900 -0.00599808385595679283
-0.18999999761581420900 -0.00598896900191903114
-0.18000000715255737300 -0.00601025391370058060
-0.17000000178813934300 -0.00600846577435731888
-0.15999999642372131300 -0.00597165990620851517
-0.15000000596046447800 -0.00598757900297641754
-0.14000000059604644800 -0.00599345006048679352
-0.12999999523162841800 -0.00595816411077976227
-0.11999999731779098500 -0.00596765894442796707
-0.10999999940395355200 -0.00598808284848928452
-0.10000000149011611900 -0.00598622718825936318
-0.09000000357627868650 -0.00601080199703574181
-0.07999999821186065670 -0.00602160813286900520
-0.07000000029802322390 -0.00600076979026198387
-0.05999999865889549260 -0.00599398417398333550
-0.05000000074505805970 -0.00600997498258948326
-0.03999999910593032840 -0.00598953198641538620
-0.02999999932944774630 -0.00598041480407118798
-0.01999999955296516420 -0.00599110312759876251
-0.00999999977648258210 -0.00598764605820178986
0.00000000000000000000 -0.00600792514160275460
0.00999999977648258210 -0.00601822603493928910
0.01999999955296516420 -0.00601365184411406517
0.02999999932944774630 -0.00600689090788364411
0.03999999910593032840 -0.00599688896909356117
0.05000000074505805970 -0.00599023001268506050
0.05999999865889549260 -0.00598801998421549797
0.07000000029802322390 -0.00598002178594470024
0.07999999821186065670 -0.00596522493287920952
0.09000000357627868650 -0.00598273612558841706
0.10000000149011611900 -0.00599840609356760979
0.10999999940395355200 -0.00598747702315449715
0.11999999731779098500 -0.00599550502374768257
0.12999999523162841800 -0.00598771777004003525
0.14000000059604644800 -0.00596162304282188416
0.15000000596046447800 -0.00597549416124820709
0.15999999642372131300 -0.00596228893846273422
0.17000000178813934300 -0.00594041403383016586
0.18000000715255737300 -0.00595596898347139359
0.18999999761581420900 -0.00596704892814159394
0.20000000298023223900 -0.00596585217863321304
0.20999999344348907500 -0.00598662579432129860
0.21999999880790710400 -0.00597725389525294304
0.23000000417232513400 -0.00594417098909616470
0.23999999463558197000 -0.00596133619546890259
0.25000000000000000000 -0.00595009187236428261
0.25999999046325683600 -0.00592376478016376496
0.27000001072883606000 -0.00593679212033748627
0.28000000119209289500 -0.00593642704188823700
0.28999999165534973100 -0.00594005407765507698
0.30000001192092895500 -0.00595580879598855972
0.31000000238418579100 -0.00594947393983602524
0.31999999284744262700 -0.00592132098972797394
0.33000001311302185100 -0.00591668998822569847
0.34000000357627868600 -0.00590972509235143662
0.34999999403953552200 -0.00588618498295545578
0.36000001430511474600 -0.00587654113769531250
0.37000000476837158200 -0.00586257083341479302
0.37999999523162841800 -0.00586116081103682518
0.38999998569488525400 -0.00587342819198966026
0.40000000596046447700 -0.00585753703489899636
0.40999999642372131300 -0.00584224890917539597
0.41999998688697814900 -0.00583205791190266609
0.43000000715255737300 -0.00580142391845583916
0.43999999761581420900 -0.00579118309542536736
0.44999998807907104500 -0.00577771291136741638
0.46000000834465026800 -0.00573744298890233040
0.46999999880790710400 -0.00573278311640024185
0.47999998927116394000 -0.00572966318577528000
0.49000000953674316400 -0.00569607177749276161
0.50000000000000000000 -0.00566845992580056191
0.50999999046325683600 -0.00563553813844919205
0.51999998092651367200 -0.00554143590852618218
0.52999997138977050800 -0.00549328699707984924
0.54000002145767211900 -0.00541735487058758736
0.55000001192092895500 -0.00527588697150349617
0.56000000238418579100 -0.00515792611986398697
0.56999999284744262700 -0.00502440892159938812
0.57999998331069946300 -0.00483471481129527092
0.58999997377395629900 -0.00462769018486142159
0.60000002384185791000 -0.00438982201740145683
0.61000001430511474600 -0.00407644314691424370
0.62000000476837158200 -0.00374501803889870644
0.62999999523162841800 -0.00339845800772309303
0.63999998569488525400 -0.00299000809900462628
0.64999997615814209000 -0.00255809398368000984
0.66000002622604370100 -0.00211382098495960236
0.67000001668930053700 -0.00163330999203026295
0.68000000715255737300 -0.00113865395542234182
0.68999999761581420900 -0.00059798551956191659
0.69999998807907104500 -0.00009079076698981225
0.70999997854232788100 0.00042552448576316237
0.72000002861022949200 0.00095843250164762139
0.73000001907348632800 0.00158228795044124126
0.74000000953674316400 0.00217454298399388790
0.75000000000000000000 0.00277336104772984982
0.75999999046325683600 0.00338318594731390476
0.76999998092651367200 0.00399554101750254631
0.77999997138977050800 0.00461689010262489319
0.79000002145767211900 0.00525359623134136200
0.80000001192092895500 0.00588638382032513619
0.81000000238418579100 0.00653317710384726525
0.81999999284744262700 0.00719730509445071221
0.82999998331069946300 0.00784076098352670670
0.83999997377395629900 0.00850916095077991486
0.85000002384185791000 0.00919376406818628311
0.86000001430511474600 0.00985219143331050873
0.87000000476837158200 0.01005380041897296910
0.87999999523162841800 0.01069958973675966260
0.88999998569488525400 0.01137994974851608280
0.89999997615814209000 0.01203413028270006180
0.91000002622604370100 0.01271494012326002120
0.92000001668930053700 0.01342048961669206620
0.93000000715255737300 0.01410637982189655300
0.93999999761581420900 0.01483500003814697270
0.94999998807907104500 0.01557131018489599230
0.95999997854232788100 0.01627333089709281920
0.97000002861022949200 0.01700609922409057620
0.98000001907348632800 0.01776555925607681270
0.99000000953674316400 0.01849713921546936040
1.00000000000000000000 0.01925897039473056790
