-1.00000000000000000000 -0.00603011902421712876
-0.99000000953674316400 -0.00603330787271261215
-0.98000001907348632800 -0.00605983799323439598
-0.97000002861022949200 -0.00605253595858812332
-0.95999997854232788100 -0.00606103288009762764
-0.94999998807907104500 -0.00607970310375094414
-0.93999999761581420900 -0.00604469701647758484
-0.93000000715255737300 -0.00604877388104796410
-0.92000001668930053700 -0.00606593908742070198
-0.91000002622604370100 -0.00602837698534131050
-0.89999997615814209000 -0.00603221077471971512
-0.88999998569488525400 -0.00604609679430723190
-0.87999999523162841800 -0.00604427512735128403
-0.87000000476837158200 -0.00606471905484795571
-0.86000001430511474600 -0.00608668709173798561
-0.85000002384185791000 -0.00605787010863423348
-0.83999997377395629900 -0.00604595802724361420
-0.82999998331069946300 -0.00606891186907887459
-0.81999999284744262700 -0.00604688515886664391
-0.81000000238418579100 -0.00602660281583666802
-0.80000001192092895500 -0.00604040315374732018
-0.79000002145767211900 -0.00603415211662650108
-0.77999997138977050800 -0.00605854578316211701
-0.76999998092651367200 -0.00606242706999182701
-0.75999999046325683600 -0.00605507800355553627
-0.75000000000000000000 -0.00604779180139303208
-0.74000000953674316400 -0.00603745598345994950
-0.73000001907348632800 -0.00603355607017874718
-0.72000002861022949200 -0.00603163894265890122
-0.70999997854232788100 -0.00602106191217899323
-0.69999998807907104500 -0.00601221201941370964
-0.68999999761581420900 -0.00604111980646848679
-0.68000000715255737300 -0.00604689680039882660
-0.67000001668930053700 -0.00605407683178782463
-0.66000002622604370100 -0.00605891598388552666
-0.64999997615814209000 -0.00603540893644094467
-0.63999998569488525400 -0.00604201294481754303
-0.62999999523162841800 -0.00605205679312348366
-0.62000000476837158200 -0.00602423911914229393
-0.61000001430511474600 -0.00602243002504110336
-0.60000002384185791000 -0.00604515988379716873
-0.58999997377395629900 -0.00605176901444792748
-0.57999998331069946300 -0.00605335691943764687
-0.56999999284744262700 -0.00608226098120212555
-0.56000000238418579100 -0.00605809222906827927
-0.55000001192092895500 -0.00603305688127875328
-0.54000002145767211900 -0.00606587110087275505
-0.52999997138977050800 -0.00604029418900609017
-0.51999998092651367200 -0.00602051103487610817
-0.50999999046325683600 -0.00604860205203294754
-0.50000000000000000000 -0.00603697309270501137
-0.49000000953674316400 -0.00605341698974370957
-0.47999998927116394000 -0.00607344089075922966
-0.46999999880790710400 -0.00605123117566108704
-0.46000000834465026800 -0.00603246502578258515
-0.44999998807907104500 -0.00605441583320498467
-0.43999999761581420900 -0.00603024614974856377
-0.43000000715255737300 -0.00601426605135202408
-0.41999998688697814900 -0.00603001983836293221
-0.40999999642372131300 -0.00601766817271709442
-0.40000000596046447700 -0.00603646505624055863
-0.38999998569488525400 -0.00605286611244082451
-0.37999999523162841800 -0.00604667421430349350
-0.37000000476837158200 -0.00603401381522417069
-0.36000001430511474600 -0.00602543400600552559
-0.34999999403953552200 -0.00602339114993810654
-0.34000000357627868600 -0.00602358719334006310
-0.33000001311302185100 -0.00601011002436280251
-0.31999999284744262700 -0.00600358005613088608
-0.31000000238418579100 -0.00602434389293193817
-0.30000001192092895500 -0.00603978987783193588
-0.28999999165534973100 -0.00603482779115438462
-0.28000000119209289500 -0.00604749890044331551
-0.27000001072883606000 -0.00603144895285367966
-0.25999999046325683600 -0.00601447001099586487
-0.25000000000000000000 -0.00602673413231968880
-0.23999999463558197000 -0.00601807516068220139
-0.23000000417232513400 -0.00599508499726653099
-0.21999999880790710400 -0.00601368909701704979
-0.20999999344348907500 -0.00601961696520447731
-0.20000000298023223900 -0.00602125609293580055
-0.18999999761581420900 -0.00604959996417164803
-0.18000000715255737300 -0.00603331206366419792
-0.17000000178813934300 -0.00599781284108757973
-0.15999999642372131300 -0.00602065119892358780
-0.15000000596046447800 -0.00600370997563004494
-0.14000000059604644800 -0.00598271982744336128
-0.12999999523162841800 -0.00600422685965895653
-0.11999999731779098500 -0.00599772809073328972
-0.10999999940395355200 -0.00600242521613836289
-0.10000000149011611900 -0.00603021215647459030
-0.09000000357627868650 -0.00602320116013288498
-0.07999999821186065670 -0.00600259611383080483
-0.07000000029802322390 -0.00600700220093131066
-0.05999999865889549260 -0.00600491696968674660
-0.05000000074505805970 -0.00599210709333419800
-0.03999999910593032840 -0.00599540304392576218
-0.02999999932944774630 -0.00598741788417100907
-0.01999999955296516420 -0.00600003311410546303
-0.00999999977648258210 -0.00602987222373485565
0.00000000000000000000 -0.00602065818384289742
0.00999999977648258210 -0.00601684581488370896
0.01999999955296516420 -0.00601736409589648247
0.02999999932944774630 -0.00599982077255845070
0.03999999910593032840 -0.00600114697590470314
0.05000000074505805970 -0.00600433722138404846
0.05999999865889549260 -0.00598491821438074112
0.07000000029802322390 -0.00598723581060767174
0.07999999821186065670 -0.00601327419281005860
0.09000000357627868650 -0.00600621011108160019
0.10000000149011611900 -0.00601981580257415772
0.10999999940395355200 -0.00602117087692022324
0.11999999731779098500 -0.00597939919680356980
0.12999999523162841800 -0.00599531317129731178
0.14000000059604644800 -0.00600172206759452820
0.15000000596046447800 -0.00595620181411504746
0.15999999642372131300 -0.00596612691879272461
0.17000000178813934300 -0.00598327908664941788
0.18000000715255737300 -0.00597539218142628670
0.18999999761581420900 -0.00598412612453103066
0.20000000298023223900 -0.00599907198920845986
0.20999999344348907500 -0.00596319185569882393
0.21999999880790710400 -0.00595968309789896012
0.23000000417232513400 -0.00596942193806171417
0.23999999463558197000 -0.00594197213649749756
0.25000000000000000000 -0.00593894207850098610
0.25999999046325683600 -0.00594939617440104485
0.27000001072883606000 -0.00594181986525654793
0.28000000119209289500 -0.00595636013895273209
0.28999999165534973100 -0.00597176002338528633
0.30000001192092895500 -0.00594256911426782608
0.31000000238418579100 -0.00592812104150652886
0.31999999284744262700 -0.00593301793560385704
0.33000001311302185100 -0.00591331394389271736
0.34000000357627868600 -0.00589225022122263909
0.34999999403953552200 -0.00588982179760932923
0.36000001430511474600 -0.00588127598166465759
0.37000000476837158200 -0.00589252403005957604
0.37999999523162841800 -0.00588444899767637253
0.38999998569488525400 -0.00587172107771039009
0.40000000596046447700 -0.00586538296192884445
0.40999999642372131300 -0.00582404620945453644
0.41999998688697814900 -0.00581728294491767884
0.43000000715255737300 -0.00580454897135496140
0.43999999761581420900 -0.00575989997014403343
0.44999998807907104500 -0.00575315812602639198
0.46000000834465026800 -0.00575482891872525215
0.46999999880790710400 -0.00572393788024783135
0.47999998927116394000 -0.00570663483813405037
0.49000000953674316400 -0.00568336900323629379
0.50000000000000000000 -0.00560990022495388985
0.50999999046325683600 -0.00558436196297407150
0.51999998092651367200 -0.00554327899590134621
0.52999997138977050800 -0.00544236693531274796
0.54000002145767211900 -0.00537468912079930306
0.55000001192092895500 -0.00529847713187336922
0.56000000238418579100 -0.00517292600125074387
0.56999999284744262700 -0.00504556577652692795
0.57999998331069946300 -0.00488875713199377060
0.58999997377395629900 -0.00466391397640109062
0.60000002384185791000 -0.00441888812929391861
0.61000001430511474600 -0.00415690382942557335
0.62000000476837158200 -0.00382680911570787430
0.62999999523162841800 -0.00347069907002151013
0.63999998569488525400 -0.00308869290165603161
0.64999997615814209000 -0.00266257300972938538
0.66000002622604370100 -0.00221586809493601322
0.67000001668930053700 -0.00173562404233962298
0.68000000715255737300 -0.00121599598787724972
0.68999999761581420900 -0.00066176487598568201
0.69999998807907104500 -0.00014322510105557740
0.70999997854232788100 0.00039187140646390617
0.72000002861022949200 0.00097079132683575153
0.73000001907348632800 0.00162062095478177071
0.74000000953674316400 0.00223613204434514046
0.75000000000000000000 0.00286160805262625218
0.75999999046325683600 0.00350063107907772064
0.76999998092651367200 0.00414226297289133072
0.77999997138977050800 0.00479053193703293800
0.79000002145767211900 0.00545116793364286423
0.80000001192092895500 0.00610484322533011437
0.81000000238418579100 0.00676727388054132462
0.81999999284744262700 0.00745279900729656220
0.82999998331069946300 0.00812649074941873551
0.83999997377395629900 0.00880965683609247208
0.85000002384185791000 0.00951828062534332276
0.86000001430511474600 0.01019497960805892940
0.87000000476837158200 0.01039148960262537000
0.87999999523162841800 0.01106049958616495130
0.88999998569488525400 0.01176355034112930300
0.89999997615814209000 0.01242003031075000760
0.91000002622604370100 0.01311319041997194290
0.92000001668930053700 0.01383772958070039750
0.93000000715255737300 0.01451280992478132250
0.93999999761581420900 0.01522190961986780170
0.94999998807907104500 0.01595995016396045680
0.95999997854232788100 0.01666777953505516050
0.97000002861022949200 0.01743041910231113430
0.98000001907348632800 0.01818946003913879390
0.99000000953674316400 0.01890961080789566040
1.00000000000000000000 0.01966417953372001650
