-1.00000000000000000000 -0.00618467200547456742
-0.99000000953674316400 -0.00617893086746335030
-0.98000001907348632800 -0.00615555606782436371
-0.97000002861022949200 -0.00617110310122370720
-0.95999997854232788100 -0.00617627520114183426
-0.94999998807907104500 -0.00618675583973526955
-0.93999999761581420900 -0.00620598392561078072
-0.93000000715255737300 -0.00621699821203947067
-0.92000001668930053700 -0.00619720295071601868
-0.91000002622604370100 -0.00618926808238029480
-0.89999997615814209000 -0.00619812216609716416
-0.88999998569488525400 -0.00618600612506270409
-0.87999999523162841800 -0.00617861794307827950
-0.87000000476837158200 -0.00617949897423386574
-0.86000001430511474600 -0.00618067709729075432
-0.85000002384185791000 -0.00619894312694668770
-0.83999997377395629900 -0.00620483187958598137
-0.82999998331069946300 -0.00620508100837469101
-0.81999999284744262700 -0.00619621900841593743
-0.81000000238418579100 -0.00617620302364230156
-0.80000001192092895500 -0.00618251599371433258
-0.79000002145767211900 -0.00617867289111018181
-0.77999997138977050800 -0.00615965621545910835
-0.76999998092651367200 -0.00616542715579271317
-0.75999999046325683600 -0.00617715204134583473
-0.75000000000000000000 -0.00618035113438963890
-0.74000000953674316400 -0.00618175277486443520
-0.73000001907348632800 -0.00618930580094456673
-0.72000002861022949200 -0.00616768887266516686
-0.70999997854232788100 -0.00616544298827648163
-0.69999998807907104500 -0.00617126282304525376
-0.68999999761581420900 -0.00615627598017454148
-0.68000000715255737300 -0.00615042215213179588
-0.67000001668930053700 -0.00616315612569451332
-0.66000002622604370100 -0.00617142114788293839
-0.64999997615814209000 -0.00618248479440808296
-0.63999998569488525400 -0.00620173895731568337
-0.62999999523162841800 -0.00618786085397005081
-0.62000000476837158200 -0.00616865791380405426
-0.61000001430511474600 -0.00618905620649456978
-0.60000002384185791000 -0.00617667287588119507
-0.58999997377395629900 -0.00615541590377688408
-0.57999998331069946300 -0.00616611307486891747
-0.56999999284744262700 -0.00616469699889421463
-0.56000000238418579100 -0.00617298809811472893
-0.55000001192092895500 -0.00619195820763707161
-0.54000002145767211900 -0.00618590693920850754
-0.52999997138977050800 -0.00616980716586112976
-0.51999998092651367200 -0.00615690695121884346
-0.50999999046325683600 -0.00615128595381975174
-0.50000000000000000000 -0.00614056782796978951
-0.49000000953674316400 -0.00612414907664060593
-0.47999998927116394000 -0.00611440977081656456
-0.46999999880790710400 -0.00612365407869219780
-0.46000000834465026800 -0.00614070799201726914
-0.44999998807907104500 -0.00613294309005141258
-0.43999999761581420900 -0.00614270800724625588
-0.43000000715255737300 -0.00613509118556976319
-0.41999998688697814900 -0.00611272407695651055
-0.40999999642372131300 -0.00612877821549773216
-0.40000000596046447700 -0.00612580077722668648
-0.38999998569488525400 -0.00610309420153498650
-0.37999999523162841800 -0.00611978210508823395
-0.37000000476837158200 -0.00614160578697919846
-0.36000001430511474600 -0.00613602716475725174
-0.34999999403953552200 -0.00615030294284224510
-0.34000000357627868600 -0.00615523010492324829
-0.33000001311302185100 -0.00612304778769612312
-0.31999999284744262700 -0.00613236799836158753
-0.31000000238418579100 -0.00614081788808107376
-0.30000001192092895500 -0.00610458711162209511
-0.28999999165534973100 -0.00611161021515727043
-0.28000000119209289500 -0.00612556003034114838
-0.27000001072883606000 -0.00611973088234663010
-0.25999999046325683600 -0.00613604392856359482
-0.25000000000000000000 -0.00614891014993190766
-0.23999999463558197000 -0.00612470414489507675
-0.23000000417232513400 -0.00610964791849255562
-0.21999999880790710400 -0.00612383102998137474
-0.20999999344348907500 -0.00610376801341772080
-0.20000000298023223900 -0.00609047105535864830
-0.18999999761581420900 -0.00609747692942619324
-0.18000000715255737300 -0.00609116116538643837
-0.17000000178813934300 -0.00610772520303726196
-0.15999999642372131300 -0.00611782399937510491
-0.15000000596046447800 -0.00611905986443161965
-0.14000000059604644800 -0.00611115992069244385
-0.12999999523162841800 -0.00609920499846339226
-0.11999999731779098500 -0.00610522087663412094
-0.10999999940395355200 -0.00610200222581624985
-0.10000000149011611900 -0.00608798116445541382
-0.09000000357627868650 -0.00609366083517670632
-0.07999999821186065670 -0.00611029705032706261
-0.07000000029802322390 -0.00611646799370646477
-0.05999999865889549260 -0.00612118421122431755
-0.05000000074505805970 -0.00612942222505807877
-0.03999999910593032840 -0.00611363118514418602
-0.02999999932944774630 -0.00610228488221764565
-0.01999999955296516420 -0.00610851310193538666
-0.00999999977648258210 -0.00608922494575381279
0.00000000000000000000 -0.00607693102210760117
0.00999999977648258210 -0.00607701716944575310
0.01999999955296516420 -0.00608775299042463303
0.02999999932944774630 -0.00608070706948637963
0.03999999910593032840 -0.00608569290488958359
0.05000000074505805970 -0.00609443988651037216
0.05999999865889549260 -0.00605790177360177040
0.07000000029802322390 -0.00604422017931938172
0.07999999821186065670 -0.00605008285492658615
0.09000000357627868650 -0.00602479185909032822
0.10000000149011611900 -0.00601669307798147202
0.10999999940395355200 -0.00602468708530068398
0.11999999731779098500 -0.00602106889709830284
0.12999999523162841800 -0.00603698799386620522
0.14000000059604644800 -0.00604877201840281487
0.15000000596046447800 -0.00603641988709568978
0.15999999642372131300 -0.00603062100708484650
0.17000000178813934300 -0.00603382010012865067
0.18000000715255737300 -0.00602093804627656937
0.18999999761581420900 -0.00600982597097754479
0.20000000298023223900 -0.00601184694096446038
0.20999999344348907500 -0.00600346690043807030
0.21999999880790710400 -0.00602017901837825775
0.23000000417232513400 -0.00602894416078925133
0.23999999463558197000 -0.00601516803726553917
0.25000000000000000000 -0.00601121177896857262
0.25999999046325683600 -0.00599106308072805405
0.27000001072883606000 -0.00598328188061714173
0.28000000119209289500 -0.00597702106460928917
0.28999999165534973100 -0.00595192611217498780
0.30000001192092895500 -0.00593587802723050118
0.31000000238418579100 -0.00593622680753469467
0.31999999284744262700 -0.00593707710504531861
0.33000001311302185100 -0.00592042505741119385
0.34000000357627868600 -0.00591400312259793282
0.34999999403953552200 -0.00587810017168521881
0.36000001430511474600 -0.00583038805052638054
0.37000000476837158200 -0.00581673113629221916
0.37999999523162841800 -0.00577576691284775734
0.38999998569488525400 -0.00571235781535506249
0.40000000596046447700 -0.00567280314862728119
0.40999999642372131300 -0.00562507612630724907
0.41999998688697814900 -0.00556565122678875923
0.43000000715255737300 -0.00550086982548236847
0.43999999761581420900 -0.00541713600978255272
0.44999998807907104500 -0.00530676310881972313
0.46000000834465026800 -0.00518947001546621323
0.46999999880790710400 -0.00506881019100546837
0.47999998927116394000 -0.00492282398045063019
0.49000000953674316400 -0.00477001210674643517
0.50000000000000000000 -0.00460931984707713127
0.50999999046325683600 -0.00443865219131112099
0.51999998092651367200 -0.00426043989136815071
0.52999997138977050800 -0.00406250916421413422
0.54000002145767211900 -0.00385452806949615479
0.55000001192092895500 -0.00363256596028804779
0.56000000238418579100 -0.00340754701755940914
0.56999999284744262700 -0.00317288190126419067
0.57999998331069946300 -0.00292830308899283409
0.58999997377395629900 -0.00268073892220854759
0.60000002384185791000 -0.00242935703136026859
0.61000001430511474600 -0.00217797304503619671
0.62000000476837158200 -0.00191408197861164808
0.62999999523162841800 -0.00164876505732536316
0.63999998569488525400 -0.00137593096587806940
0.64999997615814209000 -0.00109441601671278477
0.66000002622604370100 -0.00078536407090723515
0.67000001668930053700 -0.00051796727348119020
0.68000000715255737300 -0.00024275449686683714
0.68999999761581420900 0.00003140532862744294
0.69999998807907104500 0.00030109859653748572
0.70999997854232788100 0.00057900202227756381
0.72000002861022949200 0.00086431571980938315
0.73000001907348632800 0.00120437797158956528
0.74000000953674316400 0.00150225602556020021
0.75000000000000000000 0.00180402898695319891
0.75999999046325683600 0.00210976600646972656
0.76999998092651367200 0.00241623702459037304
0.77999997138977050800 0.00272304704412817955
0.79000002145767211900 0.00303359190002083778
0.80000001192092895500 0.00334461708553135395
0.81000000238418579100 0.00365603691898286343
0.81999999284744262700 0.00396969821304082871
0.82999998331069946300 0.00428172480314970017
0.83999997377395629900 0.00459771184250712395
0.85000002384185791000 0.00491339107975363732
0.86000001430511474600 0.00523206405341625214
0.87000000476837158200 0.00555138895288109780
0.87999999523162841800 0.00586959393694996834
0.88999998569488525400 0.00619041919708251953
0.89999997615814209000 0.00651246681809425354
0.91000002622604370100 0.00683342618867754936
0.92000001668930053700 0.00715661002323031426
0.93000000715255737300 0.00747978920117020607
0.93999999761581420900 0.00780417304486036301
0.94999998807907104500 0.00813019927591085434
0.95999997854232788100 0.00845527555793523789
0.97000002861022949200 0.00878163520246744156
0.98000001907348632800 0.00911019090563058853
0.99000000953674316400 0.00943669956177473069
1.00000000000000000000 0.00976479705423116684
