-1.00000000000000000000 -0.00622977595776319504
-0.99000000953674316400 -0.00623580906540155411
-0.98000001907348632800 -0.00624653790146112442
-0.97000002861022949200 -0.00623970991000533104
-0.95999997854232788100 -0.00622504390776157379
-0.94999998807907104500 -0.00620839186012744904
-0.93999999761581420900 -0.00621710997074842453
-0.93000000715255737300 -0.00621321797370910645
-0.92000001668930053700 -0.00619466276839375496
-0.91000002622604370100 -0.00620297901332378388
-0.89999997615814209000 -0.00621780520305037499
-0.88999998569488525400 -0.00623349891975522042
-0.87999999523162841800 -0.00624348502606153488
-0.87000000476837158200 -0.00625221105292439461
-0.86000001430511474600 -0.00623774901032447815
-0.85000002384185791000 -0.00622877618297934532
-0.83999997377395629900 -0.00623933691531419754
-0.82999998331069946300 -0.00623131403699517250
-0.81999999284744262700 -0.00622003711760044098
-0.81000000238418579100 -0.00622403994202613831
-0.80000001192092895500 -0.00624045496806502342
-0.79000002145767211900 -0.00625310512259602547
-0.77999997138977050800 -0.00626727798953652382
-0.76999998092651367200 -0.00626147910952568054
-0.75999999046325683600 -0.00624269992113113404
-0.75000000000000000000 -0.00624973280355334282
-0.74000000953674316400 -0.00624705478549003601
-0.73000001907348632800 -0.00623344909399747849
-0.72000002861022949200 -0.00622601481154561043
-0.70999997854232788100 -0.00623183511197566986
-0.69999998807907104500 -0.00623932015150785446
-0.68999999761581420900 -0.00624956702813506127
-0.68000000715255737300 -0.00625034701079130173
-0.67000001668930053700 -0.00624586502090096474
-0.66000002622604370100 -0.00622202409431338310
-0.64999997615814209000 -0.00622321479022502899
-0.63999998569488525400 -0.00622447207570075989
-0.62999999523162841800 -0.00621231086552143097
-0.62000000476837158200 -0.00620780000463128090
-0.61000001430511474600 -0.00622160499915480614
-0.60000002384185791000 -0.00623831199482083321
-0.58999997377395629900 -0.00624130712822079659
-0.57999998331069946300 -0.00625843694433569908
-0.56999999284744262700 -0.00624999077990651131
-0.56000000238418579100 -0.00622933218255639076
-0.55000001192092895500 -0.00624169316142797470
-0.54000002145767211900 -0.00624076509848237038
-0.52999997138977050800 -0.00621953280642628670
-0.51999998092651367200 -0.00622220709919929505
-0.50999999046325683600 -0.00623536808416247368
-0.50000000000000000000 -0.00624614022672176361
-0.49000000953674316400 -0.00625096121802926064
-0.47999998927116394000 -0.00626117782667279244
-0.46999999880790710400 -0.00624549202620983124
-0.46000000834465026800 -0.00621655490249395371
-0.44999998807907104500 -0.00623131822794675827
-0.43999999761581420900 -0.00622151186689734459
-0.43000000715255737300 -0.00619118101894855499
-0.41999998688697814900 -0.00619448116049170494
-0.40999999642372131300 -0.00620205514132976532
-0.40000000596046447700 -0.00621413718909025192
-0.38999998569488525400 -0.00621533486992120743
-0.37999999523162841800 -0.00622325297445058823
-0.37000000476837158200 -0.00621092598885297775
-0.36000001430511474600 -0.00619199499487876892
-0.34999999403953552200 -0.00620665214955806732
-0.34000000357627868600 -0.00620357180014252663
-0.33000001311302185100 -0.00618389109149575234
-0.31999999284744262700 -0.00619216402992606163
-0.31000000238418579100 -0.00620834622532129288
-0.30000001192092895500 -0.00621391180902719498
-0.28999999165534973100 -0.00623322511091828346
-0.28000000119209289500 -0.00623530382290482521
-0.27000001072883606000 -0.00621892279013991356
-0.25999999046325683600 -0.00620992621406912804
-0.25000000000000000000 -0.00622314680367708206
-0.23999999463558197000 -0.00621344102546572685
-0.23000000417232513400 -0.00620042905211448670
-0.21999999880790710400 -0.00620723189786076546
-0.20999999344348907500 -0.00621434021741151810
-0.20000000298023223900 -0.00623033987358212471
-0.18999999761581420900 -0.00623302115127444268
-0.18000000715255737300 -0.00623099179938435555
-0.17000000178813934300 -0.00621331110596656800
-0.15999999642372131300 -0.00620174221694469452
-0.15000000596046447800 -0.00620482210069894791
-0.14000000059604644800 -0.00618409877642989159
-0.12999999523162841800 -0.00618008198216557503
-0.11999999731779098500 -0.00618224311619997025
-0.10999999940395355200 -0.00619155401363968849
-0.10000000149011611900 -0.00620316900312900543
-0.09000000357627868650 -0.00621772417798638344
-0.07999999821186065670 -0.00620650313794612885
-0.07000000029802322390 -0.00619501480832695961
-0.05999999865889549260 -0.00619480200111865998
-0.05000000074505805970 -0.00620110705494880676
-0.03999999910593032840 -0.00618272600695490837
-0.02999999932944774630 -0.00618049409240484238
-0.01999999955296516420 -0.00619052397087216377
-0.00999999977648258210 -0.00619956478476524353
0.00000000000000000000 -0.00621292088180780411
0.00999999977648258210 -0.00621119188144803047
0.01999999955296516420 -0.00622630678117275238
0.02999999932944774630 -0.00620875600725412369
0.03999999910593032840 -0.00618610577657818794
0.05000000074505805970 -0.00620059808716177941
0.05999999865889549260 -0.00619242712855339050
0.07000000029802322390 -0.00617113988846540451
0.07999999821186065670 -0.00617635389789938927
0.09000000357627868650 -0.00618449598550796509
0.10000000149011611900 -0.00618966110050678253
0.10999999940395355200 -0.00619435822591185570
0.11999999731779098500 -0.00618467014282941818
0.12999999523162841800 -0.00616904720664024353
0.14000000059604644800 -0.00614934088662266731
0.15000000596046447800 -0.00615355093032121658
0.15999999642372131300 -0.00613926677033305168
0.17000000178813934300 -0.00612178491428494454
0.18000000715255737300 -0.00613389583304524422
0.18999999761581420900 -0.00614419393241405487
0.20000000298023223900 -0.00614796904847025872
0.20999999344348907500 -0.00616231607273221016
0.21999999880790710400 -0.00615942291915416718
0.23000000417232513400 -0.00613511120900511742
0.23999999463558197000 -0.00613498920574784279
0.25000000000000000000 -0.00613543391227722168
0.25999999046325683600 -0.00611713295802474022
0.27000001072883606000 -0.00611100299283862114
0.28000000119209289500 -0.00611364794895052910
0.28999999165534973100 -0.00612261006608605385
0.30000001192092895500 -0.00612468691542744637
0.31000000238418579100 -0.00612965179607272148
0.31999999284744262700 -0.00611000508069992066
0.33000001311302185100 -0.00608346099033951760
0.34000000357627868600 -0.00608077086508274079
0.34999999403953552200 -0.00607179105281829834
0.36000001430511474600 -0.00603686692193150520
0.37000000476837158200 -0.00602353410795331002
0.37999999523162841800 -0.00602088682353496552
0.38999998569488525400 -0.00600919919088482857
0.40000000596046447700 -0.00600094208493828774
0.40999999642372131300 -0.00599109800532460213
0.41999998688697814900 -0.00596495298668742180
0.43000000715255737300 -0.00592021876946091652
0.43999999761581420900 -0.00590977305546402931
0.44999998807907104500 -0.00588228413835167885
0.46000000834465026800 -0.00583744514733552933
0.46999999880790710400 -0.00581162795424461365
0.47999998927116394000 -0.00579313095659017563
0.49000000953674316400 -0.00576379382982850075
0.50000000000000000000 -0.00573530513793230057
0.50999999046325683600 -0.00570192513987421990
0.51999998092651367200 -0.00563250388950109482
0.52999997138977050800 -0.00555923394858837128
0.54000002145767211900 -0.00550725497305393219
0.55000001192092895500 -0.00541314808651804924
0.56000000238418579100 -0.00529935210943222046
0.56999999284744262700 -0.00518118683248758316
0.57999998331069946300 -0.00504328915849328041
0.58999997377395629900 -0.00487159099429845810
0.60000002384185791000 -0.00467412406578660011
0.61000001430511474600 -0.00442903116345405579
0.62000000476837158200 -0.00413895584642887116
0.62999999523162841800 -0.00381727097555994988
0.63999998569488525400 -0.00345169007778167725
0.64999997615814209000 -0.00305967009626328945
0.66000002622604370100 -0.00261377799324691296
0.67000001668930053700 -0.00214488711208105087
0.68000000715255737300 -0.00163888197857886553
0.68999999761581420900 -0.00110492203384637833
0.69999998807907104500 -0.00053457450121641159
0.70999997854232788100 0.00000652507878839970
0.72000002861022949200 0.00057727948296815157
0.73000001907348632800 0.00120709300972521305
0.74000000953674316400 0.00187541695777326822
0.75000000000000000000 0.00254890811629593372
0.75999999046325683600 0.00320960092358291149
0.76999998092651367200 0.00391235807910561562
0.77999997138977050800 0.00461859907954931259
0.79000002145767211900 0.00531818112358450890
0.80000001192092895500 0.00604126183316111565
0.81000000238418579100 0.00679031712934374810
0.81999999284744262700 0.00749797094613313675
0.82999998331069946300 0.00827627163380384445
0.83999997377395629900 0.00902314577251672745
0.85000002384185791000 0.00978711154311895371
0.86000001430511474600 0.01003829017281532290
0.87000000476837158200 0.01080692000687122350
0.87999999523162841800 0.01152347028255462650
0.88999998569488525400 0.01229840982705354690
0.89999997615814209000 0.01308649033308029170
0.91000002622604370100 0.01382724009454250340
0.92000001668930053700 0.01460521016269922260
0.93000000715255737300 0.01537544000893831250
0.93999999761581420900 0.01615945063531398770
0.94999998807907104500 0.01694189943373203280
0.95999997854232788100 0.01775008067488670350
0.97000002861022949200 0.01851725950837135320
0.98000001907348632800 0.01935777068138122560
0.99000000953674316400 0.02018962055444717410
1.00000000000000000000 0.02099478058516979220
