-1.00000000000000000000 -0.00627450877800583840
-0.99000000953674316400 -0.00628573913127183914
-0.98000001907348632800 -0.00627550482749938965
-0.97000002861022949200 -0.00626642303541302681
-0.95999997854232788100 -0.00627902522683143616
-0.94999998807907104500 -0.00628996314480900765
-0.93999999761581420900 -0.00630696723237633705
-0.93000000715255737300 -0.00631812913343310356
-0.92000001668930053700 -0.00630622496828436852
-0.91000002622604370100 -0.00629379181191325188
-0.89999997615814209000 -0.00629821885377168656
-0.88999998569488525400 -0.00629803305491805077
-0.87999999523162841800 -0.00628151604905724526
-0.87000000476837158200 -0.00628127390518784523
-0.86000001430511474600 -0.00628793798387050629
-0.85000002384185791000 -0.00629958277568221092
-0.83999997377395629900 -0.00630129408091306687
-0.82999998331069946300 -0.00631622178480029106
-0.81999999284744262700 -0.00629344489425420761
-0.81000000238418579100 -0.00627060001716017723
-0.80000001192092895500 -0.00628179078921675682
-0.79000002145767211900 -0.00626665214076638222
-0.77999997138977050800 -0.00624841498211026192
-0.76999998092651367200 -0.00625298498198390007
-0.75999999046325683600 -0.00625670002773404122
-0.75000000000000000000 -0.00625988189131021500
-0.74000000953674316400 -0.00627721706405282021
-0.73000001907348632800 -0.00627579307183623314
-0.72000002861022949200 -0.00625659013167023659
-0.70999997854232788100 -0.00625653611496090889
-0.69999998807907104500 -0.00626683421432971955
-0.68999999761581420900 -0.00624687317758798599
-0.68000000715255737300 -0.00625415099784731865
-0.67000001668930053700 -0.00626368215307593346
-0.66000002622604370100 -0.00627101911231875420
-0.64999997615814209000 -0.00629512220621109009
-0.63999998569488525400 -0.00629501184448599816
-0.62999999523162841800 -0.00629143277183175087
-0.62000000476837158200 -0.00627646595239639282
-0.61000001430511474600 -0.00628614984452724457
-0.60000002384185791000 -0.00628032488748431206
-0.58999997377395629900 -0.00626555876806378365
-0.57999998331069946300 -0.00626619393005967140
-0.56999999284744262700 -0.00627543311566114426
-0.56000000238418579100 -0.00628968700766563416
-0.55000001192092895500 -0.00628970004618167877
-0.54000002145767211900 -0.00630301795899868012
-0.52999997138977050800 -0.00627635186538100243
-0.51999998092651367200 -0.00626226700842380524
-0.50999999046325683600 -0.00627958914265036583
-0.50000000000000000000 -0.00627059489488601685
-0.49000000953674316400 -0.00624613091349601746
-0.47999998927116394000 -0.00625465903431177140
-0.46999999880790710400 -0.00626663397997617722
-0.46000000834465026800 -0.00626963796094059944
-0.44999998807907104500 -0.00629277620464563370
-0.43999999761581420900 -0.00628582388162612915
-0.43000000715255737300 -0.00626431684941053391
-0.41999998688697814900 -0.00627523008733987808
-0.40999999642372131300 -0.00627625500783324242
-0.40000000596046447700 -0.00625407416373491287
-0.38999998569488525400 -0.00625414587557315827
-0.37999999523162841800 -0.00626577017828822136
-0.37000000476837158200 -0.00628245202824473381
-0.36000001430511474600 -0.00629153382033109665
-0.34999999403953552200 -0.00629733782261610031
-0.34000000357627868600 -0.00628611212596297264
-0.33000001311302185100 -0.00626236014068126679
-0.31999999284744262700 -0.00627693720161914826
-0.31000000238418579100 -0.00627070479094982147
-0.30000001192092895500 -0.00624185800552368164
-0.28999999165534973100 -0.00625020684674382210
-0.28000000119209289500 -0.00625813193619251251
-0.27000001072883606000 -0.00626488123089075089
-0.25999999046325683600 -0.00626348704099655152
-0.25000000000000000000 -0.00626746891066431999
-0.23999999463558197000 -0.00624808901920914650
-0.23000000417232513400 -0.00622960180044174195
-0.21999999880790710400 -0.00624382309615612030
-0.20999999344348907500 -0.00623287586495280266
-0.20000000298023223900 -0.00621502613648772240
-0.18999999761581420900 -0.00622179079800844193
-0.18000000715255737300 -0.00623701605945825577
-0.17000000178813934300 -0.00623943004757165909
-0.15999999642372131300 -0.00625537894666194916
-0.15000000596046447800 -0.00626002205535769463
-0.14000000059604644800 -0.00623849406838417053
-0.12999999523162841800 -0.00624775420874357224
-0.11999999731779098500 -0.00624966900795698166
-0.10999999940395355200 -0.00623277109116315842
-0.10000000149011611900 -0.00623281812295317650
-0.09000000357627868650 -0.00624306499958038330
-0.07999999821186065670 -0.00624819891527295113
-0.07000000029802322390 -0.00626626098528504372
-0.05999999865889549260 -0.00627251900732517243
-0.05000000074505805970 -0.00626447005197405815
-0.03999999910593032840 -0.00624614907428622246
-0.02999999932944774630 -0.00625604018568992615
-0.01999999955296516420 -0.00625273585319519043
-0.00999999977648258210 -0.00622924696654081345
0.00000000000000000000 -0.00622856104746460915
0.00999999977648258210 -0.00622977223247289658
0.01999999955296516420 -0.00624382682144641876
0.02999999932944774630 -0.00624744081869721413
0.03999999910593032840 -0.00625533284619450569
0.05000000074505805970 -0.00624145101755857468
0.05999999865889549260 -0.00621886411681771279
0.07000000029802322390 -0.00623385095968842507
0.07999999821186065670 -0.00623123813420534134
0.09000000357627868650 -0.00620448309928178787
0.10000000149011611900 -0.00621184892952442169
0.10999999940395355200 -0.00622067321091890335
0.11999999731779098500 -0.00623020809143781662
0.12999999523162841800 -0.00624203495681285858
0.14000000059604644800 -0.00624119210988283158
0.15000000596046447800 -0.00623134803026914597
0.15999999642372131300 -0.00621478911489248276
0.17000000178813934300 -0.00621997378766536713
0.18000000715255737300 -0.00621182285249233246
0.18999999761581420900 -0.00619796710088849068
0.20000000298023223900 -0.00620274618268013001
0.20999999344348907500 -0.00620466889813542366
0.21999999880790710400 -0.00621667411178350449
0.23000000417232513400 -0.00621273880824446678
0.23999999463558197000 -0.00621212413534522057
0.25000000000000000000 -0.00619040196761488915
0.25999999046325683600 -0.00616532796993851662
0.27000001072883606000 -0.00616392586380243302
0.28000000119209289500 -0.00615291483700275421
0.28999999165534973100 -0.00612777890637516976
0.30000001192092895500 -0.00611601117998361588
0.31000000238418579100 -0.00612842198461294174
0.31999999284744262700 -0.00612874887883663178
0.33000001311302185100 -0.00611997209489345551
0.34000000357627868600 -0.00611781887710094452
0.34999999403953552200 -0.00609243707731366158
0.36000001430511474600 -0.00608378183096647263
0.37000000476837158200 -0.00608225818723440170
0.37999999523162841800 -0.00605449778959155083
0.38999998569488525400 -0.00603121099993586540
0.40000000596046447700 -0.00603456795215606690
0.40999999642372131300 -0.00602404121309518814
0.41999998688697814900 -0.00601695803925395012
0.43000000715255737300 -0.00601137103512883187
0.43999999761581420900 -0.00597877800464630127
0.44999998807907104500 -0.00593334110453724861
0.46000000834465026800 -0.00591603294014930725
0.46999999880790710400 -0.00587918702512979508
0.47999998927116394000 -0.00582829304039478302
0.49000000953674316400 -0.00579157983884215355
0.50000000000000000000 -0.00574538484215736389
0.50999999046325683600 -0.00570357497781515122
0.51999998092651367200 -0.00564144784584641457
0.52999997138977050800 -0.00556503189727663994
0.54000002145767211900 -0.00545699382200837136
0.55000001192092895500 -0.00532727316021919251
0.56000000238418579100 -0.00519190309569239617
0.56999999284744262700 -0.00502138305455446243
0.57999998331069946300 -0.00480768317356705666
0.58999997377395629900 -0.00457165203988552094
0.60000002384185791000 -0.00431287381798028946
0.61000001430511474600 -0.00400944380089640618
0.62000000476837158200 -0.00366115500219166279
0.62999999523162841800 -0.00327856699004769325
0.63999998569488525400 -0.00284970691427588463
0.64999997615814209000 -0.00238512409850955010
0.66000002622604370100 -0.00190319505054503679
0.67000001668930053700 -0.00138141796924173832
0.68000000715255737300 -0.00081206107279285789
0.68999999761581420900 -0.00028111931169405580
0.69999998807907104500 0.00025155951152555645
0.70999997854232788100 0.00086893199477344751
0.72000002861022949200 0.00153041805606335402
0.73000001907348632800 0.00217850995250046253
0.74000000953674316400 0.00283395405858755112
0.75000000000000000000 0.00350765697658061981
0.75999999046325683600 0.00418807892128825188
0.76999998092651367200 0.00487903784960508347
0.77999997138977050800 0.00558232609182596207
0.79000002145767211900 0.00629161018878221512
0.80000001192092895500 0.00700999703258275986
0.81000000238418579100 0.00773710617795586586
0.81999999284744262700 0.00846321973949670792
0.82999998331069946300 0.00920169893652200699
0.83999997377395629900 0.00995140243321657181
0.85000002384185791000 0.01018694974482059480
0.86000001430511474600 0.01089785993099212650
0.87000000476837158200 0.01163697987794876100
0.87999999523162841800 0.01236968021839857100
0.88999998569488525400 0.01310607045888900760
0.89999997615814209000 0.01385536044836044310
0.91000002622604370100 0.01461164001375436780
0.92000001668930053700 0.01538022980093955990
0.93000000715255737300 0.01615653932094573970
0.93999999761581420900 0.01693741977214813230
0.94999998807907104500 0.01771437004208564760
0.95999997854232788100 0.01848723925650119780
0.97000002861022949200 0.01929078064858913420
0.98000001907348632800 0.02008558064699172970
0.99000000953674316400 0.02088004909455776210
1.00000000000000000000 0.02169086039066314700
