-1.00000000000000000000 -0.00621011992916464806
-0.99000000953674316400 -0.00621682591736316681
-0.98000001907348632800 -0.00623278412967920304
-0.97000002861022949200 -0.00624081119894981384
-0.95999997854232788100 -0.00624643685296177864
-0.94999998807907104500 -0.00623469799757003784
-0.93999999761581420900 -0.00621137022972106934
-0.93000000715255737300 -0.00622093118727207184
-0.92000001668930053700 -0.00621445011347532273
-0.91000002622604370100 -0.00619234610348939896
-0.89999997615814209000 -0.00620088586583733559
-0.88999998569488525400 -0.00621041702106595040
-0.87999999523162841800 -0.00621938891708850861
-0.87000000476837158200 -0.00623341882601380348
-0.86000001430511474600 -0.00622781878337264061
-0.85000002384185791000 -0.00621025217697024346
-0.83999997377395629900 -0.00621857587248086930
-0.82999998331069946300 -0.00621615722775459290
-0.81999999284744262700 -0.00619959412142634392
-0.81000000238418579100 -0.00619682809337973595
-0.80000001192092895500 -0.00621323380619287491
-0.79000002145767211900 -0.00622326508164405823
-0.77999997138977050800 -0.00623479578644037247
-0.76999998092651367200 -0.00624606013298034668
-0.75999999046325683600 -0.00623537600040435791
-0.75000000000000000000 -0.00621181121096014977
-0.74000000953674316400 -0.00622690422460436821
-0.73000001907348632800 -0.00621998216956853867
-0.72000002861022949200 -0.00620256783440709114
-0.70999997854232788100 -0.00621211994439363480
-0.69999998807907104500 -0.00621417397633194924
-0.68999999761581420900 -0.00622328696772456169
-0.68000000715255737300 -0.00622968282550573349
-0.67000001668930053700 -0.00622162502259016037
-0.66000002622604370100 -0.00620194897055625916
-0.64999997615814209000 -0.00619376916438341141
-0.63999998569488525400 -0.00619240105152130127
-0.62999999523162841800 -0.00617475807666778565
-0.62000000476837158200 -0.00617103790864348412
-0.61000001430511474600 -0.00617607496678829193
-0.60000002384185791000 -0.00619398895651102066
-0.58999997377395629900 -0.00620363885536789894
-0.57999998331069946300 -0.00621610600501298905
-0.56999999284744262700 -0.00620649801567196846
-0.56000000238418579100 -0.00618574209511280060
-0.55000001192092895500 -0.00620272010564804077
-0.54000002145767211900 -0.00620037689805030823
-0.52999997138977050800 -0.00617731595411896706
-0.51999998092651367200 -0.00618963921442627907
-0.50999999046325683600 -0.00620384700596332550
-0.50000000000000000000 -0.00621211202815175057
-0.49000000953674316400 -0.00622435798868536949
-0.47999998927116394000 -0.00622910587117075920
-0.46999999880790710400 -0.00621073879301548004
-0.46000000834465026800 -0.00620996812358498574
-0.44999998807907104500 -0.00621760217472910881
-0.43999999761581420900 -0.00619416311383247376
-0.43000000715255737300 -0.00618889322504401207
-0.41999998688697814900 -0.00620270799845457077
-0.40999999642372131300 -0.00620518205687403679
-0.40000000596046447700 -0.00621900800615549088
-0.38999998569488525400 -0.00622481992468237877
-0.37999999523162841800 -0.00620253011584281922
-0.37000000476837158200 -0.00618700403720140457
-0.36000001430511474600 -0.00620125792920589447
-0.34999999403953552200 -0.00618669111281633377
-0.34000000357627868600 -0.00617005489766597748
-0.33000001311302185100 -0.00617967080324888230
-0.31999999284744262700 -0.00618204288184642792
-0.31000000238418579100 -0.00620312197133898735
-0.30000001192092895500 -0.00620877789333462715
-0.28999999165534973100 -0.00621032807976007462
-0.28000000119209289500 -0.00619548792019486428
-0.27000001072883606000 -0.00619025295600295067
-0.25999999046325683600 -0.00620481185615062714
-0.25000000000000000000 -0.00618626317009329796
-0.23999999463558197000 -0.00617848895490169525
-0.23000000417232513400 -0.00618644896894693375
-0.21999999880790710400 -0.00619870377704501152
-0.20999999344348907500 -0.00620625680312514305
-0.20000000298023223900 -0.00622155796736478806
-0.18999999761581420900 -0.00620530406013131142
-0.18000000715255737300 -0.00618944410234689713
-0.17000000178813934300 -0.00620531709864735604
-0.15999999642372131300 -0.00619515404105186463
-0.15000000596046447800 -0.00617108494043350220
-0.14000000059604644800 -0.00616816617548465729
-0.12999999523162841800 -0.00618002284318208695
-0.11999999731779098500 -0.00618080189451575279
-0.10999999940395355200 -0.00618514791131019592
-0.10000000149011611900 -0.00618651695549488068
-0.09000000357627868650 -0.00616957992315292359
-0.07999999821186065670 -0.00615369481965899468
-0.07000000029802322390 -0.00616613309830427170
-0.05999999865889549260 -0.00614575715735554695
-0.05000000074505805970 -0.00614394014701247215
-0.03999999910593032840 -0.00615384802222251892
-0.02999999932944774630 -0.00616056192666292191
-0.01999999955296516420 -0.00618208991363644600
-0.00999999977648258210 -0.00619753496721386910
0.00000000000000000000 -0.00618682987987995148
0.00999999977648258210 -0.00618044985458254814
0.01999999955296516420 -0.00617418205365538597
0.02999999932944774630 -0.00617623608559370041
0.03999999910593032840 -0.00616714078933000565
0.05000000074505805970 -0.00615867320448160172
0.05999999865889549260 -0.00615852884948253632
0.07000000029802322390 -0.00617079203948378563
0.07999999821186065670 -0.00618101377040147782
0.09000000357627868650 -0.00618856679648160935
0.10000000149011611900 -0.00618402101099491120
0.10999999940395355200 -0.00615910114720463753
0.11999999731779098500 -0.00615797797217965126
0.12999999523162841800 -0.00615787599235773087
0.14000000059604644800 -0.00614469777792692185
0.15000000596046447800 -0.00613064598292112351
0.15999999642372131300 -0.00613971613347530365
0.17000000178813934300 -0.00614762492477893830
0.18000000715255737300 -0.00614731619134545326
0.18999999761581420900 -0.00615471182391047478
0.20000000298023223900 -0.00614513782784342766
0.20999999344348907500 -0.00611800979822874069
0.21999999880790710400 -0.00613548420369625092
0.23000000417232513400 -0.00612382590770721436
0.23999999463558197000 -0.00610575918108224869
0.25000000000000000000 -0.00610941415652632714
0.25999999046325683600 -0.00611268589273095131
0.27000001072883606000 -0.00612508878111839295
0.28000000119209289500 -0.00612940080463886261
0.28999999165534973100 -0.00612361915409564972
0.30000001192092895500 -0.00610030302777886391
0.31000000238418579100 -0.00609766878187656403
0.31999999284744262700 -0.00609275000169873238
0.33000001311302185100 -0.00607113679870963097
0.34000000357627868600 -0.00606596097350120545
0.34999999403953552200 -0.00606039492413401604
0.36000001430511474600 -0.00606553815305233002
0.37000000476837158200 -0.00606334302574396134
0.37999999523162841800 -0.00605613598600029946
0.38999998569488525400 -0.00602664612233638764
0.40000000596046447700 -0.00599973415955901146
0.40999999642372131300 -0.00598433986306190491
0.41999998688697814900 -0.00595960998907685280
0.43000000715255737300 -0.00592349609360098839
0.43999999761581420900 -0.00589866796508431435
0.44999998807907104500 -0.00589215615764260292
0.46000000834465026800 -0.00587532483041286469
0.46999999880790710400 -0.00585347693413496018
0.47999998927116394000 -0.00581591809168457985
0.49000000953674316400 -0.00576024502515792847
0.50000000000000000000 -0.00572285195812582970
0.50999999046325683600 -0.00567640783265233040
0.51999998092651367200 -0.00559337204322218895
0.52999997138977050800 -0.00552483787760138512
0.54000002145767211900 -0.00544498395174741745
0.55000001192092895500 -0.00534713082015514374
0.56000000238418579100 -0.00522649195045232773
0.56999999284744262700 -0.00507309101521968842
0.57999998331069946300 -0.00487593980506062508
0.58999997377395629900 -0.00465117720887064934
0.60000002384185791000 -0.00440598698332905770
0.61000001430511474600 -0.00410315021872520447
0.62000000476837158200 -0.00377226294949650765
0.62999999523162841800 -0.00341523694805800915
0.63999998569488525400 -0.00302340998314321041
0.64999997615814209000 -0.00260488200001418591
0.66000002622604370100 -0.00215734401717782021
0.67000001668930053700 -0.00167303497437387705
0.68000000715255737300 -0.00116466404870152473
0.68999999761581420900 -0.00063533411594107747
0.69999998807907104500 -0.00012710700684692711
0.70999997854232788100 0.00039018300594761968
0.72000002861022949200 0.00094418210210278630
0.73000001907348632800 0.00156318396329879761
0.74000000953674316400 0.00214951694943010807
0.75000000000000000000 0.00274732196703553200
0.75999999046325683600 0.00335295801050961018
0.76999998092651367200 0.00396145507693290711
0.77999997138977050800 0.00457755802199244499
0.79000002145767211900 0.00519964005798101425
0.80000001192092895500 0.00582725089043378830
0.81000000238418579100 0.00646308902651071549
0.81999999284744262700 0.00710624922066926956
0.82999998331069946300 0.00775660295039415360
0.83999997377395629900 0.00840880442410707474
0.85000002384185791000 0.00906027015298604966
0.86000001430511474600 0.00973588973283767700
0.87000000476837158200 0.01041136961430311200
0.87999999523162841800 0.01059093978255987170
0.88999998569488525400 0.01122582983225584030
0.89999997615814209000 0.01189668010920286180
0.91000002622604370100 0.01256924960762262340
0.92000001668930053700 0.01323350984603166580
0.93000000715255737300 0.01391571015119552610
0.93999999761581420900 0.01461284980177879330
0.94999998807907104500 0.01531613990664482120
0.95999997854232788100 0.01601544022560119630
0.97000002861022949200 0.01673828065395355220
0.98000001907348632800 0.01745414920151233670
0.99000000953674316400 0.01814924925565719600
1.00000000000000000000 0.01889308914542198180
