-1.00000000000000000000 -0.00615577585995197296
-0.99000000953674316400 -0.00616462482139468193
-0.98000001907348632800 -0.00617774017155170441
-0.97000002861022949200 -0.00618307013064622879
-0.95999997854232788100 -0.00619765790179371834
-0.94999998807907104500 -0.00619146879762411118
-0.93999999761581420900 -0.00616661179810762406
-0.93000000715255737300 -0.00618476001545786858
-0.92000001668930053700 -0.00618740683421492577
-0.91000002622604370100 -0.00616008415818214417
-0.89999997615814209000 -0.00616902206093072891
-0.88999998569488525400 -0.00618673721328377724
-0.87999999523162841800 -0.00618891511112451554
-0.87000000476837158200 -0.00620782515034079552
-0.86000001430511474600 -0.00621727993711829186
-0.85000002384185791000 -0.00620448309928178787
-0.83999997377395629900 -0.00619011791422963143
-0.82999998331069946300 -0.00620664283633232117
-0.81999999284744262700 -0.00620032707229256630
-0.81000000238418579100 -0.00618336582556366921
-0.80000001192092895500 -0.00618630088865756989
-0.79000002145767211900 -0.00619175285100936890
-0.77999997138977050800 -0.00620584702119231224
-0.76999998092651367200 -0.00620935810729861260
-0.75999999046325683600 -0.00621645804494619370
-0.75000000000000000000 -0.00619309209287166596
-0.74000000953674316400 -0.00617265282198786736
-0.73000001907348632800 -0.00618196697905659676
-0.72000002861022949200 -0.00617062719538807869
-0.70999997854232788100 -0.00615511508658528328
-0.69999998807907104500 -0.00615815306082367897
-0.68999999761581420900 -0.00616494705900549889
-0.68000000715255737300 -0.00617681210860610008
-0.67000001668930053700 -0.00618943618610501290
-0.66000002622604370100 -0.00619480293244123459
-0.64999997615814209000 -0.00618026917800307274
-0.63999998569488525400 -0.00617532478645443916
-0.62999999523162841800 -0.00618932489305734635
-0.62000000476837158200 -0.00617825798690319062
-0.61000001430511474600 -0.00616628490388393402
-0.60000002384185791000 -0.00617659185081720352
-0.58999997377395629900 -0.00618965178728103638
-0.57999998331069946300 -0.00620211381465196610
-0.56999999284744262700 -0.00621164217591285706
-0.56000000238418579100 -0.00621312391012907028
-0.55000001192092895500 -0.00619512889534235001
-0.54000002145767211900 -0.00619697710499167442
-0.52999997138977050800 -0.00619227904826402664
-0.51999998092651367200 -0.00617631198838353157
-0.50999999046325683600 -0.00617374107241630554
-0.50000000000000000000 -0.00617002602666616440
-0.49000000953674316400 -0.00618207314983010292
-0.47999998927116394000 -0.00618862314149737358
-0.46999999880790710400 -0.00619362108409404755
-0.46000000834465026800 -0.00617753621190786362
-0.44999998807907104500 -0.00615432299673557282
-0.43999999761581420900 -0.00616136286407709122
-0.43000000715255737300 -0.00615765620023012161
-0.41999998688697814900 -0.00613905582576990128
-0.40999999642372131300 -0.00613684207201004028
-0.40000000596046447700 -0.00614959513768553734
-0.38999998569488525400 -0.00616409117355942726
-0.37999999523162841800 -0.00617678696289658547
-0.37000000476837158200 -0.00618591997772455216
-0.36000001430511474600 -0.00618173507973551750
-0.34999999403953552200 -0.00616309093311429024
-0.34000000357627868600 -0.00617566797882318497
-0.33000001311302185100 -0.00616761902347207070
-0.31999999284744262700 -0.00614898605272173882
-0.31000000238418579100 -0.00616025691851973534
-0.30000001192092895500 -0.00616566697135567665
-0.28999999165534973100 -0.00618114089593291283
-0.28000000119209289500 -0.00619268510490655899
-0.27000001072883606000 -0.00619916990399360657
-0.25999999046325683600 -0.00618272600695490837
-0.25000000000000000000 -0.00616709003224968910
-0.23999999463558197000 -0.00617688102647662163
-0.23000000417232513400 -0.00617030588909983635
-0.21999999880790710400 -0.00615155696868896485
-0.20999999344348907500 -0.00615027314051985741
-0.20000000298023223900 -0.00616174889728426934
-0.18999999761581420900 -0.00616890378296375275
-0.18000000715255737300 -0.00616923812776803971
-0.17000000178813934300 -0.00617471197620034218
-0.15999999642372131300 -0.00616706116124987602
-0.15000000596046447800 -0.00615401286631822586
-0.14000000059604644800 -0.00615848693996667862
-0.12999999523162841800 -0.00614669406786561012
-0.11999999731779098500 -0.00613869680091738701
-0.10999999940395355200 -0.00614936184138059616
-0.10000000149011611900 -0.00615797378122806549
-0.09000000357627868650 -0.00617209821939468384
-0.07999999821186065670 -0.00618242612108588219
-0.07000000029802322390 -0.00618020491674542427
-0.05999999865889549260 -0.00616065599024295807
-0.05000000074505805970 -0.00616042315959930420
-0.03999999910593032840 -0.00616598408669233322
-0.02999999932944774630 -0.00615320401266217232
-0.01999999955296516420 -0.00614192010834813118
-0.00999999977648258210 -0.00615704711526632309
0.00000000000000000000 -0.00616892520338296890
0.00999999977648258210 -0.00616797618567943573
0.01999999955296516420 -0.00617836322635412216
0.02999999932944774630 -0.00617497786879539490
0.03999999910593032840 -0.00615352299064397812
0.05000000074505805970 -0.00614165188744664192
0.05999999865889549260 -0.00614248309284448624
0.07000000029802322390 -0.00612163683399558068
0.07999999821186065670 -0.00610610283911228180
0.09000000357627868650 -0.00611410103738307953
0.10000000149011611900 -0.00611398322507739067
0.10999999940395355200 -0.00612466596066951752
0.11999999731779098500 -0.00613240990787744522
0.12999999523162841800 -0.00613201083615422249
0.14000000059604644800 -0.00610802695155143738
0.15000000596046447800 -0.00611652899533510208
0.15999999642372131300 -0.00611736811697483063
0.17000000178813934300 -0.00609529577195644379
0.18000000715255737300 -0.00609499216079711914
0.18999999761581420900 -0.00610066391527652741
0.20000000298023223900 -0.00610715383663773537
0.20999999344348907500 -0.00611729919910430908
0.21999999880790710400 -0.00612616492435336113
0.23000000417232513400 -0.00610324786975979805
0.23999999463558197000 -0.00608901912346482277
0.25000000000000000000 -0.00610225321725010872
0.25999999046325683600 -0.00608752900734543801
0.27000001072883606000 -0.00606250483542680741
0.28000000119209289500 -0.00606338679790496826
0.28999999165534973100 -0.00606212392449378968
0.30000001192092895500 -0.00606842385604977608
0.31000000238418579100 -0.00606986181810498238
0.31999999284744262700 -0.00606663106009364128
0.33000001311302185100 -0.00604224810376763344
0.34000000357627868600 -0.00601336220279335976
0.34999999403953552200 -0.00601238897070288658
0.36000001430511474600 -0.00598525209352374077
0.37000000476837158200 -0.00595715409144759178
0.37999999523162841800 -0.00595334498211741448
0.38999998569488525400 -0.00594665994867682457
0.40000000596046447700 -0.00594708789139986038
0.40999999642372131300 -0.00593757815659046173
0.41999998688697814900 -0.00592037523165345192
0.43000000715255737300 -0.00588812492787837982
0.43999999761581420900 -0.00586523115634918213
0.44999998807907104500 -0.00585184386000037194
0.46000000834465026800 -0.00581952184438705444
0.46999999880790710400 -0.00578478118404746056
0.47999998927116394000 -0.00576204713433980942
0.49000000953674316400 -0.00574350496754050255
0.50000000000000000000 -0.00571134407073259354
0.50999999046325683600 -0.00568660581484436989
0.51999998092651367200 -0.00563398096710443497
0.52999997138977050800 -0.00556086702272295952
0.54000002145767211900 -0.00550900679081678391
0.55000001192092895500 -0.00542481290176510811
0.56000000238418579100 -0.00532632088288664818
0.56999999284744262700 -0.00521708279848098755
0.57999998331069946300 -0.00509358802810311318
0.58999997377395629900 -0.00493271090090274811
0.60000002384185791000 -0.00476125301793217659
0.61000001430511474600 -0.00453835912048816681
0.62000000476837158200 -0.00426885997876524925
0.62999999523162841800 -0.00398929603397846222
0.63999998569488525400 -0.00364114297553896904
0.64999997615814209000 -0.00329559110105037689
0.66000002622604370100 -0.00288332789205014706
0.67000001668930053700 -0.00245790905319154263
0.68000000715255737300 -0.00197699596174061298
0.68999999761581420900 -0.00149929395411163569
0.69999998807907104500 -0.00096001347992569208
0.70999997854232788100 -0.00041835560114122927
0.72000002861022949200 0.00009358423267258331
0.73000001907348632800 0.00063502782722935081
0.74000000953674316400 0.00126379495486617088
0.75000000000000000000 0.00187911896500736475
0.75999999046325683600 0.00245426711626350880
0.76999998092651367200 0.00314041809178888798
0.77999997138977050800 0.00371950492262840271
0.79000002145767211900 0.00440040696412324906
0.80000001192092895500 0.00506595522165298462
0.81000000238418579100 0.00574484001845121384
0.81999999284744262700 0.00642685499042272568
0.82999998331069946300 0.00712470198050141335
0.83999997377395629900 0.00779290078207850456
0.85000002384185791000 0.00845178030431270600
0.86000001430511474600 0.00919941905885934830
0.87000000476837158200 0.00982331205159425736
0.87999999523162841800 0.01009188033640384670
0.88999998569488525400 0.01077898964285850520
0.89999997615814209000 0.01147530972957611080
0.91000002622604370100 0.01209410000592470170
0.92000001668930053700 0.01288484968245029450
0.93000000715255737300 0.01349578984081745150
0.93999999761581420900 0.01427317969501018520
0.94999998807907104500 0.01506183017045259480
0.95999997854232788100 0.01574316062033176420
0.97000002861022949200 0.01650257036089897160
0.98000001907348632800 0.01726678013801574710
0.99000000953674316400 0.01796259917318820950
1.00000000000000000000 0.01870682090520858760
