-1.00000000000000000000 -0.00617894390597939492
-0.99000000953674316400 -0.00618651509284973145
-0.98000001907348632800 -0.00617227703332901001
-0.97000002861022949200 -0.00616442598402500153
-0.95999997854232788100 -0.00617907103151082993
-0.94999998807907104500 -0.00616725208237767220
-0.93999999761581420900 -0.00615717889741063118
-0.93000000715255737300 -0.00616200407966971398
-0.92000001668930053700 -0.00616578618064522743
-0.91000002622604370100 -0.00618909299373626709
-0.89999997615814209000 -0.00619108090177178383
-0.88999998569488525400 -0.00619260501116514206
-0.87999999523162841800 -0.00618541706353425980
-0.87000000476837158200 -0.00616884604096412659
-0.86000001430511474600 -0.00617459416389465332
-0.85000002384185791000 -0.00617342814803123474
-0.83999997377395629900 -0.00615631509572267533
-0.82999998331069946300 -0.00615517795085906983
-0.81999999284744262700 -0.00617160694673657418
-0.81000000238418579100 -0.00618168478831648827
-0.80000001192092895500 -0.00618230784311890602
-0.79000002145767211900 -0.00618646293878555298
-0.77999997138977050800 -0.00617111101746559143
-0.76999998092651367200 -0.00615529296919703484
-0.75999999046325683600 -0.00616521481424570084
-0.75000000000000000000 -0.00614271219819784165
-0.74000000953674316400 -0.00613044807687401772
-0.73000001907348632800 -0.00614581722766160965
-0.72000002861022949200 -0.00615234393626451492
-0.70999997854232788100 -0.00616446882486343384
-0.69999998807907104500 -0.00617724983021616936
-0.68999999761581420900 -0.00617178482934832573
-0.68000000715255737300 -0.00615453021600842476
-0.67000001668930053700 -0.00616863276809453964
-0.66000002622604370100 -0.00616085110232234001
-0.64999997615814209000 -0.00614324118942022324
-0.63999998569488525400 -0.00615429785102605820
-0.62999999523162841800 -0.00615533581003546715
-0.62000000476837158200 -0.00616764184087514878
-0.61000001430511474600 -0.00617873203009366989
-0.60000002384185791000 -0.00618765782564878464
-0.58999997377395629900 -0.00617372477427124977
-0.57999998331069946300 -0.00615527201443910599
-0.56999999284744262700 -0.00616013212129473686
-0.56000000238418579100 -0.00615349784493446350
-0.55000001192092895500 -0.00614181393757462502
-0.54000002145767211900 -0.00612828414887189865
-0.52999997138977050800 -0.00613632285967469216
-0.51999998092651367200 -0.00615154393017292023
-0.50999999046325683600 -0.00614080112427473068
-0.50000000000000000000 -0.00614197878167033196
-0.49000000953674316400 -0.00613185018301010132
-0.47999998927116394000 -0.00610239477828145027
-0.46999999880790710400 -0.00611250801011919976
-0.46000000834465026800 -0.00611105421558022499
-0.44999998807907104500 -0.00608928082510828972
-0.43999999761581420900 -0.00609805388376116753
-0.43000000715255737300 -0.00611894577741622925
-0.41999998688697814900 -0.00612072600051760674
-0.40999999642372131300 -0.00613040104508399964
-0.40000000596046447700 -0.00614297483116388321
-0.38999998569488525400 -0.00610822904855012894
-0.37999999523162841800 -0.00611920887604355812
-0.37000000476837158200 -0.00612910510972142220
-0.36000001430511474600 -0.00609801616519689560
-0.34999999403953552200 -0.00610318779945373535
-0.34000000357627868600 -0.00611656205728650093
-0.33000001311302185100 -0.00611363118514418602
-0.31999999284744262700 -0.00612658401951193810
-0.31000000238418579100 -0.00614926079288125038
-0.30000001192092895500 -0.00611872179433703423
-0.28999999165534973100 -0.00610298896208405495
-0.28000000119209289500 -0.00612135417759418488
-0.27000001072883606000 -0.00610082503408193588
-0.25999999046325683600 -0.00608846219256520272
-0.25000000000000000000 -0.00609670393168926239
-0.23999999463558197000 -0.00609366502612829209
-0.23000000417232513400 -0.00610833521932363510
-0.21999999880790710400 -0.00612135278061032295
-0.20999999344348907500 -0.00611289218068122864
-0.20000000298023223900 -0.00610385695472359658
-0.18999999761581420900 -0.00609008502215147019
-0.18000000715255737300 -0.00608940795063972473
-0.17000000178813934300 -0.00608805194497108460
-0.15999999642372131300 -0.00607354287058115006
-0.15000000596046447800 -0.00607360992580652237
-0.14000000059604644800 -0.00609154207631945610
-0.12999999523162841800 -0.00610698712989687920
-0.11999999731779098500 -0.00610306486487388611
-0.10999999940395355200 -0.00611379882320761681
-0.10000000149011611900 -0.00610170885920524597
-0.09000000357627868650 -0.00609286082908511162
-0.07999999821186065670 -0.00609936285763978958
-0.07000000029802322390 -0.00608484912663698197
-0.05999999865889549260 -0.00607612309977412224
-0.05000000074505805970 -0.00608401885256171227
-0.03999999910593032840 -0.00609426992014050484
-0.02999999932944774630 -0.00609590578824281693
-0.01999999955296516420 -0.00611027888953685761
-0.00999999977648258210 -0.00609725806862115860
0.00000000000000000000 -0.00606527877971529961
0.00999999977648258210 -0.00606447691097855568
0.01999999955296516420 -0.00607264181599020958
0.02999999932944774630 -0.00603750487789511681
0.03999999910593032840 -0.00603138003498315811
0.05000000074505805970 -0.00603862293064594269
0.05999999865889549260 -0.00602791504934430123
0.07000000029802322390 -0.00604327488690614700
0.07999999821186065670 -0.00604913383722305298
0.09000000357627868650 -0.00603053299710154534
0.10000000149011611900 -0.00601902604103088379
0.10999999940395355200 -0.00602844823151826859
0.11999999731779098500 -0.00600831909105181694
0.12999999523162841800 -0.00599971506744623184
0.14000000059604644800 -0.00600426783785223961
0.15000000596046447800 -0.00599591899663209915
0.15999999642372131300 -0.00601538782939314842
0.17000000178813934300 -0.00602199090644717217
0.18000000715255737300 -0.00602350803092122078
0.18999999761581420900 -0.00601413007825613022
0.20000000298023223900 -0.00599413877353072167
0.20999999344348907500 -0.00598853919655084610
0.21999999880790710400 -0.00598473520949482918
0.23000000417232513400 -0.00596839096397161484
0.23999999463558197000 -0.00595859810709953308
0.25000000000000000000 -0.00596887012943625450
0.25999999046325683600 -0.00597176281735301018
0.27000001072883606000 -0.00596520397812128067
0.28000000119209289500 -0.00596718303859233856
0.28999999165534973100 -0.00594746507704257965
0.30000001192092895500 -0.00591640500351786614
0.31000000238418579100 -0.00591394491493701935
0.31999999284744262700 -0.00588567880913615227
0.33000001311302185100 -0.00584760494530200958
0.34000000357627868600 -0.00583669589832425118
0.34999999403953552200 -0.00581579422578215599
0.36000001430511474600 -0.00578770413994789124
0.37000000476837158200 -0.00576138403266668320
0.37999999523162841800 -0.00571310799568891525
0.38999998569488525400 -0.00564432516694068909
0.40000000596046447700 -0.00559768592938780785
0.40999999642372131300 -0.00552851986140012741
0.41999998688697814900 -0.00543593196198344231
0.43000000715255737300 -0.00535455998033285141
0.43999999761581420900 -0.00526136485859751702
0.44999998807907104500 -0.00515909679234027863
0.46000000834465026800 -0.00504579395055770874
0.46999999880790710400 -0.00492005003616213799
0.47999998927116394000 -0.00476667610928416252
0.49000000953674316400 -0.00460473401471972466
0.50000000000000000000 -0.00444409018382430077
0.50999999046325683600 -0.00426578195765614510
0.51999998092651367200 -0.00407639099285006523
0.52999997138977050800 -0.00388382002711296082
0.54000002145767211900 -0.00368758710101246834
0.55000001192092895500 -0.00348641909658908844
0.56000000238418579100 -0.00327184400521218777
0.56999999284744262700 -0.00305238296277821064
0.57999998331069946300 -0.00282563292421400547
0.58999997377395629900 -0.00258653610944747925
0.60000002384185791000 -0.00235333805903792381
0.61000001430511474600 -0.00211348407901823521
0.62000000476837158200 -0.00186438404489308596
0.62999999523162841800 -0.00161918497178703547
0.63999998569488525400 -0.00137373502366244793
0.64999997615814209000 -0.00111952295992523432
0.66000002622604370100 -0.00082235032459720969
0.67000001668930053700 -0.00057807547273114324
0.68000000715255737300 -0.00032999110408127308
0.68999999761581420900 -0.00008183326281141490
0.69999998807907104500 0.00017178029520437121
0.70999997854232788100 0.00042522148578427732
0.72000002861022949200 0.00068235449725762010
0.73000001907348632800 0.00093904318055137992
0.74000000953674316400 0.00125745299737900496
0.75000000000000000000 0.00153218198101967573
0.75999999046325683600 0.00180764403194189072
0.76999998092651367200 0.00208287197165191174
0.77999997138977050800 0.00236040307208895683
0.79000002145767211900 0.00264061498455703259
0.80000001192092895500 0.00292097800411283970
0.81000000238418579100 0.00320340599864721298
0.81999999284744262700 0.00348603189922869206
0.82999998331069946300 0.00376943591982126236
0.83999997377395629900 0.00405447604134678841
0.85000002384185791000 0.00433818809688091278
0.86000001430511474600 0.00462371902540326119
0.87000000476837158200 0.00491015380248427391
0.87999999523162841800 0.00519637903198599816
0.88999998569488525400 0.00548442313447594643
0.89999997615814209000 0.00577383581548929215
0.91000002622604370100 0.00606181193143129349
0.92000001668930053700 0.00635226396843791008
0.93000000715255737300 0.00664174277335405350
0.93999999761581420900 0.00693231122568249703
0.94999998807907104500 0.00722466921433806420
0.95999997854232788100 0.00751531496644020081
0.97000002861022949200 0.00780788296833634377
0.98000001907348632800 0.00810286868363618851
0.99000000953674316400 0.00839431397616863251
1.00000000000000000000 0.00868721678853034973
