-1.00000000000000000000 -0.00606820406392216683
-0.99000000953674316400 -0.00608535809442400932
-0.98000001907348632800 -0.00605486892163753510
-0.97000002861022949200 -0.00604399200528860092
-0.95999997854232788100 -0.00605611503124237061
-0.94999998807907104500 -0.00603909883648157120
-0.93999999761581420900 -0.00602551782503724098
-0.93000000715255737300 -0.00603865412995219231
-0.92000001668930053700 -0.00603231089189648628
-0.91000002622604370100 -0.00605454202741384506
-0.89999997615814209000 -0.00606522290036082268
-0.88999998569488525400 -0.00606345711275935173
-0.87999999523162841800 -0.00605526193976402283
-0.87000000476837158200 -0.00604360597208142281
-0.86000001430511474600 -0.00604191608726978302
-0.85000002384185791000 -0.00604128511622548104
-0.83999997377395629900 -0.00603068899363279343
-0.82999998331069946300 -0.00603025499731302262
-0.81999999284744262700 -0.00605073617771267891
-0.81000000238418579100 -0.00605899514630436898
-0.80000001192092895500 -0.00606146501377224922
-0.79000002145767211900 -0.00607295287773013115
-0.77999997138977050800 -0.00605482282117009163
-0.76999998092651367200 -0.00603653118014335632
-0.75999999046325683600 -0.00605259509757161141
-0.75000000000000000000 -0.00603384198620915413
-0.74000000953674316400 -0.00601686304435133934
-0.73000001907348632800 -0.00603087292984127999
-0.72000002861022949200 -0.00602779397740960121
-0.70999997854232788100 -0.00603402778506278992
-0.69999998807907104500 -0.00604802509769797325
-0.68999999761581420900 -0.00604217918589711189
-0.68000000715255737300 -0.00601895479485392571
-0.67000001668930053700 -0.00602866010740399361
-0.66000002622604370100 -0.00601890077814459801
-0.64999997615814209000 -0.00600686203688383103
-0.63999998569488525400 -0.00601708795875310898
-0.62999999523162841800 -0.00601348979398608208
-0.62000000476837158200 -0.00602528499439358711
-0.61000001430511474600 -0.00605359906330704689
-0.60000002384185791000 -0.00605735601857304573
-0.58999997377395629900 -0.00605328101664781571
-0.57999998331069946300 -0.00605131220072507858
-0.56999999284744262700 -0.00604121619835495949
-0.56000000238418579100 -0.00603660708293318749
-0.55000001192092895500 -0.00603485386818647385
-0.54000002145767211900 -0.00602058088406920433
-0.52999997138977050800 -0.00602666521444916725
-0.51999998092651367200 -0.00604868913069367409
-0.50999999046325683600 -0.00604168698191642761
-0.50000000000000000000 -0.00605639396235346794
-0.49000000953674316400 -0.00606746692210435868
-0.47999998927116394000 -0.00602933019399642944
-0.46999999880790710400 -0.00603490788489580155
-0.46000000834465026800 -0.00604579178616404534
-0.44999998807907104500 -0.00600996613502502442
-0.43999999761581420900 -0.00601002201437950134
-0.43000000715255737300 -0.00603103917092084885
-0.41999998688697814900 -0.00602433597669005394
-0.40999999642372131300 -0.00603588204830884934
-0.40000000596046447700 -0.00606064405292272568
-0.38999998569488525400 -0.00603487901389598847
-0.37999999523162841800 -0.00601695990189909935
-0.37000000476837158200 -0.00603106711059808731
-0.36000001430511474600 -0.00601314380764961243
-0.34999999403953552200 -0.00600149808451533318
-0.34000000357627868600 -0.00600917916744947434
-0.33000001311302185100 -0.00600341288372874260
-0.31999999284744262700 -0.00602008309215307236
-0.31000000238418579100 -0.00604086089879274368
-0.30000001192092895500 -0.00603617588058114052
-0.28999999165534973100 -0.00603934796527028084
-0.28000000119209289500 -0.00602546287700533867
-0.27000001072883606000 -0.00602070521563291550
-0.25999999046325683600 -0.00602447520941495896
-0.25000000000000000000 -0.00601071212440729141
-0.23999999463558197000 -0.00600074091926217079
-0.23000000417232513400 -0.00601295381784439087
-0.21999999880790710400 -0.00602914998307824135
-0.20999999344348907500 -0.00602294178679585457
-0.20000000298023223900 -0.00604682881385087967
-0.18999999761581420900 -0.00603384897112846375
-0.18000000715255737300 -0.00599382678046822548
-0.17000000178813934300 -0.00600894913077354431
-0.15999999642372131300 -0.00600040098652243614
-0.15000000596046447800 -0.00597131997346878052
-0.14000000059604644800 -0.00597911514341831207
-0.12999999523162841800 -0.00598535779863595963
-0.11999999731779098500 -0.00598578713834285736
-0.10999999940395355200 -0.00600937381386756897
-0.10000000149011611900 -0.00601384323090314865
-0.09000000357627868650 -0.00599708501249551773
-0.07999999821186065670 -0.00598828215152025223
-0.07000000029802322390 -0.00599773321300745011
-0.05999999865889549260 -0.00599157810211181641
-0.05000000074505805970 -0.00598082691431045532
-0.03999999910593032840 -0.00598267419263720513
-0.02999999932944774630 -0.00598813779652118683
-0.01999999955296516420 -0.00601652776822447777
-0.00999999977648258210 -0.00601136498153209686
0.00000000000000000000 -0.00602145493030548096
0.00999999977648258210 -0.00601702323183417320
0.01999999955296516420 -0.00599679118022322655
0.02999999932944774630 -0.00599679583683609963
0.03999999910593032840 -0.00600424408912658692
0.05000000074505805970 -0.00598031794652342796
0.05999999865889549260 -0.00596845708787441254
0.07000000029802322390 -0.00598656805232167244
0.07999999821186065670 -0.00599290383979678154
0.09000000357627868650 -0.00599393807351589203
0.10000000149011611900 -0.00601405091583728790
0.10999999940395355200 -0.00599806290119886398
0.11999999731779098500 -0.00596169102936983109
0.12999999523162841800 -0.00598525581881403923
0.14000000059604644800 -0.00596536509692668915
0.15000000596046447800 -0.00593890994787216187
0.15999999642372131300 -0.00595610681921243668
0.17000000178813934300 -0.00594753678888082504
0.18000000715255737300 -0.00595431588590145111
0.18999999761581420900 -0.00597353884950280190
0.20000000298023223900 -0.00596437603235244751
0.20999999344348907500 -0.00594731979072093964
0.21999999880790710400 -0.00594114605337381363
0.23000000417232513400 -0.00593484798446297646
0.23999999463558197000 -0.00592710683122277260
0.25000000000000000000 -0.00591557798907160759
0.25999999046325683600 -0.00590100884437561035
0.27000001072883606000 -0.00590963801369071007
0.28000000119209289500 -0.00592724001035094261
0.28999999165534973100 -0.00591475609689950943
0.30000001192092895500 -0.00591918407008051872
0.31000000238418579100 -0.00591136189177632332
0.31999999284744262700 -0.00586480181664228440
0.33000001311302185100 -0.00587004283443093300
0.34000000357627868600 -0.00586500717326998711
0.34999999403953552200 -0.00581913720816373825
0.36000001430511474600 -0.00581997586414217949
0.37000000476837158200 -0.00582385016605257988
0.37999999523162841800 -0.00580342579632997513
0.38999998569488525400 -0.00580070586875081062
0.40000000596046447700 -0.00579759711399674416
0.40999999642372131300 -0.00574957998469471932
0.41999998688697814900 -0.00571701303124427796
0.43000000715255737300 -0.00571239599958062172
0.43999999761581420900 -0.00567319011315703392
0.44999998807907104500 -0.00564565695822238922
0.46000000834465026800 -0.00563005590811371803
0.46999999880790710400 -0.00560515420511364937
0.47999998927116394000 -0.00559321884065866471
0.49000000953674316400 -0.00557382591068744660
0.50000000000000000000 -0.00552728399634361267
0.50999999046325683600 -0.00548201194033026695
0.51999998092651367200 -0.00542631093412637711
0.52999997138977050800 -0.00536462897434830666
0.54000002145767211900 -0.00528912479057908058
0.55000001192092895500 -0.00520368106663227081
0.56000000238418579100 -0.00510325981304049492
0.56999999284744262700 -0.00499670021235942841
0.57999998331069946300 -0.00485603883862495423
0.58999997377395629900 -0.00467878580093383789
0.60000002384185791000 -0.00447623478248715401
0.61000001430511474600 -0.00420576799660921097
0.62000000476837158200 -0.00391956698149442673
0.62999999523162841800 -0.00359535496681928635
0.63999998569488525400 -0.00320590194314718247
0.64999997615814209000 -0.00278528407216072083
0.66000002622604370100 -0.00234185205772519112
0.67000001668930053700 -0.00184385094325989485
0.68000000715255737300 -0.00131241895724087954
0.68999999761581420900 -0.00072491919854655862
0.69999998807907104500 -0.00016734890232328326
0.70999997854232788100 0.00040365708991885185
0.72000002861022949200 0.00109777296893298626
0.73000001907348632800 0.00177625403739511967
0.74000000953674316400 0.00247219088487327099
0.75000000000000000000 0.00318776210770010948
0.75999999046325683600 0.00392383616417646408
0.76999998092651367200 0.00467345677316188812
0.77999997138977050800 0.00544108496978878975
0.79000002145767211900 0.00622372701764106751
0.80000001192092895500 0.00701143080368638039
0.81000000238418579100 0.00781863555312156678
0.81999999284744262700 0.00864021107554435730
0.82999998331069946300 0.00945621542632579804
0.83999997377395629900 0.01029962021857500080
0.85000002384185791000 0.01061492972075939180
0.86000001430511474600 0.01142873987555503850
0.87000000476837158200 0.01224466040730476380
0.87999999523162841800 0.01308733038604259490
0.88999998569488525400 0.01393789984285831450
0.89999997615814209000 0.01479529961943626400
0.91000002622604370100 0.01566727086901664730
0.92000001668930053700 0.01652966067194938660
0.93000000715255737300 0.01737882941961288450
0.93999999761581420900 0.01827115938067436220
0.94999998807907104500 0.01916841976344585420
0.95999997854232788100 0.02003334090113639830
0.97000002861022949200 0.02093123085796833040
0.98000001907348632800 0.02182977087795734410
0.99000000953674316400 0.02274606004357337950
1.00000000000000000000 0.02370790019631385800
