-1.00000000000000000000 -0.00629361020401120186
-0.99000000953674316400 -0.00628471001982688904
-0.98000001907348632800 -0.00627394206821918488
-0.97000002861022949200 -0.00628288788720965386
-0.95999997854232788100 -0.00627425499260425568
-0.94999998807907104500 -0.00626638904213905335
-0.93999999761581420900 -0.00627154391258955002
-0.93000000715255737300 -0.00628178706392645836
-0.92000001668930053700 -0.00629280088469386101
-0.91000002622604370100 -0.00630316697061061859
-0.89999997615814209000 -0.00629168702289462090
-0.88999998569488525400 -0.00626941397786140442
-0.87999999523162841800 -0.00627749180421233177
-0.87000000476837158200 -0.00627078581601381302
-0.86000001430511474600 -0.00624143006280064583
-0.85000002384185791000 -0.00624050619080662728
-0.83999997377395629900 -0.00624650018289685250
-0.82999998331069946300 -0.00625320617109537125
-0.81999999284744262700 -0.00626611290499567986
-0.81000000238418579100 -0.00627470901235938072
-0.80000001192092895500 -0.00625413376837968826
-0.79000002145767211900 -0.00624258210882544518
-0.77999997138977050800 -0.00625986093655228615
-0.76999998092651367200 -0.00624763499945402146
-0.75999999046325683600 -0.00623625703155994416
-0.75000000000000000000 -0.00625002896413207054
-0.74000000953674316400 -0.00625524017959833145
-0.73000001907348632800 -0.00627396302297711373
-0.72000002861022949200 -0.00628628581762313843
-0.70999997854232788100 -0.00628755195066332817
-0.69999998807907104500 -0.00627168407663702965
-0.68999999761581420900 -0.00626863399520516396
-0.68000000715255737300 -0.00627516582608222962
-0.67000001668930053700 -0.00625781901180744171
-0.66000002622604370100 -0.00625713681802153588
-0.64999997615814209000 -0.00626422418281435967
-0.63999998569488525400 -0.00627560308203101158
-0.62999999523162841800 -0.00628281617537140846
-0.62000000476837158200 -0.00629833806306123734
-0.61000001430511474600 -0.00628353189677000046
-0.60000002384185791000 -0.00626118201762437821
-0.58999997377395629900 -0.00627256091684103012
-0.57999998331069946300 -0.00626215292140841484
-0.56999999284744262700 -0.00623505422845482826
-0.56000000238418579100 -0.00624197209253907204
-0.55000001192092895500 -0.00625078706070780754
-0.54000002145767211900 -0.00625468511134386063
-0.52999997138977050800 -0.00627195090055465698
-0.51999998092651367200 -0.00627375999465584755
-0.50999999046325683600 -0.00625232886523008347
-0.50000000000000000000 -0.00624817796051502228
-0.49000000953674316400 -0.00625626882538199425
-0.47999998927116394000 -0.00624517397955060005
-0.46999999880790710400 -0.00623760884627699852
-0.46000000834465026800 -0.00625116005539894104
-0.44999998807907104500 -0.00626210588961839676
-0.43999999761581420900 -0.00627728784456849098
-0.43000000715255737300 -0.00629072077572345734
-0.41999998688697814900 -0.00628466298803687096
-0.40999999642372131300 -0.00625837408006191254
-0.40000000596046447700 -0.00627172598615288735
-0.38999998569488525400 -0.00626774504780769348
-0.37999999523162841800 -0.00624385289847850800
-0.37000000476837158200 -0.00624741101637482643
-0.36000001430511474600 -0.00625597592443227768
-0.34999999403953552200 -0.00626812502741813660
-0.34000000357627868600 -0.00627057813107967377
-0.33000001311302185100 -0.00627968600019812584
-0.31999999284744262700 -0.00626314384862780571
-0.31000000238418579100 -0.00623882003128528595
-0.30000001192092895500 -0.00624938914552330971
-0.28999999165534973100 -0.00623984495177865029
-0.28000000119209289500 -0.00621546199545264244
-0.27000001072883606000 -0.00622236682102084160
-0.25999999046325683600 -0.00623750314116477966
-0.25000000000000000000 -0.00623607495799660683
-0.23999999463558197000 -0.00625673495233058930
-0.23000000417232513400 -0.00626191496849060059
-0.21999999880790710400 -0.00623916415497660637
-0.20999999344348907500 -0.00623854482546448708
-0.20000000298023223900 -0.00625089695677161217
-0.18999999761581420900 -0.00622918689623475075
-0.18000000715255737300 -0.00623482093214988709
-0.17000000178813934300 -0.00624431017786264420
-0.15999999642372131300 -0.00625499011948704720
-0.15000000596046447800 -0.00627355696633458138
-0.14000000059604644800 -0.00627910112962126732
-0.12999999523162841800 -0.00627113692462444306
-0.11999999731779098500 -0.00624655093997716904
-0.10999999940395355200 -0.00625937804579734802
-0.10000000149011611900 -0.00625726394355297089
-0.09000000357627868650 -0.00623616389930248261
-0.07999999821186065670 -0.00623719813302159310
-0.07000000029802322390 -0.00625065620988607407
-0.05999999865889549260 -0.00626649102196097374
-0.05000000074505805970 -0.00626415712758898735
-0.03999999910593032840 -0.00627468293532729149
-0.02999999932944774630 -0.00625801412388682366
-0.01999999955296516420 -0.00623517297208309174
-0.00999999977648258210 -0.00624606385827064514
0.00000000000000000000 -0.00623588915914297104
0.00999999977648258210 -0.00622198218479752541
0.01999999955296516420 -0.00622064294293522835
0.02999999932944774630 -0.00623022485524415970
0.03999999910593032840 -0.00624585198238492012
0.05000000074505805970 -0.00625840807333588600
0.05999999865889549260 -0.00626552011817693710
0.07000000029802322390 -0.00625706091523170471
0.07999999821186065670 -0.00623972201719880104
0.09000000357627868650 -0.00625422690063714981
0.10000000149011611900 -0.00624584779143333435
0.10999999940395355200 -0.00623162696138024330
0.11999999731779098500 -0.00624111620709300041
0.12999999523162841800 -0.00624739797785878182
0.14000000059604644800 -0.00626661814749240875
0.15000000596046447800 -0.00627587409690022469
0.15999999642372131300 -0.00627613998949527741
0.17000000178813934300 -0.00625772587954998017
0.18000000715255737300 -0.00625253701582551003
0.18999999761581420900 -0.00625321920961141586
0.20000000298023223900 -0.00623458810150623322
0.20999999344348907500 -0.00622880179435014725
0.21999999880790710400 -0.00623122509568929672
0.23000000417232513400 -0.00624052807688713074
0.23999999463558197000 -0.00624053180217742920
0.25000000000000000000 -0.00625084200873970986
0.25999999046325683600 -0.00623569404706358910
0.27000001072883606000 -0.00621285289525985718
0.28000000119209289500 -0.00622180802747607231
0.28999999165534973100 -0.00621834304183721543
0.30000001192092895500 -0.00620147399604320526
0.31000000238418579100 -0.00620430009439587593
0.31999999284744262700 -0.00621948717162013054
0.33000001311302185100 -0.00623158877715468407
0.34000000357627868600 -0.00624448899179697037
0.34999999403953552200 -0.00625151582062244416
0.36000001430511474600 -0.00624434417113661766
0.37000000476837158200 -0.00623011495918035507
0.37999999523162841800 -0.00624517397955060005
0.38999998569488525400 -0.00623676087707281113
0.40000000596046447700 -0.00622075796127319336
0.40999999642372131300 -0.00623432081192731858
0.41999998688697814900 -0.00623783282935619354
0.43000000715255737300 -0.00625497289001941681
0.43999999761581420900 -0.00626763794571161270
0.44999998807907104500 -0.00626110192388296128
0.46000000834465026800 -0.00624573789536952973
0.46999999880790710400 -0.00623921910300850868
0.47999998927116394000 -0.00623783702030777931
0.49000000953674316400 -0.00623015686869621277
0.50000000000000000000 -0.00621583079919219017
0.50999999046325683600 -0.00621458515524864197
0.51999998092651367200 -0.00623179692775011063
0.52999997138977050800 -0.00624001119285821915
0.54000002145767211900 -0.00624256907030940056
0.55000001192092895500 -0.00623928196728229523
0.56000000238418579100 -0.00621865596622228623
0.56999999284744262700 -0.00622034305706620217
0.57999998331069946300 -0.00622285017743706703
0.58999997377395629900 -0.00619876384735107422
0.60000002384185791000 -0.00619856920093297959
0.61000001430511474600 -0.00620612222701311112
0.62000000476837158200 -0.00619986513629555702
0.62999999523162841800 -0.00620064884424209595
0.63999998569488525400 -0.00618243403732776642
0.64999997615814209000 -0.00615433091297745705
0.66000002622604370100 -0.00610439898446202278
0.67000001668930053700 -0.00607079500332474709
0.68000000715255737300 -0.00600509019568562508
0.68999999761581420900 0.00455225398764014244
0.69999998807907104500 0.01187133044004440310
0.70999997854232788100 0.01935480907559394840
0.72000002861022949200 0.02205904945731163030
0.73000001907348632800 0.02598905935883522030
0.74000000953674316400 0.02623979002237319950
0.75000000000000000000 0.01726696081459522250
0.75999999046325683600 0.02077244035899639130
0.76999998092651367200 0.02451438084244728090
0.77999997138977050800 0.02110861055552959440
0.79000002145767211900 0.03456101939082145690
0.80000001192092895500 0.03256573900580406190
0.81000000238418579100 0.03505126014351844790
0.81999999284744262700 0.03181105852127075200
0.82999998331069946300 0.02891712076961994170
0.83999997377395629900 0.03072014078497886660
0.85000002384185791000 0.03164124116301536560
0.86000001430511474600 0.04148793965578079220
0.87000000476837158200 0.03668946027755737300
0.87999999523162841800 0.04704327136278152470
0.88999998569488525400 0.04645640030503273010
0.89999997615814209000 0.04762095957994461060
0.91000002622604370100 0.04936248064041137700
0.92000001668930053700 0.04344346001744270320
0.93000000715255737300 0.04296449944376945500
0.93999999761581420900 0.04786363989114761350
0.94999998807907104500 0.05402062833309173580
0.95999997854232788100 0.04960737004876136780
0.97000002861022949200 0.06337197124958038330
0.98000001907348632800 0.05832900106906890870
0.99000000953674316400 0.06400497257709503170
1.00000000000000000000 0.06601098179817199710
