-1.00000000000000000000 -0.00615388294681906700
-0.99000000953674316400 -0.00613532820716500282
-0.98000001907348632800 -0.00613269815221428871
-0.97000002861022949200 -0.00614769384264945984
-0.95999997854232788100 -0.00614860886707901955
-0.94999998807907104500 -0.00616664299741387367
-0.93999999761581420900 -0.00617930386215448380
-0.93000000715255737300 -0.00616755289956927300
-0.92000001668930053700 -0.00615648413076996804
-0.91000002622604370100 -0.00616147415712475777
-0.89999997615814209000 -0.00614476995542645455
-0.88999998569488525400 -0.00612974120303988457
-0.87999999523162841800 -0.00612880801782011986
-0.87000000476837158200 -0.00612278981134295464
-0.86000001430511474600 -0.00613874709233641625
-0.85000002384185791000 -0.00614337716251611710
-0.83999997377395629900 -0.00613923789933323860
-0.82999998331069946300 -0.00613260781392455101
-0.81999999284744262700 -0.00611435482278466225
-0.81000000238418579100 -0.00610727583989501000
-0.80000001192092895500 -0.00610966095700860024
-0.79000002145767211900 -0.00609376188367605210
-0.77999997138977050800 -0.00608493899926543236
-0.76999998092651367200 -0.00610442599281668663
-0.75999999046325683600 -0.00611743517220020294
-0.75000000000000000000 -0.00612193718552589417
-0.74000000953674316400 -0.00613887794315814972
-0.73000001907348632800 -0.00613470608368515968
-0.72000002861022949200 -0.00610333215445280075
-0.70999997854232788100 -0.00612891884520649910
-0.69999998807907104500 -0.00612125499173998833
-0.68999999761581420900 -0.00609311787411570549
-0.68000000715255737300 -0.00610824208706617356
-0.67000001668930053700 -0.00611598603427410126
-0.66000002622604370100 -0.00611854810267686844
-0.64999997615814209000 -0.00613462086766958237
-0.63999998569488525400 -0.00614015292376279831
-0.62999999523162841800 -0.00612006103619933129
-0.62000000476837158200 -0.00611106306314468384
-0.61000001430511474600 -0.00612149201333522797
-0.60000002384185791000 -0.00610494194552302361
-0.58999997377395629900 -0.00609542289748787880
-0.57999998331069946300 -0.00609782477840781212
-0.56999999284744262700 -0.00610234402120113373
-0.56000000238418579100 -0.00611616298556327820
-0.55000001192092895500 -0.00612036185339093208
-0.54000002145767211900 -0.00611391011625528336
-0.52999997138977050800 -0.00610822113230824471
-0.51999998092651367200 -0.00609241519123315811
-0.50999999046325683600 -0.00609416887164115906
-0.50000000000000000000 -0.00608639884740114212
-0.49000000953674316400 -0.00607636384665966034
-0.47999998927116394000 -0.00608198996633291245
-0.46999999880790710400 -0.00609860895201563835
-0.46000000834465026800 -0.00611031288281083107
-0.44999998807907104500 -0.00611971318721771240
-0.43999999761581420900 -0.00612331414595246315
-0.43000000715255737300 -0.00610201898962259293
-0.41999998688697814900 -0.00610663183033466339
-0.40999999642372131300 -0.00610917899757623673
-0.40000000596046447700 -0.00608584098517894745
-0.38999998569488525400 -0.00608643004670739174
-0.37999999523162841800 -0.00609750300645828247
-0.37000000476837158200 -0.00610246323049068451
-0.36000001430511474600 -0.00611119391396641731
-0.34999999403953552200 -0.00613147579133510590
-0.34000000357627868600 -0.00610656896606087685
-0.33000001311302185100 -0.00608313921838998795
-0.31999999284744262700 -0.00609487714245915413
-0.31000000238418579100 -0.00607786001637578011
-0.30000001192092895500 -0.00605694204568862915
-0.28999999165534973100 -0.00606340589001774788
-0.28000000119209289500 -0.00605493877083063126
-0.27000001072883606000 -0.00605986919254064560
-0.25999999046325683600 -0.00607920298352837563
-0.25000000000000000000 -0.00606783200055360794
-0.23999999463558197000 -0.00605419604107737541
-0.23000000417232513400 -0.00604989798739552498
-0.21999999880790710400 -0.00604877388104796410
-0.20999999344348907500 -0.00604409119114279747
-0.20000000298023223900 -0.00603867415338754654
-0.18999999761581420900 -0.00603151088580489159
-0.18000000715255737300 -0.00604541506618261338
-0.17000000178813934300 -0.00606824178248643875
-0.15999999642372131300 -0.00606074091047048569
-0.15000000596046447800 -0.00606734119355678559
-0.14000000059604644800 -0.00606494396924972534
-0.12999999523162841800 -0.00604043295606970787
-0.11999999731779098500 -0.00605024583637714386
-0.10999999940395355200 -0.00604995619505643845
-0.10000000149011611900 -0.00602144980803132057
-0.09000000357627868650 -0.00603236677125096321
-0.07999999821186065670 -0.00605093780905008316
-0.07000000029802322390 -0.00604764278978109360
-0.05999999865889549260 -0.00605910504236817360
-0.05000000074505805970 -0.00606141379103064537
-0.03999999910593032840 -0.00603073183447122574
-0.02999999932944774630 -0.00603283708915114403
-0.01999999955296516420 -0.00604334287345409394
-0.00999999977648258210 -0.00600979197770357132
0.00000000000000000000 -0.00600742502138018608
0.00999999977648258210 -0.00601006299257278443
0.01999999955296516420 -0.00601091422140598297
0.02999999932944774630 -0.00602014595642685890
0.03999999910593032840 -0.00602833414450287819
0.05000000074505805970 -0.00602925289422273636
0.05999999865889549260 -0.00601399922743439675
0.07000000029802322390 -0.00600673817098140717
0.07999999821186065670 -0.00600757682695984841
0.09000000357627868650 -0.00599953485652804375
0.10000000149011611900 -0.00599404703825712204
0.10999999940395355200 -0.00599088706076145172
0.11999999731779098500 -0.00600378122180700302
0.12999999523162841800 -0.00601648911833763123
0.14000000059604644800 -0.00601863721385598183
0.15000000596046447800 -0.00601882580667734146
0.15999999642372131300 -0.00600837310776114464
0.17000000178813934300 -0.00599418580532073975
0.18000000715255737300 -0.00598967913538217545
0.18999999761581420900 -0.00597860105335712433
0.20000000298023223900 -0.00596021581441164017
0.20999999344348907500 -0.00596243515610694885
0.21999999880790710400 -0.00597211113199591637
0.23000000417232513400 -0.00596333807334303856
0.23999999463558197000 -0.00595758995041251183
0.25000000000000000000 -0.00595225999131798744
0.25999999046325683600 -0.00590775301679968834
0.27000001072883606000 -0.00590486079454421997
0.28000000119209289500 -0.00589268188923597336
0.28999999165534973100 -0.00584617303684353829
0.30000001192092895500 -0.00583246396854519844
0.31000000238418579100 -0.00582699477672576904
0.31999999284744262700 -0.00581054389476776123
0.33000001311302185100 -0.00579240592196583748
0.34000000357627868600 -0.00578399095684289932
0.34999999403953552200 -0.00573030300438404083
0.36000001430511474600 -0.00567881716415286064
0.37000000476837158200 -0.00564995408058166504
0.37999999523162841800 -0.00558561319485306740
0.38999998569488525400 -0.00551568204537034035
0.40000000596046447700 -0.00545716891065239906
0.40999999642372131300 -0.00537362601608037949
0.41999998688697814900 -0.00529529806226491928
0.43000000715255737300 -0.00520503800362348557
0.43999999761581420900 -0.00508825993165373802
0.44999998807907104500 -0.00496276700869202614
0.46000000834465026800 -0.00482601113617420197
0.46999999880790710400 -0.00468187499791383743
0.47999998927116394000 -0.00452924892306327820
0.49000000953674316400 -0.00436774501577019692
0.50000000000000000000 -0.00419455999508500099
0.50999999046325683600 -0.00402421178296208382
0.51999998092651367200 -0.00384736899286508560
0.52999997138977050800 -0.00365119706839323044
0.54000002145767211900 -0.00345761305652558804
0.55000001192092895500 -0.00325111695565283299
0.56000000238418579100 -0.00303474604152143002
0.56999999284744262700 -0.00282295001670718193
0.57999998331069946300 -0.00260318396613001824
0.58999997377395629900 -0.00237328303046524525
0.60000002384185791000 -0.00214993511326611042
0.61000001430511474600 -0.00192415399942547083
0.62000000476837158200 -0.00168925896286964417
0.62999999523162841800 -0.00145583995617926121
0.63999998569488525400 -0.00121730496175587177
0.64999997615814209000 -0.00092785031301900744
0.66000002622604370100 -0.00069706368958577514
0.67000001668930053700 -0.00046350850607268512
0.68000000715255737300 -0.00022176670609042048
0.68999999761581420900 0.00001217905992234591
0.69999998807907104500 0.00025671950425021350
0.70999997854232788100 0.00050304119940847158
0.72000002861022949200 0.00074888352537527680
0.73000001907348632800 0.00099521258380264044
0.74000000953674316400 0.00130145705770701170
0.75000000000000000000 0.00156441796571016312
0.75999999046325683600 0.00182892603334039450
0.76999998092651367200 0.00209036492742598057
0.77999997138977050800 0.00235417811200022698
0.79000002145767211900 0.00262089096941053867
0.80000001192092895500 0.00288571603596210480
0.81000000238418579100 0.00315437489189207554
0.81999999284744262700 0.00342636299319565296
0.82999998331069946300 0.00369416410103440285
0.83999997377395629900 0.00396536476910114288
0.85000002384185791000 0.00423792004585266113
0.86000001430511474600 0.00451012095436453819
0.87000000476837158200 0.00478311907500028610
0.87999999523162841800 0.00505581684410572052
0.88999998569488525400 0.00533026317134499550
0.89999997615814209000 0.00560597609728574753
0.91000002622604370100 0.00588134396821260452
0.92000001668930053700 0.00615846319124102593
0.93000000715255737300 0.00643502082675695420
0.93999999761581420900 0.00671239197254180908
0.94999998807907104500 0.00699088489636778832
0.95999997854232788100 0.00726894615218043328
0.97000002861022949200 0.00754744699224829674
0.98000001907348632800 0.00782766845077276230
0.99000000953674316400 0.00810738932341337204
1.00000000000000000000 0.00838721264153718949
