-1.00000000000000000000 -0.00608099484816193581
-0.99000000953674316400 -0.00608468893915414810
-0.98000001907348632800 -0.00608999282121658325
-0.97000002861022949200 -0.00607255287468433380
-0.95999997854232788100 -0.00605507893487811089
-0.94999998807907104500 -0.00607093004509806633
-0.93999999761581420900 -0.00605226587504148484
-0.93000000715255737300 -0.00603715982288122177
-0.92000001668930053700 -0.00605414295569062233
-0.91000002622604370100 -0.00605941796675324440
-0.89999997615814209000 -0.00606984598562121392
-0.88999998569488525400 -0.00608491012826561928
-0.87999999523162841800 -0.00607439503073692322
-0.87000000476837158200 -0.00605822680518031120
-0.86000001430511474600 -0.00607014587149024010
-0.85000002384185791000 -0.00606355909258127213
-0.83999997377395629900 -0.00604824209585785866
-0.82999998331069946300 -0.00604277197271585465
-0.81999999284744262700 -0.00605499884113669396
-0.81000000238418579100 -0.00607806397601962090
-0.80000001192092895500 -0.00607613986358046532
-0.79000002145767211900 -0.00608641700819134712
-0.77999997138977050800 -0.00607529282569885254
-0.76999998092651367200 -0.00605613784864544869
-0.75999999046325683600 -0.00606524618342518807
-0.75000000000000000000 -0.00605934020131826401
-0.74000000953674316400 -0.00604226905852556229
-0.73000001907348632800 -0.00604609819129109383
-0.72000002861022949200 -0.00605685403570532799
-0.70999997854232788100 -0.00605983613058924675
-0.69999998807907104500 -0.00606587994843721390
-0.68999999761581420900 -0.00605616299435496330
-0.68000000715255737300 -0.00603087805211544037
-0.67000001668930053700 -0.00603077188134193421
-0.66000002622604370100 -0.00603655679151415825
-0.64999997615814209000 -0.00601187907159328461
-0.63999998569488525400 -0.00601298920810222626
-0.62999999523162841800 -0.00602590991184115410
-0.62000000476837158200 -0.00602993695065379143
-0.61000001430511474600 -0.00604239199310541153
-0.60000002384185791000 -0.00605611316859722138
-0.58999997377395629900 -0.00604515010491013527
-0.57999998331069946300 -0.00602953089401125908
-0.56999999284744262700 -0.00604753801599144936
-0.56000000238418579100 -0.00604025507345795632
-0.55000001192092895500 -0.00602649385109543801
-0.54000002145767211900 -0.00603269599378108978
-0.52999997138977050800 -0.00603985413908958435
-0.51999998092651367200 -0.00605949293822050095
-0.50999999046325683600 -0.00606237305328249932
-0.50000000000000000000 -0.00606783805415034294
-0.49000000953674316400 -0.00605731597170233727
-0.47999998927116394000 -0.00605011777952313423
-0.46999999880790710400 -0.00605223607271909714
-0.46000000834465026800 -0.00604369305074214936
-0.44999998807907104500 -0.00603509694337844849
-0.43999999761581420900 -0.00603414792567491532
-0.43000000715255737300 -0.00605288380756974220
-0.41999998688697814900 -0.00605637487024068833
-0.40999999642372131300 -0.00606301287189126015
-0.40000000596046447700 -0.00605540582910180092
-0.38999998569488525400 -0.00603186478838324547
-0.37999999523162841800 -0.00603088177740573883
-0.37000000476837158200 -0.00604000501334667206
-0.36000001430511474600 -0.00601966492831707001
-0.34999999403953552200 -0.00601466605439782143
-0.34000000357627868600 -0.00603075092658400536
-0.33000001311302185100 -0.00603851815685629845
-0.31999999284744262700 -0.00605331594124436379
-0.31000000238418579100 -0.00605886988341808319
-0.30000001192092895500 -0.00604435382410883904
-0.28999999165534973100 -0.00603154301643371582
-0.28000000119209289500 -0.00604671705514192581
-0.27000001072883606000 -0.00603788904845714569
-0.25999999046325683600 -0.00602235877886414528
-0.25000000000000000000 -0.00601934688165783882
-0.23999999463558197000 -0.00603020004928112030
-0.23000000417232513400 -0.00604952080175280571
-0.21999999880790710400 -0.00604813219979405403
-0.20999999344348907500 -0.00605459092184901238
-0.20000000298023223900 -0.00603901222348213196
-0.18999999761581420900 -0.00601721601560711861
-0.18000000715255737300 -0.00602769199758768082
-0.17000000178813934300 -0.00602055899798870087
-0.15999999642372131300 -0.00599464680999517441
-0.15000000596046447800 -0.00599664077162742615
-0.14000000059604644800 -0.00601097289472818375
-0.12999999523162841800 -0.00601260410621762276
-0.11999999731779098500 -0.00602099904790520668
-0.10999999940395355200 -0.00601500505581498146
-0.10000000149011611900 -0.00599134014919400215
-0.09000000357627868650 -0.00599018484354019165
-0.07999999821186065670 -0.00600012298673391342
-0.07000000029802322390 -0.00598128093406558037
-0.05999999865889549260 -0.00597867183387279511
-0.05000000074505805970 -0.00600249785929918289
-0.03999999910593032840 -0.00600951490923762322
-0.02999999932944774630 -0.00602235505357384682
-0.01999999955296516420 -0.00603868206962943077
-0.00999999977648258210 -0.00602942891418933869
0.00000000000000000000 -0.00600912002846598625
0.00999999977648258210 -0.00601862883195281029
0.01999999955296516420 -0.00602832809090614319
0.02999999932944774630 -0.00601254822686314583
0.03999999910593032840 -0.00600357912480831146
0.05000000074505805970 -0.00601181713864207268
0.05999999865889549260 -0.00601695291697978974
0.07000000029802322390 -0.00603176280856132508
0.07999999821186065670 -0.00604027695953845978
0.09000000357627868650 -0.00602265913039445877
0.10000000149011611900 -0.00600438099354505539
0.10999999940395355200 -0.00601133890450000763
0.11999999731779098500 -0.00600276282057166100
0.12999999523162841800 -0.00598346721380949021
0.14000000059604644800 -0.00598096381872892380
0.15000000596046447800 -0.00598814385011792183
0.15999999642372131300 -0.00600073207169771195
0.17000000178813934300 -0.00600686809048056603
0.18000000715255737300 -0.00601683882996439934
0.18999999761581420900 -0.00600881082937121392
0.20000000298023223900 -0.00598350213840603829
0.20999999344348907500 -0.00599953485652804375
0.21999999880790710400 -0.00599292200058698654
0.23000000417232513400 -0.00597440591081976891
0.23999999463558197000 -0.00598097592592239380
0.25000000000000000000 -0.00598713196814060211
0.25999999046325683600 -0.00599730899557471276
0.27000001072883606000 -0.00600810023024678230
0.28000000119209289500 -0.00600561220198869705
0.28999999165534973100 -0.00598726188763976097
0.30000001192092895500 -0.00598042411729693413
0.31000000238418579100 -0.00597923481836915016
0.31999999284744262700 -0.00596931017935276032
0.33000001311302185100 -0.00595442391932010651
0.34000000357627868600 -0.00594910001382231713
0.34999999403953552200 -0.00595687283203005791
0.36000001430511474600 -0.00596969993785023689
0.37000000476837158200 -0.00597138097509741783
0.37999999523162841800 -0.00594918522983789444
0.38999998569488525400 -0.00593527685850858689
0.40000000596046447700 -0.00592384813353419304
0.40999999642372131300 -0.00591582898050546646
0.41999998688697814900 -0.00589983398094773293
0.43000000715255737300 -0.00588670093566179276
0.43999999761581420900 -0.00588671909645199776
0.44999998807907104500 -0.00590802310034632683
0.46000000834465026800 -0.00590656418353319168
0.46999999880790710400 -0.00589602394029498100
0.47999998927116394000 -0.00589167419821023941
0.49000000953674316400 -0.00582394003868103028
0.50000000000000000000 -0.00584503915160894394
0.50999999046325683600 -0.00578802078962326050
0.51999998092651367200 -0.00569828785955905914
0.52999997138977050800 -0.00569412810727953911
0.54000002145767211900 -0.00560318585485219956
0.55000001192092895500 -0.00554414512589573860
0.56000000238418579100 -0.00545148784294724465
0.56999999284744262700 -0.00507728010416030884
0.57999998331069946300 -0.00446323677897453308
0.58999997377395629900 -0.00443895393982529640
0.60000002384185791000 -0.00325177307240664959
0.61000001430511474600 -0.00264431000687181950
0.62000000476837158200 -0.00216221110895276070
0.62999999523162841800 -0.00125762401148676872
0.63999998569488525400 -0.00060064892750233412
0.64999997615814209000 -0.00006825981108704582
0.66000002622604370100 0.00009003699233289808
0.67000001668930053700 0.00210270006209611893
0.68000000715255737300 0.00214478303678333759
0.68999999761581420900 0.00407755095511674881
0.69999998807907104500 0.00447365501895546913
0.70999997854232788100 0.00452483678236603737
0.72000002861022949200 0.00619375007227063179
0.73000001907348632800 0.00639232993125915528
0.74000000953674316400 0.00733449403196573258
0.75000000000000000000 0.00882552191615104676
0.75999999046325683600 0.00940823368728160858
0.76999998092651367200 0.00958338566124439240
0.77999997138977050800 0.01093786954879760740
0.79000002145767211900 0.01142349001020193100
0.80000001192092895500 0.01232239976525306700
0.81000000238418579100 0.01420294959098100660
0.81999999284744262700 0.01418970990926027300
0.82999998331069946300 0.01561891008168458940
0.83999997377395629900 0.01668456010520458220
0.85000002384185791000 0.01644632965326309200
0.86000001430511474600 0.01823616959154605870
0.87000000476837158200 0.01922141946852207180
0.87999999523162841800 0.01981233060359954830
0.88999998569488525400 0.02119717933237552640
0.89999997615814209000 0.02268197946250438690
0.91000002622604370100 0.02281560003757476810
0.92000001668930053700 0.02473725005984306340
0.93000000715255737300 0.02550452947616577150
0.93999999761581420900 0.02555046975612640380
0.94999998807907104500 0.02741521038115024570
0.95999997854232788100 0.02818893082439899440
0.97000002861022949200 0.02887362986803054810
0.98000001907348632800 0.03057554922997951510
0.99000000953674316400 0.03160148113965988160
1.00000000000000000000 0.03204470127820968630
