-1.00000000000000000000 -0.00599637301638722420
-0.99000000953674316400 -0.00600591022521257401
-0.98000001907348632800 -0.00599401304498314858
-0.97000002861022949200 -0.00598456384614109993
-0.95999997854232788100 -0.00598324881866574288
-0.94999998807907104500 -0.00598897179588675499
-0.93999999761581420900 -0.00601213704794645310
-0.93000000715255737300 -0.00602110801264643669
-0.92000001668930053700 -0.00602198904380202294
-0.91000002622604370100 -0.00602769479155540466
-0.89999997615814209000 -0.00600364198908209801
-0.88999998569488525400 -0.00601372914388775826
-0.87999999523162841800 -0.00601993501186370850
-0.87000000476837158200 -0.00599545007571578026
-0.86000001430511474600 -0.00599825289100408554
-0.85000002384185791000 -0.00602957513183355332
-0.83999997377395629900 -0.00602874998003244400
-0.82999998331069946300 -0.00602570921182632446
-0.81999999284744262700 -0.00604937085881829262
-0.81000000238418579100 -0.00601901113986968994
-0.80000001192092895500 -0.00601027579978108406
-0.79000002145767211900 -0.00603223219513893128
-0.77999997138977050800 -0.00600076979026198387
-0.76999998092651367200 -0.00599066680297255516
-0.75999999046325683600 -0.00601325789466500282
-0.75000000000000000000 -0.00601037405431270600
-0.74000000953674316400 -0.00601592287421226502
-0.73000001907348632800 -0.00604762090370059014
-0.72000002861022949200 -0.00601908005774021149
-0.70999997854232788100 -0.00599883403629064560
-0.69999998807907104500 -0.00602519512176513672
-0.68999999761581420900 -0.00600044196471571922
-0.68000000715255737300 -0.00597823411226272583
-0.67000001668930053700 -0.00599392410367727280
-0.66000002622604370100 -0.00598743604496121407
-0.64999997615814209000 -0.00600115209817886353
-0.63999998569488525400 -0.00602318299934267998
-0.62999999523162841800 -0.00601105205714702606
-0.62000000476837158200 -0.00600863201543688774
-0.61000001430511474600 -0.00600031577050685883
-0.60000002384185791000 -0.00599755393341183663
-0.58999997377395629900 -0.00599615182727575302
-0.57999998331069946300 -0.00598842604085803032
-0.56999999284744262700 -0.00598035892471671105
-0.56000000238418579100 -0.00599322514608502388
-0.55000001192092895500 -0.00601596198976039887
-0.54000002145767211900 -0.00600587902590632439
-0.52999997138977050800 -0.00601989217102527619
-0.51999998092651367200 -0.00600566715002059937
-0.50999999046325683600 -0.00598966702818870545
-0.50000000000000000000 -0.00600240891799330712
-0.49000000953674316400 -0.00598238082602620125
-0.47999998927116394000 -0.00597022287547588349
-0.46999999880790710400 -0.00598487211391329766
-0.46000000834465026800 -0.00599713111296296120
-0.44999998807907104500 -0.00599384214729070664
-0.43999999761581420900 -0.00601685885339975357
-0.43000000715255737300 -0.00599444890394806862
-0.41999998688697814900 -0.00596550898626446724
-0.40999999642372131300 -0.00598677806556224823
-0.40000000596046447700 -0.00597913982346653938
-0.38999998569488525400 -0.00595302321016788483
-0.37999999523162841800 -0.00596980005502700806
-0.37000000476837158200 -0.00597283709794282913
-0.36000001430511474600 -0.00597519194707274437
-0.34999999403953552200 -0.00600423896685242653
-0.34000000357627868600 -0.00599917117506265640
-0.33000001311302185100 -0.00598376709967851639
-0.31999999284744262700 -0.00599065097048878670
-0.31000000238418579100 -0.00598785001784563065
-0.30000001192092895500 -0.00597502198070287705
-0.28999999165534973100 -0.00598092889413237572
-0.28000000119209289500 -0.00597493397071957588
-0.27000001072883606000 -0.00598039105534553528
-0.25999999046325683600 -0.00601053098216652870
-0.25000000000000000000 -0.00600178586319088936
-0.23999999463558197000 -0.00599940586835145950
-0.23000000417232513400 -0.00599639303982257843
-0.21999999880790710400 -0.00598242320120334625
-0.20999999344348907500 -0.00598033517599105835
-0.20000000298023223900 -0.00597916590049862862
-0.18999999761581420900 -0.00595575291663408280
-0.18000000715255737300 -0.00596786011010408402
-0.17000000178813934300 -0.00599430501461029053
-0.15999999642372131300 -0.00598132703453302384
-0.15000000596046447800 -0.00600041402503848076
-0.14000000059604644800 -0.00599595811218023300
-0.12999999523162841800 -0.00595759879797697067
-0.11999999731779098500 -0.00597611488774418831
-0.10999999940395355200 -0.00597859499976038933
-0.10000000149011611900 -0.00594263384118676186
-0.09000000357627868650 -0.00594823714345693588
-0.07999999821186065670 -0.00596824102103710175
-0.07000000029802322390 -0.00596356019377708435
-0.05999999865889549260 -0.00597824901342391968
-0.05000000074505805970 -0.00598616013303399086
-0.03999999910593032840 -0.00595638109371066094
-0.02999999932944774630 -0.00595644721761345864
-0.01999999955296516420 -0.00596994301304221153
-0.00999999977648258210 -0.00594044383615255356
0.00000000000000000000 -0.00594292208552360535
0.00999999977648258210 -0.00595041923224925995
0.01999999955296516420 -0.00594213278964161873
0.02999999932944774630 -0.00595894781872630120
0.03999999910593032840 -0.00597736518830060959
0.05000000074505805970 -0.00596629781648516655
0.05999999865889549260 -0.00595388421788811684
0.07000000029802322390 -0.00595373800024390221
0.07999999821186065670 -0.00594423897564411164
0.09000000357627868650 -0.00594122521579265595
0.10000000149011611900 -0.00593231897801160813
0.10999999940395355200 -0.00591913098469376564
0.11999999731779098500 -0.00593557301908731461
0.12999999523162841800 -0.00595380412414669991
0.14000000059604644800 -0.00593949807807803154
0.15000000596046447800 -0.00594158098101615906
0.15999999642372131300 -0.00593522796407341957
0.17000000178813934300 -0.00591270020231604576
0.18000000715255737300 -0.00591891910880804062
0.18999999761581420900 -0.00590639282017946244
0.20000000298023223900 -0.00587947200983762741
0.20999999344348907500 -0.00589882722124457360
0.21999999880790710400 -0.00591064197942614556
0.23000000417232513400 -0.00590269593521952629
0.23999999463558197000 -0.00591761106625199318
0.25000000000000000000 -0.00590923894196748734
0.25999999046325683600 -0.00586991617456078530
0.27000001072883606000 -0.00589375104755163193
0.28000000119209289500 -0.00588269205763936043
0.28999999165534973100 -0.00584807898849248886
0.30000001192092895500 -0.00586009211838245392
0.31000000238418579100 -0.00585778011009097100
0.31999999284744262700 -0.00585632212460041046
0.33000001311302185100 -0.00587178487330675125
0.34000000357627868600 -0.00585474586114287377
0.34999999403953552200 -0.00582022219896316528
0.36000001430511474600 -0.00582093419507145882
0.37000000476837158200 -0.00579871004447340965
0.37999999523162841800 -0.00576770585030317307
0.38999998569488525400 -0.00576066598296165466
0.40000000596046447700 -0.00574124697595834732
0.40999999642372131300 -0.00573175912722945214
0.41999998688697814900 -0.00573433376848697663
0.43000000715255737300 -0.00571590801700949669
0.43999999761581420900 -0.00568228913471102715
0.44999998807907104500 -0.00565288215875625611
0.46000000834465026800 -0.00561736989766359329
0.46999999880790710400 -0.00558456918224692345
0.47999998927116394000 -0.00554587785154581070
0.49000000953674316400 -0.00549678876996040344
0.50000000000000000000 -0.00546765094622969628
0.50999999046325683600 -0.00543877389281988144
0.51999998092651367200 -0.00537468492984771729
0.52999997138977050800 -0.00531978113576769829
0.54000002145767211900 -0.00524497916921973229
0.55000001192092895500 -0.00512185599654912949
0.56000000238418579100 -0.00502925878390669823
0.56999999284744262700 -0.00490104593336582184
0.57999998331069946300 -0.00471739796921610832
0.58999997377395629900 -0.00454154517501592636
0.60000002384185791000 -0.00433290377259254456
0.61000001430511474600 -0.00407129712402820587
0.62000000476837158200 -0.00377903110347688198
0.62999999523162841800 -0.00344252702780067921
0.63999998569488525400 -0.00304063991643488407
0.64999997615814209000 -0.00261702900752425194
0.66000002622604370100 -0.00215630908496677876
0.67000001668930053700 -0.00163971597794443369
0.68000000715255737300 -0.00110155902802944183
0.68999999761581420900 -0.00053231150377541780
0.69999998807907104500 0.00002117033909598831
0.70999997854232788100 0.00061893812380731106
0.72000002861022949200 0.00129045301582664251
0.73000001907348632800 0.00197425088845193386
0.74000000953674316400 0.00267746392637491226
0.75000000000000000000 0.00339633389376103878
0.75999999046325683600 0.00413062609732151032
0.76999998092651367200 0.00487790582701563835
0.77999997138977050800 0.00563699798658490181
0.79000002145767211900 0.00641401717439293862
0.80000001192092895500 0.00719982618466019631
0.81000000238418579100 0.00798548012971878052
0.81999999284744262700 0.00879569724202156067
0.82999998331069946300 0.00960947200655937195
0.83999997377395629900 0.01041484996676445010
0.85000002384185791000 0.01070297043770551680
0.86000001430511474600 0.01151372026652097700
0.87000000476837158200 0.01230498030781745910
0.87999999523162841800 0.01310576032847166060
0.88999998569488525400 0.01393764000385999680
0.89999997615814209000 0.01474612019956111910
0.91000002622604370100 0.01557836029678583150
0.92000001668930053700 0.01643607020378112790
0.93000000715255737300 0.01725381053984165190
0.93999999761581420900 0.01809537969529628750
0.94999998807907104500 0.01896286942064762120
0.95999997854232788100 0.01979628019034862520
0.97000002861022949200 0.02065471932291984560
0.98000001907348632800 0.02153741940855979920
0.99000000953674316400 0.02237851917743682860
1.00000000000000000000 0.02327311038970947270
