-1.00000000000000000000 -0.00595067813992500305
-0.99000000953674316400 -0.00592505279928445816
-0.98000001907348632800 -0.00590470293536782265
-0.97000002861022949200 -0.00592922419309616089
-0.95999997854232788100 -0.00590285193175077439
-0.94999998807907104500 -0.00588718103244900704
-0.93999999761581420900 -0.00590047612786293030
-0.93000000715255737300 -0.00589186698198318482
-0.92000001668930053700 -0.00590976513922214508
-0.91000002622604370100 -0.00592672405764460564
-0.89999997615814209000 -0.00591912493109703064
-0.88999998569488525400 -0.00591077096760272980
-0.87999999523162841800 -0.00591193418949842453
-0.87000000476837158200 -0.00591026898473501206
-0.86000001430511474600 -0.00590797001495957375
-0.85000002384185791000 -0.00590624008327722550
-0.83999997377395629900 -0.00590066518634557724
-0.82999998331069946300 -0.00592103181406855583
-0.81999999284744262700 -0.00594017282128334046
-0.81000000238418579100 -0.00593546591699123383
-0.80000001192092895500 -0.00594297703355550766
-0.79000002145767211900 -0.00593814719468355179
-0.77999997138977050800 -0.00592670496553182602
-0.76999998092651367200 -0.00593160279095172882
-0.75999999046325683600 -0.00592420622706413269
-0.75000000000000000000 -0.00590543402358889580
-0.74000000953674316400 -0.00591861503198742867
-0.73000001907348632800 -0.00593514321371912956
-0.72000002861022949200 -0.00593188079074025154
-0.70999997854232788100 -0.00594760803505778313
-0.69999998807907104500 -0.00594489788636565209
-0.68999999761581420900 -0.00591057818382978440
-0.68000000715255737300 -0.00592867983505129814
-0.67000001668930053700 -0.00592682417482137680
-0.66000002622604370100 -0.00589064322412014008
-0.64999997615814209000 -0.00590480491518974304
-0.63999998569488525400 -0.00591369718313217163
-0.62999999523162841800 -0.00591408181935548783
-0.62000000476837158200 -0.00592812011018395424
-0.61000001430511474600 -0.00593490386381745339
-0.60000002384185791000 -0.00591181498020887375
-0.58999997377395629900 -0.00590383494272828102
-0.57999998331069946300 -0.00591418799012899399
-0.56999999284744262700 -0.00589158013463020325
-0.56000000238418579100 -0.00589563697576522827
-0.55000001192092895500 -0.00589712196961045265
-0.54000002145767211900 -0.00590332411229610443
-0.52999997138977050800 -0.00592797296121716500
-0.51999998092651367200 -0.00593127589672803879
-0.50999999046325683600 -0.00591858010739088059
-0.50000000000000000000 -0.00591196911409497261
-0.49000000953674316400 -0.00591268297284841538
-0.47999998927116394000 -0.00590552482753992081
-0.46999999880790710400 -0.00589617993682622910
-0.46000000834465026800 -0.00588843692094087601
-0.44999998807907104500 -0.00589907681569457054
-0.43999999761581420900 -0.00592235615476965904
-0.43000000715255737300 -0.00591934891417622566
-0.41999998688697814900 -0.00591972796246409416
-0.40999999642372131300 -0.00592538807541131973
-0.40000000596046447700 -0.00589150795713067055
-0.38999998569488525400 -0.00589968822896480560
-0.37999999523162841800 -0.00590097904205322266
-0.37000000476837158200 -0.00586526514962315560
-0.36000001430511474600 -0.00587486382573843002
-0.34999999403953552200 -0.00589453894644975662
-0.34000000357627868600 -0.00588851422071456909
-0.33000001311302185100 -0.00590010685846209526
-0.31999999284744262700 -0.00591389182955026627
-0.31000000238418579100 -0.00587835721671581268
-0.30000001192092895500 -0.00589369377121329308
-0.28999999165534973100 -0.00589773897081613541
-0.28000000119209289500 -0.00586845818907022476
-0.27000001072883606000 -0.00588138680905103684
-0.25999999046325683600 -0.00589502276852726936
-0.25000000000000000000 -0.00589944701641798020
-0.23999999463558197000 -0.00591338705271482468
-0.23000000417232513400 -0.00592715386301279068
-0.21999999880790710400 -0.00590392807498574257
-0.20999999344348907500 -0.00589556992053985596
-0.20000000298023223900 -0.00590413901954889298
-0.18999999761581420900 -0.00588374398648738861
-0.18000000715255737300 -0.00588134117424488068
-0.17000000178813934300 -0.00588313722983002663
-0.15999999642372131300 -0.00588690582662820816
-0.15000000596046447800 -0.00590944290161132813
-0.14000000059604644800 -0.00591262523084878922
-0.12999999523162841800 -0.00590236904099583626
-0.11999999731779098500 -0.00589866284281015396
-0.10999999940395355200 -0.00589247001335024834
-0.10000000149011611900 -0.00588259985670447350
-0.09000000357627868650 -0.00587354088202118874
-0.07999999821186065670 -0.00586961209774017334
-0.07000000029802322390 -0.00587058905512094498
-0.05999999865889549260 -0.00589274382218718529
-0.05000000074505805970 -0.00588758010417222977
-0.03999999910593032840 -0.00589514989405870438
-0.02999999932944774630 -0.00589578598737716675
-0.01999999955296516420 -0.00586168980225920677
-0.00999999977648258210 -0.00587418209761381150
0.00000000000000000000 -0.00587861612439155579
0.00999999977648258210 -0.00585046689957380295
0.01999999955296516420 -0.00584415998309850693
0.02999999932944774630 -0.00586251122877001763
0.03999999910593032840 -0.00587164703756570816
0.05000000074505805970 -0.00587116880342364311
0.05999999865889549260 -0.00589419715106487274
0.07000000029802322390 -0.00586802978068590164
0.07999999821186065670 -0.00584485800936818123
0.09000000357627868650 -0.00587018299847841263
0.10000000149011611900 -0.00584407988935709000
0.10999999940395355200 -0.00582535378634929657
0.11999999731779098500 -0.00584196718409657478
0.12999999523162841800 -0.00583432801067829132
0.14000000059604644800 -0.00584068195894360542
0.15000000596046447800 -0.00586093077436089516
0.15999999642372131300 -0.00583134498447179794
0.17000000178813934300 -0.00581235578283667565
0.18000000715255737300 -0.00582552514970302582
0.18999999761581420900 -0.00580275617539882660
0.20000000298023223900 -0.00577588705345988274
0.20999999344348907500 -0.00578232621774077416
0.21999999880790710400 -0.00577312707901000977
0.23000000417232513400 -0.00578376883640885353
0.23999999463558197000 -0.00579196680337190628
0.25000000000000000000 -0.00578012177720665932
0.25999999046325683600 -0.00576925696805119515
0.27000001072883606000 -0.00574830407276749611
0.28000000119209289500 -0.00573961716145277024
0.28999999165534973100 -0.00573414284735918045
0.30000001192092895500 -0.00571294780820608139
0.31000000238418579100 -0.00570119405165314675
0.31999999284744262700 -0.00570727698504924774
0.33000001311302185100 -0.00570453703403472901
0.34000000357627868600 -0.00569181190803647042
0.34999999403953552200 -0.00568433385342359543
0.36000001430511474600 -0.00564726395532488823
0.37000000476837158200 -0.00562946777790784836
0.37999999523162841800 -0.00561770610511302948
0.38999998569488525400 -0.00557257700711488724
0.40000000596046447700 -0.00554780708625912666
0.40999999642372131300 -0.00554036302492022515
0.41999998688697814900 -0.00551683781668543816
0.43000000715255737300 -0.00549297500401735306
0.43999999761581420900 -0.00548791792243719101
0.44999998807907104500 -0.00543069886043667793
0.46000000834465026800 -0.00537351006641983986
0.46999999880790710400 -0.00535829598084092140
0.47999998927116394000 -0.00529659399762749672
0.49000000953674316400 -0.00523683289065957070
0.50000000000000000000 -0.00519873388111591339
0.50999999046325683600 -0.00513915903866291046
0.51999998092651367200 -0.00508567783981561661
0.52999997138977050800 -0.00502917403355240822
0.54000002145767211900 -0.00493103079497814179
0.55000001192092895500 -0.00482164602726697922
0.56000000238418579100 -0.00472068786621093750
0.56999999284744262700 -0.00457571493461728096
0.57999998331069946300 -0.00441287411376833916
0.58999997377395629900 -0.00423590699210762978
0.60000002384185791000 -0.00402482785284519196
0.61000001430511474600 -0.00379276508465409279
0.62000000476837158200 -0.00352153903804719448
0.62999999523162841800 -0.00320534990169107914
0.63999998569488525400 -0.00285521801561117172
0.64999997615814209000 -0.00246692309156060219
0.66000002622604370100 -0.00205115089192986488
0.67000001668930053700 -0.00160529999993741512
0.68000000715255737300 -0.00112782802898436785
0.68999999761581420900 -0.00061908608768135309
0.69999998807907104500 -0.00013069479609839618
0.70999997854232788100 0.00037699041422456503
0.72000002861022949200 0.00093703571474179626
0.73000001907348632800 0.00156907597556710243
0.74000000953674316400 0.00217623007483780384
0.75000000000000000000 0.00280602206476032734
0.75999999046325683600 0.00344816991128027439
0.76999998092651367200 0.00409707287326455116
0.77999997138977050800 0.00476373778656125069
0.79000002145767211900 0.00544407311826944351
0.80000001192092895500 0.00613184692338109017
0.81000000238418579100 0.00683187413960695267
0.81999999284744262700 0.00753693515434861183
0.82999998331069946300 0.00825206283479928971
0.83999997377395629900 0.00897514726966619492
0.85000002384185791000 0.00971472356468439102
0.86000001430511474600 0.01048452965915203090
0.87000000476837158200 0.01072539016604423520
0.87999999523162841800 0.01152481976896524430
0.88999998569488525400 0.01225731987506151200
0.89999997615814209000 0.01299513969570398330
0.91000002622604370100 0.01387382019311189650
0.92000001668930053700 0.01451321970671415330
0.93000000715255737300 0.01536394003778696060
0.93999999761581420900 0.01612742990255355840
0.94999998807907104500 0.01696290075778961180
0.95999997854232788100 0.01772728003561496730
0.97000002861022949200 0.01858313940465450290
0.98000001907348632800 0.01954125054180622100
0.99000000953674316400 0.02038832008838653560
1.00000000000000000000 0.02121897973120212560
