-1.00000000000000000000 -0.00604470819234848023
-0.99000000953674316400 -0.00605223514139652252
-0.98000001907348632800 -0.00605475902557373047
-0.97000002861022949200 -0.00606254581362009049
-0.95999997854232788100 -0.00603951793164014816
-0.94999998807907104500 -0.00604436779394745827
-0.93999999761581420900 -0.00604857085272669792
-0.93000000715255737300 -0.00602839700877666474
-0.92000001668930053700 -0.00602097716182470322
-0.91000002622604370100 -0.00603465503081679344
-0.89999997615814209000 -0.00604408793151378632
-0.88999998569488525400 -0.00604652799665927887
-0.87999999523162841800 -0.00606378680095076561
-0.87000000476837158200 -0.00604553800076246262
-0.86000001430511474600 -0.00601992476731538773
-0.85000002384185791000 -0.00603292183950543404
-0.83999997377395629900 -0.00602343305945396424
-0.82999998331069946300 -0.00600775098428130150
-0.81999999284744262700 -0.00601053796708583832
-0.81000000238418579100 -0.00601690495386719704
-0.80000001192092895500 -0.00603117281571030617
-0.79000002145767211900 -0.00604281295090913773
-0.77999997138977050800 -0.00604616897180676460
-0.76999998092651367200 -0.00603601895272731781
-0.75999999046325683600 -0.00602421304211020470
-0.75000000000000000000 -0.00603257911279797554
-0.74000000953674316400 -0.00602843100205063820
-0.73000001907348632800 -0.00601936178281903267
-0.72000002861022949200 -0.00602034898474812508
-0.70999997854232788100 -0.00602969899773597718
-0.69999998807907104500 -0.00605099508538842201
-0.68999999761581420900 -0.00604628399014472962
-0.68000000715255737300 -0.00605001579970121384
-0.67000001668930053700 -0.00603905599564313889
-0.66000002622604370100 -0.00601972592994570732
-0.64999997615814209000 -0.00602274201810359955
-0.63999998569488525400 -0.00601246114820241928
-0.62999999523162841800 -0.00599248986691236496
-0.62000000476837158200 -0.00599473714828491211
-0.61000001430511474600 -0.00600977521389722824
-0.60000002384185791000 -0.00600173790007829666
-0.58999997377395629900 -0.00601038383319973946
-0.57999998331069946300 -0.00600701291114091873
-0.56999999284744262700 -0.00597913796082139015
-0.56000000238418579100 -0.00598814897239208222
-0.55000001192092895500 -0.00599350500851869583
-0.54000002145767211900 -0.00596252689138054848
-0.52999997138977050800 -0.00597141589969396591
-0.51999998092651367200 -0.00598664209246635437
-0.50999999046325683600 -0.00598645489662885666
-0.50000000000000000000 -0.00600558100268244744
-0.49000000953674316400 -0.00602360209450125694
-0.47999998927116394000 -0.00600191811099648476
-0.46999999880790710400 -0.00599014014005661011
-0.46000000834465026800 -0.00600832421332597733
-0.44999998807907104500 -0.00599016994237899780
-0.43999999761581420900 -0.00597795797511935234
-0.43000000715255737300 -0.00599026400595903397
-0.41999998688697814900 -0.00598052889108657837
-0.40999999642372131300 -0.00599897885695099831
-0.40000000596046447700 -0.00601419806480407715
-0.38999998569488525400 -0.00600790698081254959
-0.37999999523162841800 -0.00600119680166244507
-0.37000000476837158200 -0.00598741788417100907
-0.36000001430511474600 -0.00598382297903299332
-0.34999999403953552200 -0.00598299410194158554
-0.34000000357627868600 -0.00596958678215742111
-0.33000001311302185100 -0.00596053712069988251
-0.31999999284744262700 -0.00597539404407143593
-0.31000000238418579100 -0.00598594592884182930
-0.30000001192092895500 -0.00598083296790719032
-0.28999999165534973100 -0.00598962698131799698
-0.28000000119209289500 -0.00597832212224602700
-0.27000001072883606000 -0.00595823302865028382
-0.25999999046325683600 -0.00597074301913380623
-0.25000000000000000000 -0.00596167286857962608
-0.23999999463558197000 -0.00594861712306737900
-0.23000000417232513400 -0.00596128823235630989
-0.21999999880790710400 -0.00597359798848628998
-0.20999999344348907500 -0.00598347280174493790
-0.20000000298023223900 -0.00599629618227481842
-0.18999999761581420900 -0.00599907897412776947
-0.18000000715255737300 -0.00597616098821163178
-0.17000000178813934300 -0.00597713096067309380
-0.15999999642372131300 -0.00597734516486525536
-0.15000000596046447800 -0.00595537712797522545
-0.14000000059604644800 -0.00595749588683247566
-0.12999999523162841800 -0.00596337299793958664
-0.11999999731779098500 -0.00596718117594718933
-0.10999999940395355200 -0.00597793608903884888
-0.10000000149011611900 -0.00598526420071721077
-0.09000000357627868650 -0.00596613017842173577
-0.07999999821186065670 -0.00594808906316757202
-0.07000000029802322390 -0.00594746600836515427
-0.05999999865889549260 -0.00593216484412550926
-0.05000000074505805970 -0.00591171998530626297
-0.03999999910593032840 -0.00590497208759188652
-0.02999999932944774630 -0.00590677699074149132
-0.01999999955296516420 -0.00591736193746328354
-0.00999999977648258210 -0.00592254195362329483
0.00000000000000000000 -0.00592401297762989998
0.00999999977648258210 -0.00592504814267158508
0.01999999955296516420 -0.00591673096641898155
0.02999999932944774630 -0.00590417115017771721
0.03999999910593032840 -0.00591202918440103531
0.05000000074505805970 -0.00590288592502474785
0.05999999865889549260 -0.00588848395273089409
0.07000000029802322390 -0.00590220512822270394
0.07999999821186065670 -0.00591468997299671173
0.09000000357627868650 -0.00591275887563824654
0.10000000149011611900 -0.00592878693714737892
0.10999999940395355200 -0.00591850094497203827
0.11999999731779098500 -0.00588881922885775566
0.12999999523162841800 -0.00590621680021286011
0.14000000059604644800 -0.00589710520580410958
0.15000000596046447800 -0.00586646422743797302
0.15999999642372131300 -0.00587232783436775208
0.17000000178813934300 -0.00587801123037934304
0.18000000715255737300 -0.00587601400911808014
0.18999999761581420900 -0.00588774681091308594
0.20000000298023223900 -0.00588385807350277901
0.20999999344348907500 -0.00585859781131148338
0.21999999880790710400 -0.00584144983440637589
0.23000000417232513400 -0.00584036484360694885
0.23999999463558197000 -0.00581693695858120918
0.25000000000000000000 -0.00579250091686844826
0.25999999046325683600 -0.00578340003266930580
0.27000001072883606000 -0.00577517412602901459
0.28000000119209289500 -0.00577351683750748634
0.28999999165534973100 -0.00575973279774188996
0.30000001192092895500 -0.00574392313137650490
0.31000000238418579100 -0.00570966722443699837
0.31999999284744262700 -0.00567023595795035362
0.33000001311302185100 -0.00564285879954695702
0.34000000357627868600 -0.00560063915327191353
0.34999999403953552200 -0.00554601894691586495
0.36000001430511474600 -0.00550242280587553978
0.37000000476837158200 -0.00545708881691098213
0.37999999523162841800 -0.00539419008418917656
0.38999998569488525400 -0.00532362284138798714
0.40000000596046447700 -0.00524070486426353455
0.40999999642372131300 -0.00513687217608094216
0.41999998688697814900 -0.00503279082477092743
0.43000000715255737300 -0.00492202490568161011
0.43999999761581420900 -0.00478743389248847962
0.44999998807907104500 -0.00465421797707676888
0.46000000834465026800 -0.00452013406902551651
0.46999999880790710400 -0.00437421398237347603
0.47999998927116394000 -0.00422183983027935028
0.49000000953674316400 -0.00406346796080470085
0.50000000000000000000 -0.00388564402237534523
0.50999999046325683600 -0.00370137696154415608
0.51999998092651367200 -0.00352332508191466332
0.52999997138977050800 -0.00333101395517587662
0.54000002145767211900 -0.00313247297890484333
0.55000001192092895500 -0.00293943099677562714
0.56000000238418579100 -0.00273724901489913464
0.56999999284744262700 -0.00253498298116028309
0.57999998331069946300 -0.00233009294606745243
0.58999997377395629900 -0.00211725104600191116
0.60000002384185791000 -0.00189845997374504805
0.61000001430511474600 -0.00167868705466389656
0.62000000476837158200 -0.00145665497984737158
0.62999999523162841800 -0.00123158295173197985
0.63999998569488525400 -0.00100469402968883514
0.64999997615814209000 -0.00074167252751067281
0.66000002622604370100 -0.00052161532221361995
0.67000001668930053700 -0.00029839560738764703
0.68000000715255737300 -0.00007794047269271687
0.68999999761581420900 0.00014814210589975119
0.69999998807907104500 0.00037433899706229568
0.70999997854232788100 0.00060349452542141080
0.72000002861022949200 0.00083706289296969771
0.73000001907348632800 0.00111739104613661766
0.74000000953674316400 0.00136002001818269491
0.75000000000000000000 0.00160624796990305185
0.75999999046325683600 0.00185477803461253643
0.76999998092651367200 0.00210062204860150814
0.77999997138977050800 0.00234895688481628895
0.79000002145767211900 0.00259750895202159882
0.80000001192092895500 0.00284609408117830753
0.81000000238418579100 0.00309697398915886879
0.81999999284744262700 0.00334964692592620850
0.82999998331069946300 0.00360307795926928520
0.83999997377395629900 0.00385645194910466671
0.85000002384185791000 0.00411031022667884827
0.86000001430511474600 0.00436598202213644982
0.87000000476837158200 0.00462182611227035523
0.87999999523162841800 0.00487662293016910553
0.88999998569488525400 0.00513321580365300179
0.89999997615814209000 0.00539087504148483277
0.91000002622604370100 0.00564802577719092369
0.92000001668930053700 0.00590736605226993561
0.93000000715255737300 0.00616631982848048210
0.93999999761581420900 0.00642553716897964478
0.94999998807907104500 0.00668603880330920220
0.95999997854232788100 0.00694585498422384262
0.97000002861022949200 0.00720635009929537773
0.98000001907348632800 0.00746796419844031334
0.99000000953674316400 0.00772887002676725388
1.00000000000000000000 0.00799047760665416718
