-1.00000000000000000000 -0.00613399781286716461
-0.99000000953674316400 -0.00614821817725896836
-0.98000001907348632800 -0.00615391600877046585
-0.97000002861022949200 -0.00616072816774249077
-0.95999997854232788100 -0.00617621606215834618
-0.94999998807907104500 -0.00616193097084760666
-0.93999999761581420900 -0.00613486720249056816
-0.93000000715255737300 -0.00614977721124887467
-0.92000001668930053700 -0.00615016277879476547
-0.91000002622604370100 -0.00612345291301608086
-0.89999997615814209000 -0.00612908415496349335
-0.88999998569488525400 -0.00614245282486081124
-0.87999999523162841800 -0.00615250505506992340
-0.87000000476837158200 -0.00616478500887751580
-0.86000001430511474600 -0.00616717105731368065
-0.85000002384185791000 -0.00615539494901895523
-0.83999997377395629900 -0.00613994384184479714
-0.82999998331069946300 -0.00615750811994075775
-0.81999999284744262700 -0.00615067500621080399
-0.81000000238418579100 -0.00613318802788853646
-0.80000001192092895500 -0.00614010589197278023
-0.79000002145767211900 -0.00615222984924912453
-0.77999997138977050800 -0.00615914678201079369
-0.76999998092651367200 -0.00616481108590960503
-0.75999999046325683600 -0.00616774288937449455
-0.75000000000000000000 -0.00614597694948315621
-0.74000000953674316400 -0.00613324716687202454
-0.73000001907348632800 -0.00614459579810500145
-0.72000002861022949200 -0.00612250110134482384
-0.70999997854232788100 -0.00610990310087800026
-0.69999998807907104500 -0.00611701793968677521
-0.68999999761581420900 -0.00611957814544439316
-0.68000000715255737300 -0.00612189481034874916
-0.67000001668930053700 -0.00614992482587695122
-0.66000002622604370100 -0.00613761506974697113
-0.64999997615814209000 -0.00611203396692872048
-0.63999998569488525400 -0.00613351911306381226
-0.62999999523162841800 -0.00612968998029828072
-0.62000000476837158200 -0.00610592402517795563
-0.61000001430511474600 -0.00611685402691364288
-0.60000002384185791000 -0.00613095192238688469
-0.58999997377395629900 -0.00613690400496125221
-0.57999998331069946300 -0.00615598307922482491
-0.56999999284744262700 -0.00616493402048945427
-0.56000000238418579100 -0.00614207983016967774
-0.55000001192092895500 -0.00613492494449019432
-0.54000002145767211900 -0.00615272577852010727
-0.52999997138977050800 -0.00613870006054639816
-0.51999998092651367200 -0.00612864689901471138
-0.50999999046325683600 -0.00614055898040533066
-0.50000000000000000000 -0.00614733714610338211
-0.49000000953674316400 -0.00616434076800942421
-0.47999998927116394000 -0.00616851402446627617
-0.46999999880790710400 -0.00616666581481695175
-0.46000000834465026800 -0.00614587077870965004
-0.44999998807907104500 -0.00614445703104138374
-0.43999999761581420900 -0.00614706194028258324
-0.43000000715255737300 -0.00613093515858054161
-0.41999998688697814900 -0.00612171692773699761
-0.40999999642372131300 -0.00613100221380591393
-0.40000000596046447700 -0.00613751402124762535
-0.38999998569488525400 -0.00614283420145511627
-0.37999999523162841800 -0.00615929579362273216
-0.37000000476837158200 -0.00614626100286841393
-0.36000001430511474600 -0.00612763501703739166
-0.34999999403953552200 -0.00615080213174223900
-0.34000000357627868600 -0.00613948283717036247
-0.33000001311302185100 -0.00611995905637741089
-0.31999999284744262700 -0.00612948602065443993
-0.31000000238418579100 -0.00613093096762895584
-0.30000001192092895500 -0.00614301208406686783
-0.28999999165534973100 -0.00615925807505846024
-0.28000000119209289500 -0.00615871604532003403
-0.27000001072883606000 -0.00614600302651524544
-0.25999999046325683600 -0.00613187905400991440
-0.25000000000000000000 -0.00614146981388330460
-0.23999999463558197000 -0.00612943898886442185
-0.23000000417232513400 -0.00611305003985762596
-0.21999999880790710400 -0.00611961213871836662
-0.20999999344348907500 -0.00612513581290841103
-0.20000000298023223900 -0.00613918201997876168
-0.18999999761581420900 -0.00613954989239573479
-0.18000000715255737300 -0.00613118009641766548
-0.17000000178813934300 -0.00610700901597738266
-0.15999999642372131300 -0.00610595382750034332
-0.15000000596046447800 -0.00610497221350669861
-0.14000000059604644800 -0.00608688406646251679
-0.12999999523162841800 -0.00607629306614398956
-0.11999999731779098500 -0.00609039980918169022
-0.10999999940395355200 -0.00610342109575867653
-0.10000000149011611900 -0.00610696803778409958
-0.09000000357627868650 -0.00612484803423285484
-0.07999999821186065670 -0.00611005118116736412
-0.07000000029802322390 -0.00609231414273381233
-0.05999999865889549260 -0.00611328799277544022
-0.05000000074505805970 -0.00610795011743903160
-0.03999999910593032840 -0.00608428707346320152
-0.02999999932944774630 -0.00609872303903102875
-0.01999999955296516420 -0.00611080508679151535
-0.00999999977648258210 -0.00611471896991133690
0.00000000000000000000 -0.00613474287092685700
0.00999999977648258210 -0.00614048307761549950
0.01999999955296516420 -0.00612417794764041901
0.02999999932944774630 -0.00610686512663960457
0.03999999910593032840 -0.00611953996121883392
0.05000000074505805970 -0.00610939413309097290
0.05999999865889549260 -0.00609030621126294136
0.07000000029802322390 -0.00609630020335316658
0.07999999821186065670 -0.00609865086153149605
0.09000000357627868650 -0.00611661700531840325
0.10000000149011611900 -0.00612068409100174904
0.10999999940395355200 -0.00611447403207421303
0.11999999731779098500 -0.00610061688348650932
0.12999999523162841800 -0.00609046220779418946
0.14000000059604644800 -0.00609682220965623856
0.15000000596046447800 -0.00608665915206074715
0.15999999642372131300 -0.00607691099867224694
0.17000000178813934300 -0.00608053384348750115
0.18000000715255737300 -0.00610078498721122742
0.18999999761581420900 -0.00610497593879699707
0.20000000298023223900 -0.00611837906762957573
0.20999999344348907500 -0.00610419223085045815
0.21999999880790710400 -0.00608236808329820633
0.23000000417232513400 -0.00609402498230338097
0.23999999463558197000 -0.00609156489372253418
0.25000000000000000000 -0.00606741802766919136
0.25999999046325683600 -0.00607351399958133698
0.27000001072883606000 -0.00607878295704722405
0.28000000119209289500 -0.00608424516394734383
0.28999999165534973100 -0.00609512720257043839
0.30000001192092895500 -0.00608495203778147698
0.31000000238418579100 -0.00606829999014735222
0.31999999284744262700 -0.00605422304943203926
0.33000001311302185100 -0.00605781190097332001
0.34000000357627868600 -0.00603210600093007088
0.34999999403953552200 -0.00601332820951938629
0.36000001430511474600 -0.00600988790392875672
0.37000000476837158200 -0.00601018499583005905
0.37999999523162841800 -0.00601398712024092674
0.38999998569488525400 -0.00601293379440903664
0.40000000596046447700 -0.00599310593679547310
0.40999999642372131300 -0.00596687803044915200
0.41999998688697814900 -0.00596171896904706955
0.43000000715255737300 -0.00593870505690574646
0.43999999761581420900 -0.00591594120487570763
0.44999998807907104500 -0.00589805189520120621
0.46000000834465026800 -0.00588285177946090698
0.46999999880790710400 -0.00587567593902349472
0.47999998927116394000 -0.00585140194743871689
0.49000000953674316400 -0.00582392700016498566
0.50000000000000000000 -0.00577014917507767678
0.50999999046325683600 -0.00568948499858379364
0.51999998092651367200 -0.00563180306926369667
0.52999997138977050800 -0.00553983822464942932
0.54000002145767211900 -0.00541070010513067246
0.55000001192092895500 -0.00528075406327843666
0.56000000238418579100 -0.00512669188901782036
0.56999999284744262700 -0.00493751699104905129
0.57999998331069946300 -0.00471864501014351845
0.58999997377395629900 -0.00445549096912145615
0.60000002384185791000 -0.00414788303896784783
0.61000001430511474600 -0.00382797792553901672
0.62000000476837158200 -0.00347510003484785557
0.62999999523162841800 -0.00308488891460001469
0.63999998569488525400 -0.00267796311527490616
0.64999997615814209000 -0.00225657597184181213
0.66000002622604370100 -0.00181523698847740889
0.67000001668930053700 -0.00135694199707359076
0.68000000715255737300 -0.00084273359971120954
0.68999999761581420900 -0.00038211949868127704
0.69999998807907104500 0.00008888755110092461
0.70999997854232788100 0.00057258852757513523
0.72000002861022949200 0.00110990297980606556
0.73000001907348632800 0.00164164695888757706
0.74000000953674316400 0.00217570201493799686
0.75000000000000000000 0.00272120698355138302
0.75999999046325683600 0.00327383796684443951
0.76999998092651367200 0.00383365689776837826
0.77999997138977050800 0.00440154084935784340
0.79000002145767211900 0.00497885607182979584
0.80000001192092895500 0.00556608103215694428
0.81000000238418579100 0.00615489110350608826
0.81999999284744262700 0.00674943905323743820
0.82999998331069946300 0.00736041413620114327
0.83999997377395629900 0.00797299854457378388
0.85000002384185791000 0.00858354754745960236
0.86000001430511474600 0.00921463780105113983
0.87000000476837158200 0.00985377375036478043
0.87999999523162841800 0.01000799983739852910
0.88999998569488525400 0.01061476022005081180
0.89999997615814209000 0.01124074961990118030
0.91000002622604370100 0.01188458036631345750
0.92000001668930053700 0.01254297979176044460
0.93000000715255737300 0.01320169959217309950
0.93999999761581420900 0.01387173961848020550
0.94999998807907104500 0.01454707980155944820
0.95999997854232788100 0.01520758960396051410
0.97000002861022949200 0.01590430922806262970
0.98000001907348632800 0.01660195924341678620
0.99000000953674316400 0.01728731952607631680
1.00000000000000000000 0.01799711957573890690
