-1.00000000000000000000 -0.00609825784340500832
-0.99000000953674316400 -0.00611025886610150337
-0.98000001907348632800 -0.00612203916534781456
-0.97000002861022949200 -0.00613615894690155983
-0.95999997854232788100 -0.00615450879558920860
-0.94999998807907104500 -0.00613927189260721207
-0.93999999761581420900 -0.00612235302105545998
-0.93000000715255737300 -0.00613564578816294670
-0.92000001668930053700 -0.00613046111539006233
-0.91000002622604370100 -0.00611752783879637718
-0.89999997615814209000 -0.00612651277333498001
-0.88999998569488525400 -0.00613190094009041786
-0.87999999523162841800 -0.00614433782175183296
-0.87000000476837158200 -0.00615736003965139389
-0.86000001430511474600 -0.00615566503256559372
-0.85000002384185791000 -0.00615042587742209435
-0.83999997377395629900 -0.00613074377179145813
-0.82999998331069946300 -0.00613820506259799004
-0.81999999284744262700 -0.00613358290866017342
-0.81000000238418579100 -0.00611481303349137306
-0.80000001192092895500 -0.00611252104863524437
-0.79000002145767211900 -0.00612255698069930077
-0.77999997138977050800 -0.00613065483048558235
-0.76999998092651367200 -0.00613463297486305237
-0.75999999046325683600 -0.00613758992403745651
-0.75000000000000000000 -0.00612436980009078980
-0.74000000953674316400 -0.00611181790009140968
-0.73000001907348632800 -0.00612265011295676232
-0.72000002861022949200 -0.00611285120248794556
-0.70999997854232788100 -0.00610309606418013573
-0.69999998807907104500 -0.00610721297562122345
-0.68999999761581420900 -0.00612309901043772698
-0.68000000715255737300 -0.00613516801968216896
-0.67000001668930053700 -0.00614165281876921654
-0.66000002622604370100 -0.00614189403131604195
-0.64999997615814209000 -0.00612575002014636994
-0.63999998569488525400 -0.00612191297113895416
-0.62999999523162841800 -0.00613177008926868439
-0.62000000476837158200 -0.00611601583659648895
-0.61000001430511474600 -0.00610850518569350243
-0.60000002384185791000 -0.00611942587420344353
-0.58999997377395629900 -0.00612829579040408135
-0.57999998331069946300 -0.00614419905468821526
-0.56999999284744262700 -0.00614685891196131706
-0.56000000238418579100 -0.00613528490066528320
-0.55000001192092895500 -0.00610804790630936623
-0.54000002145767211900 -0.00611357996240258217
-0.52999997138977050800 -0.00610233284533023834
-0.51999998092651367200 -0.00608445983380079270
-0.50999999046325683600 -0.00607369095087051392
-0.50000000000000000000 -0.00608299905434250832
-0.49000000953674316400 -0.00609674584120512009
-0.47999998927116394000 -0.00609755609184503556
-0.46999999880790710400 -0.00611530803143978119
-0.46000000834465026800 -0.00610502390190958977
-0.44999998807907104500 -0.00608579488471150398
-0.43999999761581420900 -0.00610234588384628296
-0.43000000715255737300 -0.00610047392547130585
-0.41999998688697814900 -0.00608091522008180618
-0.40999999642372131300 -0.00608920585364103317
-0.40000000596046447700 -0.00610320083796977997
-0.38999998569488525400 -0.00611246097832918167
-0.37999999523162841800 -0.00612273020669817925
-0.37000000476837158200 -0.00612922478467226029
-0.36000001430511474600 -0.00611909199506044388
-0.34999999403953552200 -0.00610538292676210404
-0.34000000357627868600 -0.00611378392204642296
-0.33000001311302185100 -0.00610612379387021065
-0.31999999284744262700 -0.00609121285378932953
-0.31000000238418579100 -0.00609941780567169190
-0.30000001192092895500 -0.00610873103141784668
-0.28999999165534973100 -0.00612358096987009049
-0.28000000119209289500 -0.00612475909292697907
-0.27000001072883606000 -0.00612044706940650940
-0.25999999046325683600 -0.00609624618664383888
-0.25000000000000000000 -0.00609045103192329407
-0.23999999463558197000 -0.00609211903065443039
-0.23000000417232513400 -0.00607594707980751991
-0.21999999880790710400 -0.00606675911694765091
-0.20999999344348907500 -0.00607841182500123978
-0.20000000298023223900 -0.00609394209459424019
-0.18999999761581420900 -0.00609611114487051964
-0.18000000715255737300 -0.00611433899030089379
-0.17000000178813934300 -0.00609997007995843888
-0.15999999642372131300 -0.00608365982770919800
-0.15000000596046447800 -0.00609427597373723984
-0.14000000059604644800 -0.00609154021367430687
-0.12999999523162841800 -0.00607623020187020302
-0.11999999731779098500 -0.00607375195249915123
-0.10999999940395355200 -0.00609209015965461731
-0.10000000149011611900 -0.00610351888462901116
-0.09000000357627868650 -0.00610924605280160904
-0.07999999821186065670 -0.00611962890252470970
-0.07000000029802322390 -0.00610752590000629425
-0.05999999865889549260 -0.00608697719871997833
-0.05000000074505805970 -0.00610164692625403404
-0.03999999910593032840 -0.00609330600127577782
-0.02999999932944774630 -0.00607177801430225372
-0.01999999955296516420 -0.00607664510607719422
-0.00999999977648258210 -0.00608244119212031365
0.00000000000000000000 -0.00609347503632307053
0.00999999977648258210 -0.00608605379238724709
0.01999999955296516420 -0.00609370507299900055
0.02999999932944774630 -0.00607043411582708359
0.03999999910593032840 -0.00605134293437004090
0.05000000074505805970 -0.00606065802276134491
0.05999999865889549260 -0.00605575693771243096
0.07000000029802322390 -0.00603324687108397484
0.07999999821186065670 -0.00603893119841814041
0.09000000357627868650 -0.00605058483779430390
0.10000000149011611900 -0.00605624401941895485
0.10999999940395355200 -0.00606910977512598038
0.11999999731779098500 -0.00607803277671337128
0.12999999523162841800 -0.00606106920167803765
0.14000000059604644800 -0.00605228403583168984
0.15000000596046447800 -0.00606490205973386765
0.15999999642372131300 -0.00604758597910404206
0.17000000178813934300 -0.00604103598743677140
0.18000000715255737300 -0.00605427520349621773
0.18999999761581420900 -0.00605917209759354592
0.20000000298023223900 -0.00607265485450625420
0.20999999344348907500 -0.00608202116563916207
0.21999999880790710400 -0.00607563322409987450
0.23000000417232513400 -0.00605079717934131622
0.23999999463558197000 -0.00605648197233676911
0.25000000000000000000 -0.00605359300971031189
0.25999999046325683600 -0.00603091204538941384
0.27000001072883606000 -0.00602556997910141945
0.28000000119209289500 -0.00603339495137333870
0.28999999165534973100 -0.00603728415444493294
0.30000001192092895500 -0.00604132097214460373
0.31000000238418579100 -0.00604717899113893509
0.31999999284744262700 -0.00602785684168338776
0.33000001311302185100 -0.00600443687289953232
0.34000000357627868600 -0.00600912515074014664
0.34999999403953552200 -0.00600334117189049721
0.36000001430511474600 -0.00597878592088818550
0.37000000476837158200 -0.00597386108711361885
0.37999999523162841800 -0.00598007114604115486
0.38999998569488525400 -0.00598352821543812752
0.40000000596046447700 -0.00598856015130877495
0.40999999642372131300 -0.00598594686016440392
0.41999998688697814900 -0.00596199696883559227
0.43000000715255737300 -0.00593358278274536133
0.43999999761581420900 -0.00593498302623629570
0.44999998807907104500 -0.00590899819508194924
0.46000000834465026800 -0.00587810017168521881
0.46999999880790710400 -0.00586452707648277283
0.47999998927116394000 -0.00584702799096703530
0.49000000953674316400 -0.00582372909411787987
0.50000000000000000000 -0.00579636916518211365
0.50999999046325683600 -0.00574954086914658547
0.51999998092651367200 -0.00567503692582249642
0.52999997138977050800 -0.00558908702805638313
0.54000002145767211900 -0.00550313992425799370
0.55000001192092895500 -0.00537757016718387604
0.56000000238418579100 -0.00522885797545313835
0.56999999284744262700 -0.00506787002086639404
0.57999998331069946300 -0.00487544480711221695
0.58999997377395629900 -0.00465201120823621750
0.60000002384185791000 -0.00439536711201071739
0.61000001430511474600 -0.00409433199092745781
0.62000000476837158200 -0.00374823901802301407
0.62999999523162841800 -0.00338822999037802220
0.63999998569488525400 -0.00299873691983520985
0.64999997615814209000 -0.00257186708040535450
0.66000002622604370100 -0.00212873402051627636
0.67000001668930053700 -0.00167237699497491121
0.68000000715255737300 -0.00119214097503572702
0.68999999761581420900 -0.00066929048625752330
0.69999998807907104500 -0.00018660430214367807
0.70999997854232788100 0.00029548478778451681
0.72000002861022949200 0.00082071108045056462
0.73000001907348632800 0.00140793202444911003
0.74000000953674316400 0.00196302891708910465
0.75000000000000000000 0.00253059389069676399
0.75999999046325683600 0.00310358498245477676
0.76999998092651367200 0.00368546089157462120
0.77999997138977050800 0.00427857693284749985
0.79000002145767211900 0.00487454794347286225
0.80000001192092895500 0.00547688407823443413
0.81000000238418579100 0.00609263312071561814
0.81999999284744262700 0.00671036215499043465
0.82999998331069946300 0.00733256805688142777
0.83999997377395629900 0.00797013845294713974
0.85000002384185791000 0.00860729161649942398
0.86000001430511474600 0.00926177855581045151
0.87000000476837158200 0.00992196705192327500
0.87999999523162841800 0.01006982009857892990
0.88999998569488525400 0.01070457044988870620
0.89999997615814209000 0.01135495025664567950
0.91000002622604370100 0.01201014034450054170
0.92000001668930053700 0.01268281973898410800
0.93000000715255737300 0.01334515027701854710
0.93999999761581420900 0.01401004008948802950
0.94999998807907104500 0.01470957044512033460
0.95999997854232788100 0.01539446972310543060
0.97000002861022949200 0.01607896946370601650
0.98000001907348632800 0.01679817959666252140
0.99000000953674316400 0.01751955971121788020
1.00000000000000000000 0.01824969984591007230
