-1.00000000000000000000 -0.00602834485471248627
-0.99000000953674316400 -0.00600226689130067826
-0.98000001907348632800 -0.00601042201742529869
-0.97000002861022949200 -0.00601069722324609757
-0.95999997854232788100 -0.00599405309185385704
-0.94999998807907104500 -0.00599191896617412567
-0.93999999761581420900 -0.00600145384669303894
-0.93000000715255737300 -0.00601920811459422112
-0.92000001668930053700 -0.00602748384699225426
-0.91000002622604370100 -0.00603993516415357590
-0.89999997615814209000 -0.00603013811632990837
-0.88999998569488525400 -0.00601190514862537384
-0.87999999523162841800 -0.00602213479578495026
-0.87000000476837158200 -0.00601996202021837235
-0.86000001430511474600 -0.00600171601399779320
-0.85000002384185791000 -0.00600183522328734398
-0.83999997377395629900 -0.00601716991513967514
-0.82999998331069946300 -0.00602654088288545609
-0.81999999284744262700 -0.00603903317824006081
-0.81000000238418579100 -0.00603883014991879463
-0.80000001192092895500 -0.00602191500365734101
-0.79000002145767211900 -0.00600675400346517563
-0.77999997138977050800 -0.00601430702954530716
-0.76999998092651367200 -0.00600176677107810974
-0.75999999046325683600 -0.00598473893478512764
-0.75000000000000000000 -0.00598186720162630081
-0.74000000953674316400 -0.00598821602761745453
-0.73000001907348632800 -0.00599731598049402237
-0.72000002861022949200 -0.00599471107125282288
-0.70999997854232788100 -0.00600085314363241196
-0.69999998807907104500 -0.00598574709147214890
-0.68999999761581420900 -0.00597808603197336197
-0.68000000715255737300 -0.00599132990464568138
-0.67000001668930053700 -0.00597955379635095596
-0.66000002622604370100 -0.00597151694819331169
-0.64999997615814209000 -0.00598537409678101540
-0.63999998569488525400 -0.00600120006129145622
-0.62999999523162841800 -0.00600752513855695725
-0.62000000476837158200 -0.00602583400905132294
-0.61000001430511474600 -0.00601656408980488777
-0.60000002384185791000 -0.00599418394267559052
-0.58999997377395629900 -0.00600501801818609238
-0.57999998331069946300 -0.00600132299587130547
-0.56999999284744262700 -0.00598404882475733757
-0.56000000238418579100 -0.00598686886951327324
-0.55000001192092895500 -0.00599971786141395569
-0.54000002145767211900 -0.00601038010790944100
-0.52999997138977050800 -0.00601714476943016052
-0.51999998092651367200 -0.00602357182651758194
-0.50999999046325683600 -0.00601128581911325455
-0.50000000000000000000 -0.00599349895492196083
-0.49000000953674316400 -0.00600147899240255356
-0.47999998927116394000 -0.00599591806530952454
-0.46999999880790710400 -0.00597561895847320557
-0.46000000834465026800 -0.00597668578848242760
-0.44999998807907104500 -0.00598731916397809982
-0.43999999761581420900 -0.00599812483415007591
-0.43000000715255737300 -0.00599876511842012406
-0.41999998688697814900 -0.00600415188819169998
-0.40999999642372131300 -0.00599060114473104477
-0.40000000596046447700 -0.00597836403176188469
-0.38999998569488525400 -0.00598997902125120163
-0.37999999523162841800 -0.00597825692966580391
-0.37000000476837158200 -0.00596595183014869690
-0.36000001430511474600 -0.00597789697349071503
-0.34999999403953552200 -0.00599224120378494263
-0.34000000357627868600 -0.00599471479654312134
-0.33000001311302185100 -0.00601608585566282273
-0.31999999284744262700 -0.00601097801700234413
-0.31000000238418579100 -0.00599132617935538292
-0.30000001192092895500 -0.00599861098453402519
-0.28999999165534973100 -0.00599501514807343483
-0.28000000119209289500 -0.00597671093419194222
-0.27000001072883606000 -0.00597242405638098717
-0.25999999046325683600 -0.00598399806767702103
-0.25000000000000000000 -0.00599214807152748108
-0.23999999463558197000 -0.00599541002884507179
-0.23000000417232513400 -0.00600049318745732308
-0.21999999880790710400 -0.00598683999851346016
-0.20999999344348907500 -0.00595719087868928910
-0.20000000298023223900 -0.00596777210012078285
-0.18999999761581420900 -0.00595968496054410935
-0.18000000715255737300 -0.00593743985518813133
-0.17000000178813934300 -0.00593854906037449837
-0.15999999642372131300 -0.00594921503216028214
-0.15000000596046447800 -0.00596575206145644188
-0.14000000059604644800 -0.00596604496240615845
-0.12999999523162841800 -0.00597648182883858681
-0.11999999731779098500 -0.00596546893939375878
-0.10999999940395355200 -0.00594669720157980919
-0.10000000149011611900 -0.00596678303554654122
-0.09000000357627868650 -0.00596001278609037400
-0.07999999821186065670 -0.00593916280195116997
-0.07000000029802322390 -0.00595500506460666657
-0.05999999865889549260 -0.00596943777054548264
-0.05000000074505805970 -0.00597121799364686012
-0.03999999910593032840 -0.00599134713411331177
-0.02999999932944774630 -0.00598689122125506401
-0.01999999955296516420 -0.00596066890284419060
-0.00999999977648258210 -0.00596935814246535301
0.00000000000000000000 -0.00596917094662785530
0.00999999977648258210 -0.00596386706456542015
0.01999999955296516420 -0.00594860780984163284
0.02999999932944774630 -0.00595480622723698616
0.03999999910593032840 -0.00595704698935151100
0.05000000074505805970 -0.00597029319033026695
0.05999999865889549260 -0.00597653212025761604
0.07000000029802322390 -0.00597072299569845200
0.07999999821186065670 -0.00595797877758741379
0.09000000357627868650 -0.00594452489167451859
0.10000000149011611900 -0.00593878980726003647
0.10999999940395355200 -0.00593423284590244293
0.11999999731779098500 -0.00592369912192225456
0.12999999523162841800 -0.00592494988813996315
0.14000000059604644800 -0.00593896722421050072
0.15000000596046447800 -0.00595167605206370354
0.15999999642372131300 -0.00595425907522439957
0.17000000178813934300 -0.00595401506870985031
0.18000000715255737300 -0.00593890296295285225
0.18999999761581420900 -0.00593247776851058006
0.20000000298023223900 -0.00593817094340920448
0.20999999344348907500 -0.00592360179871320725
0.21999999880790710400 -0.00591587089002132416
0.23000000417232513400 -0.00592397199943661690
0.23999999463558197000 -0.00593484099954366684
0.25000000000000000000 -0.00594088109210133553
0.25999999046325683600 -0.00594991818070411682
0.27000001072883606000 -0.00594159122556447983
0.28000000119209289500 -0.00591532187536358834
0.28999999165534973100 -0.00591642316430807114
0.30000001192092895500 -0.00590763706713914871
0.31000000238418579100 -0.00587944779545068741
0.31999999284744262700 -0.00587050989270210266
0.33000001311302185100 -0.00587114691734313965
0.34000000357627868600 -0.00587393483147025108
0.34999999403953552200 -0.00586906401440501213
0.36000001430511474600 -0.00586938112974166870
0.37000000476837158200 -0.00584647711366415024
0.37999999523162841800 -0.00582122011110186577
0.38999998569488525400 -0.00581653509289026261
0.40000000596046447700 -0.00580290099605917931
0.40999999642372131300 -0.00577490404248237610
0.41999998688697814900 -0.00576189905405044556
0.43000000715255737300 -0.00575869111344218254
0.43999999761581420900 -0.00575090199708938599
0.44999998807907104500 -0.00572609994560480118
0.46000000834465026800 -0.00569994281977415085
0.46999999880790710400 -0.00564640993252396584
0.47999998927116394000 -0.00558740692213177681
0.49000000953674316400 -0.00553815485909581185
0.50000000000000000000 -0.00545102311298251152
0.50999999046325683600 -0.00534889800474047661
0.51999998092651367200 -0.00525273894891142845
0.52999997138977050800 -0.00513040088117122650
0.54000002145767211900 -0.00498101394623517990
0.55000001192092895500 -0.00481271697208285332
0.56000000238418579100 -0.00460497708991169930
0.56999999284744262700 -0.00435951584950089455
0.57999998331069946300 -0.00411361083388328552
0.58999997377395629900 -0.00384306698106229305
0.60000002384185791000 -0.00353856408037245274
0.61000001430511474600 -0.00323358899913728237
0.62000000476837158200 -0.00291468692012131214
0.62999999523162841800 -0.00258491304703056812
0.63999998569488525400 -0.00224548391997814179
0.64999997615814209000 -0.00189640000462532044
0.66000002622604370100 -0.00153507594950497150
0.67000001668930053700 -0.00116848503239452839
0.68000000715255737300 -0.00078080710954964161
0.68999999761581420900 -0.00042762450175359845
0.69999998807907104500 -0.00007351415843004361
0.70999997854232788100 0.00027135078562423587
0.72000002861022949200 0.00062269280897453427
0.73000001907348632800 0.00097471388289704919
0.74000000953674316400 0.00139714498072862625
0.75000000000000000000 0.00176840997301042080
0.75999999046325683600 0.00214648107066750526
0.76999998092651367200 0.00252153608016669750
0.77999997138977050800 0.00290120905265212059
0.79000002145767211900 0.00328257004730403423
0.80000001192092895500 0.00366797694005072117
0.81000000238418579100 0.00405341293662786484
0.81999999284744262700 0.00444517983123660088
0.82999998331069946300 0.00483658909797668457
0.83999997377395629900 0.00523820100352168083
0.85000002384185791000 0.00564979203045368195
0.86000001430511474600 0.00605825101956725121
0.87000000476837158200 0.00647321622818708420
0.87999999523162841800 0.00688304705545306206
0.88999998569488525400 0.00730076013132929802
0.89999997615814209000 0.00773083092644810677
0.91000002622604370100 0.00816035643219947815
0.92000001668930053700 0.00859309826046228409
0.93000000715255737300 0.00904615316540002823
0.93999999761581420900 0.00950209982693195343
0.94999998807907104500 0.00997474696487188340
0.95999997854232788100 0.01045821979641914370
0.97000002861022949200 0.01041887979954481120
0.98000001907348632800 0.01087049022316932680
0.99000000953674316400 0.01134259998798370360
1.00000000000000000000 0.01183682028204202650
