-1.00000000000000000000 -0.00582421477884054184
-0.99000000953674316400 -0.00581787014380097389
-0.98000001907348632800 -0.00582665205001831055
-0.97000002861022949200 -0.00585076492279767990
-0.95999997854232788100 -0.00584907783195376396
-0.94999998807907104500 -0.00585021404549479485
-0.93999999761581420900 -0.00585057819262146950
-0.93000000715255737300 -0.00582686811685562134
-0.92000001668930053700 -0.00583462789654731751
-0.91000002622604370100 -0.00583758577704429627
-0.89999997615814209000 -0.00580964284017682076
-0.88999998569488525400 -0.00582073489204049111
-0.87999999523162841800 -0.00584243983030319214
-0.87000000476837158200 -0.00583320902660489082
-0.86000001430511474600 -0.00584268011152744293
-0.85000002384185791000 -0.00585925299674272537
-0.83999997377395629900 -0.00581620587036013603
-0.82999998331069946300 -0.00581575697287917137
-0.81999999284744262700 -0.00582820503041148186
-0.81000000238418579100 -0.00579407485201954842
-0.80000001192092895500 -0.00579264108091592789
-0.79000002145767211900 -0.00581172481179237366
-0.77999997138977050800 -0.00580497598275542259
-0.76999998092651367200 -0.00582136912271380425
-0.75999999046325683600 -0.00585292512550950051
-0.75000000000000000000 -0.00582878384739160538
-0.74000000953674316400 -0.00581950182095170021
-0.73000001907348632800 -0.00584022700786590576
-0.72000002861022949200 -0.00581942498683929444
-0.70999997854232788100 -0.00580947892740368843
-0.69999998807907104500 -0.00582312606275081635
-0.68999999761581420900 -0.00581850018352270126
-0.68000000715255737300 -0.00583527982234954834
-0.67000001668930053700 -0.00585732189938426018
-0.66000002622604370100 -0.00585456797853112221
-0.64999997615814209000 -0.00585138285532593727
-0.63999998569488525400 -0.00583561090752482414
-0.62999999523162841800 -0.00583132822066545487
-0.62000000476837158200 -0.00583393685519695282
-0.61000001430511474600 -0.00581985618919134140
-0.60000002384185791000 -0.00581397721543908119
-0.58999997377395629900 -0.00582796521484851837
-0.57999998331069946300 -0.00584262982010841370
-0.56999999284744262700 -0.00583598809316754341
-0.56000000238418579100 -0.00585780804976820946
-0.55000001192092895500 -0.00584425311535596848
-0.54000002145767211900 -0.00580853084102272988
-0.52999997138977050800 -0.00582612305879592896
-0.51999998092651367200 -0.00582486391067504883
-0.50999999046325683600 -0.00579449580982327461
-0.50000000000000000000 -0.00580314500257372856
-0.49000000953674316400 -0.00581684522330760956
-0.47999998927116394000 -0.00581493414938449860
-0.46999999880790710400 -0.00583547493442893028
-0.46000000834465026800 -0.00584591785445809364
-0.44999998807907104500 -0.00582324201241135597
-0.43999999761581420900 -0.00581075018271803856
-0.43000000715255737300 -0.00582388602197170258
-0.41999998688697814900 -0.00580794084817171097
-0.40999999642372131300 -0.00579894520342350006
-0.40000000596046447700 -0.00580508401617407799
-0.38999998569488525400 -0.00580487400293350220
-0.37999999523162841800 -0.00583024509251117706
-0.37000000476837158200 -0.00583027116954326630
-0.36000001430511474600 -0.00583156105130910874
-0.34999999403953552200 -0.00582456309348344803
-0.34000000357627868600 -0.00580550916492938996
-0.33000001311302185100 -0.00580693688243627548
-0.31999999284744262700 -0.00580083206295967102
-0.31000000238418579100 -0.00578656420111656189
-0.30000001192092895500 -0.00578403985127806664
-0.28999999165534973100 -0.00580289121717214585
-0.28000000119209289500 -0.00580357201397418976
-0.27000001072883606000 -0.00580326886847615242
-0.25999999046325683600 -0.00581281213089823723
-0.25000000000000000000 -0.00578552205115556717
-0.23999999463558197000 -0.00577466608956456185
-0.23000000417232513400 -0.00579009391367435456
-0.21999999880790710400 -0.00576517917215824127
-0.20999999344348907500 -0.00575850391760468483
-0.20000000298023223900 -0.00578432111069560051
-0.18999999761581420900 -0.00578516395762562752
-0.18000000715255737300 -0.00579679990187287331
-0.17000000178813934300 -0.00582530302926898003
-0.15999999642372131300 -0.00581485405564308167
-0.15000000596046447800 -0.00579323200508952141
-0.14000000059604644800 -0.00581404799595475197
-0.12999999523162841800 -0.00579799292609095574
-0.11999999731779098500 -0.00577784702181816101
-0.10999999940395355200 -0.00579353794455528259
-0.10000000149011611900 -0.00578867597505450249
-0.09000000357627868650 -0.00580427283421158791
-0.07999999821186065670 -0.00582224084064364434
-0.07000000029802322390 -0.00581853603944182396
-0.05999999865889549260 -0.00580761022865772248
-0.05000000074505805970 -0.00579823600128293038
-0.03999999910593032840 -0.00578996213153004646
-0.02999999932944774630 -0.00578930694609880448
-0.01999999955296516420 -0.00578064611181616783
-0.00999999977648258210 -0.00576679501682519913
0.00000000000000000000 -0.00578117277473211289
0.00999999977648258210 -0.00578934280201792717
0.01999999955296516420 -0.00578924687579274178
0.02999999932944774630 -0.00579593190923333168
0.03999999910593032840 -0.00580317480489611626
0.05000000074505805970 -0.00576349999755620957
0.05999999865889549260 -0.00576280523091554642
0.07000000029802322390 -0.00577011983841657639
0.07999999821186065670 -0.00574014103040099144
0.09000000357627868650 -0.00573551980778574944
0.10000000149011611900 -0.00575658399611711502
0.10999999940395355200 -0.00575521681457757950
0.11999999731779098500 -0.00575540121644735336
0.12999999523162841800 -0.00578462984412908554
0.14000000059604644800 -0.00575242098420858383
0.15000000596046447800 -0.00572543311864137650
0.15999999642372131300 -0.00574523210525512696
0.17000000178813934300 -0.00572309084236621857
0.18000000715255737300 -0.00569981383159756661
0.18999999761581420900 -0.00571032008156180382
0.20000000298023223900 -0.00570102594792842865
0.20999999344348907500 -0.00570747302845120430
0.21999999880790710400 -0.00572045613080263138
0.23000000417232513400 -0.00570465903729200363
0.23999999463558197000 -0.00568654714152216912
0.25000000000000000000 -0.00566642777994275093
0.25999999046325683600 -0.00564780598506331444
0.27000001072883606000 -0.00563357817009091377
0.28000000119209289500 -0.00561304623261094094
0.28999999165534973100 -0.00558805000036954880
0.30000001192092895500 -0.00558890216052532196
0.31000000238418579100 -0.00559034990146756172
0.31999999284744262700 -0.00556082883849740029
0.33000001311302185100 -0.00555941881611943245
0.34000000357627868600 -0.00553633505478501320
0.34999999403953552200 -0.00549458200111985207
0.36000001430511474600 -0.00548788299784064293
0.37000000476837158200 -0.00546613009646534920
0.37999999523162841800 -0.00541835604235529900
0.38999998569488525400 -0.00540973199531435967
0.40000000596046447700 -0.00540021294727921486
0.40999999642372131300 -0.00536786997690796852
0.41999998688697814900 -0.00535358209162950516
0.43000000715255737300 -0.00532879214733839035
0.43999999761581420900 -0.00526470877230167389
0.44999998807907104500 -0.00523049011826515198
0.46000000834465026800 -0.00519358413293957710
0.46999999880790710400 -0.00513328984379768372
0.47999998927116394000 -0.00508945714682340622
0.49000000953674316400 -0.00504802493378520012
0.50000000000000000000 -0.00499489298090338707
0.50999999046325683600 -0.00495505286380648613
0.51999998092651367200 -0.00490021286532282829
0.52999997138977050800 -0.00481983320787549019
0.54000002145767211900 -0.00473328819498419762
0.55000001192092895500 -0.00465148314833641052
0.56000000238418579100 -0.00454282294958829880
0.56999999284744262700 -0.00442442810162901878
0.57999998331069946300 -0.00429562618955969811
0.58999997377395629900 -0.00414203805848956108
0.60000002384185791000 -0.00397871900349855423
0.61000001430511474600 -0.00377413397654891014
0.62000000476837158200 -0.00353503902442753315
0.62999999523162841800 -0.00325589999556541443
0.63999998569488525400 -0.00292711099609732628
0.64999997615814209000 -0.00257329689338803291
0.66000002622604370100 -0.00217911601066589356
0.67000001668930053700 -0.00172954297158867121
0.68000000715255737300 -0.00125092000234872103
0.68999999761581420900 -0.00073415489168837667
0.69999998807907104500 -0.00022178499784786254
0.70999997854232788100 0.00030894810333848000
0.72000002861022949200 0.00091263651847839356
0.73000001907348632800 0.00159823405556380749
0.74000000953674316400 0.00227366900071501732
0.75000000000000000000 0.00297530996613204479
0.75999999046325683600 0.00369051098823547363
0.76999998092651367200 0.00442726677283644676
0.77999997138977050800 0.00518395006656646729
0.79000002145767211900 0.00595720810815691948
0.80000001192092895500 0.00674660690128803253
0.81000000238418579100 0.00755627499893307686
0.81999999284744262700 0.00837566982954740525
0.82999998331069946300 0.00920125562697649002
0.83999997377395629900 0.01004294957965612410
0.85000002384185791000 0.01035317033529281620
0.86000001430511474600 0.01118525955826044080
0.87000000476837158200 0.01201166026294231410
0.87999999523162841800 0.01294642034918069840
0.88999998569488525400 0.01374190021306276320
0.89999997615814209000 0.01461757998913526540
0.91000002622604370100 0.01553141977638006210
0.92000001668930053700 0.01640889048576354980
0.93000000715255737300 0.01733779907226562500
0.93999999761581420900 0.01827584952116012570
0.94999998807907104500 0.01919127069413661960
0.95999997854232788100 0.02008803933858871460
0.97000002861022949200 0.02102890983223915100
0.98000001907348632800 0.02195839025080204010
0.99000000953674316400 0.02282747998833656310
1.00000000000000000000 0.02378184907138347630
