-1.00000000000000000000 -0.00604324415326118469
-0.99000000953674316400 -0.00604794919490814209
-0.98000001907348632800 -0.00605351896956562996
-0.97000002861022949200 -0.00604075985029339791
-0.95999997854232788100 -0.00603479985147714615
-0.94999998807907104500 -0.00604753009974956513
-0.93999999761581420900 -0.00605514319613575936
-0.93000000715255737300 -0.00606607599183917046
-0.92000001668930053700 -0.00607555219903588295
-0.91000002622604370100 -0.00605927687138319016
-0.89999997615814209000 -0.00604137405753135681
-0.88999998569488525400 -0.00605522282421588898
-0.87999999523162841800 -0.00604499597102403641
-0.87000000476837158200 -0.00602792110294103623
-0.86000001430511474600 -0.00602699723094701767
-0.85000002384185791000 -0.00604284880682826042
-0.83999997377395629900 -0.00604423088952898979
-0.82999998331069946300 -0.00604345090687274933
-0.81999999284744262700 -0.00604556500911712647
-0.81000000238418579100 -0.00602451479062438011
-0.80000001192092895500 -0.00601357687264680863
-0.79000002145767211900 -0.00602158391848206520
-0.77999997138977050800 -0.00600512977689504624
-0.76999998092651367200 -0.00599469011649489403
-0.75999999046325683600 -0.00600835308432579041
-0.75000000000000000000 -0.00601563183590769768
-0.74000000953674316400 -0.00602601002901792526
-0.73000001907348632800 -0.00604525208473205567
-0.72000002861022949200 -0.00603577401489019394
-0.70999997854232788100 -0.00601511914283037186
-0.69999998807907104500 -0.00603763386607170105
-0.68999999761581420900 -0.00603555003181099892
-0.68000000715255737300 -0.00600840477272868157
-0.67000001668930053700 -0.00602081697434186936
-0.66000002622604370100 -0.00602912018075585366
-0.64999997615814209000 -0.00603955285623669624
-0.63999998569488525400 -0.00605174107477068901
-0.62999999523162841800 -0.00606446713209152222
-0.62000000476837158200 -0.00604083202779293060
-0.61000001430511474600 -0.00603395421057939530
-0.60000002384185791000 -0.00604472588747739792
-0.58999997377395629900 -0.00603236490860581398
-0.57999998331069946300 -0.00602282118052244187
-0.56999999284744262700 -0.00602719280868768692
-0.56000000238418579100 -0.00603324500843882561
-0.55000001192092895500 -0.00604616198688745499
-0.54000002145767211900 -0.00605145702138543129
-0.52999997138977050800 -0.00604818714782595635
-0.51999998092651367200 -0.00602750200778245926
-0.50999999046325683600 -0.00602784985676407814
-0.50000000000000000000 -0.00603421591222286225
-0.49000000953674316400 -0.00601811381056904793
-0.47999998927116394000 -0.00600583385676145554
-0.46999999880790710400 -0.00602061301469802857
-0.46000000834465026800 -0.00602504098787903786
-0.44999998807907104500 -0.00603754119947552681
-0.43999999761581420900 -0.00604984816163778305
-0.43000000715255737300 -0.00603449111804366112
-0.41999998688697814900 -0.00601485976949334145
-0.40999999642372131300 -0.00603567203506827355
-0.40000000596046447700 -0.00602287892252206803
-0.38999998569488525400 -0.00600418588146567345
-0.37999999523162841800 -0.00601365789771080017
-0.37000000476837158200 -0.00601262087002396584
-0.36000001430511474600 -0.00602698512375354767
-0.34999999403953552200 -0.00603624479845166207
-0.34000000357627868600 -0.00603750301524996758
-0.33000001311302185100 -0.00602150382474064827
-0.31999999284744262700 -0.00600690999999642372
-0.31000000238418579100 -0.00600998103618621826
-0.30000001192092895500 -0.00599702307954430580
-0.28999999165534973100 -0.00598150305449962616
-0.28000000119209289500 -0.00598586117848753929
-0.27000001072883606000 -0.00599108682945370674
-0.25999999046325683600 -0.00600360613316297531
-0.25000000000000000000 -0.00601593591272830963
-0.23999999463558197000 -0.00600079912692308426
-0.23000000417232513400 -0.00598910078406333924
-0.21999999880790710400 -0.00599505286663770676
-0.20999999344348907500 -0.00599122792482376099
-0.20000000298023223900 -0.00597889581695199013
-0.18999999761581420900 -0.00598437804728746414
-0.18000000715255737300 -0.00599330198019742966
-0.17000000178813934300 -0.00600732583552598953
-0.15999999642372131300 -0.00601641181856393814
-0.15000000596046447800 -0.00602662516757845879
-0.14000000059604644800 -0.00601834803819656372
-0.12999999523162841800 -0.00599730201065540314
-0.11999999731779098500 -0.00601392891258001328
-0.10999999940395355200 -0.00601535616442561150
-0.10000000149011611900 -0.00599203398451209068
-0.09000000357627868650 -0.00600090902298688889
-0.07999999821186065670 -0.00600814400240778923
-0.07000000029802322390 -0.00601591914892196655
-0.05999999865889549260 -0.00602633599191904068
-0.05000000074505805970 -0.00602763285860419274
-0.03999999910593032840 -0.00600714189931750298
-0.02999999932944774630 -0.00599744310602545738
-0.01999999955296516420 -0.00599797209724783898
-0.00999999977648258210 -0.00598685583099722862
0.00000000000000000000 -0.00597101403400301934
0.00999999977648258210 -0.00597482500597834587
0.01999999955296516420 -0.00598301179707050324
0.02999999932944774630 -0.00599486008286476135
0.03999999910593032840 -0.00600417284294962883
0.05000000074505805970 -0.00600485177710652352
0.05999999865889549260 -0.00599904777482151985
0.07000000029802322390 -0.00597949000075459480
0.07999999821186065670 -0.00599202001467347145
0.09000000357627868650 -0.00598748214542865753
0.10000000149011611900 -0.00596321420744061470
0.10999999940395355200 -0.00597230996936559677
0.11999999731779098500 -0.00598735595121979714
0.12999999523162841800 -0.00599069008603692055
0.14000000059604644800 -0.00599728478118777275
0.15000000596046447800 -0.00599795393645763397
0.15999999642372131300 -0.00597353000193834305
0.17000000178813934300 -0.00597426202148199082
0.18000000715255737300 -0.00597379589453339577
0.18999999761581420900 -0.00595154799520969391
0.20000000298023223900 -0.00594330206513404846
0.20999999344348907500 -0.00594940502196550369
0.21999999880790710400 -0.00595380179584026337
0.23000000417232513400 -0.00595296919345855713
0.23999999463558197000 -0.00596078205853700638
0.25000000000000000000 -0.00594299612566828728
0.25999999046325683600 -0.00591281289234757424
0.27000001072883606000 -0.00592800788581371308
0.28000000119209289500 -0.00592054799199104309
0.28999999165534973100 -0.00589061994105577469
0.30000001192092895500 -0.00589858507737517357
0.31000000238418579100 -0.00590654602274298668
0.31999999284744262700 -0.00590905500575900078
0.33000001311302185100 -0.00592305604368448258
0.34000000357627868600 -0.00592118781059980393
0.34999999403953552200 -0.00589901115745306015
0.36000001430511474600 -0.00588448112830519676
0.37000000476837158200 -0.00588375423103570938
0.37999999523162841800 -0.00586322508752346039
0.38999998569488525400 -0.00584561517462134361
0.40000000596046447700 -0.00584131618961691857
0.40999999642372131300 -0.00583900092169642449
0.41999998688697814900 -0.00583258690312504769
0.43000000715255737300 -0.00582086388021707535
0.43999999761581420900 -0.00579337310045957566
0.44999998807907104500 -0.00574306817725300789
0.46000000834465026800 -0.00571834621950984001
0.46999999880790710400 -0.00567978713661432266
0.47999998927116394000 -0.00560865597799420357
0.49000000953674316400 -0.00554647902026772499
0.50000000000000000000 -0.00547997606918215752
0.50999999046325683600 -0.00539596797898411751
0.51999998092651367200 -0.00528466422110795975
0.52999997138977050800 -0.00515803508460521698
0.54000002145767211900 -0.00498715601861476898
0.55000001192092895500 -0.00478828279301524162
0.56000000238418579100 -0.00459268782287836075
0.56999999284744262700 -0.00435076979920268059
0.57999998331069946300 -0.00407702615484595299
0.58999997377395629900 -0.00380490906536579132
0.60000002384185791000 -0.00350902602076530457
0.61000001430511474600 -0.00319936405867338181
0.62000000476837158200 -0.00287518603727221489
0.62999999523162841800 -0.00253195897676050663
0.63999998569488525400 -0.00217547197826206684
0.64999997615814209000 -0.00182114494964480400
0.66000002622604370100 -0.00146405503619462252
0.67000001668930053700 -0.00109763001091778278
0.68000000715255737300 -0.00071094947634264827
0.68999999761581420900 -0.00036268419353291392
0.69999998807907104500 -0.00001157888982561417
0.70999997854232788100 0.00033786139101721346
0.72000002861022949200 0.00068888918031007051
0.73000001907348632800 0.00104042794555425644
0.74000000953674316400 0.00146303698420524597
0.75000000000000000000 0.00182837899774312973
0.75999999046325683600 0.00219775200821459293
0.76999998092651367200 0.00257130688987672329
0.77999997138977050800 0.00294544990174472332
0.79000002145767211900 0.00332057103514671326
0.80000001192092895500 0.00370399793609976769
0.81000000238418579100 0.00408978806808590889
0.81999999284744262700 0.00448802812024950981
0.82999998331069946300 0.00489069102331995964
0.83999997377395629900 0.00529759889468550682
0.85000002384185791000 0.00570569979026913643
0.86000001430511474600 0.00612165592610836029
0.87000000476837158200 0.00655168201774358750
0.87999999523162841800 0.00698231207206845284
0.88999998569488525400 0.00741886813193559647
0.89999997615814209000 0.00786722544580698014
0.91000002622604370100 0.00833348371088504792
0.92000001668930053700 0.00881606619805097580
0.93000000715255737300 0.00929282233119010926
0.93999999761581420900 0.00977234821766614914
0.94999998807907104500 0.01025327015668153760
0.95999997854232788100 0.01025046966969966890
0.97000002861022949200 0.01072006020694971080
0.98000001907348632800 0.01120282988995313640
0.99000000953674316400 0.01165848970413208010
1.00000000000000000000 0.01216643024235963820
