-1.00000000000000000000 -0.00590457301586866379
-0.99000000953674316400 -0.00589510612189769745
-0.98000001907348632800 -0.00588335096836090088
-0.97000002861022949200 -0.00589954620227217674
-0.95999997854232788100 -0.00591778196394443512
-0.94999998807907104500 -0.00591529905796051026
-0.93999999761581420900 -0.00592979509383440018
-0.93000000715255737300 -0.00592949893325567246
-0.92000001668930053700 -0.00590258697047829628
-0.91000002622604370100 -0.00592244602739810944
-0.89999997615814209000 -0.00592479715123772621
-0.88999998569488525400 -0.00589905912056565285
-0.87999999523162841800 -0.00590739911422133446
-0.87000000476837158200 -0.00592194590717554093
-0.86000001430511474600 -0.00592704722657799721
-0.85000002384185791000 -0.00593716697767376900
-0.83999997377395629900 -0.00594669720157980919
-0.82999998331069946300 -0.00592360179871320725
-0.81999999284744262700 -0.00591180706396698952
-0.81000000238418579100 -0.00592504302039742470
-0.80000001192092895500 -0.00589892594143748284
-0.79000002145767211900 -0.00589289423078298569
-0.77999997138977050800 -0.00589561788365244866
-0.76999998092651367200 -0.00589159084483981133
-0.75999999046325683600 -0.00590506521984934807
-0.75000000000000000000 -0.00590702705085277558
-0.74000000953674316400 -0.00589528307318687439
-0.73000001907348632800 -0.00588223896920681000
-0.72000002861022949200 -0.00587319210171699524
-0.70999997854232788100 -0.00586806889623403549
-0.69999998807907104500 -0.00586022902280092240
-0.68999999761581420900 -0.00585331022739410401
-0.68000000715255737300 -0.00585791515186429024
-0.67000001668930053700 -0.00587457278743386269
-0.66000002622604370100 -0.00588618079200387001
-0.64999997615814209000 -0.00588457891717553139
-0.63999998569488525400 -0.00589334405958652496
-0.62999999523162841800 -0.00587494578212499619
-0.62000000476837158200 -0.00587397208437323570
-0.61000001430511474600 -0.00588178215548396111
-0.60000002384185791000 -0.00586507795378565788
-0.58999997377395629900 -0.00585920410230755806
-0.57999998331069946300 -0.00587289780378341675
-0.56999999284744262700 -0.00588122615590691567
-0.56000000238418579100 -0.00588348601013422012
-0.55000001192092895500 -0.00589983677491545677
-0.54000002145767211900 -0.00588726392015814781
-0.52999997138977050800 -0.00586158782243728638
-0.51999998092651367200 -0.00587880099192261696
-0.50999999046325683600 -0.00586904399096965790
-0.50000000000000000000 -0.00584810087457299233
-0.49000000953674316400 -0.00585676683112978935
-0.47999998927116394000 -0.00585940899327397347
-0.46999999880790710400 -0.00586288096383213997
-0.46000000834465026800 -0.00587709387764334679
-0.44999998807907104500 -0.00587430922314524651
-0.43999999761581420900 -0.00586047722026705742
-0.43000000715255737300 -0.00585137121379375458
-0.41999998688697814900 -0.00585113791748881340
-0.40999999642372131300 -0.00584087800234556198
-0.40000000596046447700 -0.00583720905706286431
-0.38999998569488525400 -0.00583562580868601799
-0.37999999523162841800 -0.00584739400073885918
-0.37000000476837158200 -0.00586670590564608574
-0.36000001430511474600 -0.00586608797311782837
-0.34999999403953552200 -0.00587148498743772507
-0.34000000357627868600 -0.00586755713447928429
-0.33000001311302185100 -0.00585374608635902405
-0.31999999284744262700 -0.00585580291226506233
-0.31000000238418579100 -0.00585522502660751343
-0.30000001192092895500 -0.00584049196913838387
-0.28999999165534973100 -0.00584460515528917313
-0.28000000119209289500 -0.00586239714175462723
-0.27000001072883606000 -0.00586058106273412705
-0.25999999046325683600 -0.00586813502013683319
-0.25000000000000000000 -0.00586673989892005921
-0.23999999463558197000 -0.00583518110215663910
-0.23000000417232513400 -0.00584068801254034043
-0.21999999880790710400 -0.00584081420674920082
-0.20999999344348907500 -0.00580549286678433418
-0.20000000298023223900 -0.00580420205369591713
-0.18999999761581420900 -0.00581300910562276840
-0.18000000715255737300 -0.00580337783321738243
-0.17000000178813934300 -0.00581468502059578896
-0.15999999642372131300 -0.00582533515989780426
-0.15000000596046447800 -0.00580387888476252556
-0.14000000059604644800 -0.00578870903700590134
-0.12999999523162841800 -0.00580335920676589012
-0.11999999731779098500 -0.00578542705625295639
-0.10999999940395355200 -0.00577447796240448952
-0.10000000149011611900 -0.00578440492972731590
-0.09000000357627868650 -0.00578127289190888405
-0.07999999821186065670 -0.00580320600420236588
-0.07000000029802322390 -0.00581330386921763420
-0.05999999865889549260 -0.00581039488315582276
-0.05000000074505805970 -0.00580787286162376404
-0.03999999910593032840 -0.00579148298129439354
-0.02999999932944774630 -0.00578900519758462906
-0.01999999955296516420 -0.00579162221401929856
-0.00999999977648258210 -0.00577710708603262902
0.00000000000000000000 -0.00577039597555994988
0.00999999977648258210 -0.00577548192813992500
0.01999999955296516420 -0.00579224107787013054
0.02999999932944774630 -0.00578847900032997132
0.03999999910593032840 -0.00579369021579623223
0.05000000074505805970 -0.00579496985301375389
0.05999999865889549260 -0.00576652586460113526
0.07000000029802322390 -0.00577368307858705521
0.07999999821186065670 -0.00577541999518871308
0.09000000357627868650 -0.00574641814455389977
0.10000000149011611900 -0.00574452895671129227
0.10999999940395355200 -0.00575486198067665100
0.11999999731779098500 -0.00575248384848237038
0.12999999523162841800 -0.00575735280290246010
0.14000000059604644800 -0.00577613105997443199
0.15000000596046447800 -0.00575260119512677193
0.15999999642372131300 -0.00573456194251775742
0.17000000178813934300 -0.00574742909520864487
0.18000000715255737300 -0.00573544809594750405
0.18999999761581420900 -0.00571491383016109467
0.20000000298023223900 -0.00572065403684973717
0.20999999344348907500 -0.00571770593523979187
0.21999999880790710400 -0.00572517281398177147
0.23000000417232513400 -0.00573363015428185463
0.23999999463558197000 -0.00571854505687952042
0.25000000000000000000 -0.00570610212162137032
0.25999999046325683600 -0.00568380299955606461
0.27000001072883606000 -0.00567332282662391663
0.28000000119209289500 -0.00565607799217104912
0.28999999165534973100 -0.00562702212482690811
0.30000001192092895500 -0.00559845706447958946
0.31000000238418579100 -0.00558436801657080650
0.31999999284744262700 -0.00556707801297307015
0.33000001311302185100 -0.00552709214389324188
0.34000000357627868600 -0.00549559015780687332
0.34999999403953552200 -0.00543972477316856384
0.36000001430511474600 -0.00536513095721602440
0.37000000476837158200 -0.00531607819721102715
0.37999999523162841800 -0.00524379219859838486
0.38999998569488525400 -0.00515174819156527519
0.40000000596046447700 -0.00508091598749160767
0.40999999642372131300 -0.00499872304499149323
0.41999998688697814900 -0.00490075303241610527
0.43000000715255737300 -0.00480595091357827187
0.43999999761581420900 -0.00469414703547954559
0.44999998807907104500 -0.00455950712785124779
0.46000000834465026800 -0.00443239696323871613
0.46999999880790710400 -0.00429904880002140999
0.47999998927116394000 -0.00414305180311203003
0.49000000953674316400 -0.00399321923032402992
0.50000000000000000000 -0.00384002202190458775
0.50999999046325683600 -0.00367417000234127045
0.51999998092651367200 -0.00350936106406152248
0.52999997138977050800 -0.00333510991185903549
0.54000002145767211900 -0.00314814504235982895
0.55000001192092895500 -0.00295888003893196583
0.56000000238418579100 -0.00277005811221897602
0.56999999284744262700 -0.00257036206312477589
0.57999998331069946300 -0.00236941804178059101
0.58999997377395629900 -0.00216821394860744476
0.60000002384185791000 -0.00196218700148165226
0.61000001430511474600 -0.00175884296186268330
0.62000000476837158200 -0.00154803297482430935
0.62999999523162841800 -0.00133426801767200232
0.63999998569488525400 -0.00111755903344601393
0.64999997615814209000 -0.00085761147784069181
0.66000002622604370100 -0.00064626871608197689
0.67000001668930053700 -0.00043496789294295013
0.68000000715255737300 -0.00021925789769738913
0.68999999761581420900 -0.00000277815001936688
0.69999998807907104500 0.00021173860295675695
0.70999997854232788100 0.00043044090853072703
0.72000002861022949200 0.00064810871845111251
0.73000001907348632800 0.00086968950927257538
0.74000000953674316400 0.00114476901944726706
0.75000000000000000000 0.00138035602867603302
0.75999999046325683600 0.00161624897737056017
0.76999998092651367200 0.00185238500125706196
0.77999997138977050800 0.00208990299142897129
0.79000002145767211900 0.00232915091328322888
0.80000001192092895500 0.00256988010369241238
0.81000000238418579100 0.00281284400261938572
0.81999999284744262700 0.00305516296066343784
0.82999998331069946300 0.00329789589159190655
0.83999997377395629900 0.00354276201687753201
0.85000002384185791000 0.00378682604059576988
0.86000001430511474600 0.00403140392154455185
0.87000000476837158200 0.00427621789276599884
0.87999999523162841800 0.00452182814478874207
0.88999998569488525400 0.00476801395416259766
0.89999997615814209000 0.00501593621447682381
0.91000002622604370100 0.00526414019986987114
0.92000001668930053700 0.00551195209845900536
0.93000000715255737300 0.00576051883399486542
0.93999999761581420900 0.00601067999377846718
0.94999998807907104500 0.00626029819250106812
0.95999997854232788100 0.00650991313159465790
0.97000002861022949200 0.00676068197935819626
0.98000001907348632800 0.00701170321553945542
0.99000000953674316400 0.00726311700418591500
1.00000000000000000000 0.00751514779403805733
