-1.00000000000000000000 -0.00599009217694401741
-0.99000000953674316400 -0.00598390819504857064
-0.98000001907348632800 -0.00595560390502214432
-0.97000002861022949200 -0.00597431417554616928
-0.95999997854232788100 -0.00597166083753108978
-0.94999998807907104500 -0.00594900315627455712
-0.93999999761581420900 -0.00595642393454909325
-0.93000000715255737300 -0.00597388483583927155
-0.92000001668930053700 -0.00598226813599467278
-0.91000002622604370100 -0.00600002193823456764
-0.89999997615814209000 -0.00600559590384364128
-0.88999998569488525400 -0.00599303189665079117
-0.87999999523162841800 -0.00598272914066910744
-0.87000000476837158200 -0.00599454017356038094
-0.86000001430511474600 -0.00598901184275746346
-0.85000002384185791000 -0.00597995100542902947
-0.83999997377395629900 -0.00597966788336634636
-0.82999998331069946300 -0.00599516322836279869
-0.81999999284744262700 -0.00600252579897642136
-0.81000000238418579100 -0.00601093890145421028
-0.80000001192092895500 -0.00600527413189411164
-0.79000002145767211900 -0.00598481483757495880
-0.77999997138977050800 -0.00599158694967627526
-0.76999998092651367200 -0.00599189195781946182
-0.75999999046325683600 -0.00596799701452255249
-0.75000000000000000000 -0.00596585823222994805
-0.74000000953674316400 -0.00597704388201236725
-0.73000001907348632800 -0.00598491122946143150
-0.72000002861022949200 -0.00599203677847981453
-0.70999997854232788100 -0.00600199587643146515
-0.69999998807907104500 -0.00599430687725543976
-0.68999999761581420900 -0.00597405014559626580
-0.68000000715255737300 -0.00599196087568998337
-0.67000001668930053700 -0.00598600506782531738
-0.66000002622604370100 -0.00596074899658560753
-0.64999997615814209000 -0.00597547413781285286
-0.63999998569488525400 -0.00598210282623767853
-0.62999999523162841800 -0.00598925398662686348
-0.62000000476837158200 -0.00600156420841813088
-0.61000001430511474600 -0.00600177701562643051
-0.60000002384185791000 -0.00597933679819107056
-0.58999997377395629900 -0.00597881292924284935
-0.57999998331069946300 -0.00598056614398956299
-0.56999999284744262700 -0.00596653902903199196
-0.56000000238418579100 -0.00595722813159227371
-0.55000001192092895500 -0.00596310384571552277
-0.54000002145767211900 -0.00597552116960287094
-0.52999997138977050800 -0.00597896100953221321
-0.51999998092651367200 -0.00598528096452355385
-0.50999999046325683600 -0.00597128318622708321
-0.50000000000000000000 -0.00594500778242945671
-0.49000000953674316400 -0.00595296220853924752
-0.47999998927116394000 -0.00595130678266286850
-0.46999999880790710400 -0.00592822022736072540
-0.46000000834465026800 -0.00592738995328545571
-0.44999998807907104500 -0.00594772305339574814
-0.43999999761581420900 -0.00595698319375514984
-0.43000000715255737300 -0.00596200209110975266
-0.41999998688697814900 -0.00597426202148199082
-0.40999999642372131300 -0.00595941208302974701
-0.40000000596046447700 -0.00594764482229948044
-0.38999998569488525400 -0.00596588803455233574
-0.37999999523162841800 -0.00595907587558031082
-0.37000000476837158200 -0.00593912787735462189
-0.36000001430511474600 -0.00595893012359738350
-0.34999999403953552200 -0.00597432209178805351
-0.34000000357627868600 -0.00597830303013324738
-0.33000001311302185100 -0.00599520979449152947
-0.31999999284744262700 -0.00598844094201922417
-0.31000000238418579100 -0.00595885189250111580
-0.30000001192092895500 -0.00598056521266698838
-0.28999999165534973100 -0.00597635889425873757
-0.28000000119209289500 -0.00594585482031106949
-0.27000001072883606000 -0.00595818180590867996
-0.25999999046325683600 -0.00596388289704918862
-0.25000000000000000000 -0.00596548197790980339
-0.23999999463558197000 -0.00597400404512882233
-0.23000000417232513400 -0.00597738381475210190
-0.21999999880790710400 -0.00596176087856292725
-0.20999999344348907500 -0.00594765599817037583
-0.20000000298023223900 -0.00595648400485515595
-0.18999999761581420900 -0.00594752421602606774
-0.18000000715255737300 -0.00593678094446659088
-0.17000000178813934300 -0.00594151811674237252
-0.15999999642372131300 -0.00595488585531711579
-0.15000000596046447800 -0.00596365518867969513
-0.14000000059604644800 -0.00597411114722490311
-0.12999999523162841800 -0.00597258098423480988
-0.11999999731779098500 -0.00594506319612264633
-0.10999999940395355200 -0.00594925181940197945
-0.10000000149011611900 -0.00595642300322651863
-0.09000000357627868650 -0.00592732988297939301
-0.07999999821186065670 -0.00592467002570629120
-0.07000000029802322390 -0.00593543378636240959
-0.05999999865889549260 -0.00593478698283433914
-0.05000000074505805970 -0.00594352791085839272
-0.03999999910593032840 -0.00594987720251083374
-0.02999999932944774630 -0.00593545520678162575
-0.01999999955296516420 -0.00591065315529704094
-0.00999999977648258210 -0.00592387095093727112
0.00000000000000000000 -0.00591113697737455368
0.00999999977648258210 -0.00588628184050321579
0.01999999955296516420 -0.00587943708524107933
0.02999999932944774630 -0.00587879680097103119
0.03999999910593032840 -0.00588450301438570023
0.05000000074505805970 -0.00588910421356558800
0.05999999865889549260 -0.00589414918795228005
0.07000000029802322390 -0.00587686104699969292
0.07999999821186065670 -0.00585902715101838112
0.09000000357627868650 -0.00586652895435690880
0.10000000149011611900 -0.00585683993995189667
0.10999999940395355200 -0.00583871500566601753
0.11999999731779098500 -0.00584248919039964676
0.12999999523162841800 -0.00584240397438406944
0.14000000059604644800 -0.00584984291344881058
0.15000000596046447800 -0.00585615588352084160
0.15999999642372131300 -0.00584253622218966484
0.17000000178813934300 -0.00582498591393232346
0.18000000715255737300 -0.00580865191295742989
0.18999999761581420900 -0.00579738710075616837
0.20000000298023223900 -0.00578305218368768692
0.20999999344348907500 -0.00575966481119394303
0.21999999880790710400 -0.00574382999911904335
0.23000000417232513400 -0.00574358087033033371
0.23999999463558197000 -0.00573116820305585861
0.25000000000000000000 -0.00571001088246703148
0.25999999046325683600 -0.00567899690940976143
0.27000001072883606000 -0.00562631990760564804
0.28000000119209289500 -0.00560484500601887703
0.28999999165534973100 -0.00555993476882576943
0.30000001192092895500 -0.00550072500482201576
0.31000000238418579100 -0.00545536307618021965
0.31999999284744262700 -0.00540850590914487839
0.33000001311302185100 -0.00535580189898610115
0.34000000357627868600 -0.00529693579301238060
0.34999999403953552200 -0.00522504607215523720
0.36000001430511474600 -0.00512985000386834145
0.37000000476837158200 -0.00503370817750692368
0.37999999523162841800 -0.00493812421336770058
0.38999998569488525400 -0.00482558505609631539
0.40000000596046447700 -0.00470427097752690315
0.40999999642372131300 -0.00458383886143565178
0.41999998688697814900 -0.00445830402895808220
0.43000000715255737300 -0.00432657916098833084
0.43999999761581420900 -0.00418863818049430847
0.44999998807907104500 -0.00402863183990120888
0.46000000834465026800 -0.00385825498960912228
0.46999999880790710400 -0.00370174902491271496
0.47999998927116394000 -0.00352668692357838154
0.49000000953674316400 -0.00334361009299755097
0.50000000000000000000 -0.00316912005655467510
0.50999999046325683600 -0.00299660395830869675
0.51999998092651367200 -0.00282363803125917912
0.52999997138977050800 -0.00264736311510205269
0.54000002145767211900 -0.00246890797279775143
0.55000001192092895500 -0.00228805607184767723
0.56000000238418579100 -0.00210481695830821991
0.56999999284744262700 -0.00193555699661374092
0.57999998331069946300 -0.00176264601759612560
0.58999997377395629900 -0.00158722605556249619
0.60000002384185791000 -0.00142346404027193785
0.61000001430511474600 -0.00126135000027716160
0.62000000476837158200 -0.00110160803887993097
0.62999999523162841800 -0.00090296147391200066
0.63999998569488525400 -0.00075060158269479871
0.64999997615814209000 -0.00060580158606171608
0.66000002622604370100 -0.00046395199024118483
0.67000001668930053700 -0.00032337370794266462
0.68000000715255737300 -0.00018128439842257649
0.68999999761581420900 -0.00004317081038607284
0.69999998807907104500 0.00006837757973698899
0.70999997854232788100 0.00023193410015664995
0.72000002861022949200 0.00037104988587088883
0.73000001907348632800 0.00051066768355667591
0.74000000953674316400 0.00064974947599694133
0.75000000000000000000 0.00079100107541307807
0.75999999046325683600 0.00093086552806198597
0.76999998092651367200 0.00112573197111487389
0.77999997138977050800 0.00127608794718980789
0.79000002145767211900 0.00142878002952784300
0.80000001192092895500 0.00157591095194220543
0.81000000238418579100 0.00173295196145772934
0.81999999284744262700 0.00189355900511145592
0.82999998331069946300 0.00205362192355096340
0.83999997377395629900 0.00221905088983476162
0.85000002384185791000 0.00238824193365871906
0.86000001430511474600 0.00255150208249688149
0.87000000476837158200 0.00272010010667145252
0.87999999523162841800 0.00290017807856202126
0.88999998569488525400 0.00307204993441700935
0.89999997615814209000 0.00324967410415410996
0.91000002622604370100 0.00343927205540239811
0.92000001668930053700 0.00362924998626112938
0.93000000715255737300 0.00382495904341340065
0.93999999761581420900 0.00402801111340522766
0.94999998807907104500 0.00422515114769339562
0.95999997854232788100 0.00441597215831279755
0.97000002861022949200 0.00463080219924449921
0.98000001907348632800 0.00483570294454693794
0.99000000953674316400 0.00503722904250025749
1.00000000000000000000 0.00524902716279029846
