-1.00000000000000000000 -0.00578372692689299584
-0.99000000953674316400 -0.00578663405030965805
-0.98000001907348632800 -0.00579665321856737137
-0.97000002861022949200 -0.00580996507778763771
-0.95999997854232788100 -0.00579108018428087235
-0.94999998807907104500 -0.00577305397018790245
-0.93999999761581420900 -0.00579525111243128777
-0.93000000715255737300 -0.00577443698421120644
-0.92000001668930053700 -0.00576152978464961052
-0.91000002622604370100 -0.00577534595504403114
-0.89999997615814209000 -0.00577360810711979866
-0.88999998569488525400 -0.00578467221930623055
-0.87999999523162841800 -0.00579486507922410965
-0.87000000476837158200 -0.00578888691961765290
-0.86000001430511474600 -0.00577578088268637657
-0.85000002384185791000 -0.00577209098264575005
-0.83999997377395629900 -0.00576755497604608536
-0.82999998331069946300 -0.00576046621426939964
-0.81999999284744262700 -0.00575813977047801018
-0.81000000238418579100 -0.00575718376785516739
-0.80000001192092895500 -0.00577459018677473068
-0.79000002145767211900 -0.00578774791210889816
-0.77999997138977050800 -0.00579455308616161347
-0.76999998092651367200 -0.00579310581088066101
-0.75999999046325683600 -0.00578615814447402954
-0.75000000000000000000 -0.00578109920024871826
-0.74000000953674316400 -0.00577965984120965004
-0.73000001907348632800 -0.00576757919043302536
-0.72000002861022949200 -0.00576212210580706597
-0.70999997854232788100 -0.00577214220538735390
-0.69999998807907104500 -0.00578931113705039025
-0.68999999761581420900 -0.00578600587323307991
-0.68000000715255737300 -0.00579768279567360878
-0.67000001668930053700 -0.00579371303319931030
-0.66000002622604370100 -0.00575794698670506478
-0.64999997615814209000 -0.00577064696699380875
-0.63999998569488525400 -0.00576442712917923928
-0.62999999523162841800 -0.00573097914457321167
-0.62000000476837158200 -0.00573415402323007584
-0.61000001430511474600 -0.00573958503082394600
-0.60000002384185791000 -0.00573643017560243607
-0.58999997377395629900 -0.00574627891182899475
-0.57999998331069946300 -0.00575574301183223725
-0.56999999284744262700 -0.00573043897747993469
-0.56000000238418579100 -0.00571929477155208588
-0.55000001192092895500 -0.00573282502591609955
-0.54000002145767211900 -0.00571840815246105194
-0.52999997138977050800 -0.00571297015994787216
-0.51999998092651367200 -0.00572192994877696037
-0.50999999046325683600 -0.00572462193667888642
-0.50000000000000000000 -0.00574250193312764168
-0.49000000953674316400 -0.00575537420809268952
-0.47999998927116394000 -0.00575148593634366989
-0.46999999880790710400 -0.00574542302638292313
-0.46000000834465026800 -0.00573559477925300598
-0.44999998807907104500 -0.00573971401900053024
-0.43999999761581420900 -0.00573160219937562943
-0.43000000715255737300 -0.00572366779670119286
-0.41999998688697814900 -0.00572221307083964348
-0.40999999642372131300 -0.00573584903031587601
-0.40000000596046447700 -0.00574560184031724930
-0.38999998569488525400 -0.00574512686580419541
-0.37999999523162841800 -0.00575483823195099831
-0.37000000476837158200 -0.00573649397119879723
-0.36000001430511474600 -0.00572447618469595909
-0.34999999403953552200 -0.00573103083297610283
-0.34000000357627868600 -0.00571530498564243317
-0.33000001311302185100 -0.00570107111707329750
-0.31999999284744262700 -0.00571169983595609665
-0.31000000238418579100 -0.00571962306275963783
-0.30000001192092895500 -0.00572048919275403023
-0.28999999165534973100 -0.00573620386421680451
-0.28000000119209289500 -0.00572350481525063515
-0.27000001072883606000 -0.00570377800613641739
-0.25999999046325683600 -0.00571490405127406120
-0.25000000000000000000 -0.00571197783574461937
-0.23999999463558197000 -0.00569277489557862282
-0.23000000417232513400 -0.00570276007056236267
-0.21999999880790710400 -0.00570805091410875321
-0.20999999344348907500 -0.00571950990706682205
-0.20000000298023223900 -0.00573378801345825196
-0.18999999761581420900 -0.00573842087760567665
-0.18000000715255737300 -0.00573011720553040505
-0.17000000178813934300 -0.00571304699406027794
-0.15999999642372131300 -0.00571998581290245056
-0.15000000596046447800 -0.00571296596899628639
-0.14000000059604644800 -0.00569979101419448853
-0.12999999523162841800 -0.00570113817229866982
-0.11999999731779098500 -0.00570269813761115074
-0.10999999940395355200 -0.00571295805275440216
-0.10000000149011611900 -0.00571335200220346451
-0.09000000357627868650 -0.00571475690230727196
-0.07999999821186065670 -0.00570165505632758141
-0.07000000029802322390 -0.00567653076723217964
-0.05999999865889549260 -0.00567944208160042763
-0.05000000074505805970 -0.00567408883944153786
-0.03999999910593032840 -0.00564651191234588623
-0.02999999932944774630 -0.00564810587093234062
-0.01999999955296516420 -0.00566205382347106934
-0.00999999977648258210 -0.00565972179174423218
0.00000000000000000000 -0.00566784618422389031
0.00999999977648258210 -0.00568010983988642693
0.01999999955296516420 -0.00566874397918581963
0.02999999932944774630 -0.00564516102895140648
0.03999999910593032840 -0.00566708017140626908
0.05000000074505805970 -0.00566072622314095497
0.05999999865889549260 -0.00563648017123341561
0.07000000029802322390 -0.00564989587292075157
0.07999999821186065670 -0.00565423397347331047
0.09000000357627868650 -0.00566164404153823853
0.10000000149011611900 -0.00567418383434414864
0.10999999940395355200 -0.00567614519968628884
0.11999999731779098500 -0.00566116999834775925
0.12999999523162841800 -0.00565135106444358826
0.14000000059604644800 -0.00565418414771556854
0.15000000596046447800 -0.00564269395545125008
0.15999999642372131300 -0.00563394790515303612
0.17000000178813934300 -0.00562997907400131226
0.18000000715255737300 -0.00563623989000916481
0.18999999761581420900 -0.00564643600955605507
0.20000000298023223900 -0.00564246298745274544
0.20999999344348907500 -0.00563825108110904694
0.21999999880790710400 -0.00562440417706966400
0.23000000417232513400 -0.00560301821678876877
0.23999999463558197000 -0.00559911783784627915
0.25000000000000000000 -0.00558405788615345955
0.25999999046325683600 -0.00555988121777772904
0.27000001072883606000 -0.00555772893130779267
0.28000000119209289500 -0.00555860716849565506
0.28999999165534973100 -0.00554401287809014321
0.30000001192092895500 -0.00553423305973410607
0.31000000238418579100 -0.00551701197400689125
0.31999999284744262700 -0.00546921184286475182
0.33000001311302185100 -0.00544558512046933174
0.34000000357627868600 -0.00541493622586131096
0.34999999403953552200 -0.00535188708454370499
0.36000001430511474600 -0.00530336704105138779
0.37000000476837158200 -0.00525636598467826843
0.37999999523162841800 -0.00519317807629704476
0.38999998569488525400 -0.00512347696349024773
0.40000000596046447700 -0.00505119888111948967
0.40999999642372131300 -0.00494643021374940872
0.41999998688697814900 -0.00483450386673212052
0.43000000715255737300 -0.00473328493535518646
0.43999999761581420900 -0.00460758805274963379
0.44999998807907104500 -0.00447417190298438072
0.46000000834465026800 -0.00434447219595313072
0.46999999880790710400 -0.00420279009267687798
0.47999998927116394000 -0.00406000111252069473
0.49000000953674316400 -0.00391113013029098511
0.50000000000000000000 -0.00374820595607161522
0.50999999046325683600 -0.00358047499321401119
0.51999998092651367200 -0.00340586504898965359
0.52999997138977050800 -0.00323067698627710342
0.54000002145767211900 -0.00305349705740809441
0.55000001192092895500 -0.00286890007555484772
0.56000000238418579100 -0.00268090190365910530
0.56999999284744262700 -0.00249549304135143757
0.57999998331069946300 -0.00230753910727798939
0.58999997377395629900 -0.00211058300919830799
0.60000002384185791000 -0.00191449199337512255
0.61000001430511474600 -0.00171257799956947565
0.62000000476837158200 -0.00150425604078918696
0.62999999523162841800 -0.00130128196906298399
0.63999998569488525400 -0.00109231297392398119
0.64999997615814209000 -0.00084222230361774564
0.66000002622604370100 -0.00064014142844825983
0.67000001668930053700 -0.00043745170114561915
0.68000000715255737300 -0.00022773399541620165
0.68999999761581420900 -0.00002598448918433860
0.69999998807907104500 0.00018259350326843560
0.70999997854232788100 0.00039221221231855452
0.72000002861022949200 0.00060447677969932556
0.73000001907348632800 0.00081798608880490065
0.74000000953674316400 0.00103033799678087235
0.75000000000000000000 0.00130236404947936535
0.75999999046325683600 0.00152915902435779572
0.76999998092651367200 0.00175643095280975103
0.77999997138977050800 0.00198411010205745697
0.79000002145767211900 0.00221166294068098068
0.80000001192092895500 0.00243874709121882916
0.81000000238418579100 0.00266940402798354626
0.81999999284744262700 0.00289973593316972256
0.82999998331069946300 0.00313168508000671864
0.83999997377395629900 0.00336584192700684071
0.85000002384185791000 0.00359754101373255253
0.86000001430511474600 0.00383181311190128327
0.87000000476837158200 0.00406774785369634628
0.87999999523162841800 0.00430158386006951332
0.88999998569488525400 0.00453673116862773895
0.89999997615814209000 0.00477301701903343201
0.91000002622604370100 0.00500867795199155808
0.92000001668930053700 0.00524620292708277702
0.93000000715255737300 0.00548401009291410446
0.93999999761581420900 0.00572267500683665276
0.94999998807907104500 0.00596136087551712990
0.95999997854232788100 0.00620015198364853859
0.97000002861022949200 0.00643971096724271774
0.98000001907348632800 0.00667959405109286308
0.99000000953674316400 0.00691872788593173027
1.00000000000000000000 0.00715904496610164643
