-1.00000000000000000000 -0.00598446791991591454
-0.99000000953674316400 -0.00596191501244902611
-0.98000001907348632800 -0.00595842394977807999
-0.97000002861022949200 -0.00597160588949918747
-0.95999997854232788100 -0.00597939314320683480
-0.94999998807907104500 -0.00598508492112159729
-0.93999999761581420900 -0.00598742114380002022
-0.93000000715255737300 -0.00597339915111660958
-0.92000001668930053700 -0.00596251711249351502
-0.91000002622604370100 -0.00597307179123163223
-0.89999997615814209000 -0.00595864001661539078
-0.88999998569488525400 -0.00595146417617797852
-0.87999999523162841800 -0.00595851801335811615
-0.87000000476837158200 -0.00596965476870536804
-0.86000001430511474600 -0.00598818715661764145
-0.85000002384185791000 -0.00599478278309106827
-0.83999997377395629900 -0.00599571503698825836
-0.82999998331069946300 -0.00597738381475210190
-0.81999999284744262700 -0.00599180022254586220
-0.81000000238418579100 -0.00598299782723188400
-0.80000001192092895500 -0.00596921611577272415
-0.79000002145767211900 -0.00597322313115000725
-0.77999997138977050800 -0.00597973214462399483
-0.76999998092651367200 -0.00599530013278126717
-0.75999999046325683600 -0.00600389903411269188
-0.75000000000000000000 -0.00600922806188464165
-0.74000000953674316400 -0.00600050110369920731
-0.73000001907348632800 -0.00598030397668480873
-0.72000002861022949200 -0.00598280690610408783
-0.70999997854232788100 -0.00597845483571290970
-0.69999998807907104500 -0.00596534600481390953
-0.68999999761581420900 -0.00595713220536708832
-0.68000000715255737300 -0.00596999702975153923
-0.67000001668930053700 -0.00597683293744921684
-0.66000002622604370100 -0.00597995892167091370
-0.64999997615814209000 -0.00598728703334927559
-0.63999998569488525400 -0.00597871979698538780
-0.62999999523162841800 -0.00595887284725904465
-0.62000000476837158200 -0.00597190903499722481
-0.61000001430511474600 -0.00596657022833824158
-0.60000002384185791000 -0.00595087604597210884
-0.58999997377395629900 -0.00595757318660616875
-0.57999998331069946300 -0.00597239099442958832
-0.56999999284744262700 -0.00598176103085279465
-0.56000000238418579100 -0.00598858902230858803
-0.55000001192092895500 -0.00599300395697355271
-0.54000002145767211900 -0.00597462709993124008
-0.52999997138977050800 -0.00597160309553146362
-0.51999998092651367200 -0.00597848184406757355
-0.50999999046325683600 -0.00596316391602158547
-0.50000000000000000000 -0.00595485698431730271
-0.49000000953674316400 -0.00596274994313716889
-0.47999998927116394000 -0.00597568321973085404
-0.46999999880790710400 -0.00598258711397647858
-0.46000000834465026800 -0.00599141884595155716
-0.44999998807907104500 -0.00597602920606732369
-0.43999999761581420900 -0.00595372589305043221
-0.43000000715255737300 -0.00595914386212825775
-0.41999998688697814900 -0.00595090212300419808
-0.40999999642372131300 -0.00592956412583589554
-0.40000000596046447700 -0.00592415081337094307
-0.38999998569488525400 -0.00593563821166753769
-0.37999999523162841800 -0.00594650022685527802
-0.37000000476837158200 -0.00595038803294301033
-0.36000001430511474600 -0.00596721004694700241
-0.34999999403953552200 -0.00595673779025673866
-0.34000000357627868600 -0.00593431200832128525
-0.33000001311302185100 -0.00595159502699971199
-0.31999999284744262700 -0.00594782503321766854
-0.31000000238418579100 -0.00593187613412737847
-0.30000001192092895500 -0.00593853602185845375
-0.28999999165534973100 -0.00595350610092282295
-0.28000000119209289500 -0.00596442213281989098
-0.27000001072883606000 -0.00597421592101454735
-0.25999999046325683600 -0.00597756216302514076
-0.25000000000000000000 -0.00596698978915810585
-0.23999999463558197000 -0.00595373893156647682
-0.23000000417232513400 -0.00596055993810296059
-0.21999999880790710400 -0.00595049792900681496
-0.20999999344348907500 -0.00593785801902413368
-0.20000000298023223900 -0.00594315677881240845
-0.18999999761581420900 -0.00595704605802893639
-0.18000000715255737300 -0.00596100883558392525
-0.17000000178813934300 -0.00596960820257663727
-0.15999999642372131300 -0.00596007611602544785
-0.15000000596046447800 -0.00594360195100307465
-0.14000000059604644800 -0.00593796698376536370
-0.12999999523162841800 -0.00593396881595253945
-0.11999999731779098500 -0.00591843994334340096
-0.10999999940395355200 -0.00591230206191539765
-0.10000000149011611900 -0.00591956218704581261
-0.09000000357627868650 -0.00593326101079583168
-0.07999999821186065670 -0.00593289313837885857
-0.07000000029802322390 -0.00595138315111398697
-0.05999999865889549260 -0.00594150600954890251
-0.05000000074505805970 -0.00591279007494449616
-0.03999999910593032840 -0.00593249220401048660
-0.02999999932944774630 -0.00593158276751637459
-0.01999999955296516420 -0.00590108521282672882
-0.00999999977648258210 -0.00591036118566989899
0.00000000000000000000 -0.00591982482001185417
0.00999999977648258210 -0.00592242600396275520
0.01999999955296516420 -0.00592940999194979668
0.02999999932944774630 -0.00594421895220875740
0.03999999910593032840 -0.00592209817841649056
0.05000000074505805970 -0.00590459490194916725
0.05999999865889549260 -0.00591395702213048935
0.07000000029802322390 -0.00589435081928968430
0.07999999821186065670 -0.00587245309725403786
0.09000000357627868650 -0.00587261794134974480
0.10000000149011611900 -0.00587472785264253616
0.10999999940395355200 -0.00587152503430843353
0.11999999731779098500 -0.00587158882990479470
0.12999999523162841800 -0.00586871383711695671
0.14000000059604644800 -0.00584590388461947441
0.15000000596046447800 -0.00582110602408647537
0.15999999642372131300 -0.00582124199718236923
0.17000000178813934300 -0.00580244977027177811
0.18000000715255737300 -0.00578120304271578789
0.18999999761581420900 -0.00578183308243751526
0.20000000298023223900 -0.00578102096915245056
0.20999999344348907500 -0.00578124821186065674
0.21999999880790710400 -0.00577811384573578835
0.23000000417232513400 -0.00576707720756530762
0.23999999463558197000 -0.00573656801134347916
0.25000000000000000000 -0.00571671221405267716
0.25999999046325683600 -0.00570051278918981552
0.27000001072883606000 -0.00565769290551543236
0.28000000119209289500 -0.00563048804178833962
0.28999999165534973100 -0.00560855679214000702
0.30000001192092895500 -0.00557633209973573685
0.31000000238418579100 -0.00555016985163092613
0.31999999284744262700 -0.00552230980247259140
0.33000001311302185100 -0.00545193720608949661
0.34000000357627868600 -0.00538322096690535546
0.34999999403953552200 -0.00532919587567448616
0.36000001430511474600 -0.00524669094011187554
0.37000000476837158200 -0.00515620596706867218
0.37999999523162841800 -0.00507241580635309220
0.38999998569488525400 -0.00498417299240827561
0.40000000596046447700 -0.00488826399669051170
0.40999999642372131300 -0.00478102779015898705
0.41999998688697814900 -0.00466722808778285980
0.43000000715255737300 -0.00452173920348286629
0.43999999761581420900 -0.00437297113239765167
0.44999998807907104500 -0.00423427717760205269
0.46000000834465026800 -0.00407201005145907402
0.46999999880790710400 -0.00390360597521066666
0.47999998927116394000 -0.00373917096294462681
0.49000000953674316400 -0.00356880109757184982
0.50000000000000000000 -0.00339587009511888027
0.50999999046325683600 -0.00321478093974292278
0.51999998092651367200 -0.00303021608851850033
0.52999997138977050800 -0.00283265393227338791
0.54000002145767211900 -0.00264487997628748417
0.55000001192092895500 -0.00245990394614636898
0.56000000238418579100 -0.00226382096298038960
0.56999999284744262700 -0.00207695201970636845
0.57999998331069946300 -0.00189857697114348412
0.58999997377395629900 -0.00171973300166428089
0.60000002384185791000 -0.00154502899385988712
0.61000001430511474600 -0.00137855694629251957
0.62000000476837158200 -0.00120153196621686220
0.62999999523162841800 -0.00102983904071152210
0.63999998569488525400 -0.00084061891539022326
0.64999997615814209000 -0.00067829980980604887
0.66000002622604370100 -0.00052375660743564367
0.67000001668930053700 -0.00036985610495321453
0.68000000715255737300 -0.00022122080554254353
0.68999999761581420900 -0.00007454729347955436
0.69999998807907104500 0.00004066774999955669
0.70999997854232788100 0.00021678159828297794
0.72000002861022949200 0.00036181148607283831
0.73000001907348632800 0.00050733878742903471
0.74000000953674316400 0.00065266317687928677
0.75000000000000000000 0.00079964438918977976
0.75999999046325683600 0.00094714638544246554
0.76999998092651367200 0.00115455500781536102
0.77999997138977050800 0.00130938296206295490
0.79000002145767211900 0.00146923703141510487
0.80000001192092895500 0.00163423002231866121
0.81000000238418579100 0.00180302804801613092
0.81999999284744262700 0.00197259592823684216
0.82999998331069946300 0.00214966596104204655
0.83999997377395629900 0.00232363492250442505
0.85000002384185791000 0.00249406904913485050
0.86000001430511474600 0.00268224603496491909
0.87000000476837158200 0.00286637200042605400
0.87999999523162841800 0.00304077495820820332
0.88999998569488525400 0.00323324603959918022
0.89999997615814209000 0.00342882098630070686
0.91000002622604370100 0.00362298497930169106
0.92000001668930053700 0.00382442306727170944
0.93000000715255737300 0.00402877479791641235
0.93999999761581420900 0.00422302586957812309
0.94999998807907104500 0.00442068697884678841
0.95999997854232788100 0.00463693588972091675
0.97000002861022949200 0.00484118983149528504
0.98000001907348632800 0.00504675693809986115
0.99000000953674316400 0.00526853092014789581
1.00000000000000000000 0.00550004607066512108
