-1.00000000000000000000 -0.00568423420190811157
-0.99000000953674316400 -0.00568570895120501518
-0.98000001907348632800 -0.00568457599729299545
-0.97000002861022949200 -0.00567168183624744415
-0.95999997854232788100 -0.00567393796518445015
-0.94999998807907104500 -0.00567799014970660210
-0.93999999761581420900 -0.00566338887438178063
-0.93000000715255737300 -0.00566681800410151482
-0.92000001668930053700 -0.00569751812145113945
-0.91000002622604370100 -0.00569012388586997986
-0.89999997615814209000 -0.00570389023050665856
-0.88999998569488525400 -0.00570537801831960678
-0.87999999523162841800 -0.00567214190959930420
-0.87000000476837158200 -0.00568530708551406861
-0.86000001430511474600 -0.00569442706182599068
-0.85000002384185791000 -0.00565480114892125130
-0.83999997377395629900 -0.00566565291956067085
-0.82999998331069946300 -0.00568639393895864487
-0.81999999284744262700 -0.00567657779902219773
-0.81000000238418579100 -0.00568969501182436943
-0.80000001192092895500 -0.00570108089596033096
-0.79000002145767211900 -0.00567090790718793869
-0.77999997138977050800 -0.00566843291744589806
-0.76999998092651367200 -0.00567491305992007256
-0.75999999046325683600 -0.00565177388489246369
-0.75000000000000000000 -0.00564802298322319985
-0.74000000953674316400 -0.00566259212791919708
-0.73000001907348632800 -0.00566053576767444611
-0.72000002861022949200 -0.00567792123183608055
-0.70999997854232788100 -0.00568962283432483673
-0.69999998807907104500 -0.00567504111677408219
-0.68999999761581420900 -0.00566011806949973107
-0.68000000715255737300 -0.00567359710112214089
-0.67000001668930053700 -0.00566101912409067154
-0.66000002622604370100 -0.00565462280064821243
-0.64999997615814209000 -0.00565740978345274925
-0.63999998569488525400 -0.00565784284844994545
-0.62999999523162841800 -0.00568384490907192230
-0.62000000476837158200 -0.00568182906135916710
-0.61000001430511474600 -0.00568226398900151253
-0.60000002384185791000 -0.00568168796598911286
-0.58999997377395629900 -0.00566237512975931168
-0.57999998331069946300 -0.00566320912912487984
-0.56999999284744262700 -0.00566002679988741875
-0.56000000238418579100 -0.00564223993569612503
-0.55000001192092895500 -0.00565232522785663605
-0.54000002145767211900 -0.00567299406975507736
-0.52999997138977050800 -0.00566245196387171745
-0.51999998092651367200 -0.00567540805786848068
-0.50999999046325683600 -0.00567077100276947022
-0.50000000000000000000 -0.00564152700826525688
-0.49000000953674316400 -0.00566042121499776840
-0.47999998927116394000 -0.00565749313682317734
-0.46999999880790710400 -0.00562898488715291023
-0.46000000834465026800 -0.00564263109117746353
-0.44999998807907104500 -0.00566014600917696953
-0.43999999761581420900 -0.00565774505957961083
-0.43000000715255737300 -0.00568006886169314385
-0.41999998688697814900 -0.00567385880276560784
-0.40999999642372131300 -0.00564964488148689270
-0.40000000596046447700 -0.00566112622618675232
-0.38999998569488525400 -0.00565878022462129593
-0.37999999523162841800 -0.00563351390883326531
-0.37000000476837158200 -0.00565317599102854729
-0.36000001430511474600 -0.00565449707210063934
-0.34999999403953552200 -0.00566182704642415047
-0.34000000357627868600 -0.00568374712020158768
-0.33000001311302185100 -0.00567610422149300575
-0.31999999284744262700 -0.00566167896613478661
-0.31000000238418579100 -0.00566035695374011994
-0.30000001192092895500 -0.00565306516364216805
-0.28999999165534973100 -0.00564687512814998627
-0.28000000119209289500 -0.00564268091693520546
-0.27000001072883606000 -0.00563440378755331040
-0.25999999046325683600 -0.00564464181661605835
-0.25000000000000000000 -0.00566774420440196991
-0.23999999463558197000 -0.00565661722794175148
-0.23000000417232513400 -0.00565670384094119072
-0.21999999880790710400 -0.00565451197326183319
-0.20999999344348907500 -0.00563994795083999634
-0.20000000298023223900 -0.00564129278063774109
-0.18999999761581420900 -0.00563469715416431427
-0.18000000715255737300 -0.00562105001881718636
-0.17000000178813934300 -0.00562818301841616631
-0.15999999642372131300 -0.00565137108787894249
-0.15000000596046447800 -0.00564181199297308922
-0.14000000059604644800 -0.00565382000058889389
-0.12999999523162841800 -0.00564930401742458344
-0.11999999731779098500 -0.00562148913741111756
-0.10999999940395355200 -0.00563714001327753067
-0.10000000149011611900 -0.00563411787152290344
-0.09000000357627868650 -0.00560720777139067650
-0.07999999821186065670 -0.00562002602964639664
-0.07000000029802322390 -0.00563397677615284920
-0.05999999865889549260 -0.00563220120966434479
-0.05000000074505805970 -0.00564474007114768028
-0.03999999910593032840 -0.00565014593303203583
-0.02999999932944774630 -0.00562388589605689049
-0.01999999955296516420 -0.00562234222888946533
-0.00999999977648258210 -0.00563148502260446549
0.00000000000000000000 -0.00560673279687762261
0.00999999977648258210 -0.00560152297839522362
0.01999999955296516420 -0.00561707885935902596
0.02999999932944774630 -0.00560809718444943428
0.03999999910593032840 -0.00562105607241392136
0.05000000074505805970 -0.00563389016315340996
0.05999999865889549260 -0.00562154594808816910
0.07000000029802322390 -0.00560843711718916893
0.07999999821186065670 -0.00560544617474079132
0.09000000357627868650 -0.00559721980243921280
0.10000000149011611900 -0.00559060322120785713
0.10999999940395355200 -0.00558700505644083023
0.11999999731779098500 -0.00557695515453815460
0.12999999523162841800 -0.00559619395062327385
0.14000000059604644800 -0.00560247991234064102
0.15000000596046447800 -0.00560265313833951950
0.15999999642372131300 -0.00559582421556115151
0.17000000178813934300 -0.00557575514540076256
0.18000000715255737300 -0.00557570578530430794
0.18999999761581420900 -0.00557672185823321343
0.20000000298023223900 -0.00555174378678202629
0.20999999344348907500 -0.00554088922217488289
0.21999999880790710400 -0.00555570516735315323
0.23000000417232513400 -0.00555721484124660492
0.23999999463558197000 -0.00554931210353970528
0.25000000000000000000 -0.00555279012769460678
0.25999999046325683600 -0.00553151220083236694
0.27000001072883606000 -0.00549866678193211556
0.28000000119209289500 -0.00550858303904533386
0.28999999165534973100 -0.00548300892114639282
0.30000001192092895500 -0.00545068178325891495
0.31000000238418579100 -0.00544852204620838165
0.31999999284744262700 -0.00543585512787103653
0.33000001311302185100 -0.00542472116649150849
0.34000000357627868600 -0.00542658707126975060
0.34999999403953552200 -0.00538850203156471253
0.36000001430511474600 -0.00534544419497251511
0.37000000476837158200 -0.00533952377736568451
0.37999999523162841800 -0.00529694696888327599
0.38999998569488525400 -0.00524802086874842644
0.40000000596046447700 -0.00523331714794039726
0.40999999642372131300 -0.00519379600882530213
0.41999998688697814900 -0.00517045892775058746
0.43000000715255737300 -0.00514909578487277031
0.43999999761581420900 -0.00510221580043435097
0.44999998807907104500 -0.00505045987665653229
0.46000000834465026800 -0.00500317523255944252
0.46999999880790710400 -0.00495223421603441239
0.47999998927116394000 -0.00489771598950028420
0.49000000953674316400 -0.00483947480097413063
0.50000000000000000000 -0.00477282190695405007
0.50999999046325683600 -0.00472320290282368660
0.51999998092651367200 -0.00466463202610611916
0.52999997138977050800 -0.00458358181640505791
0.54000002145767211900 -0.00449726218357682228
0.55000001192092895500 -0.00439673708751797676
0.56000000238418579100 -0.00428442703559994698
0.56999999284744262700 -0.00416267476975917816
0.57999998331069946300 -0.00401008920744061470
0.58999997377395629900 -0.00383708998560905457
0.60000002384185791000 -0.00365428603254258633
0.61000001430511474600 -0.00343840289860963822
0.62000000476837158200 -0.00318049197085201740
0.62999999523162841800 -0.00289201107807457447
0.63999998569488525400 -0.00255117099732160568
0.64999997615814209000 -0.00216153590008616448
0.66000002622604370100 -0.00175046094227582216
0.67000001668930053700 -0.00128328404389321804
0.68000000715255737300 -0.00076549791265279055
0.68999999761581420900 -0.00026539919781498611
0.69999998807907104500 0.00025023150374181569
0.70999997854232788100 0.00086706917500123382
0.72000002861022949200 0.00154200103133916855
0.73000001907348632800 0.00221894402056932449
0.74000000953674316400 0.00291896704584360123
0.75000000000000000000 0.00364490598440170288
0.75999999046325683600 0.00439098384231328964
0.76999998092651367200 0.00515574077144265175
0.77999997138977050800 0.00594000192359089852
0.79000002145767211900 0.00674314098432660103
0.80000001192092895500 0.00756119377911090851
0.81000000238418579100 0.00840000156313180924
0.81999999284744262700 0.00924935191869735718
0.82999998331069946300 0.01010464970022439960
0.83999997377395629900 0.01042587962001562120
0.85000002384185791000 0.01127533987164497380
0.86000001430511474600 0.01212900970131158830
0.87000000476837158200 0.01299615018069744110
0.87999999523162841800 0.01387494988739490510
0.88999998569488525400 0.01475227996706962590
0.89999997615814209000 0.01563703082501888280
0.91000002622604370100 0.01653317920863628390
0.92000001668930053700 0.01739664934575557710
0.93000000715255737300 0.01787978038191795350
0.93999999761581420900 0.01806907914578914640
0.94999998807907104500 0.01820236071944236760
0.95999997854232788100 0.01839184015989303590
0.97000002861022949200 0.01856769062578678130
0.98000001907348632800 0.01865213923156261440
0.99000000953674316400 0.01870075985789299010
1.00000000000000000000 0.01874947920441627500
