-1.00000000000000000000 -0.00008969360351329669
-0.99000000953674316400 -0.00008917773811845109
-0.98000001907348632800 -0.00008845413685776293
-0.97000002861022949200 -0.00008773719309829175
-0.95999997854232788100 -0.00008712729322724044
-0.94999998807907104500 -0.00008662499749334529
-0.93999999761581420900 -0.00008597801934229210
-0.93000000715255737300 -0.00008561782306060195
-0.92000001668930053700 -0.00008497731323586777
-0.91000002622604370100 -0.00008446219726465642
-0.89999997615814209000 -0.00008394262840738520
-0.88999998569488525400 -0.00008329637785209343
-0.87999999523162841800 -0.00008275763684650883
-0.87000000476837158200 -0.00008225221972679719
-0.86000001430511474600 -0.00008168515341822058
-0.85000002384185791000 -0.00008102397987386212
-0.83999997377395629900 -0.00008066684677032754
-0.82999998331069946300 -0.00008007245196495205
-0.81999999284744262700 -0.00007967877900227904
-0.81000000238418579100 -0.00007931552681839094
-0.80000001192092895500 -0.00007875172741478309
-0.79000002145767211900 -0.00007817601726856083
-0.77999997138977050800 -0.00007784007902955636
-0.76999998092651367200 -0.00007709507190156728
-0.75999999046325683600 -0.00007645761070307344
-0.75000000000000000000 -0.00007605138671351597
-0.74000000953674316400 -0.00007545897824456915
-0.73000001907348632800 -0.00007503705273848027
-0.72000002861022949200 -0.00007452743739122525
-0.70999997854232788100 -0.00007389424717985094
-0.69999998807907104500 -0.00007342469325521961
-0.68999999761581420900 -0.00007291200745385140
-0.68000000715255737300 -0.00007238794933073223
-0.67000001668930053700 -0.00007185814320109785
-0.66000002622604370100 -0.00007143346738303080
-0.64999997615814209000 -0.00007076864130795002
-0.63999998569488525400 -0.00007040581840556115
-0.62999999523162841800 -0.00006980195030337200
-0.62000000476837158200 -0.00006945309723960236
-0.61000001430511474600 -0.00006891360681038350
-0.60000002384185791000 -0.00006843786832178012
-0.58999997377395629900 -0.00006789554754504934
-0.57999998331069946300 -0.00006734900671290234
-0.56999999284744262700 -0.00006683498941129074
-0.56000000238418579100 -0.00006623892113566399
-0.55000001192092895500 -0.00006579642649739981
-0.54000002145767211900 -0.00006515603308798745
-0.52999997138977050800 -0.00006464405305450782
-0.51999998092651367200 -0.00006421320722438395
-0.50999999046325683600 -0.00006363748980220407
-0.50000000000000000000 -0.00006312961340881884
-0.49000000953674316400 -0.00006262977694859728
-0.47999998927116394000 -0.00006210942228790373
-0.46999999880790710400 -0.00006148069951450452
-0.46000000834465026800 -0.00006104799831518903
-0.44999998807907104500 -0.00006048344948794693
-0.43999999761581420900 -0.00006009904973325320
-0.43000000715255737300 -0.00005966710887150839
-0.41999998688697814900 -0.00005903398050577380
-0.40999999642372131300 -0.00005849120861967094
-0.40000000596046447700 -0.00005799585051136091
-0.38999998569488525400 -0.00005738381150877103
-0.37999999523162841800 -0.00005688159944838844
-0.37000000476837158200 -0.00005643866097670980
-0.36000001430511474600 -0.00005584099926636554
-0.34999999403953552200 -0.00005541724021895789
-0.34000000357627868600 -0.00005487831003847532
-0.33000001311302185100 -0.00005439042070065625
-0.31999999284744262700 -0.00005383653115131892
-0.31000000238418579100 -0.00005338521077646874
-0.30000001192092895500 -0.00005281336052576080
-0.28999999165534973100 -0.00005225422137300484
-0.28000000119209289500 -0.00005174817124498077
-0.27000001072883606000 -0.00005108337063575163
-0.25999999046325683600 -0.00005061140836915001
-0.25000000000000000000 -0.00005010663880966604
-0.23999999463558197000 -0.00004965615880792029
-0.23000000417232513400 -0.00004915007957606576
-0.21999999880790710400 -0.00004860193075728603
-0.20999999344348907500 -0.00004809837992070243
-0.20000000298023223900 -0.00004751819142256863
-0.18999999761581420900 -0.00004707117113866843
-0.18000000715255737300 -0.00004649163020076230
-0.17000000178813934300 -0.00004602639091899619
-0.15999999642372131300 -0.00004547027856460772
-0.15000000596046447800 -0.00004502099909586832
-0.14000000059604644800 -0.00004445200102054514
-0.12999999523162841800 -0.00004399795943754725
-0.11999999731779098500 -0.00004349341907072812
-0.10999999940395355200 -0.00004286626062821597
-0.10000000149011611900 -0.00004245994932716712
-0.09000000357627868650 -0.00004185416037216783
-0.07999999821186065670 -0.00004136513962293975
-0.07000000029802322390 -0.00004080151848029345
-0.05999999865889549260 -0.00004038395127281547
-0.05000000074505805970 -0.00003974319042754360
-0.03999999910593032840 -0.00003936779103241861
-0.02999999932944774630 -0.00003878859934047796
-0.01999999955296516420 -0.00003825591920758598
-0.00999999977648258210 -0.00003780338010983542
0.00000000000000000000 -0.00003725755959749222
0.00999999977648258210 -0.00003671945160022005
0.01999999955296516420 -0.00003623960947152227
0.02999999932944774630 -0.00003576568997232243
0.03999999910593032840 -0.00003504976848489605
0.05000000074505805970 -0.00003472358002909459
0.05999999865889549260 -0.00003417817060835660
0.07000000029802322390 -0.00003367257886566222
0.07999999821186065670 -0.00003319657844258472
0.09000000357627868650 -0.00003262640166212805
0.10000000149011611900 -0.00003208573980373330
0.10999999940395355200 -0.00003157719038426876
0.11999999731779098500 -0.00003113011916866526
0.12999999523162841800 -0.00003053830005228519
0.14000000059604644800 -0.00003016566915903240
0.15000000596046447800 -0.00002952985050796997
0.15999999642372131300 -0.00002910007970058359
0.17000000178813934300 -0.00002867638977477327
0.18000000715255737300 -0.00002807830060191918
0.18999999761581420900 -0.00002757880065473728
0.20000000298023223900 -0.00002707585917960387
0.20999999344348907500 -0.00002654457057360560
0.21999999880790710400 -0.00002598353967186995
0.23000000417232513400 -0.00002553580088715535
0.23999999463558197000 -0.00002492922976671252
0.25000000000000000000 -0.00002446381949994247
0.25999999046325683600 -0.00002402643076493405
0.27000001072883606000 -0.00002351061084482353
0.28000000119209289500 -0.00002299570041941479
0.28999999165534973100 -0.00002249783938168548
0.30000001192092895500 -0.00002195188062614761
0.31000000238418579100 -0.00002137995943485294
0.31999999284744262700 -0.00002095534910040442
0.33000001311302185100 -0.00002025694993790239
0.34000000357627868600 -0.00001982590947591234
0.34999999403953552200 -0.00001932035047502723
0.36000001430511474600 -0.00001876023998192977
0.37000000476837158200 -0.00001828371023293585
0.37999999523162841800 -0.00001779896956577431
0.38999998569488525400 -0.00001725957918097265
0.40000000596046447700 -0.00001675741077633575
0.40999999642372131300 -0.00001632585917832330
0.41999998688697814900 -0.00001565949969517533
0.43000000715255737300 -0.00001525986044725869
0.43999999761581420900 -0.00001468600021325983
0.44999998807907104500 -0.00001423998037353158
0.46000000834465026800 -0.00001376164982502814
0.46999999880790710400 -0.00001326695019088220
0.47999998927116394000 -0.00001269979020435130
0.49000000953674316400 -0.00001217035969602875
0.50000000000000000000 -0.00001174673980131047
0.50999999046325683600 -0.00001107889966078801
0.51999998092651367200 -0.00001067227003659355
0.52999997138977050800 -0.00001006443017104175
0.54000002145767211900 -0.00000970224209595472
0.55000001192092895500 -0.00000904095759324264
0.56000000238418579100 -0.00000860453656059690
0.56999999284744262700 -0.00000816811007098295
0.57999998331069946300 -0.00000763637581258081
0.58999997377395629900 -0.00000710490303390543
0.60000002384185791000 -0.00000662499496684177
0.61000001430511474600 -0.00000607081210546312
0.62000000476837158200 -0.00000547941908735083
0.62999999523162841800 -0.00000505894513480598
0.63999998569488525400 -0.00000441208203483257
0.64999997615814209000 -0.00000398760312236845
0.66000002622604370100 -0.00000344666796081583
0.67000001668930053700 -0.00000294178903459397
0.68000000715255737300 -0.00000238884103964665
0.68999999761581420900 0.00000054576781849391
0.69999998807907104500 0.00000098149382665724
0.70999997854232788100 0.00000156660200900660
0.72000002861022949200 0.00000201284410650260
0.73000001907348632800 0.00000256637508755375
0.74000000953674316400 0.00000303978708871000
0.75000000000000000000 0.00000359044202014047
0.75999999046325683600 0.00000400492081098491
0.76999998092651367200 0.00000456298221251927
0.77999997138977050800 0.00000499220004712697
0.79000002145767211900 0.00000550280219613342
0.80000001192092895500 0.00000604498700340628
0.81000000238418579100 0.00000649736102786846
0.81999999284744262700 0.00000706205082678935
0.82999998331069946300 0.00000753244603401981
0.83999997377395629900 0.00000806916341389297
0.85000002384185791000 0.00000850631113280542
0.86000001430511474600 0.00000909986192709766
0.87000000476837158200 0.00000948016986512812
0.87999999523162841800 0.00001001195960270707
0.88999998569488525400 0.00001050985974870855
0.89999997615814209000 0.00001098352004191838
0.91000002622604370100 0.00001150359003077028
0.92000001668930053700 0.00001205207991006318
0.93000000715255737300 0.00001246878036909038
0.93999999761581420900 0.00001307260026806034
0.94999998807907104500 0.00001350668026134372
0.95999997854232788100 0.00001405175044055795
0.97000002861022949200 0.00001448378043278353
0.98000001907348632800 0.00001499867994425585
0.99000000953674316400 0.00001546717976452783
1.00000000000000000000 0.00001598321068740916
