-1.00000000000000000000 -0.00598560320213437081
-0.99000000953674316400 -0.00596129987388849259
-0.98000001907348632800 -0.00597671978175640106
-0.97000002861022949200 -0.00597516912966966629
-0.95999997854232788100 -0.00595341902226209641
-0.94999998807907104500 -0.00596050405874848366
-0.93999999761581420900 -0.00596780702471733093
-0.93000000715255737300 -0.00597867695614695549
-0.92000001668930053700 -0.00598385417833924294
-0.91000002622604370100 -0.00598886003717780113
-0.89999997615814209000 -0.00597361382097005844
-0.88999998569488525400 -0.00595082296058535576
-0.87999999523162841800 -0.00596199091523885727
-0.87000000476837158200 -0.00595309305936098099
-0.86000001430511474600 -0.00592979183420538902
-0.85000002384185791000 -0.00593956513330340386
-0.83999997377395629900 -0.00594937987625598908
-0.82999998331069946300 -0.00595420086756348610
-0.81999999284744262700 -0.00596925197169184685
-0.81000000238418579100 -0.00596743403002619744
-0.80000001192092895500 -0.00594261381775140762
-0.79000002145767211900 -0.00594654818996787071
-0.77999997138977050800 -0.00594674004241824150
-0.76999998092651367200 -0.00592583604156970978
-0.75999999046325683600 -0.00592697085812687874
-0.75000000000000000000 -0.00593315903097391129
-0.74000000953674316400 -0.00594486016780138016
-0.73000001907348632800 -0.00595318898558616638
-0.72000002861022949200 -0.00596870016306638718
-0.70999997854232788100 -0.00595645885914564133
-0.69999998807907104500 -0.00593135878443717957
-0.68999999761581420900 -0.00594142079353332520
-0.68000000715255737300 -0.00593071896582841873
-0.67000001668930053700 -0.00590801518410444260
-0.66000002622604370100 -0.00591021683067083359
-0.64999997615814209000 -0.00592077104374766350
-0.63999998569488525400 -0.00592389516532421112
-0.62999999523162841800 -0.00592492893338203430
-0.62000000476837158200 -0.00591736380010843277
-0.61000001430511474600 -0.00590283796191215515
-0.60000002384185791000 -0.00588100915774703026
-0.58999997377395629900 -0.00589117780327796936
-0.57999998331069946300 -0.00587511714547872544
-0.56999999284744262700 -0.00585680315271019936
-0.56000000238418579100 -0.00587383797392249108
-0.55000001192092895500 -0.00588515680283308029
-0.54000002145767211900 -0.00588916381821036339
-0.52999997138977050800 -0.00590065214782953262
-0.51999998092651367200 -0.00589300086721777916
-0.50999999046325683600 -0.00586892804130911827
-0.50000000000000000000 -0.00588270090520381928
-0.49000000953674316400 -0.00587330898270010948
-0.47999998927116394000 -0.00584852509200572968
-0.46999999880790710400 -0.00585601804777979851
-0.46000000834465026800 -0.00585903692990541458
-0.44999998807907104500 -0.00587122282013297081
-0.43999999761581420900 -0.00587543519213795662
-0.43000000715255737300 -0.00587869714945554733
-0.41999998688697814900 -0.00586198410019278526
-0.40999999642372131300 -0.00584257207810878754
-0.40000000596046447700 -0.00584343494847416878
-0.38999998569488525400 -0.00582952005788683892
-0.37999999523162841800 -0.00580992316827178002
-0.37000000476837158200 -0.00580640695989131928
-0.36000001430511474600 -0.00581072503700852394
-0.34999999403953552200 -0.00581054203212261200
-0.34000000357627868600 -0.00580917717888951302
-0.33000001311302185100 -0.00579774379730224610
-0.31999999284744262700 -0.00577590707689523697
-0.31000000238418579100 -0.00575917400419712067
-0.30000001192092895500 -0.00575218396261334419
-0.28999999165534973100 -0.00572827411815524101
-0.28000000119209289500 -0.00571281183511018753
-0.27000001072883606000 -0.00571414222940802574
-0.25999999046325683600 -0.00571390893310308457
-0.25000000000000000000 -0.00570686813443899155
-0.23999999463558197000 -0.00570954103022813797
-0.23000000417232513400 -0.00568808009847998619
-0.21999999880790710400 -0.00564758386462926865
-0.20999999344348907500 -0.00564941205084323883
-0.20000000298023223900 -0.00563198979943990708
-0.18999999761581420900 -0.00559166213497519493
-0.18000000715255737300 -0.00557917589321732521
-0.17000000178813934300 -0.00557246897369623184
-0.15999999642372131300 -0.00556506682187318802
-0.15000000596046447800 -0.00554642407223582268
-0.14000000059604644800 -0.00553189311176538468
-0.12999999523162841800 -0.00549378804862499237
-0.11999999731779098500 -0.00545489182695746422
-0.10999999940395355200 -0.00543443486094474793
-0.10000000149011611900 -0.00539756380021572113
-0.09000000357627868650 -0.00535300886258482933
-0.07999999821186065670 -0.00532612809911370278
-0.07000000029802322390 -0.00530504202470183373
-0.05999999865889549260 -0.00527511909604072571
-0.05000000074505805970 -0.00525018386542797089
-0.03999999910593032840 -0.00520710321143269539
-0.02999999932944774630 -0.00515217008069157601
-0.01999999955296516420 -0.00511330319568514824
-0.00999999977648258210 -0.00506767677143216133
0.00000000000000000000 -0.00500801997259259224
0.00999999977648258210 -0.00495620490983128548
0.01999999955296516420 -0.00491145998239517212
0.02999999932944774630 -0.00486412318423390389
0.03999999910593032840 -0.00481772096827626228
0.05000000074505805970 -0.00476726377382874489
0.05999999865889549260 -0.00470289681106805802
0.07000000029802322390 -0.00462615117430686951
0.07999999821186065670 -0.00456314720213413239
0.09000000357627868650 -0.00449674716219305992
0.10000000149011611900 -0.00440964987501502037
0.10999999940395355200 -0.00433401204645633698
0.11999999731779098500 -0.00426679616793990135
0.12999999523162841800 -0.00419671088457107544
0.14000000059604644800 -0.00412121182307600975
0.15000000596046447800 -0.00404857099056243897
0.15999999642372131300 -0.00395204080268740654
0.17000000178813934300 -0.00385386100970208645
0.18000000715255737300 -0.00377088598906993866
0.18999999761581420900 -0.00367282307706773281
0.20000000298023223900 -0.00357128796167671681
0.20999999344348907500 -0.00347852800041437149
0.21999999880790710400 -0.00338408211246132851
0.23000000417232513400 -0.00329330796375870705
0.23999999463558197000 -0.00319773191586136818
0.25000000000000000000 -0.00309552205726504326
0.25999999046325683600 -0.00298465695232152939
0.27000001072883606000 -0.00287866289727389813
0.28000000119209289500 -0.00277970405295491219
0.28999999165534973100 -0.00266784103587269783
0.30000001192092895500 -0.00255983998067677021
0.31000000238418579100 -0.00246019894257187843
0.31999999284744262700 -0.00235918699763715267
0.33000001311302185100 -0.00226406310684978962
0.34000000357627868600 -0.00216671288944780827
0.34999999403953552200 -0.00206532306037843227
0.36000001430511474600 -0.00196228898130357266
0.37000000476837158200 -0.00187013996765017510
0.37999999523162841800 -0.00177336495835334063
0.38999998569488525400 -0.00167959800455719233
0.40000000596046447700 -0.00158983201254159212
0.40999999642372131300 -0.00150547700468450785
0.41999998688697814900 -0.00142772204708307982
0.43000000715255737300 -0.00135018199216574431
0.43999999761581420900 -0.00127536104992032051
0.44999998807907104500 -0.00119997595902532339
0.46000000834465026800 -0.00112476502545177937
0.46999999880790710400 -0.00105966394767165184
0.47999998927116394000 -0.00096582580590620637
0.49000000953674316400 -0.00089012907119467855
0.50000000000000000000 -0.00082988868234679103
0.50999999046325683600 -0.00077661522664129734
0.51999998092651367200 -0.00072238402208313346
0.52999997138977050800 -0.00066910707391798496
0.54000002145767211900 -0.00062135781627148390
0.55000001192092895500 -0.00057636207202449441
0.56000000238418579100 -0.00053197657689452171
0.56999999284744262700 -0.00048874388448894024
0.57999998331069946300 -0.00044646800961345434
0.58999997377395629900 -0.00040247690049000084
0.60000002384185791000 -0.00036245799856260419
0.61000001430511474600 -0.00032300301245413721
0.62000000476837158200 -0.00028220360400155187
0.62999999523162841800 -0.00024310899607371539
0.63999998569488525400 -0.00020528250024653971
0.64999997615814209000 -0.00016718469851184636
0.66000002622604370100 -0.00012817379320040345
0.67000001668930053700 -0.00008960176637629047
0.68000000715255737300 -0.00004922785956296138
0.68999999761581420900 -0.00000850158357934561
0.69999998807907104500 0.00003306482904008590
0.70999997854232788100 0.00007641605043318123
0.72000002861022949200 0.00012005460303043947
0.73000001907348632800 0.00016673760546837002
0.74000000953674316400 0.00021477459813468158
0.75000000000000000000 0.00026483391411602497
0.75999999046325683600 0.00031757270335219800
0.76999998092651367200 0.00037237579817883670
0.77999997138977050800 0.00042928059701807797
0.79000002145767211900 0.00048973987577483058
0.80000001192092895500 0.00055287178838625550
0.81000000238418579100 0.00061951787211000919
0.81999999284744262700 0.00069008918944746256
0.82999998331069946300 0.00076362141408026218
0.83999997377395629900 0.00083889032248407602
0.85000002384185791000 0.00091758091002702713
0.86000001430511474600 0.00100185896735638380
0.87000000476837158200 0.00113873498048633337
0.87999999523162841800 0.00123373302631080151
0.88999998569488525400 0.00132831803057342768
0.89999997615814209000 0.00143002800177782774
0.91000002622604370100 0.00153211504220962524
0.92000001668930053700 0.00163356098346412182
0.93000000715255737300 0.00174051802605390549
0.93999999761581420900 0.00185133004561066628
0.94999998807907104500 0.00196486408822238445
0.95999997854232788100 0.00207991106435656548
0.97000002861022949200 0.00219942908734083176
0.98000001907348632800 0.00231665209867060185
0.99000000953674316400 0.00243351701647043228
1.00000000000000000000 0.00256159505806863308
