-1.00000000000000000000 -0.00557500217109918595
-0.99000000953674316400 -0.00560025218874216080
-0.98000001907348632800 -0.00559916300699114800
-0.97000002861022949200 -0.00560761895030736923
-0.95999997854232788100 -0.00561162317171692848
-0.94999998807907104500 -0.00558106321841478348
-0.93999999761581420900 -0.00559387402608990669
-0.93000000715255737300 -0.00560201378539204598
-0.92000001668930053700 -0.00556906405836343765
-0.91000002622604370100 -0.00557398097589612007
-0.89999997615814209000 -0.00559509405866265297
-0.88999998569488525400 -0.00559365190565586090
-0.87999999523162841800 -0.00560264987871050835
-0.87000000476837158200 -0.00562125910073518753
-0.86000001430511474600 -0.00559503678232431412
-0.85000002384185791000 -0.00558202015236020088
-0.83999997377395629900 -0.00560615910217165947
-0.82999998331069946300 -0.00558465113863348961
-0.81999999284744262700 -0.00557230785489082337
-0.81000000238418579100 -0.00558684719726443291
-0.80000001192092895500 -0.00558463390916585922
-0.79000002145767211900 -0.00559640116989612580
-0.77999997138977050800 -0.00561425602063536644
-0.76999998092651367200 -0.00559904985129833222
-0.75999999046325683600 -0.00559086678549647331
-0.75000000000000000000 -0.00559276901185512543
-0.74000000953674316400 -0.00558473914861679077
-0.73000001907348632800 -0.00557444803416728974
-0.72000002861022949200 -0.00557606993243098259
-0.70999997854232788100 -0.00557514280080795288
-0.69999998807907104500 -0.00558623904362320900
-0.68999999761581420900 -0.00560255814343690872
-0.68000000715255737300 -0.00560026383027434349
-0.67000001668930053700 -0.00559763889759778977
-0.66000002622604370100 -0.00558363320305943489
-0.64999997615814209000 -0.00558520294725894928
-0.63999998569488525400 -0.00558428978547453880
-0.62999999523162841800 -0.00556791294366121292
-0.62000000476837158200 -0.00556023418903350830
-0.61000001430511474600 -0.00557445082813501358
-0.60000002384185791000 -0.00559007702395319939
-0.58999997377395629900 -0.00558509584516286850
-0.57999998331069946300 -0.00560033507645130158
-0.56999999284744262700 -0.00558790378272533417
-0.56000000238418579100 -0.00556652620434761048
-0.55000001192092895500 -0.00558793218806385994
-0.54000002145767211900 -0.00557844014838337898
-0.52999997138977050800 -0.00555318314582109451
-0.51999998092651367200 -0.00556985521689057350
-0.50999999046325683600 -0.00557519122958183289
-0.50000000000000000000 -0.00558148790150880814
-0.49000000953674316400 -0.00559806078672409058
-0.47999998927116394000 -0.00559101719409227371
-0.46999999880790710400 -0.00557004520669579506
-0.46000000834465026800 -0.00558582181110978127
-0.44999998807907104500 -0.00557681405916810036
-0.43999999761581420900 -0.00555476499721407890
-0.43000000715255737300 -0.00556699279695749283
-0.41999998688697814900 -0.00556617183610796929
-0.40999999642372131300 -0.00557141285389661789
-0.40000000596046447700 -0.00559585588052868843
-0.38999998569488525400 -0.00559018319472670555
-0.37999999523162841800 -0.00557882990688085556
-0.37000000476837158200 -0.00557406200096011162
-0.36000001430511474600 -0.00557148503139615059
-0.34999999403953552200 -0.00556476321071386337
-0.34000000357627868600 -0.00556271383538842201
-0.33000001311302185100 -0.00555240409448742867
-0.31999999284744262700 -0.00556152500212192536
-0.31000000238418579100 -0.00558681320399045944
-0.30000001192092895500 -0.00557775422930717468
-0.28999999165534973100 -0.00558512797579169274
-0.28000000119209289500 -0.00558286998420953751
-0.27000001072883606000 -0.00556045118719339371
-0.25999999046325683600 -0.00557100586593151093
-0.25000000000000000000 -0.00556393992155790329
-0.23999999463558197000 -0.00554422894492745400
-0.23000000417232513400 -0.00555532285943627358
-0.21999999880790710400 -0.00557320797815918923
-0.20999999344348907500 -0.00556814298033714295
-0.20000000298023223900 -0.00558506092056632042
-0.18999999761581420900 -0.00558153400197625160
-0.18000000715255737300 -0.00555166695266962052
-0.17000000178813934300 -0.00556423980742692948
-0.15999999642372131300 -0.00556267891079187393
-0.15000000596046447800 -0.00553807523101568222
-0.14000000059604644800 -0.00554154021665453911
-0.12999999523162841800 -0.00555648002773523331
-0.11999999731779098500 -0.00555700203403830528
-0.10999999940395355200 -0.00556829990819096565
-0.10000000149011611900 -0.00557431997731328011
-0.09000000357627868650 -0.00555645488202571869
-0.07999999821186065670 -0.00554842781275510788
-0.07000000029802322390 -0.00555451214313507080
-0.05999999865889549260 -0.00553795602172613144
-0.05000000074505805970 -0.00553061999380588532
-0.03999999910593032840 -0.00553504517301917076
-0.02999999932944774630 -0.00553746195510029793
-0.01999999955296516420 -0.00556065281853079796
-0.00999999977648258210 -0.00555745419114828110
0.00000000000000000000 -0.00555289397016167641
0.00999999977648258210 -0.00554665410891175270
0.01999999955296516420 -0.00553613901138305664
0.02999999932944774630 -0.00553260603919625282
0.03999999910593032840 -0.00553064420819282532
0.05000000074505805970 -0.00551993679255247116
0.05999999865889549260 -0.00551483314484357834
0.07000000029802322390 -0.00553101906552910805
0.07999999821186065670 -0.00553643982857465744
0.09000000357627868650 -0.00553694693371653557
0.10000000149011611900 -0.00553836580365896225
0.10999999940395355200 -0.00551310600712895394
0.11999999731779098500 -0.00551072787493467331
0.12999999523162841800 -0.00551777100190520287
0.14000000059604644800 -0.00548956077545881272
0.15000000596046447800 -0.00547840306535363198
0.15999999642372131300 -0.00549774803221225739
0.17000000178813934300 -0.00549340294674038887
0.18000000715255737300 -0.00549465697258710861
0.18999999761581420900 -0.00550878699868917465
0.20000000298023223900 -0.00547946617007255554
0.20999999344348907500 -0.00545015698298811913
0.21999999880790710400 -0.00546507211402058602
0.23000000417232513400 -0.00543568795546889305
0.23999999463558197000 -0.00541151408106088638
0.25000000000000000000 -0.00541569385677576065
0.25999999046325683600 -0.00540147721767425537
0.27000001072883606000 -0.00540330307558178902
0.28000000119209289500 -0.00540063297376036644
0.28999999165534973100 -0.00537424394860863686
0.30000001192092895500 -0.00534450681880116463
0.31000000238418579100 -0.00533408019691705704
0.31999999284744262700 -0.00530238403007388115
0.33000001311302185100 -0.00526956981047987938
0.34000000357627868600 -0.00524781597778201103
0.34999999403953552200 -0.00521870097145438194
0.36000001430511474600 -0.00520549714565277100
0.37000000476837158200 -0.00518465414643287659
0.37999999523162841800 -0.00514901289716362953
0.38999998569488525400 -0.00511029781773686409
0.40000000596046447700 -0.00505953188985586167
0.40999999642372131300 -0.00502274604514241219
0.41999998688697814900 -0.00498258788138628006
0.43000000715255737300 -0.00492299301549792290
0.43999999761581420900 -0.00487612793222069740
0.44999998807907104500 -0.00484381290152668953
0.46000000834465026800 -0.00479570496827363968
0.46999999880790710400 -0.00474336603656411171
0.47999998927116394000 -0.00469543784856796265
0.49000000953674316400 -0.00461740698665380478
0.50000000000000000000 -0.00454795686528086662
0.50999999046325683600 -0.00449155922979116440
0.51999998092651367200 -0.00439948588609695435
0.52999997138977050800 -0.00431478489190340042
0.54000002145767211900 -0.00424083415418863297
0.55000001192092895500 -0.00414584996178746224
0.56000000238418579100 -0.00404208805412054062
0.56999999284744262700 -0.00393656315281987190
0.57999998331069946300 -0.00378734711557626724
0.58999997377395629900 -0.00361845595762133598
0.60000002384185791000 -0.00345214409753680229
0.61000001430511474600 -0.00323430798016488552
0.62000000476837158200 -0.00298256007954478264
0.62999999523162841800 -0.00271489890292286873
0.63999998569488525400 -0.00239484594203531742
0.64999997615814209000 -0.00204162090085446835
0.66000002622604370100 -0.00164701195899397135
0.67000001668930053700 -0.00119685800746083260
0.68000000715255737300 -0.00069037667708471417
0.68999999761581420900 -0.00020147379836998880
0.69999998807907104500 0.00031463149935007095
0.70999997854232788100 0.00091941468417644501
0.72000002861022949200 0.00160396599676460028
0.73000001907348632800 0.00228447699919342995
0.74000000953674316400 0.00299057806842029095
0.75000000000000000000 0.00372652197256684303
0.75999999046325683600 0.00449001090601086617
0.76999998092651367200 0.00527519406750798226
0.77999997138977050800 0.00608702795580029488
0.79000002145767211900 0.00691544311121106148
0.80000001192092895500 0.00775628210976719856
0.81000000238418579100 0.00862504914402961731
0.81999999284744262700 0.00951055902987718582
0.82999998331069946300 0.01040002983063459400
0.83999997377395629900 0.01074341032654047010
0.85000002384185791000 0.01163369975984096530
0.86000001430511474600 0.01253428962081670760
0.87000000476837158200 0.01345160976052284240
0.87999999523162841800 0.01437846012413501740
0.88999998569488525400 0.01530755031853914260
0.89999997615814209000 0.01624749973416328430
0.91000002622604370100 0.01722845062613487240
0.92000001668930053700 0.01815312914550304410
0.93000000715255737300 0.01865288987755775450
0.93999999761581420900 0.01885534077882766720
0.94999998807907104500 0.01897574961185455320
0.95999997854232788100 0.01903536915779113770
0.97000002861022949200 0.01911469921469688420
0.98000001907348632800 0.01917329058051109310
0.99000000953674316400 0.01923014968633651730
1.00000000000000000000 0.01927497982978820800
