-1.00000000000000000000 -0.00597704621031880379
-0.99000000953674316400 -0.00598880089819431305
-0.98000001907348632800 -0.00598293403163552284
-0.97000002861022949200 -0.00595763092860579491
-0.95999997854232788100 -0.00596532085910439491
-0.94999998807907104500 -0.00596046587452292442
-0.93999999761581420900 -0.00593199394643306732
-0.93000000715255737300 -0.00593107100576162338
-0.92000001668930053700 -0.00594178400933742523
-0.91000002622604370100 -0.00595048582181334496
-0.89999997615814209000 -0.00594464782625436783
-0.88999998569488525400 -0.00595552986487746239
-0.87999999523162841800 -0.00593505194410681725
-0.87000000476837158200 -0.00592482509091496468
-0.86000001430511474600 -0.00594189297407865524
-0.85000002384185791000 -0.00592378899455070496
-0.83999997377395629900 -0.00591729115694761276
-0.82999998331069946300 -0.00593284191563725472
-0.81999999284744262700 -0.00594348786398768425
-0.81000000238418579100 -0.00595283601433038712
-0.80000001192092895500 -0.00597405014559626580
-0.79000002145767211900 -0.00595687981694936752
-0.77999997138977050800 -0.00593904405832290650
-0.76999998092651367200 -0.00595546280965209007
-0.75999999046325683600 -0.00594780780375003815
-0.75000000000000000000 -0.00592951616272330284
-0.74000000953674316400 -0.00593388499692082405
-0.73000001907348632800 -0.00594136910513043404
-0.72000002861022949200 -0.00595430098474025726
-0.70999997854232788100 -0.00595916900783777237
-0.69999998807907104500 -0.00596204493194818497
-0.68999999761581420900 -0.00595211610198020935
-0.68000000715255737300 -0.00593324797227978707
-0.67000001668930053700 -0.00593793112784624100
-0.66000002622604370100 -0.00592816900461912155
-0.64999997615814209000 -0.00590853020548820496
-0.63999998569488525400 -0.00591197377070784569
-0.62999999523162841800 -0.00592426816001534462
-0.62000000476837158200 -0.00593367312103509903
-0.61000001430511474600 -0.00593487080186605454
-0.60000002384185791000 -0.00593328289687633515
-0.58999997377395629900 -0.00591006688773632050
-0.57999998331069946300 -0.00591317797079682350
-0.56999999284744262700 -0.00591394398361444473
-0.56000000238418579100 -0.00589698413386940956
-0.55000001192092895500 -0.00588762201368808746
-0.54000002145767211900 -0.00589968077838420868
-0.52999997138977050800 -0.00590756116434931755
-0.51999998092651367200 -0.00591335585340857506
-0.50999999046325683600 -0.00591660989448428154
-0.50000000000000000000 -0.00589931989088654518
-0.49000000953674316400 -0.00588520197197794914
-0.47999998927116394000 -0.00588893005624413490
-0.46999999880790710400 -0.00587467197328805924
-0.46000000834465026800 -0.00586213311180472374
-0.44999998807907104500 -0.00585251487791538239
-0.43999999761581420900 -0.00586434779688715935
-0.43000000715255737300 -0.00586680602282285690
-0.41999998688697814900 -0.00586841115728020668
-0.40999999642372131300 -0.00584964780136942864
-0.40000000596046447700 -0.00582625716924667359
-0.38999998569488525400 -0.00582548510283231735
-0.37999999523162841800 -0.00581134902313351631
-0.37000000476837158200 -0.00578953092917799950
-0.36000001430511474600 -0.00578625500202178955
-0.34999999403953552200 -0.00578439980745315552
-0.34000000357627868600 -0.00579147087410092354
-0.33000001311302185100 -0.00579430395737290383
-0.31999999284744262700 -0.00578459398820996285
-0.31000000238418579100 -0.00577320996671915054
-0.30000001192092895500 -0.00575108919292688370
-0.28999999165534973100 -0.00574658904224634171
-0.28000000119209289500 -0.00573612889274954796
-0.27000001072883606000 -0.00571283884346485138
-0.25999999046325683600 -0.00570479501038789749
-0.25000000000000000000 -0.00571137480437755585
-0.23999999463558197000 -0.00571184000000357628
-0.23000000417232513400 -0.00570327602326869965
-0.21999999880790710400 -0.00569193391129374504
-0.20999999344348907500 -0.00565500278025865555
-0.20000000298023223900 -0.00565294409170746803
-0.18999999761581420900 -0.00563594698905944824
-0.18000000715255737300 -0.00559585914015769959
-0.17000000178813934300 -0.00558315077796578407
-0.15999999642372131300 -0.00557114602997899056
-0.15000000596046447800 -0.00555895920842885971
-0.14000000059604644800 -0.00554672582074999809
-0.12999999523162841800 -0.00552677689120173454
-0.11999999731779098500 -0.00548827694728970528
-0.10999999940395355200 -0.00545054301619529724
-0.10000000149011611900 -0.00542858894914388657
-0.09000000357627868650 -0.00539510184898972511
-0.07999999821186065670 -0.00535243283957242966
-0.07000000029802322390 -0.00532054388895630837
-0.05999999865889549260 -0.00529645802453160286
-0.05000000074505805970 -0.00527306320145726204
-0.03999999910593032840 -0.00524106482043862343
-0.02999999932944774630 -0.00519589707255363465
-0.01999999955296516420 -0.00513592688366770744
-0.00999999977648258210 -0.00509568396955728531
0.00000000000000000000 -0.00504890177398920059
0.00999999977648258210 -0.00499474490061402321
0.01999999955296516420 -0.00492042209953069687
0.02999999932944774630 -0.00487595982849597931
0.03999999910593032840 -0.00482945004478096962
0.05000000074505805970 -0.00477110920473933220
0.05999999865889549260 -0.00471991999074816704
0.07000000029802322390 -0.00465684011578559876
0.07999999821186065670 -0.00457096984609961510
0.09000000357627868650 -0.00450358120724558830
0.10000000149011611900 -0.00443687103688716889
0.10999999940395355200 -0.00434613414108753204
0.11999999731779098500 -0.00426852609962224960
0.12999999523162841800 -0.00419467780739068985
0.14000000059604644800 -0.00412061577662825585
0.15000000596046447800 -0.00403899885714054108
0.15999999642372131300 -0.00396074587479233742
0.17000000178813934300 -0.00386302103288471699
0.18000000715255737300 -0.00375701999291777611
0.18999999761581420900 -0.00367386895231902599
0.20000000298023223900 -0.00357438693754374981
0.20999999344348907500 -0.00346209201961755753
0.21999999880790710400 -0.00336662004701793194
0.23000000417232513400 -0.00327202188782393932
0.23999999463558197000 -0.00317341089248657227
0.25000000000000000000 -0.00307726603932678700
0.25999999046325683600 -0.00297433696687221527
0.27000001072883606000 -0.00286332797259092331
0.28000000119209289500 -0.00275809597223997116
0.28999999165534973100 -0.00265639997087419033
0.30000001192092895500 -0.00254863896407186985
0.31000000238418579100 -0.00244217994622886181
0.31999999284744262700 -0.00234459200873970985
0.33000001311302185100 -0.00224880408495664597
0.34000000357627868600 -0.00215035397559404373
0.34999999403953552200 -0.00205735699273645878
0.36000001430511474600 -0.00195953994989395142
0.37000000476837158200 -0.00185418396722525358
0.37999999523162841800 -0.00176724302582442761
0.38999998569488525400 -0.00167793699074536562
0.40000000596046447700 -0.00158174603711813688
0.40999999642372131300 -0.00149728101678192616
0.41999998688697814900 -0.00141887494828552008
0.43000000715255737300 -0.00134093803353607655
0.43999999761581420900 -0.00126465503126382828
0.44999998807907104500 -0.00119296705815941095
0.46000000834465026800 -0.00111678102985024452
0.46999999880790710400 -0.00104649097193032503
0.47999998927116394000 -0.00095566792879253626
0.49000000953674316400 -0.00087813101708889008
0.50000000000000000000 -0.00081863632658496499
0.50999999046325683600 -0.00076694868039339781
0.51999998092651367200 -0.00071392388781532645
0.52999997138977050800 -0.00066130160121247172
0.54000002145767211900 -0.00061418372206389904
0.55000001192092895500 -0.00056851701810956001
0.56000000238418579100 -0.00052488141227513552
0.56999999284744262700 -0.00048318158951587975
0.57999998331069946300 -0.00044128490844741464
0.58999997377395629900 -0.00039838699740357697
0.60000002384185791000 -0.00035687079071067274
0.61000001430511474600 -0.00031798781128600240
0.62000000476837158200 -0.00027768299332819879
0.62999999523162841800 -0.00023752170091029257
0.63999998569488525400 -0.00019866779621224850
0.64999997615814209000 -0.00015969479863997549
0.66000002622604370100 -0.00012061659799655899
0.67000001668930053700 -0.00008065350266406313
0.68000000715255737300 -0.00003911212115781382
0.68999999761581420900 0.00000249921390604868
0.69999998807907104500 0.00004494090899243020
0.70999997854232788100 0.00008900663669919595
0.72000002861022949200 0.00013440920156426728
0.73000001907348632800 0.00018263679521623999
0.74000000953674316400 0.00023264200717676431
0.75000000000000000000 0.00028510618722066283
0.75999999046325683600 0.00033987290225923061
0.76999998092651367200 0.00039746871334500611
0.77999997138977050800 0.00045809769653715193
0.79000002145767211900 0.00052100908942520618
0.80000001192092895500 0.00058700039517134428
0.81000000238418579100 0.00065775768598541617
0.81999999284744262700 0.00073197978781536222
0.82999998331069946300 0.00080797827104106545
0.83999997377395629900 0.00088864337885752320
0.85000002384185791000 0.00097034277860075235
0.86000001430511474600 0.00109837797936052084
0.87000000476837158200 0.00119446904864162207
0.87999999523162841800 0.00129209295846521854
0.88999998569488525400 0.00139109103474766016
0.89999997615814209000 0.00149428902659565210
0.91000002622604370100 0.00160160497762262821
0.92000001668930053700 0.00170905899722129107
0.93000000715255737300 0.00182007101830095053
0.93999999761581420900 0.00193663605023175478
0.94999998807907104500 0.00205506500788033009
0.95999997854232788100 0.00217729993164539337
0.97000002861022949200 0.00230313697829842568
0.98000001907348632800 0.00242459890432655811
0.99000000953674316400 0.00255021406337618828
1.00000000000000000000 0.00268415594473481178
