-1.00000000000000000000 -0.00155738601461052895
-0.99000000953674316400 -0.00153741100803017616
-0.98000001907348632800 -0.00152058596722781658
-0.97000002861022949200 -0.00150977203156799078
-0.95999997854232788100 -0.00150001305155456066
-0.94999998807907104500 -0.00148751598317176104
-0.93999999761581420900 -0.00147934397682547569
-0.93000000715255737300 -0.00147687597200274468
-0.92000001668930053700 -0.00147047999780625105
-0.91000002622604370100 -0.00146486796438694000
-0.89999997615814209000 -0.00146182801108807325
-0.88999998569488525400 -0.00145195005461573601
-0.87999999523162841800 -0.00144235696643590927
-0.87000000476837158200 -0.00144195894245058298
-0.86000001430511474600 -0.00143409997690469027
-0.85000002384185791000 -0.00142364902421832085
-0.83999997377395629900 -0.00142289104405790567
-0.82999998331069946300 -0.00141813501249998808
-0.81999999284744262700 -0.00141505501233041287
-0.81000000238418579100 -0.00141460204031318426
-0.80000001192092895500 -0.00141110701952129602
-0.79000002145767211900 -0.00140268797986209393
-0.77999997138977050800 -0.00139672204386442900
-0.76999998092651367200 -0.00139393098652362824
-0.75999999046325683600 -0.00138774700462818146
-0.75000000000000000000 -0.00138197699561715126
-0.74000000953674316400 -0.00137752795126289129
-0.73000001907348632800 -0.00137557694688439369
-0.72000002861022949200 -0.00137522304430603981
-0.70999997854232788100 -0.00137213000562041998
-0.69999998807907104500 -0.00136905594263225794
-0.68999999761581420900 -0.00136435497552156448
-0.68000000715255737300 -0.00135564699303358793
-0.67000001668930053700 -0.00135450204834342003
-0.66000002622604370100 -0.00135160202626138926
-0.64999997615814209000 -0.00134256097953766584
-0.63999998569488525400 -0.00133928901050239801
-0.62999999523162841800 -0.00133946002461016178
-0.62000000476837158200 -0.00133675104007124901
-0.61000001430511474600 -0.00133412401191890240
-0.60000002384185791000 -0.00133416801691055298
-0.58999997377395629900 -0.00132683303672820330
-0.57999998331069946300 -0.00131961598526686430
-0.56999999284744262700 -0.00132102996576577425
-0.56000000238418579100 -0.00131512805819511414
-0.55000001192092895500 -0.00130690005607903004
-0.54000002145767211900 -0.00130548502784222364
-0.52999997138977050800 -0.00130299897864460945
-0.51999998092651367200 -0.00130099605303257704
-0.50999999046325683600 -0.00130134902428835630
-0.50000000000000000000 -0.00129852700047194958
-0.49000000953674316400 -0.00129268504679203033
-0.47999998927116394000 -0.00128692097496241331
-0.46999999880790710400 -0.00128542503807693720
-0.46000000834465026800 -0.00128022895660251379
-0.44999998807907104500 -0.00127481599338352680
-0.43999999761581420900 -0.00127161398995667696
-0.43000000715255737300 -0.00126905599609017372
-0.41999998688697814900 -0.00127004703972488642
-0.40999999642372131300 -0.00126682897098362446
-0.40000000596046447700 -0.00126537494361400604
-0.38999998569488525400 -0.00126120401546359062
-0.37999999523162841800 -0.00125327601563185453
-0.37000000476837158200 -0.00125154398847371340
-0.36000001430511474600 -0.00124908995348960161
-0.34999999403953552200 -0.00124173297081142664
-0.34000000357627868600 -0.00123800802975893021
-0.33000001311302185100 -0.00123795296531170607
-0.31999999284744262700 -0.00123535201419144869
-0.31000000238418579100 -0.00123354594688862562
-0.30000001192092895500 -0.00123333698138594627
-0.28999999165534973100 -0.00122739304788410664
-0.28000000119209289500 -0.00121981999836862087
-0.27000001072883606000 -0.00122066901531070471
-0.25999999046325683600 -0.00121578096877783537
-0.25000000000000000000 -0.00120798195712268353
-0.23999999463558197000 -0.00120705203153192997
-0.23000000417232513400 -0.00120371696539223194
-0.21999999880790710400 -0.00120266899466514587
-0.20999999344348907500 -0.00120182405225932598
-0.20000000298023223900 -0.00120057899039238691
-0.18999999761581420900 -0.00119384494610130787
-0.18000000715255737300 -0.00118833698797971010
-0.17000000178813934300 -0.00118673802353441715
-0.15999999642372131300 -0.00118168897461146116
-0.15000000596046447800 -0.00117643002886325121
-0.14000000059604644800 -0.00117247505113482475
-0.12999999523162841800 -0.00116978399455547333
-0.11999999731779098500 -0.00117005396168678999
-0.10999999940395355200 -0.00116667198017239571
-0.10000000149011611900 -0.00116561795584857464
-0.09000000357627868650 -0.00116164900828152895
-0.07999999821186065670 -0.00115298200398683548
-0.07000000029802322390 -0.00115129305049777031
-0.05999999865889549260 -0.00114840595051646233
-0.05000000074505805970 -0.00114036595914512873
-0.03999999910593032840 -0.00113679701462388039
-0.02999999932944774630 -0.00113634101580828428
-0.01999999955296516420 -0.00113310501910746098
-0.00999999977648258210 -0.00113064702600240707
0.00000000000000000000 -0.00113115599378943443
0.00999999977648258210 -0.00112593395169824362
0.01999999955296516420 -0.00111867103260010481
0.02999999932944774630 -0.00111489498522132635
0.03999999910593032840 -0.00111171195749193430
0.05000000074505805970 -0.00110532599501311779
0.05999999865889549260 -0.00109992595389485359
0.07000000029802322390 -0.00109756900928914547
0.07999999821186065670 -0.00109459704253822565
0.09000000357627868650 -0.00109309901017695665
0.10000000149011611900 -0.00109067803714424372
0.10999999940395355200 -0.00108593702316284180
0.11999999731779098500 -0.00107957702130079269
0.12999999523162841800 -0.00107473402749747038
0.14000000059604644800 -0.00107070396188646555
0.15000000596046447800 -0.00106518797110766172
0.15999999642372131300 -0.00105911004357039928
0.17000000178813934300 -0.00105454202275723219
0.18000000715255737300 -0.00105201499536633492
0.18999999761581420900 -0.00104949297383427620
0.20000000298023223900 -0.00104511005338281393
0.20999999344348907500 -0.00104066496714949608
0.21999999880790710400 -0.00103407399728894234
0.23000000417232513400 -0.00102606101427227259
0.23999999463558197000 -0.00102254597004503012
0.25000000000000000000 -0.00101589004043489695
0.25999999046325683600 -0.00100710196420550346
0.27000001072883606000 -0.00100120704155415297
0.28000000119209289500 -0.00100791500881314278
0.28999999165534973100 -0.00099312455859035254
0.30000001192092895500 -0.00098313530907034874
0.31000000238418579100 -0.00097653642296791077
0.31999999284744262700 -0.00096825591754168272
0.33000001311302185100 -0.00095827848417684436
0.34000000357627868600 -0.00095003808382898569
0.34999999403953552200 -0.00093654938973486424
0.36000001430511474600 -0.00091975211398676038
0.37000000476837158200 -0.00090405682567507029
0.37999999523162841800 -0.00088479631813243032
0.38999998569488525400 -0.00086028542136773467
0.40000000596046447700 -0.00083377357805147767
0.40999999642372131300 -0.00080386921763420105
0.41999998688697814900 -0.00076838192762807012
0.43000000715255737300 -0.00072881497908383608
0.43999999761581420900 -0.00067943771136924624
0.44999998807907104500 -0.00062257918762043118
0.46000000834465026800 -0.00055619701743125916
0.46999999880790710400 -0.00047900309436954558
0.47999998927116394000 -0.00039501581341028214
0.49000000953674316400 -0.00029946101130917668
0.50000000000000000000 -0.00019190649618394673
0.50999999046325683600 -0.00008438139775535092
0.51999998092651367200 0.00002025345020228997
0.52999997138977050800 0.00017569640476722270
0.54000002145767211900 0.00032648449996486306
0.55000001192092895500 0.00048607648932375014
0.56000000238418579100 0.00065554270986467600
0.56999999284744262700 0.00083347188774496317
0.57999998331069946300 0.00102093105670064688
0.58999997377395629900 0.00120052497368305922
0.60000002384185791000 0.00140357995405793190
0.61000001430511474600 0.00161274196580052376
0.62000000476837158200 0.00182792998384684324
0.62999999523162841800 0.00204456690698862076
0.63999998569488525400 0.00226262793876230717
0.64999997615814209000 0.00248195091262459755
0.66000002622604370100 0.00270668510347604752
0.67000001668930053700 0.00292859389446675778
0.68000000715255737300 0.00314622302539646626
0.68999999761581420900 0.00336695602163672447
0.69999998807907104500 0.00358703709207475186
0.70999997854232788100 0.00380642595700919628
0.72000002861022949200 0.00401777215301990509
0.73000001907348632800 0.00422763312235474587
0.74000000953674316400 0.00442139385268092156
0.75000000000000000000 0.00460297195240855217
0.75999999046325683600 0.00479491101577877998
0.76999998092651367200 0.00497101619839668274
0.77999997138977050800 0.00513307610526680946
0.79000002145767211900 0.00529781077057123184
0.80000001192092895500 0.00546389678493142128
0.81000000238418579100 0.00561777781695127487
0.81999999284744262700 0.00576931517571210861
0.82999998331069946300 0.00592052005231380463
0.83999997377395629900 0.00604802789166569710
0.85000002384185791000 0.00616200221702456474
0.86000001430511474600 0.00630332296714186669
0.87000000476837158200 0.00641880510374903679
0.87999999523162841800 0.00652038911357522011
0.88999998569488525400 0.00664622383192181587
0.89999997615814209000 0.00675739906728267670
0.91000002622604370100 0.00687323790043592453
0.92000001668930053700 0.00699033308774232865
0.93000000715255737300 0.00710066314786672592
0.93999999761581420900 0.00718781910836696625
0.94999998807907104500 0.00727974995970726013
0.95999997854232788100 0.00738455681130290032
0.97000002861022949200 0.00747040193527936936
0.98000001907348632800 0.00755238393321633339
0.99000000953674316400 0.00764336017891764641
1.00000000000000000000 0.00773472897708415985
