-1.00000000000000000000 -0.01991325989365577700
-0.99000000953674316400 -0.02007737010717391970
-0.98000001907348632800 -0.02004110068082809450
-0.97000002861022949200 -0.01994453929364681240
-0.95999997854232788100 -0.01978806033730506900
-0.94999998807907104500 -0.01959772035479545590
-0.93999999761581420900 -0.01943456009030342100
-0.93000000715255737300 -0.01922770030796527860
-0.92000001668930053700 -0.01902711018919944760
-0.91000002622604370100 -0.01881043985486030580
-0.89999997615814209000 -0.01859639026224613190
-0.88999998569488525400 -0.01838498003780841830
-0.87999999523162841800 -0.01813923008739948270
-0.87000000476837158200 -0.01792589947581291200
-0.86000001430511474600 -0.01770151033997535710
-0.85000002384185791000 -0.01744629070162773130
-0.83999997377395629900 -0.01723526977002620700
-0.82999998331069946300 -0.01697630062699317930
-0.81999999284744262700 -0.01676240004599094390
-0.81000000238418579100 -0.01652611978352069850
-0.80000001192092895500 -0.01627510972321033480
-0.79000002145767211900 -0.01603928953409194950
-0.77999997138977050800 -0.01579882949590682980
-0.76999998092651367200 -0.01555662974715232850
-0.75999999046325683600 -0.01532892044633626940
-0.75000000000000000000 -0.01510533038526773450
-0.74000000953674316400 -0.01487514004111289980
-0.73000001907348632800 -0.01463454961776733400
-0.72000002861022949200 -0.01441472023725509640
-0.70999997854232788100 -0.01417472027242183690
-0.69999998807907104500 -0.01395092997699975970
-0.68999999761581420900 -0.01371423993259668350
-0.68000000715255737300 -0.01346973981708288190
-0.67000001668930053700 -0.01323556993156671520
-0.66000002622604370100 -0.01301440037786960600
-0.64999997615814209000 -0.01279409974813461300
-0.63999998569488525400 -0.01256478019058704380
-0.62999999523162841800 -0.01234306022524833680
-0.62000000476837158200 -0.01212402991950511930
-0.61000001430511474600 -0.01190164033323526380
-0.60000002384185791000 -0.01167405024170875550
-0.58999997377395629900 -0.01143909990787506100
-0.57999998331069946300 -0.01122731994837522510
-0.56999999284744262700 -0.01100835017859935760
-0.56000000238418579100 -0.01079348009079694750
-0.55000001192092895500 -0.01057671010494232180
-0.54000002145767211900 -0.01036634016782045360
-0.52999997138977050800 -0.01014456991106271740
-0.51999998092651367200 -0.00991722941398620606
-0.50999999046325683600 -0.00970933400094509125
-0.50000000000000000000 -0.00949586369097232819
-0.49000000953674316400 -0.00928458571434020996
-0.47999998927116394000 -0.00906542409211397171
-0.46999999880790710400 -0.00886107888072729111
-0.46000000834465026800 -0.00865019764751195908
-0.44999998807907104500 -0.00844998192042112351
-0.43999999761581420900 -0.00824262853711843491
-0.43000000715255737300 -0.00803902372717857361
-0.41999998688697814900 -0.00783619936555624008
-0.40999999642372131300 -0.00763926887884736061
-0.40000000596046447700 -0.00743376184254884720
-0.38999998569488525400 -0.00723347999155521393
-0.37999999523162841800 -0.00703702401369810105
-0.37000000476837158200 -0.00683537591248750687
-0.36000001430511474600 -0.00663729198276996613
-0.34999999403953552200 -0.00644453801214694977
-0.34000000357627868600 -0.00623757718130946160
-0.33000001311302185100 -0.00603944901376962662
-0.31999999284744262700 -0.00584251200780272484
-0.31000000238418579100 -0.00565330777317285538
-0.30000001192092895500 -0.00545672280713915825
-0.28999999165534973100 -0.00526815699413418770
-0.28000000119209289500 -0.00507365912199020386
-0.27000001072883606000 -0.00487761199474334717
-0.25999999046325683600 -0.00469432119280099869
-0.25000000000000000000 -0.00450062891468405724
-0.23999999463558197000 -0.00431531807407736778
-0.23000000417232513400 -0.00412242906168103218
-0.21999999880790710400 -0.00393497291952371597
-0.20999999344348907500 -0.00374822691082954407
-0.20000000298023223900 -0.00356436404399573803
-0.18999999761581420900 -0.00337690301239490509
-0.18000000715255737300 -0.00319036096334457398
-0.17000000178813934300 -0.00301432795822620392
-0.15999999642372131300 -0.00283467303961515427
-0.15000000596046447800 -0.00265313801355659962
-0.14000000059604644800 -0.00247458205558359623
-0.12999999523162841800 -0.00229497696273028851
-0.11999999731779098500 -0.00211962009780108929
-0.10999999940395355200 -0.00194086204282939434
-0.10000000149011611900 -0.00176576396916061640
-0.09000000357627868650 -0.00158890301827341318
-0.07999999821186065670 -0.00141419202554970980
-0.07000000029802322390 -0.00123496504966169596
-0.05999999865889549260 -0.00105930003337562084
-0.05000000074505805970 -0.00088293501175940037
-0.03999999910593032840 -0.00070758938090875745
-0.02999999932944774630 -0.00053151621250435710
-0.01999999955296516420 -0.00035622221184894443
-0.00999999977648258210 -0.00018050629296340048
0.00000000000000000000 -0.00000427025406679604
0.00999999977648258210 0.00016898880130611360
0.01999999955296516420 0.00034643438993953168
0.02999999932944774630 0.00052336801309138536
0.03999999910593032840 0.00070123688783496618
0.05000000074505805970 0.00088068348122760654
0.05999999865889549260 0.00105498498305678368
0.07000000029802322390 0.00123531103599816561
0.07999999821186065670 0.00141528795938938856
0.09000000357627868650 0.00159610004629939795
0.10000000149011611900 0.00177978700958192349
0.10999999940395355200 0.00196196301840245724
0.11999999731779098500 0.00214846106246113777
0.12999999523162841800 0.00233310996554791927
0.14000000059604644800 0.00252028391696512699
0.15000000596046447800 0.00270854309201240540
0.15999999642372131300 0.00289229606278240681
0.17000000178813934300 0.00307877105660736561
0.18000000715255737300 0.00327328802086412907
0.18999999761581420900 0.00345820398069918156
0.20000000298023223900 0.00364783592522144318
0.20999999344348907500 0.00384400808252394200
0.21999999880790710400 0.00403235713019967079
0.23000000417232513400 0.00423216819763183594
0.23999999463558197000 0.00442708097398281098
0.25000000000000000000 0.00461917417123913765
0.25999999046325683600 0.00482267513871192932
0.27000001072883606000 0.00501190498471260071
0.28000000119209289500 0.00521190790459513664
0.28999999165534973100 0.00540882907807826996
0.30000001192092895500 0.00560196302831172943
0.31000000238418579100 0.00580229703336954117
0.31999999284744262700 0.00601345207542181015
0.33000001311302185100 0.00621974794194102288
0.34000000357627868600 0.00642164982855319977
0.34999999403953552200 0.00663482397794723511
0.36000001430511474600 0.00684692896902561188
0.37000000476837158200 0.00705669401213526726
0.37999999523162841800 0.00726834405213594437
0.38999998569488525400 0.00746598280966281891
0.40000000596046447700 0.00768587086349725724
0.40999999642372131300 0.00790341012179851532
0.41999998688697814900 0.00811557471752166748
0.43000000715255737300 0.00832864735275506974
0.43999999761581420900 0.00854597613215446472
0.44999998807907104500 0.00876198336482048035
0.46000000834465026800 0.00898323208093643189
0.46999999880790710400 0.00921318214386701584
0.47999998927116394000 0.00942921265959739685
0.49000000953674316400 0.00965003203600645066
0.50000000000000000000 0.00986617989838123322
0.50999999046325683600 0.01009313017129898070
0.51999998092651367200 0.01030343025922775270
0.52999997138977050800 0.01054474990814924240
0.54000002145767211900 0.01077448017895221710
0.55000001192092895500 0.01099275983870029450
0.56000000238418579100 0.01121512986719608310
0.56999999284744262700 0.01143786963075399400
0.57999998331069946300 0.01166891958564519880
0.58999997377395629900 0.01191596034914255140
0.60000002384185791000 0.01213155034929513930
0.61000001430511474600 0.01237235032021999360
0.62000000476837158200 0.01259336993098258970
0.62999999523162841800 0.01283557992428541180
0.63999998569488525400 0.01307961996644735340
0.64999997615814209000 0.01331827975809574130
0.66000002622604370100 0.01356005016714334490
0.67000001668930053700 0.01379521004855632780
0.68000000715255737300 0.01402676012367010120
0.68999999761581420900 0.01427520997822284700
0.69999998807907104500 0.01450487039983272550
0.70999997854232788100 0.01475564017891883850
0.72000002861022949200 0.01498669013381004330
0.73000001907348632800 0.01524221990257501600
0.74000000953674316400 0.01546556036919355390
0.75000000000000000000 0.01573147065937519070
0.75999999046325683600 0.01596499979496002200
0.76999998092651367200 0.01621579937636852260
0.77999997138977050800 0.01644836924970149990
0.79000002145767211900 0.01669720932841300960
0.80000001192092895500 0.01693988963961601260
0.81000000238418579100 0.01719474047422409060
0.81999999284744262700 0.01742994971573352810
0.82999998331069946300 0.01769570074975490570
0.83999997377395629900 0.01794029958546161650
0.85000002384185791000 0.01820695959031581880
0.86000001430511474600 0.01845438964664936070
0.87000000476837158200 0.01871198974549770360
0.87999999523162841800 0.01898268982768058780
0.88999998569488525400 0.01924546062946319580
0.89999997615814209000 0.01949004083871841430
0.91000002622604370100 0.01977818086743354800
0.92000001668930053700 0.02002933993935585020
0.93000000715255737300 0.02028754912316799160
0.93999999761581420900 0.02059249021112918850
0.94999998807907104500 0.02085582911968231200
0.95999997854232788100 0.02112665958702564240
0.97000002861022949200 0.02140375040471553800
0.98000001907348632800 0.02168232016265392300
0.99000000953674316400 0.02194350957870483400
1.00000000000000000000 0.02222310006618499760
