-1.00000000000000000000 -0.00805192906409502030
-0.99000000953674316400 -0.00762625876814126969
-0.98000001907348632800 -0.00720418803393840790
-0.97000002861022949200 -0.00686471117660403252
-0.95999997854232788100 -0.00653765304014086724
-0.94999998807907104500 -0.00628771679475903511
-0.93999999761581420900 -0.00610536523163318634
-0.93000000715255737300 -0.00596556998789310456
-0.92000001668930053700 -0.00584574090316891670
-0.91000002622604370100 -0.00575601682066917420
-0.89999997615814209000 -0.00567903509363532067
-0.88999998569488525400 -0.00560175301507115364
-0.87999999523162841800 -0.00551869487389922142
-0.87000000476837158200 -0.00547759700566530228
-0.86000001430511474600 -0.00541343586519360542
-0.85000002384185791000 -0.00535976700484752655
-0.83999997377395629900 -0.00532256299629807472
-0.82999998331069946300 -0.00528375804424285889
-0.81999999284744262700 -0.00527196889743208885
-0.81000000238418579100 -0.00525469612330198288
-0.80000001192092895500 -0.00523010408505797386
-0.79000002145767211900 -0.00520134018734097481
-0.77999997138977050800 -0.00516930408775806427
-0.76999998092651367200 -0.00514809321612119675
-0.75999999046325683600 -0.00513306492939591408
-0.75000000000000000000 -0.00510470196604728699
-0.74000000953674316400 -0.00506725208833813667
-0.73000001907348632800 -0.00506797991693019867
-0.72000002861022949200 -0.00506283901631832123
-0.70999997854232788100 -0.00504918489605188370
-0.69999998807907104500 -0.00505049293860793114
-0.68999999761581420900 -0.00503411795943975449
-0.68000000715255737300 -0.00498834997415542603
-0.67000001668930053700 -0.00498458184301853180
-0.66000002622604370100 -0.00496729882434010506
-0.64999997615814209000 -0.00492600584402680397
-0.63999998569488525400 -0.00492431921884417534
-0.62999999523162841800 -0.00490435818210244179
-0.62000000476837158200 -0.00488738622516393662
-0.61000001430511474600 -0.00488746119663119316
-0.60000002384185791000 -0.00487398402765393257
-0.58999997377395629900 -0.00484453607350587845
-0.57999998331069946300 -0.00483260210603475571
-0.56999999284744262700 -0.00480820285156369209
-0.56000000238418579100 -0.00477701518684625626
-0.55000001192092895500 -0.00476462114602327347
-0.54000002145767211900 -0.00473131006583571434
-0.52999997138977050800 -0.00471159815788269043
-0.51999998092651367200 -0.00470931082963943482
-0.50999999046325683600 -0.00469997618347406387
-0.50000000000000000000 -0.00467039877548813820
-0.49000000953674316400 -0.00466778501868247986
-0.47999998927116394000 -0.00463908305391669274
-0.46999999880790710400 -0.00460228277370333672
-0.46000000834465026800 -0.00460115913301706314
-0.44999998807907104500 -0.00456463405862450600
-0.43999999761581420900 -0.00452552689239382744
-0.43000000715255737300 -0.00451022805646061897
-0.41999998688697814900 -0.00449314294382929802
-0.40999999642372131300 -0.00446218485012650490
-0.40000000596046447700 -0.00445298198610544205
-0.38999998569488525400 -0.00443121697753667832
-0.37999999523162841800 -0.00438691116869449616
-0.37000000476837158200 -0.00435981294140219689
-0.36000001430511474600 -0.00433494197204709053
-0.34999999403953552200 -0.00429644808173179627
-0.34000000357627868600 -0.00426426203921437264
-0.33000001311302185100 -0.00423137191683053970
-0.31999999284744262700 -0.00420077703893184662
-0.31000000238418579100 -0.00418165279552340508
-0.30000001192092895500 -0.00415361998602747917
-0.28999999165534973100 -0.00412572687491774559
-0.28000000119209289500 -0.00408795801922678948
-0.27000001072883606000 -0.00403902679681777954
-0.25999999046325683600 -0.00400604587048292160
-0.25000000000000000000 -0.00397877302020788193
-0.23999999463558197000 -0.00392423802986741066
-0.23000000417232513400 -0.00388576602563261986
-0.21999999880790710400 -0.00386185711249709129
-0.20999999344348907500 -0.00382400606758892536
-0.20000000298023223900 -0.00378637691028416157
-0.18999999761581420900 -0.00376062211580574513
-0.18000000715255737300 -0.00370622496120631695
-0.17000000178813934300 -0.00364841707050800324
-0.15999999642372131300 -0.00361799704842269421
-0.15000000596046447800 -0.00356372492387890816
-0.14000000059604644800 -0.00350472889840602875
-0.12999999523162841800 -0.00346156093291938305
-0.11999999731779098500 -0.00341463508084416390
-0.10999999940395355200 -0.00337206688709557057
-0.10000000149011611900 -0.00332721299491822720
-0.09000000357627868650 -0.00327997910790145397
-0.07999999821186065670 -0.00322365295141935349
-0.07000000029802322390 -0.00316103710792958737
-0.05999999865889549260 -0.00310928607359528542
-0.05000000074505805970 -0.00305587192997336388
-0.03999999910593032840 -0.00299120391719043255
-0.02999999932944774630 -0.00293102394789457321
-0.01999999955296516420 -0.00287961796857416630
-0.00999999977648258210 -0.00282924110069870949
0.00000000000000000000 -0.00277452496811747551
0.00999999977648258210 -0.00271965702995657921
0.01999999955296516420 -0.00266920006833970547
0.02999999932944774630 -0.00259915599599480629
0.03999999910593032840 -0.00253395503386855126
0.05000000074505805970 -0.00248173600994050503
0.05999999865889549260 -0.00241249799728393555
0.07000000029802322390 -0.00234664208255708218
0.07999999821186065670 -0.00228831404820084572
0.09000000357627868650 -0.00222708494402468205
0.10000000149011611900 -0.00216790800914168358
0.10999999940395355200 -0.00210914690978825092
0.11999999731779098500 -0.00204258901067078114
0.12999999523162841800 -0.00197354494594037533
0.14000000059604644800 -0.00189760001376271248
0.15000000596046447800 -0.00183311803266406059
0.15999999642372131300 -0.00175866298377513886
0.17000000178813934300 -0.00168195995502173901
0.18000000715255737300 -0.00160582794342190027
0.18999999761581420900 -0.00154079799540340900
0.20000000298023223900 -0.00146383896935731173
0.20999999344348907500 -0.00138848205097019672
0.21999999880790710400 -0.00131789396982640028
0.23000000417232513400 -0.00123274303041398525
0.23999999463558197000 -0.00114331301301717758
0.25000000000000000000 -0.00107048195786774159
0.25999999046325683600 -0.00103107001632452011
0.27000001072883606000 -0.00091136078117415309
0.28000000119209289500 -0.00081892212620005012
0.28999999165534973100 -0.00073234987212345004
0.30000001192092895500 -0.00063334678998216987
0.31000000238418579100 -0.00054043880663812161
0.31999999284744262700 -0.00045010528992861509
0.33000001311302185100 -0.00035789661342278123
0.34000000357627868600 -0.00027080529252998531
0.34999999403953552200 -0.00017364250379614532
0.36000001430511474600 -0.00010083240340463817
0.37000000476837158200 -0.00003791305061895400
0.37999999523162841800 0.00005533321018447168
0.38999998569488525400 0.00011660870222840458
0.40000000596046447700 0.00023270910605788231
0.40999999642372131300 0.00032956380164250731
0.41999998688697814900 0.00042782200034707785
0.43000000715255737300 0.00054747727699577808
0.43999999761581420900 0.00065367942443117499
0.44999998807907104500 0.00075287779327481985
0.46000000834465026800 0.00086786580504849553
0.46999999880790710400 0.00098438956774771214
0.47999998927116394000 0.00106712500564754009
0.49000000953674316400 0.00117164000403136015
0.50000000000000000000 0.00128041894640773535
0.50999999046325683600 0.00138386699836701155
0.51999998092651367200 0.00150422705337405205
0.52999997138977050800 0.00160343502648174763
0.54000002145767211900 0.00170863501261919737
0.55000001192092895500 0.00181425001937896013
0.56000000238418579100 0.00191959098447114229
0.56999999284744262700 0.00201799510978162289
0.57999998331069946300 0.00213770288974046707
0.58999997377395629900 0.00224035605788230896
0.60000002384185791000 0.00234873197041451931
0.61000001430511474600 0.00245076999999582768
0.62000000476837158200 0.00257574301213026047
0.62999999523162841800 0.00267424597404897213
0.63999998569488525400 0.00277441693469882012
0.64999997615814209000 0.00287949806079268456
0.66000002622604370100 0.00299614295363426209
0.67000001668930053700 0.00309856701642274857
0.68000000715255737300 0.00323468889109790325
0.68999999761581420900 0.00334334000945091248
0.69999998807907104500 0.00346182007342576981
0.70999997854232788100 0.00358136696740984917
0.72000002861022949200 0.00370941101573407650
0.73000001907348632800 0.00382240395992994309
0.74000000953674316400 0.00394994113594293594
0.75000000000000000000 0.00407863780856132507
0.75999999046325683600 0.00419998588040471077
0.76999998092651367200 0.00433890521526336670
0.77999997138977050800 0.00446994276717305184
0.79000002145767211900 0.00461641279980540276
0.80000001192092895500 0.00474018510431051254
0.81000000238418579100 0.00488864397630095482
0.81999999284744262700 0.00503744697198271752
0.82999998331069946300 0.00516395084559917450
0.83999997377395629900 0.00532238883897662163
0.85000002384185791000 0.00545976683497428894
0.86000001430511474600 0.00560368504375219345
0.87000000476837158200 0.00574301602318882942
0.87999999523162841800 0.00588465901091694832
0.88999998569488525400 0.00602676998823881150
0.89999997615814209000 0.00616370001807808876
0.91000002622604370100 0.00632975995540618897
0.92000001668930053700 0.00647989194840192795
0.93000000715255737300 0.00664759892970323563
0.93999999761581420900 0.00681032706052064896
0.94999998807907104500 0.00698462780565023422
0.95999997854232788100 0.00718467496335506439
0.97000002861022949200 0.00737397093325853348
0.98000001907348632800 0.00757387699559330940
0.99000000953674316400 0.00778126902878284455
1.00000000000000000000 0.00796872936189174652
