-1.00000000000000000000 -0.00614106701686978340
-0.99000000953674316400 -0.00615357700735330582
-0.98000001907348632800 -0.00617792317643761635
-0.97000002861022949200 -0.00617443211376667023
-0.95999997854232788100 -0.00616640876978635788
-0.94999998807907104500 -0.00615773303434252739
-0.93999999761581420900 -0.00616101501509547234
-0.93000000715255737300 -0.00615439517423510552
-0.92000001668930053700 -0.00614524586126208306
-0.91000002622604370100 -0.00613407790660858154
-0.89999997615814209000 -0.00614208821207284928
-0.88999998569488525400 -0.00616453681141138077
-0.87999999523162841800 -0.00615712720900774002
-0.87000000476837158200 -0.00617116596549749375
-0.86000001430511474600 -0.00616652285680174828
-0.85000002384185791000 -0.00613952893763780594
-0.83999997377395629900 -0.00615968601778149605
-0.82999998331069946300 -0.00615919008851051331
-0.81999999284744262700 -0.00613204110413789749
-0.81000000238418579100 -0.00614685378968715668
-0.80000001192092895500 -0.00616858992725610733
-0.79000002145767211900 -0.00616447720676660538
-0.77999997138977050800 -0.00618350598961114884
-0.76999998092651367200 -0.00619109813123941422
-0.75999999046325683600 -0.00616502016782760620
-0.75000000000000000000 -0.00616988306865096092
-0.74000000953674316400 -0.00617509288713335991
-0.73000001907348632800 -0.00614612177014350891
-0.72000002861022949200 -0.00614898512139916420
-0.70999997854232788100 -0.00615872303023934364
-0.69999998807907104500 -0.00615675514563918114
-0.68999999761581420900 -0.00617004279047250748
-0.68000000715255737300 -0.00618503894656896591
-0.67000001668930053700 -0.00616157893091440201
-0.66000002622604370100 -0.00614157086238265038
-0.64999997615814209000 -0.00615374697372317314
-0.63999998569488525400 -0.00612863386049866676
-0.62999999523162841800 -0.00611410802230238915
-0.62000000476837158200 -0.00611840002238750458
-0.61000001430511474600 -0.00611398881301283837
-0.60000002384185791000 -0.00613383203744888306
-0.58999997377395629900 -0.00613701390102505684
-0.57999998331069946300 -0.00614326680079102516
-0.56999999284744262700 -0.00613699713721871376
-0.56000000238418579100 -0.00612345198169350624
-0.55000001192092895500 -0.00612337701022624970
-0.54000002145767211900 -0.00613010022789239884
-0.52999997138977050800 -0.00611633202061057091
-0.51999998092651367200 -0.00611135922372341156
-0.50999999046325683600 -0.00613481597974896431
-0.50000000000000000000 -0.00614533387124538422
-0.49000000953674316400 -0.00614582980051636696
-0.47999998927116394000 -0.00615733908489346504
-0.46999999880790710400 -0.00614641420543193817
-0.46000000834465026800 -0.00612864689901471138
-0.44999998807907104500 -0.00614308007061481476
-0.43999999761581420900 -0.00613236706703901291
-0.43000000715255737300 -0.00610889401286840439
-0.41999998688697814900 -0.00612401310354471207
-0.40999999642372131300 -0.00613234611228108406
-0.40000000596046447700 -0.00613812310621142388
-0.38999998569488525400 -0.00615244219079613686
-0.37999999523162841800 -0.00614659208804368973
-0.37000000476837158200 -0.00611980585381388664
-0.36000001430511474600 -0.00613123876973986626
-0.34999999403953552200 -0.00612197117879986763
-0.34000000357627868600 -0.00609785411506891251
-0.33000001311302185100 -0.00610390398651361466
-0.31999999284744262700 -0.00610945280641317368
-0.31000000238418579100 -0.00611776392906904221
-0.30000001192092895500 -0.00613075681030750275
-0.28999999165534973100 -0.00614230893552303314
-0.28000000119209289500 -0.00612824410200119019
-0.27000001072883606000 -0.00611532805487513542
-0.25999999046325683600 -0.00612640613690018654
-0.25000000000000000000 -0.00612292392179369927
-0.23999999463558197000 -0.00610951706767082215
-0.23000000417232513400 -0.00611114408820867539
-0.21999999880790710400 -0.00612224498763680458
-0.20999999344348907500 -0.00614012684673070908
-0.20000000298023223900 -0.00614554900676012039
-0.18999999761581420900 -0.00614805798977613449
-0.18000000715255737300 -0.00614374922588467598
-0.17000000178813934300 -0.00611737882718443871
-0.15999999642372131300 -0.00612590601667761803
-0.15000000596046447800 -0.00612437678501009941
-0.14000000059604644800 -0.00610182806849479676
-0.12999999523162841800 -0.00610217498615384102
-0.11999999731779098500 -0.00611923821270465851
-0.10999999940395355200 -0.00611349008977413178
-0.10000000149011611900 -0.00611807312816381455
-0.09000000357627868650 -0.00612523686140775681
-0.07999999821186065670 -0.00609281705692410469
-0.07000000029802322390 -0.00608456088230013848
-0.05999999865889549260 -0.00609391881152987480
-0.05000000074505805970 -0.00605942308902740479
-0.03999999910593032840 -0.00606091506779193878
-0.02999999932944774630 -0.00607633776962757111
-0.01999999955296516420 -0.00607469910755753517
-0.00999999977648258210 -0.00608930503949522972
0.00000000000000000000 -0.00611240882426500321
0.00999999977648258210 -0.00610408512875437737
0.01999999955296516420 -0.00608908897265791893
0.02999999932944774630 -0.00608316995203495026
0.03999999910593032840 -0.00609181309118866921
0.05000000074505805970 -0.00607647420838475228
0.05999999865889549260 -0.00606982689350843430
0.07000000029802322390 -0.00607124622911214829
0.07999999821186065670 -0.00607949402183294296
0.09000000357627868650 -0.00609764084219932556
0.10000000149011611900 -0.00609520217403769493
0.10999999940395355200 -0.00609285989776253700
0.11999999731779098500 -0.00608703913167119026
0.12999999523162841800 -0.00607968401163816452
0.14000000059604644800 -0.00607192795723676682
0.15000000596046447800 -0.00606409087777137757
0.15999999642372131300 -0.00605115806683897972
0.17000000178813934300 -0.00605701701715588570
0.18000000715255737300 -0.00607935385778546334
0.18999999761581420900 -0.00607116986066102982
0.20000000298023223900 -0.00607396615669131279
0.20999999344348907500 -0.00606916612014174462
0.21999999880790710400 -0.00603662803769111634
0.23000000417232513400 -0.00604629516601562500
0.23999999463558197000 -0.00604664999991655350
0.25000000000000000000 -0.00601433683186769486
0.25999999046325683600 -0.00601589214056730271
0.27000001072883606000 -0.00602710200473666191
0.28000000119209289500 -0.00601886585354804993
0.28999999165534973100 -0.00602593086659908295
0.30000001192092895500 -0.00603038398548960686
0.31000000238418579100 -0.00599240092560648918
0.31999999284744262700 -0.00596765289083123207
0.33000001311302185100 -0.00596544705331325531
0.34000000357627868600 -0.00591859081760048866
0.34999999403953552200 -0.00588160287588834763
0.36000001430511474600 -0.00585723016411066056
0.37000000476837158200 -0.00580713106319308281
0.37999999523162841800 -0.00576464598998427391
0.38999998569488525400 -0.00570590887218713761
0.40000000596046447700 -0.00561157800257205963
0.40999999642372131300 -0.00550825381651520729
0.41999998688697814900 -0.00540364999324083328
0.43000000715255737300 -0.00526246614754199982
0.43999999761581420900 -0.00511120818555355072
0.44999998807907104500 -0.00496105384081602097
0.46000000834465026800 -0.00478667579591274262
0.46999999880790710400 -0.00461780279874801636
0.47999998927116394000 -0.00443276297301054001
0.49000000953674316400 -0.00422936398535966873
0.50000000000000000000 -0.00401875795796513558
0.50999999046325683600 -0.00379463308490812779
0.51999998092651367200 -0.00357401208020746708
0.52999997138977050800 -0.00335917295888066292
0.54000002145767211900 -0.00313226110301911831
0.55000001192092895500 -0.00290973810479044914
0.56000000238418579100 -0.00270546809770166874
0.56999999284744262700 -0.00250125094316899777
0.57999998331069946300 -0.00229609711095690727
0.58999997377395629900 -0.00210579903796315193
0.60000002384185791000 -0.00191347696818411350
0.61000001430511474600 -0.00172728300094604492
0.62000000476837158200 -0.00156382098793983460
0.62999999523162841800 -0.00139881100039929152
0.63999998569488525400 -0.00124136195518076420
0.64999997615814209000 -0.00110170105472207069
0.66000002622604370100 -0.00096447439864277840
0.67000001668930053700 -0.00080641708336770535
0.68000000715255737300 -0.00069186731707304716
0.68999999761581420900 -0.00058689311845228076
0.69999998807907104500 -0.00048511149361729622
0.70999997854232788100 -0.00039160600863397121
0.72000002861022949200 -0.00030256630270741880
0.73000001907348632800 -0.00021355409990064800
0.74000000953674316400 -0.00012929479999002069
0.75000000000000000000 -0.00004944383908878081
0.75999999046325683600 0.00002332959957129788
0.76999998092651367200 0.00011094899673480541
0.77999997138977050800 0.00019041130144614726
0.79000002145767211900 0.00027050630887970328
0.80000001192092895500 0.00035120540997013450
0.81000000238418579100 0.00043446299969218671
0.81999999284744262700 0.00051908282330259681
0.82999998331069946300 0.00060709781246259809
0.83999997377395629900 0.00070079910801723599
0.85000002384185791000 0.00079539179569110274
0.86000001430511474600 0.00089659699006006122
0.87000000476837158200 0.00100285001099109650
0.87999999523162841800 0.00118161400314420462
0.88999998569488525400 0.00129258097149431706
0.89999997615814209000 0.00142146600410342217
0.91000002622604370100 0.00155643501784652472
0.92000001668930053700 0.00168708304408937693
0.93000000715255737300 0.00183411501348018646
0.93999999761581420900 0.00198660907335579395
0.94999998807907104500 0.00213293009437620640
0.95999997854232788100 0.00229571899399161339
0.97000002861022949200 0.00246571493335068226
0.98000001907348632800 0.00263368501327931881
0.99000000953674316400 0.00281741702929139137
1.00000000000000000000 0.00300727109424769878
