-1.00000000000000000000 -0.00589633220806717873
-0.99000000953674316400 -0.00587629713118076325
-0.98000001907348632800 -0.00589984003454446793
-0.97000002861022949200 -0.00588174397125840187
-0.95999997854232788100 -0.00586974900215864182
-0.94999998807907104500 -0.00589215895161032677
-0.93999999761581420900 -0.00588963180780410767
-0.93000000715255737300 -0.00590129289776086807
-0.92000001668930053700 -0.00593027099967002869
-0.91000002622604370100 -0.00591095723211765290
-0.89999997615814209000 -0.00590716022998094559
-0.88999998569488525400 -0.00590826384723186493
-0.87999999523162841800 -0.00589979207143187523
-0.87000000476837158200 -0.00589287094771862030
-0.86000001430511474600 -0.00589200202375650406
-0.85000002384185791000 -0.00587775185704231262
-0.83999997377395629900 -0.00588995683938264847
-0.82999998331069946300 -0.00591539498418569565
-0.81999999284744262700 -0.00590108521282672882
-0.81000000238418579100 -0.00590782286599278450
-0.80000001192092895500 -0.00590403797104954720
-0.79000002145767211900 -0.00587546080350875855
-0.77999997138977050800 -0.00588741479441523552
-0.76999998092651367200 -0.00587812019512057305
-0.75999999046325683600 -0.00585301080718636513
-0.75000000000000000000 -0.00586173683404922486
-0.74000000953674316400 -0.00588114978745579720
-0.73000001907348632800 -0.00586928380653262139
-0.72000002861022949200 -0.00588807789608836174
-0.70999997854232788100 -0.00587612995877861977
-0.69999998807907104500 -0.00583975808694958687
-0.68999999761581420900 -0.00584723101928830147
-0.68000000715255737300 -0.00584648689255118370
-0.67000001668930053700 -0.00581236276775598526
-0.66000002622604370100 -0.00581944221630692482
-0.64999997615814209000 -0.00582494586706161499
-0.63999998569488525400 -0.00582054816186428070
-0.62999999523162841800 -0.00583892408758401871
-0.62000000476837158200 -0.00584220187738537789
-0.61000001430511474600 -0.00582347484305500984
-0.60000002384185791000 -0.00580260995775461197
-0.58999997377395629900 -0.00580962421372532845
-0.57999998331069946300 -0.00579067086800932884
-0.56999999284744262700 -0.00577371288090944290
-0.56000000238418579100 -0.00576909584924578667
-0.55000001192092895500 -0.00576336309313774109
-0.54000002145767211900 -0.00577512383460998535
-0.52999997138977050800 -0.00576915917918086052
-0.51999998092651367200 -0.00576478382572531700
-0.50999999046325683600 -0.00575412483885884285
-0.50000000000000000000 -0.00571594899520277977
-0.49000000953674316400 -0.00571422884240746498
-0.47999998927116394000 -0.00571132078766822815
-0.46999999880790710400 -0.00566956819966435433
-0.46000000834465026800 -0.00565841002389788628
-0.44999998807907104500 -0.00566878914833068848
-0.43999999761581420900 -0.00564776593819260597
-0.43000000715255737300 -0.00564489699900150299
-0.41999998688697814900 -0.00565249193459749222
-0.40999999642372131300 -0.00560910999774932862
-0.40000000596046447700 -0.00558160012587904930
-0.38999998569488525400 -0.00559028377756476402
-0.37999999523162841800 -0.00555301876738667488
-0.37000000476837158200 -0.00553006120026111603
-0.36000001430511474600 -0.00553653715178370476
-0.34999999403953552200 -0.00550875719636678696
-0.34000000357627868600 -0.00551037723198533058
-0.33000001311302185100 -0.00550947291776537895
-0.31999999284744262700 -0.00547883706167340279
-0.31000000238418579100 -0.00545070320367813111
-0.30000001192092895500 -0.00543008884415030480
-0.28999999165534973100 -0.00540096685290336609
-0.28000000119209289500 -0.00537964003160595894
-0.27000001072883606000 -0.00535251013934612274
-0.25999999046325683600 -0.00531835295259952545
-0.25000000000000000000 -0.00530995987355709076
-0.23999999463558197000 -0.00529800402000546456
-0.23000000417232513400 -0.00526709016412496567
-0.21999999880790710400 -0.00524505693465471268
-0.20999999344348907500 -0.00521189207211136818
-0.20000000298023223900 -0.00516054080799221993
-0.18999999761581420900 -0.00513835297897458077
-0.18000000715255737300 -0.00510396808385848999
-0.17000000178813934300 -0.00504687381908297539
-0.15999999642372131300 -0.00501932110637426376
-0.15000000596046447800 -0.00499617401510477066
-0.14000000059604644800 -0.00495652202516794205
-0.12999999523162841800 -0.00493085477501153946
-0.11999999731779098500 -0.00489689782261848450
-0.10999999940395355200 -0.00482573779299855232
-0.10000000149011611900 -0.00478751119226217270
-0.09000000357627868650 -0.00474746897816658020
-0.07999999821186065670 -0.00467992899939417839
-0.07000000029802322390 -0.00463616382330656052
-0.05999999865889549260 -0.00459401123225688934
-0.05000000074505805970 -0.00454644206911325455
-0.03999999910593032840 -0.00450763292610645294
-0.02999999932944774630 -0.00446692807599902153
-0.01999999955296516420 -0.00440242094919085503
-0.00999999977648258210 -0.00434046005830168724
0.00000000000000000000 -0.00428840192034840584
0.00999999977648258210 -0.00422295602038502693
0.01999999955296516420 -0.00416222307831048966
0.02999999932944774630 -0.00409950222820043564
0.03999999910593032840 -0.00403137505054473877
0.05000000074505805970 -0.00398059282451868057
0.05999999865889549260 -0.00392893608659505844
0.07000000029802322390 -0.00385760609060525894
0.07999999821186065670 -0.00379806989803910256
0.09000000357627868650 -0.00372317899018526077
0.10000000149011611900 -0.00364012992940843105
0.10999999940395355200 -0.00357580697163939476
0.11999999731779098500 -0.00349914492107927799
0.12999999523162841800 -0.00341054401360452175
0.14000000059604644800 -0.00334157096222043038
0.15000000596046447800 -0.00327395205385982990
0.15999999642372131300 -0.00319246808066964150
0.17000000178813934300 -0.00312706595286726952
0.18000000715255737300 -0.00304768700152635574
0.18999999761581420900 -0.00295258592814207077
0.20000000298023223900 -0.00287777301855385304
0.20999999344348907500 -0.00279949395917356014
0.21999999880790710400 -0.00270555610768496990
0.23000000417232513400 -0.00262646889314055443
0.23999999463558197000 -0.00254688598215579987
0.25000000000000000000 -0.00246442598290741444
0.25999999046325683600 -0.00239086709916591644
0.27000001072883606000 -0.00231119408272206783
0.28000000119209289500 -0.00222466490231454372
0.28999999165534973100 -0.00214135111309587956
0.30000001192092895500 -0.00205637305043637753
0.31000000238418579100 -0.00197055097669363022
0.31999999284744262700 -0.00188854197040200234
0.33000001311302185100 -0.00180134398397058249
0.34000000357627868600 -0.00171977595891803503
0.34999999403953552200 -0.00164754898287355900
0.36000001430511474600 -0.00156655802857130766
0.37000000476837158200 -0.00148804404307156801
0.37999999523162841800 -0.00141348794568330050
0.38999998569488525400 -0.00132981897331774235
0.40000000596046447700 -0.00125541200395673513
0.40999999642372131300 -0.00118729099631309509
0.41999998688697814900 -0.00110996095463633537
0.43000000715255737300 -0.00104019395075738430
0.43999999761581420900 -0.00094786548288539052
0.44999998807907104500 -0.00087581941625103354
0.46000000834465026800 -0.00081473129102960229
0.46999999880790710400 -0.00076295348117128015
0.47999998927116394000 -0.00071266328450292349
0.49000000953674316400 -0.00066453439649194479
0.50000000000000000000 -0.00062105042161419988
0.50999999046325683600 -0.00057848327560350299
0.51999998092651367200 -0.00053468951955437660
0.52999997138977050800 -0.00049533357378095388
0.54000002145767211900 -0.00045838489313609898
0.55000001192092895500 -0.00042249160469509661
0.56000000238418579100 -0.00038850581040605903
0.56999999284744262700 -0.00035570451291278005
0.57999998331069946300 -0.00032512118923477829
0.58999997377395629900 -0.00029694891418330371
0.60000002384185791000 -0.00026745328796096146
0.61000001430511474600 -0.00023930710449349135
0.62000000476837158200 -0.00021186299272812903
0.62999999523162841800 -0.00018269810243509710
0.63999998569488525400 -0.00015645399980712682
0.64999997615814209000 -0.00013002709602005780
0.66000002622604370100 -0.00010246720194118097
0.67000001668930053700 -0.00007751188240945339
0.68000000715255737300 -0.00005134246021043509
0.68999999761581420900 -0.00002540318928367924
0.69999998807907104500 0.00000065998989384752
0.70999997854232788100 0.00002723744910326786
0.72000002861022949200 0.00005361719013308175
0.73000001907348632800 0.00008022427209652960
0.74000000953674316400 0.00010746710177045316
0.75000000000000000000 0.00013510939606931061
0.75999999046325683600 0.00016301800496876240
0.76999998092651367200 0.00019150330626871437
0.77999997138977050800 0.00022002019977662712
0.79000002145767211900 0.00024927940103225410
0.80000001192092895500 0.00028004270279780030
0.81000000238418579100 0.00031002209288999438
0.81999999284744262700 0.00034131159191019833
0.82999998331069946300 0.00037354030064307153
0.83999997377395629900 0.00040355080273002386
0.85000002384185791000 0.00043646019184961915
0.86000001430511474600 0.00047063210513442755
0.87000000476837158200 0.00050127808935940266
0.87999999523162841800 0.00053521111840382218
0.88999998569488525400 0.00057183718308806419
0.89999997615814209000 0.00060590519569814205
0.91000002622604370100 0.00064264371758326888
0.92000001668930053700 0.00068178027868270874
0.93000000715255737300 0.00071589747676625848
0.93999999761581420900 0.00075171631760895252
0.94999998807907104500 0.00079359702067449689
0.95999997854232788100 0.00082924397429451346
0.97000002861022949200 0.00086726568406447768
0.98000001907348632800 0.00091034319484606385
0.99000000953674316400 0.00094969151541590691
1.00000000000000000000 0.00099364062771201134
