-1.00000000000000000000 -0.04292603954672813420
-0.99000000953674316400 -0.04160781949758529660
-0.98000001907348632800 -0.04075491055846214290
-0.97000002861022949200 -0.04000724852085113530
-0.95999997854232788100 -0.03929632902145385740
-0.94999998807907104500 -0.03864983841776847840
-0.93999999761581420900 -0.03803246095776557920
-0.93000000715255737300 -0.03742504119873046880
-0.92000001668930053700 -0.03684559836983680730
-0.91000002622604370100 -0.03626343980431556700
-0.89999997615814209000 -0.03568886965513229370
-0.88999998569488525400 -0.03512324020266532900
-0.87999999523162841800 -0.03455502167344093320
-0.87000000476837158200 -0.03398681059479713440
-0.86000001430511474600 -0.03344260156154632570
-0.85000002384185791000 -0.03289296105504035950
-0.83999997377395629900 -0.03236123174428939820
-0.82999998331069946300 -0.03182531148195266720
-0.81999999284744262700 -0.03131395950913429260
-0.81000000238418579100 -0.03079204075038433080
-0.80000001192092895500 -0.03028351068496704100
-0.79000002145767211900 -0.02976408042013645170
-0.77999997138977050800 -0.02924106083810329440
-0.76999998092651367200 -0.02875953912734985350
-0.75999999046325683600 -0.02825433947145938870
-0.75000000000000000000 -0.02774067036807537080
-0.74000000953674316400 -0.02726520970463752750
-0.73000001907348632800 -0.02678420953452587130
-0.72000002861022949200 -0.02630610950291156770
-0.70999997854232788100 -0.02584297023713588710
-0.69999998807907104500 -0.02537349984049797060
-0.68999999761581420900 -0.02489100024104118350
-0.68000000715255737300 -0.02442627958953380580
-0.67000001668930053700 -0.02397366054356098180
-0.66000002622604370100 -0.02350777015089988710
-0.64999997615814209000 -0.02305828034877777100
-0.63999998569488525400 -0.02261384017765522000
-0.62999999523162841800 -0.02217059955000877380
-0.62000000476837158200 -0.02175699919462203980
-0.61000001430511474600 -0.02132789976894855500
-0.60000002384185791000 -0.02090339921414852140
-0.58999997377395629900 -0.02048181928694248200
-0.57999998331069946300 -0.02004723064601421360
-0.56999999284744262700 -0.01963951997458934780
-0.56000000238418579100 -0.01923637092113494870
-0.55000001192092895500 -0.01882090978324413300
-0.54000002145767211900 -0.01842073909938335420
-0.52999997138977050800 -0.01803695969283580780
-0.51999998092651367200 -0.01765595003962516780
-0.50999999046325683600 -0.01727996021509170530
-0.50000000000000000000 -0.01691395044326782230
-0.49000000953674316400 -0.01654041931033134460
-0.47999998927116394000 -0.01615348085761070250
-0.46999999880790710400 -0.01579632982611656190
-0.46000000834465026800 -0.01543989032506942750
-0.44999998807907104500 -0.01507288962602615360
-0.43999999761581420900 -0.01472796034067869190
-0.43000000715255737300 -0.01439061015844345090
-0.41999998688697814900 -0.01405872963368892670
-0.40999999642372131300 -0.01373832020908594130
-0.40000000596046447700 -0.01341976970434188840
-0.38999998569488525400 -0.01309615001082420350
-0.37999999523162841800 -0.01277483999729156490
-0.37000000476837158200 -0.01245418004691600800
-0.36000001430511474600 -0.01215494982898235320
-0.34999999403953552200 -0.01185357011854648590
-0.34000000357627868600 -0.01154496986418962480
-0.33000001311302185100 -0.01126134954392910000
-0.31999999284744262700 -0.01099008973687887190
-0.31000000238418579100 -0.01071717031300067900
-0.30000001192092895500 -0.01045233011245727540
-0.28999999165534973100 -0.01019630953669548030
-0.28000000119209289500 -0.00992392655462026596
-0.27000001072883606000 -0.00966751296073198319
-0.25999999046325683600 -0.00943486019968986512
-0.25000000000000000000 -0.00918150972574949265
-0.23999999463558197000 -0.00891987234354019165
-0.23000000417232513400 -0.00870783440768718720
-0.21999999880790710400 -0.00847528409212827683
-0.20999999344348907500 -0.00823127105832099915
-0.20000000298023223900 -0.00802754983305931092
-0.18999999761581420900 -0.00782326329499483109
-0.18000000715255737300 -0.00761321093887090683
-0.17000000178813934300 -0.00743207009509205818
-0.15999999642372131300 -0.00723951496183872223
-0.15000000596046447800 -0.00702875899150967598
-0.14000000059604644800 -0.00683607719838619232
-0.12999999523162841800 -0.00666159298270940781
-0.11999999731779098500 -0.00647163111716508866
-0.10999999940395355200 -0.00628576613962650299
-0.10000000149011611900 -0.00611393200233578682
-0.09000000357627868650 -0.00594216678291559220
-0.07999999821186065670 -0.00578904384747147560
-0.07000000029802322390 -0.00562611222267150879
-0.05999999865889549260 -0.00546846119686961174
-0.05000000074505805970 -0.00530198914930224419
-0.03999999910593032840 -0.00512149417772889137
-0.02999999932944774630 -0.00495882704854011536
-0.01999999955296516420 -0.00479949591681361199
-0.00999999977648258210 -0.00462115183472633362
0.00000000000000000000 -0.00444422801956534386
0.00999999977648258210 -0.00428281119093298912
0.01999999955296516420 -0.00411425204947590828
0.02999999932944774630 -0.00394744519144296646
0.03999999910593032840 -0.00376868597231805325
0.05000000074505805970 -0.00358708808198571205
0.05999999865889549260 -0.00338347698561847210
0.07000000029802322390 -0.00317040109075605869
0.07999999821186065670 -0.00297597493045032024
0.09000000357627868650 -0.00275547802448272705
0.10000000149011611900 -0.00251811509951949120
0.10999999940395355200 -0.00229253503493964672
0.11999999731779098500 -0.00206034793518483639
0.12999999523162841800 -0.00181919394526630640
0.14000000059604644800 -0.00157095002941787243
0.15000000596046447800 -0.00130464695394039154
0.15999999642372131300 -0.00101781904231756926
0.17000000178813934300 -0.00072142371209338307
0.18000000715255737300 -0.00042455320362932980
0.18999999761581420900 -0.00011482650006655604
0.20000000298023223900 0.00021076129633001983
0.20999999344348907500 0.00055915827397257090
0.21999999880790710400 0.00089874572586268187
0.23000000417232513400 0.00126201694365590811
0.23999999463558197000 0.00164389901328831911
0.25000000000000000000 0.00203671189956367016
0.25999999046325683600 0.00241436599753797054
0.27000001072883606000 0.00282685807906091213
0.28000000119209289500 0.00325448205694556236
0.28999999165534973100 0.00368069391697645188
0.30000001192092895500 0.00412544095888733864
0.31000000238418579100 0.00457349698990583420
0.31999999284744262700 0.00502771278843283653
0.33000001311302185100 0.00550455320626497269
0.34000000357627868600 0.00600186223164200783
0.34999999403953552200 0.00652165198698639870
0.36000001430511474600 0.00703780213370919228
0.37000000476837158200 0.00757315615192055702
0.37999999523162841800 0.00813015829771757126
0.38999998569488525400 0.00869714561849832535
0.40000000596046447700 0.00926823168992996216
0.40999999642372131300 0.00984836369752883911
0.41999998688697814900 0.01044715009629726410
0.43000000715255737300 0.01120857987552881240
0.43999999761581420900 0.01183941029012203220
0.44999998807907104500 0.01245446968823671340
0.46000000834465026800 0.01310885045677423480
0.46999999880790710400 0.01378133986145257950
0.47999998927116394000 0.01445769984275102620
0.49000000953674316400 0.01516794972121715550
0.50000000000000000000 0.01592951081693172460
0.50999999046325683600 0.01663870923221111300
0.51999998092651367200 0.01740041002631187440
0.52999997138977050800 0.01819078065454959870
0.54000002145767211900 0.01897701062262058260
0.55000001192092895500 0.01980412937700748440
0.56000000238418579100 0.02063854970037937160
0.56999999284744262700 0.02148390002548694610
0.57999998331069946300 0.02235703915357589720
0.58999997377395629900 0.02326619997620582580
0.60000002384185791000 0.02418033964931964870
0.61000001430511474600 0.02511004917323589330
0.62000000476837158200 0.02607779018580913540
0.62999999523162841800 0.02704075910151004790
0.63999998569488525400 0.02803424000740051270
0.64999997615814209000 0.02903351001441478730
0.66000002622604370100 0.03004395961761474610
0.67000001668930053700 0.03106620907783508300
0.68000000715255737300 0.03210102021694183350
0.68999999761581420900 0.03316019102931022640
0.69999998807907104500 0.03423501178622245790
0.70999997854232788100 0.03530738130211830140
0.72000002861022949200 0.03639199957251548770
0.73000001907348632800 0.03749036043882370000
0.74000000953674316400 0.03858765959739685060
0.75000000000000000000 0.03968115895986557010
0.75999999046325683600 0.04077639058232307430
0.76999998092651367200 0.04187487065792083740
0.77999997138977050800 0.04298879951238632200
0.79000002145767211900 0.04411264136433601380
0.80000001192092895500 0.04524565860629081730
0.81000000238418579100 0.04638858139514923100
0.81999999284744262700 0.04753261059522628780
0.82999998331069946300 0.04870304837822914120
0.83999997377395629900 0.04987787082791328430
0.85000002384185791000 0.05105246976017951970
0.86000001430511474600 0.05222051963210105900
0.87000000476837158200 0.05339042842388153080
0.87999999523162841800 0.05456944182515144350
0.88999998569488525400 0.05574002116918563840
0.89999997615814209000 0.05689103156328201290
0.91000002622604370100 0.05801799148321151730
0.92000001668930053700 0.05916303023695945740
0.93000000715255737300 0.06030848994851112370
0.93999999761581420900 0.06148000061511993410
0.94999998807907104500 0.06261338293552398680
0.95999997854232788100 0.06363551318645477300
0.97000002861022949200 0.06544279307126998900
0.98000001907348632800 0.06705836206674575810
0.99000000953674316400 0.06847719103097915650
1.00000000000000000000 0.06983788311481475830
