-1.00000000000000000000 -0.00000000666808519512
-0.99000000953674316400 -0.00000000143615996873
-0.98000001907348632800 -0.00000000809707678684
-0.97000002861022949200 -0.00000000159766400110
-0.95999997854232788100 -0.00000000675457201282
-0.94999998807907104500 0.00000000625180485159
-0.93999999761581420900 -0.00000000442474012985
-0.93000000715255737300 0.00000000982341408218
-0.92000001668930053700 0.00000000064348770756
-0.91000002622604370100 0.00000000525993604228
-0.89999997615814209000 0.00000000142512002199
-0.88999998569488525400 -0.00000000366212904446
-0.87999999523162841800 -0.00000000197028993121
-0.87000000476837158200 -0.00000000628654817092
-0.86000001430511474600 0.00000000388275900320
-0.85000002384185791000 -0.00000000529503019209
-0.83999997377395629900 0.00000001006501992862
-0.82999998331069946300 -0.00000000096519436887
-0.81999999284744262700 0.00000000801006905249
-0.81000000238418579100 0.00000000302908009786
-0.80000001192092895500 0.00000000025691118677
-0.79000002145767211900 -0.00000000097579389013
-0.77999997138977050800 -0.00000000672066002849
-0.76999998092651367200 0.00000000098936858706
-0.75999999046325683600 -0.00000000513775200162
-0.75000000000000000000 0.00000000884467965534
-0.74000000953674316400 -0.00000000284142309681
-0.73000001907348632800 0.00000000976065894776
-0.72000002861022949200 0.00000000211052997301
-0.70999997854232788100 0.00000000279806000592
-0.69999998807907104500 0.00000000112501796767
-0.68999999761581420900 -0.00000000708436198593
-0.68000000715255737300 -0.00000000094654173388
-0.67000001668930053700 -0.00000000543492095773
-0.66000002622604370100 0.00000000605259087294
-0.64999997615814209000 -0.00000000384992304703
-0.63999998569488525400 0.00000001137185012823
-0.62999999523162841800 0.00000000003819106142
-0.62000000476837158200 0.00000000622933482575
-0.61000001430511474600 0.00000000292225910137
-0.60000002384185791000 -0.00000000359386498339
-0.58999997377395629900 -0.00000000067523880931
-0.57999998331069946300 -0.00000000552647883012
-0.56999999284744262700 0.00000000298200508730
-0.56000000238418579100 -0.00000000366890007264
-0.55000001192092895500 0.00000001058389020869
-0.54000002145767211900 -0.00000000188762094844
-0.52999997138977050800 0.00000000933598620634
-0.51999998092651367200 0.00000000278533995868
-0.50999999046325683600 -0.00000000101351904647
-0.50000000000000000000 0.00000000059346860759
-0.49000000953674316400 -0.00000000721236892431
-0.47999998927116394000 0.00000000023444671204
-0.46999999880790710400 -0.00000000403856903475
-0.46000000834465026800 0.00000000794438470564
-0.44999998807907104500 -0.00000000301395908231
-0.43999999761581420900 0.00000001102045033008
-0.43000000715255737300 0.00000000122037402406
-0.41999998688697814900 0.00000000353983709012
-0.40999999642372131300 0.00000000236019404021
-0.40000000596046447700 -0.00000000756253459855
-0.38999998569488525400 -0.00000000036832650818
-0.37999999523162841800 -0.00000000426070512205
-0.37000000476837158200 0.00000000514210185543
-0.36000001430511474600 -0.00000000322974402778
-0.34999999403953552200 0.00000001205171962226
-0.34000000357627868600 -0.00000000092958529763
-0.33000001311302185100 0.00000000738022709612
-0.31999999284744262700 0.00000000340207706451
-0.31000000238418579100 -0.00000000429037605443
-0.30000001192092895500 0.00000000041289729968
-0.28999999165534973100 -0.00000000584739501264
-0.28000000119209289500 0.00000000187145809960
-0.27000001072883606000 -0.00000000252052601013
-0.25999999046325683600 0.00000000998446658684
-0.25000000000000000000 -0.00000000275664402416
-0.23999999463558197000 0.00000001033120966554
-0.23000000417232513400 0.00000000203803707244
-0.21999999880790710400 -0.00000000084225759700
-0.20999999344348907500 0.00000000184094295363
-0.20000000298023223900 -0.00000000813568057367
-0.18999999761581420900 0.00000000011364109653
-0.18000000715255737300 -0.00000000297283397899
-0.17000000178813934300 0.00000000695798885175
-0.15999999642372131300 -0.00000000247432097034
-0.15000000596046447800 0.00000001266297022795
-0.14000000059604644800 0.00000000004624486905
-0.12999999523162841800 0.00000000435071889626
-0.11999999731779098500 0.00000000341352102140
-0.10999999940395355200 -0.00000000866639560115
-0.10000000149011611900 0.00000000080032158678
-0.09000000357627868650 -0.00000000345651995914
-0.07999999821186065670 0.00000000376238018518
-0.07000000029802322390 -0.00000000211824002783
-0.05999999865889549260 0.00000001192286980256
-0.05000000074505805970 -0.00000000208813499825
-0.03999999910593032840 0.00000000861831139787
-0.02999999932944774630 0.00000000252083509622
-0.01999999955296516420 -0.00000000579820991220
-0.00999999977648258210 0.00000000135984101757
0.00000000000000000000 -0.00000000670622402055
0.00999999977648258210 0.00000000183077397686
0.01999999955296516420 -0.00000000519540499511
0.02999999932944774630 0.00000000963352331240
0.03999999910593032840 -0.00000000206143191406
0.05000000074505805970 0.00000000993699966756
0.05999999865889549260 0.00000000248777998202
0.07000000029802322390 0.00000000256365395579
0.07999999821186065670 0.00000000054557242057
0.09000000357627868650 -0.00000000615218898048
0.10000000149011611900 -0.00000000046413001220
0.10999999940395355200 -0.00000000496565810693
0.11999999731779098500 0.00000000683460310569
0.12999999523162841800 -0.00000000356759000120
0.14000000059604644800 0.00000001077035971520
0.15000000596046447800 0.00000000113730602713
0.15999999642372131300 0.00000000582328585352
0.17000000178813934300 0.00000000284934009720
0.18000000715255737300 -0.00000000402965305568
0.18999999761581420900 -0.00000000104913000509
0.20000000298023223900 -0.00000000584358383904
0.20999999344348907500 0.00000000417863388336
0.21999999880790710400 -0.00000000413818002087
0.23000000417232513400 0.00000001100092994477
0.23999999463558197000 -0.00000000095374774745
0.25000000000000000000 0.00000000867259064563
0.25999999046325683600 0.00000000351867490700
0.27000001072883606000 0.00000000065917588055
0.28000000119209289500 -0.00000000022886009754
0.28999999165534973100 -0.00000000637726893515
0.30000001192092895500 0.00000000129668198401
0.31000000238418579100 -0.00000000538448308163
0.31999999284744262700 0.00000000914014108844
0.33000001311302185100 -0.00000000247135001352
0.34000000357627868600 0.00000001050586995177
0.34999999403953552200 0.00000000230974794846
0.36000001430511474600 0.00000000372254094216
0.37000000476837158200 0.00000000140138600724
0.37999999523162841800 -0.00000000583721293523
0.38999998569488525400 -0.00000000064217609008
0.40000000596046447700 -0.00000000460746418796
0.40999999642372131300 0.00000000609710193444
0.41999998688697814900 -0.00000000343871597863
0.43000000715255737300 0.00000001130441962260
0.43999999761581420900 0.00000000064476030071
0.44999998807907104500 0.00000000700841606971
0.46000000834465026800 0.00000000368439190268
0.46999999880790710400 -0.00000000320132009790
0.47999998927116394000 -0.00000000012839310171
0.49000000953674316400 -0.00000000536115996042
0.50000000000000000000 0.00000000344955597420
0.50999999046325683600 -0.00000000329164207002
0.51999998092651367200 0.00000001107007019385
0.52999997138977050800 -0.00000000159555102464
0.54000002145767211900 0.00000001009597028201
0.55000001192092895500 0.00000000363140695292
0.56000000238418579100 0.00000000081219841963
0.56999999284744262700 0.00000000146114698119
0.57999998331069946300 -0.00000000673972699872
0.58999997377395629900 0.00000000097919927722
0.60000002384185791000 -0.00000000291137602915
0.61000001430511474600 0.00000000879973605095
0.62000000476837158200 -0.00000000189101800885
0.62999999523162841800 0.00000001285495976333
0.63999998569488525400 0.00000000245301801094
0.64999997615814209000 0.00000000580249492899
0.66000002622604370100 0.00000000530021182499
0.67000001668930053700 -0.00000000350357898249
0.68000000715255737300 0.00000000483479078994
0.68999999761581420900 0.00000000833349389495
0.69999998807907104500 0.00000001135081983961
0.70999997854232788100 -0.00000000926412280222
0.72000002861022949200 0.00000002833117918044
0.73000001907348632800 0.00000000860093241073
0.74000000953674316400 0.00000001521089032508
0.75000000000000000000 0.00000000821478529645
0.75999999046325683600 0.00000000717249104554
0.76999998092651367200 0.00000000283324008699
0.77999997138977050800 -0.00000000275579692399
0.79000002145767211900 0.00000000327578209003
0.80000001192092895500 -0.00000000319496895607
0.81000000238418579100 0.00000001041385999656
0.81999999284744262700 -0.00000000086854101689
0.82999998331069946300 0.00000001181520037363
0.83999997377395629900 0.00000000410698719477
0.85000002384185791000 0.00000000665870913963
0.86000001430511474600 0.00000000340843797630
0.87000000476837158200 -0.00000000329671889787
0.87999999523162841800 0.00000000037898750804
0.88999998569488525400 -0.00000000483976503318
0.89999997615814209000 0.00000000688298706919
0.91000002622604370100 -0.00000000295377100556
0.92000001668930053700 0.00000001220815981640
0.93000000715255737300 0.00000000138781997006
0.93999999761581420900 0.00000000870056116042
0.94999998807907104500 0.00000000442828884673
0.95999997854232788100 0.00000000075157879920
0.97000002861022949200 0.00000000072105610371
0.98000001907348632800 -0.00000000501989916302
0.99000000953674316400 0.00000000340886896488
1.00000000000000000000 -0.00000000328186899878
