-1.00000000000000000000 -0.00691937422379851342
-0.99000000953674316400 -0.00691272597759962082
-0.98000001907348632800 -0.00687537388876080513
-0.97000002861022949200 -0.00684681301936507225
-0.95999997854232788100 -0.00681976415216922760
-0.94999998807907104500 -0.00676533021032810211
-0.93999999761581420900 -0.00674578221514821053
-0.93000000715255737300 -0.00672425003722310066
-0.92000001668930053700 -0.00667059887200593949
-0.91000002622604370100 -0.00663987500593066216
-0.89999997615814209000 -0.00663288403302431107
-0.88999998569488525400 -0.00661052484065294266
-0.87999999523162841800 -0.00658658007159829140
-0.87000000476837158200 -0.00658502615988254547
-0.86000001430511474600 -0.00654176389798521996
-0.85000002384185791000 -0.00648859981447458267
-0.83999997377395629900 -0.00648420723155140877
-0.82999998331069946300 -0.00645647803321480751
-0.81999999284744262700 -0.00640463503077626229
-0.81000000238418579100 -0.00639277417212724686
-0.80000001192092895500 -0.00636239582672715187
-0.79000002145767211900 -0.00634373677894473076
-0.77999997138977050800 -0.00634589884430170059
-0.76999998092651367200 -0.00632127095013856888
-0.75999999046325683600 -0.00628985883668065071
-0.75000000000000000000 -0.00626511219888925553
-0.74000000953674316400 -0.00622805207967758179
-0.73000001907348632800 -0.00621089199557900429
-0.72000002861022949200 -0.00619432795792818070
-0.70999997854232788100 -0.00615117978304624558
-0.69999998807907104500 -0.00612861290574073792
-0.68999999761581420900 -0.00612867716699838638
-0.68000000715255737300 -0.00611103186383843422
-0.67000001668930053700 -0.00608645798638463020
-0.66000002622604370100 -0.00609352486208081246
-0.64999997615814209000 -0.00604943884536623955
-0.63999998569488525400 -0.00600352883338928223
-0.62999999523162841800 -0.00601151678711175919
-0.62000000476837158200 -0.00598313380032777786
-0.61000001430511474600 -0.00593518605455756188
-0.60000002384185791000 -0.00593323493376374245
-0.58999997377395629900 -0.00591374281793832779
-0.57999998331069946300 -0.00589984888210892678
-0.56999999284744262700 -0.00590445799753069878
-0.56000000238418579100 -0.00588644202798604965
-0.55000001192092895500 -0.00585256982594728470
-0.54000002145767211900 -0.00582720292732119560
-0.52999997138977050800 -0.00581230781972408295
-0.51999998092651367200 -0.00578538421541452408
-0.50999999046325683600 -0.00575591903179883957
-0.50000000000000000000 -0.00573424203321337700
-0.49000000953674316400 -0.00571530591696500778
-0.47999998927116394000 -0.00571954017505049706
-0.46999999880790710400 -0.00570169882848858834
-0.46000000834465026800 -0.00568950502201914787
-0.44999998807907104500 -0.00567842321470379830
-0.43999999761581420900 -0.00564175983890891075
-0.43000000715255737300 -0.00561107601970434189
-0.41999998688697814900 -0.00561395008116960526
-0.40999999642372131300 -0.00558331515640020371
-0.40000000596046447700 -0.00554742012172937393
-0.38999998569488525400 -0.00554516492411494255
-0.37999999523162841800 -0.00553011102601885796
-0.37000000476837158200 -0.00551955122500658035
-0.36000001430511474600 -0.00552115403115749359
-0.34999999403953552200 -0.00550754088908433914
-0.34000000357627868600 -0.00547066796571016312
-0.33000001311302185100 -0.00544938817620277405
-0.31999999284744262700 -0.00543914083391427994
-0.31000000238418579100 -0.00541389593854546547
-0.30000001192092895500 -0.00539017189294099808
-0.28999999165534973100 -0.00537095218896865845
-0.28000000119209289500 -0.00535744708031415940
-0.27000001072883606000 -0.00535878911614418030
-0.25999999046325683600 -0.00534731009975075722
-0.25000000000000000000 -0.00533250812441110611
-0.23999999463558197000 -0.00531348120421171189
-0.23000000417232513400 -0.00527239916846156120
-0.21999999880790710400 -0.00526244519278407097
-0.20999999344348907500 -0.00525036500766873360
-0.20000000298023223900 -0.00521244993433356285
-0.18999999761581420900 -0.00518690003082156182
-0.18000000715255737300 -0.00518670678138732910
-0.17000000178813934300 -0.00517550203949213028
-0.15999999642372131300 -0.00516370311379432678
-0.15000000596046447800 -0.00516376411542296410
-0.14000000059604644800 -0.00513917906209826470
-0.12999999523162841800 -0.00510092778131365776
-0.11999999731779098500 -0.00509528117254376412
-0.10999999940395355200 -0.00507124094292521477
-0.10000000149011611900 -0.00503333099186420441
-0.09000000357627868650 -0.00501711014658212662
-0.07999999821186065670 -0.00500109093263745308
-0.07000000029802322390 -0.00498402910307049751
-0.05999999865889549260 -0.00498907780274748802
-0.05000000074505805970 -0.00496971886605024338
-0.03999999910593032840 -0.00495229614898562432
-0.02999999932944774630 -0.00492971483618021012
-0.01999999955296516420 -0.00488907285034656525
-0.00999999977648258210 -0.00487697822973132134
0.00000000000000000000 -0.00485762301832437515
0.00999999977648258210 -0.00481840781867504120
0.01999999955296516420 -0.00479424884542822838
0.02999999932944774630 -0.00478442013263702393
0.03999999910593032840 -0.00476577505469322205
0.05000000074505805970 -0.00474877189844846726
0.05999999865889549260 -0.00473838206380605698
0.07000000029802322390 -0.00470505701377987862
0.07999999821186065670 -0.00465301796793937683
0.09000000357627868650 -0.00464300392195582390
0.10000000149011611900 -0.00460794009268283844
0.10999999940395355200 -0.00455820700153708458
0.11999999731779098500 -0.00453339796513319016
0.12999999523162841800 -0.00450586015358567238
0.14000000059604644800 -0.00448118709027767182
0.15000000596046447800 -0.00446128612384200096
0.15999999642372131300 -0.00443315319716930390
0.17000000178813934300 -0.00439419178292155266
0.18000000715255737300 -0.00435423385351896286
0.18999999761581420900 -0.00430961698293685913
0.20000000298023223900 -0.00427864911034703255
0.20999999344348907500 -0.00423666182905435562
0.21999999880790710400 -0.00418250588700175285
0.23000000417232513400 -0.00414253398776054382
0.23999999463558197000 -0.00411189114674925804
0.25000000000000000000 -0.00407740008085966110
0.25999999046325683600 -0.00403462490066885948
0.27000001072883606000 -0.00399480108171701431
0.28000000119209289500 -0.00393933709710836411
0.28999999165534973100 -0.00386682804673910141
0.30000001192092895500 -0.00382751110009849072
0.31000000238418579100 -0.00377516890875995159
0.31999999284744262700 -0.00370177696458995342
0.33000001311302185100 -0.00364695303142070770
0.34000000357627868600 -0.00358962803147733212
0.34999999403953552200 -0.00353102292865514755
0.36000001430511474600 -0.00347631005570292473
0.37000000476837158200 -0.00341887702234089375
0.37999999523162841800 -0.00331128691323101521
0.38999998569488525400 -0.00321301002986729145
0.40000000596046447700 -0.00316410209052264690
0.40999999642372131300 -0.00307654705829918385
0.41999998688697814900 -0.00298931892029941082
0.43000000715255737300 -0.00291310111060738564
0.43999999761581420900 -0.00283948797732591629
0.44999998807907104500 -0.00275108404457569122
0.46000000834465026800 -0.00266957096755504608
0.46999999880790710400 -0.00257300096563994885
0.47999998927116394000 -0.00247902190312743187
0.49000000953674316400 -0.00237423204816877842
0.50000000000000000000 -0.00224716099910438061
0.50999999046325683600 -0.00213421392254531384
0.51999998092651367200 -0.00202090991660952568
0.52999997138977050800 -0.00188269803766161203
0.54000002145767211900 -0.00174700794741511345
0.55000001192092895500 -0.00162227498367428780
0.56000000238418579100 -0.00148627196904271841
0.56999999284744262700 -0.00133588002063333988
0.57999998331069946300 -0.00118197000119835138
0.58999997377395629900 -0.00100477598607540131
0.60000002384185791000 -0.00082218379247933626
0.61000001430511474600 -0.00065599137451499701
0.62000000476837158200 -0.00051813741447404027
0.62999999523162841800 -0.00030171810067258775
0.63999998569488525400 -0.00008091220661299303
0.64999997615814209000 0.00212687603197991848
0.66000002622604370100 0.00239929603412747383
0.67000001668930053700 0.00268383393995463848
0.68000000715255737300 0.00316496100276708603
0.68999999761581420900 0.00362829095683991909
0.69999998807907104500 0.00412418507039546967
0.70999997854232788100 0.00530775496736168862
0.72000002861022949200 0.00627467501908540726
0.73000001907348632800 0.00708932522684335709
0.74000000953674316400 0.00646043522283434868
0.75000000000000000000 0.00633580982685089112
0.75999999046325683600 0.00597369298338890076
0.76999998092651367200 0.00629754783585667610
0.77999997138977050800 0.00667786318808794022
0.79000002145767211900 0.00772901996970176697
0.80000001192092895500 0.00883557181805372238
0.81000000238418579100 0.00859604775905609131
0.81999999284744262700 0.00532236322760581970
0.82999998331069946300 0.00564019521698355675
0.83999997377395629900 0.00594510510563850403
0.85000002384185791000 0.00623670406639575958
0.86000001430511474600 0.00651424610987305641
0.87000000476837158200 0.00677346391603350640
0.87999999523162841800 0.00700759002938866616
0.88999998569488525400 0.00724390009418129921
0.89999997615814209000 0.00745324091985821724
0.91000002622604370100 0.00766406394541263581
0.92000001668930053700 0.00786186475306749344
0.93000000715255737300 0.00805349089205265045
0.93999999761581420900 0.00824810378253459931
0.94999998807907104500 0.00843911338597536087
0.95999997854232788100 0.00863728579133749008
0.97000002861022949200 0.00882807467132806778
0.98000001907348632800 0.00903483666479587555
0.99000000953674316400 0.00924723315984010697
1.00000000000000000000 0.01094293035566806790
