-1.00000000000000000000 -0.06268020719289779660
-0.99000000953674316400 -0.06622985750436782840
-0.98000001907348632800 -0.06646426022052764890
-0.97000002861022949200 -0.06607759743928909300
-0.95999997854232788100 -0.06541301310062408450
-0.94999998807907104500 -0.06463508307933807370
-0.93999999761581420900 -0.06270174682140350340
-0.93000000715255737300 -0.06263049691915512090
-0.92000001668930053700 -0.06183578819036483760
-0.91000002622604370100 -0.06079231947660446170
-0.89999997615814209000 -0.05991867929697036740
-0.88999998569488525400 -0.05866486951708793640
-0.87999999523162841800 -0.05789354071021080020
-0.87000000476837158200 -0.05708995088934898380
-0.86000001430511474600 -0.05628041177988052370
-0.85000002384185791000 -0.05548575893044471740
-0.83999997377395629900 -0.05466660112142562870
-0.82999998331069946300 -0.05387623980641365050
-0.81999999284744262700 -0.05311442911624908450
-0.81000000238418579100 -0.05233867838978767400
-0.80000001192092895500 -0.05157795920968055730
-0.79000002145767211900 -0.05082169175148010250
-0.77999997138977050800 -0.05004473030567169190
-0.76999998092651367200 -0.04928265884518623350
-0.75999999046325683600 -0.04852179065346717840
-0.75000000000000000000 -0.04776310920715332030
-0.74000000953674316400 -0.04702749103307724000
-0.73000001907348632800 -0.04627507925033569340
-0.72000002861022949200 -0.04552498832345008850
-0.70999997854232788100 -0.04480065032839775090
-0.69999998807907104500 -0.04407116025686264040
-0.68999999761581420900 -0.04334300011396408080
-0.68000000715255737300 -0.04262180998921394350
-0.67000001668930053700 -0.04190101101994514470
-0.66000002622604370100 -0.04116692021489143370
-0.64999997615814209000 -0.04047451168298721310
-0.63999998569488525400 -0.03975854814052581790
-0.62999999523162841800 -0.03903613984584808350
-0.62000000476837158200 -0.03835272043943405150
-0.61000001430511474600 -0.03765930980443954470
-0.60000002384185791000 -0.03696575015783309940
-0.58999997377395629900 -0.03629760816693305970
-0.57999998331069946300 -0.03561658039689064030
-0.56999999284744262700 -0.03492553904652595520
-0.56000000238418579100 -0.03424927964806556700
-0.55000001192092895500 -0.03358652070164680480
-0.54000002145767211900 -0.03291261941194534300
-0.52999997138977050800 -0.03225217014551162720
-0.51999998092651367200 -0.03159777075052261350
-0.50999999046325683600 -0.03094691969454288480
-0.50000000000000000000 -0.03031408041715621950
-0.49000000953674316400 -0.02967919968068599700
-0.47999998927116394000 -0.02903567068278789520
-0.46999999880790710400 -0.02840713039040565490
-0.46000000834465026800 -0.02777015976607799530
-0.44999998807907104500 -0.02714766934514045720
-0.43999999761581420900 -0.02653343044221401210
-0.43000000715255737300 -0.02591145038604736330
-0.41999998688697814900 -0.02529823035001754760
-0.40999999642372131300 -0.02470887079834938050
-0.40000000596046447700 -0.02412124909460544590
-0.38999998569488525400 -0.02352231927216053010
-0.37999999523162841800 -0.02294730953872203830
-0.37000000476837158200 -0.02235558070242404940
-0.36000001430511474600 -0.02176243066787719730
-0.34999999403953552200 -0.02120481990277767180
-0.34000000357627868600 -0.02063574083149433140
-0.33000001311302185100 -0.02005070075392723080
-0.31999999284744262700 -0.01950323954224586490
-0.31000000238418579100 -0.01895508915185928340
-0.30000001192092895500 -0.01840163953602314000
-0.28999999165534973100 -0.01787161082029342650
-0.28000000119209289500 -0.01733388006687164310
-0.27000001072883606000 -0.01678206026554107670
-0.25999999046325683600 -0.01624741964042186740
-0.25000000000000000000 -0.01573364064097404480
-0.23999999463558197000 -0.01519833970814943310
-0.23000000417232513400 -0.01467381045222282410
-0.21999999880790710400 -0.01416433043777942660
-0.20999999344348907500 -0.01364669017493724820
-0.20000000298023223900 -0.01315958984196186070
-0.18999999761581420900 -0.01265821978449821470
-0.18000000715255737300 -0.01215238030999898910
-0.17000000178813934300 -0.01165384985506534580
-0.15999999642372131300 -0.01114869024604558940
-0.15000000596046447800 -0.01065429020673036580
-0.14000000059604644800 -0.01017158012837171550
-0.12999999523162841800 -0.00967335235327482224
-0.11999999731779098500 -0.00920229405164718628
-0.10999999940395355200 -0.00872021261602640152
-0.10000000149011611900 -0.00821706186980009079
-0.09000000357627868650 -0.00774858007207512856
-0.07999999821186065670 -0.00728136580437421799
-0.07000000029802322390 -0.00679814303293824196
-0.05999999865889549260 -0.00633445195853710175
-0.05000000074505805970 -0.00586094520986080170
-0.03999999910593032840 -0.00536774517968297005
-0.02999999932944774630 -0.00488570285961031914
-0.01999999955296516420 -0.00441852817311882973
-0.00999999977648258210 -0.00392637494951486588
0.00000000000000000000 -0.00344533310271799564
0.00999999977648258210 -0.00296297995373606682
0.01999999955296516420 -0.00247350498102605343
0.02999999932944774630 -0.00200090790167450905
0.03999999910593032840 -0.00151628698222339153
0.05000000074505805970 -0.00101844000164419413
0.05999999865889549260 -0.00050949951400980353
0.07000000029802322390 -0.00000012454110276394
0.07999999821186065670 0.00050265470054000616
0.09000000357627868650 0.00101478700526058674
0.10000000149011611900 0.00152081600390374661
0.10999999940395355200 0.00203421991318464279
0.11999999731779098500 0.00257594999857246876
0.12999999523162841800 0.00311185698956251144
0.14000000059604644800 0.00363663607276976109
0.15000000596046447800 0.00419167988002300263
0.15999999642372131300 0.00474408594891428948
0.17000000178813934300 0.00529711414128541947
0.18000000715255737300 0.00586670078337192536
0.18999999761581420900 0.00642046798020601273
0.20000000298023223900 0.00699630519375205040
0.20999999344348907500 0.00758318416774272919
0.21999999880790710400 0.00817448832094669342
0.23000000417232513400 0.00878617633134126664
0.23999999463558197000 0.00939271599054336548
0.25000000000000000000 0.01000276021659374240
0.25999999046325683600 0.01065209973603487010
0.27000001072883606000 0.01129336003214120860
0.28000000119209289500 0.01191436965018510820
0.28999999165534973100 0.01256182044744491580
0.30000001192092895500 0.01323333010077476500
0.31000000238418579100 0.01388223003596067430
0.31999999284744262700 0.01454775035381317140
0.33000001311302185100 0.01522929966449737550
0.34000000357627868600 0.01590000092983245850
0.34999999403953552200 0.01658898964524269100
0.36000001430511474600 0.01730675995349884030
0.37000000476837158200 0.01802230067551136020
0.37999999523162841800 0.01872809045016765590
0.38999998569488525400 0.01946308091282844540
0.40000000596046447700 0.02020067907869815830
0.40999999642372131300 0.02094483003020286560
0.41999998688697814900 0.02169913984835147860
0.43000000715255737300 0.02244207076728343960
0.43999999761581420900 0.02320636063814163210
0.44999998807907104500 0.02397870086133480070
0.46000000834465026800 0.02475767023861408230
0.46999999880790710400 0.02556229941546916960
0.47999998927116394000 0.02636197023093700410
0.49000000953674316400 0.02716430090367794040
0.50000000000000000000 0.02799716033041477200
0.50999999046325683600 0.02883392013609409330
0.51999998092651367200 0.02965855039656162260
0.52999997138977050800 0.03049709089100360870
0.54000002145767211900 0.03135630860924720760
0.55000001192092895500 0.03221293166279792790
0.56000000238418579100 0.03310173004865646360
0.56999999284744262700 0.03399999067187309270
0.57999998331069946300 0.03487937897443771360
0.58999997377395629900 0.03579252958297729490
0.60000002384185791000 0.03672140091657638550
0.61000001430511474600 0.03762971982359886170
0.62000000476837158200 0.03856692835688591000
0.62999999523162841800 0.03950982913374900820
0.63999998569488525400 0.04047491028904914860
0.64999997615814209000 0.04143698140978813170
0.66000002622604370100 0.04241218045353889470
0.67000001668930053700 0.04341911897063255310
0.68000000715255737300 0.04444275051355361940
0.68999999761581420900 0.04545721039175987240
0.69999998807907104500 0.04645919054746627810
0.70999997854232788100 0.04751418903470039370
0.72000002861022949200 0.04855338856577873230
0.73000001907348632800 0.04956308007240295410
0.74000000953674316400 0.05064852908253669740
0.75000000000000000000 0.05173835903406143190
0.75999999046325683600 0.05289940908551216130
0.76999998092651367200 0.05403805896639823910
0.77999997138977050800 0.05532804876565933230
0.79000002145767211900 0.05689391866326332090
0.80000001192092895500 0.05815066024661064150
0.81000000238418579100 0.05868154019117355350
0.81999999284744262700 0.06025533005595207220
0.82999998331069946300 0.06187370046973228460
0.83999997377395629900 0.06331527978181838990
0.85000002384185791000 0.06348498165607452390
0.86000001430511474600 0.06478446722030639650
0.87000000476837158200 0.06610442698001861570
0.87999999523162841800 0.06712056696414947510
0.88999998569488525400 0.06773138791322708130
0.89999997615814209000 0.06291165202856063840
0.91000002622604370100 0.06396604329347610470
0.92000001668930053700 0.06556575000286102300
0.93000000715255737300 0.06730463355779647830
0.93999999761581420900 0.07026614248752594000
0.94999998807907104500 0.07300914078950881960
0.95999997854232788100 0.07366164028644561770
0.97000002861022949200 0.07227923721075057980
0.98000001907348632800 0.07528556883335113530
0.99000000953674316400 0.07683829218149185180
1.00000000000000000000 0.07855244725942611700
