-1.00000000000000000000 -0.00600373279303312302
-0.99000000953674316400 -0.00578734278678894043
-0.98000001907348632800 -0.00569421984255313873
-0.97000002861022949200 -0.00562600418925285340
-0.95999997854232788100 -0.00557929882779717446
-0.94999998807907104500 -0.00554335210472345352
-0.93999999761581420900 -0.00552979903295636177
-0.93000000715255737300 -0.00551800383254885674
-0.92000001668930053700 -0.00549192400649189949
-0.91000002622604370100 -0.00547089101746678353
-0.89999997615814209000 -0.00543710403144359589
-0.88999998569488525400 -0.00541908713057637215
-0.87999999523162841800 -0.00540899205952882767
-0.87000000476837158200 -0.00537304813042283058
-0.86000001430511474600 -0.00535637885332107544
-0.85000002384185791000 -0.00536372186616063118
-0.83999997377395629900 -0.00535186519846320152
-0.82999998331069946300 -0.00533941015601158142
-0.81999999284744262700 -0.00534229399636387825
-0.81000000238418579100 -0.00531272217631340027
-0.80000001192092895500 -0.00527928909286856651
-0.79000002145767211900 -0.00529106892645359039
-0.77999997138977050800 -0.00527156982570886612
-0.76999998092651367200 -0.00523999985307455063
-0.75999999046325683600 -0.00524010090157389641
-0.75000000000000000000 -0.00522749405354261398
-0.74000000953674316400 -0.00522473081946372986
-0.73000001907348632800 -0.00522521603852510452
-0.72000002861022949200 -0.00521445786580443382
-0.70999997854232788100 -0.00518854614347219467
-0.69999998807907104500 -0.00516972690820693970
-0.68999999761581420900 -0.00517170410603284836
-0.68000000715255737300 -0.00515031814575195313
-0.67000001668930053700 -0.00513753108680248261
-0.66000002622604370100 -0.00512564601376652718
-0.64999997615814209000 -0.00511946994811296463
-0.63999998569488525400 -0.00512927491217851639
-0.62999999523162841800 -0.00512109603732824326
-0.62000000476837158200 -0.00511848693713545799
-0.61000001430511474600 -0.00510468520224094391
-0.60000002384185791000 -0.00507551012560725212
-0.58999997377395629900 -0.00507385283708572388
-0.57999998331069946300 -0.00507350498810410500
-0.56999999284744262700 -0.00504603516310453415
-0.56000000238418579100 -0.00503427302464842796
-0.55000001192092895500 -0.00504201697185635567
-0.54000002145767211900 -0.00503717223182320595
-0.52999997138977050800 -0.00503248302266001702
-0.51999998092651367200 -0.00503939902409911156
-0.50999999046325683600 -0.00501760793849825859
-0.50000000000000000000 -0.00498686591163277626
-0.49000000953674316400 -0.00500049116089940071
-0.47999998927116394000 -0.00498468894511461258
-0.46999999880790710400 -0.00495540304109454155
-0.46000000834465026800 -0.00496022822335362435
-0.44999998807907104500 -0.00495168101042509079
-0.43999999761581420900 -0.00494772801175713539
-0.43000000715255737300 -0.00496208621188998222
-0.41999998688697814900 -0.00495965499430894852
-0.40999999642372131300 -0.00493910908699035645
-0.40000000596046447700 -0.00492345308884978295
-0.38999998569488525400 -0.00492580886930227280
-0.37999999523162841800 -0.00491247419267892838
-0.37000000476837158200 -0.00489797722548246384
-0.36000001430511474600 -0.00489131687209010124
-0.34999999403953552200 -0.00488509517163038254
-0.34000000357627868600 -0.00489866919815540314
-0.33000001311302185100 -0.00489354087039828301
-0.31999999284744262700 -0.00488508399575948715
-0.31000000238418579100 -0.00488321110606193543
-0.30000001192092895500 -0.00485232891514897347
-0.28999999165534973100 -0.00485013006255030632
-0.28000000119209289500 -0.00485017709434032440
-0.27000001072883606000 -0.00482509192079305649
-0.25999999046325683600 -0.00481369812041521073
-0.25000000000000000000 -0.00482184300199151039
-0.23999999463558197000 -0.00482224905863404274
-0.23000000417232513400 -0.00481332000344991684
-0.21999999880790710400 -0.00482393102720379830
-0.20999999344348907500 -0.00480372318997979164
-0.20000000298023223900 -0.00477292714640498161
-0.18999999761581420900 -0.00478654215112328530
-0.18000000715255737300 -0.00477101001888513565
-0.17000000178813934300 -0.00474287522956728935
-0.15999999642372131300 -0.00474869413301348686
-0.15000000596046447800 -0.00474404217675328255
-0.14000000059604644800 -0.00474363192915916443
-0.12999999523162841800 -0.00475342292338609696
-0.11999999731779098500 -0.00474712299183011055
-0.10999999940395355200 -0.00472977198660373688
-0.10000000149011611900 -0.00471073482185602188
-0.09000000357627868650 -0.00471145287156105042
-0.07999999821186065670 -0.00469846278429031372
-0.07000000029802322390 -0.00468213576823472977
-0.05999999865889549260 -0.00466887000948190689
-0.05000000074505805970 -0.00467012310400605202
-0.03999999910593032840 -0.00467077083885669708
-0.02999999932944774630 -0.00465715397149324417
-0.01999999955296516420 -0.00465894909575581551
-0.00999999977648258210 -0.00463629420846700668
0.00000000000000000000 -0.00460654217749834061
0.00999999977648258210 -0.00460323784500360489
0.01999999955296516420 -0.00459711393341422081
0.02999999932944774630 -0.00456893304362893105
0.03999999910593032840 -0.00455526914447546005
0.05000000074505805970 -0.00454953592270612717
0.05999999865889549260 -0.00454080011695623398
0.07000000029802322390 -0.00453710090368986130
0.07999999821186065670 -0.00453373882919549942
0.09000000357627868650 -0.00450470391660928726
0.10000000149011611900 -0.00447284709662199021
0.10999999940395355200 -0.00447715399786829949
0.11999999731779098500 -0.00445146393030881882
0.12999999523162841800 -0.00442219898104667664
0.14000000059604644800 -0.00440987711772322655
0.15000000596046447800 -0.00439395196735858917
0.15999999642372131300 -0.00437781587243080139
0.17000000178813934300 -0.00437521003186702728
0.18000000715255737300 -0.00435697985813021660
0.18999999761581420900 -0.00432515796273946762
0.20000000298023223900 -0.00429573096334934235
0.20999999344348907500 -0.00428323308005928993
0.21999999880790710400 -0.00425158720463514328
0.23000000417232513400 -0.00421037804335355759
0.23999999463558197000 -0.00419156486168503761
0.25000000000000000000 -0.00416526477783918381
0.25999999046325683600 -0.00415097596123814583
0.27000001072883606000 -0.00412423396483063698
0.28000000119209289500 -0.00409681303426623345
0.28999999165534973100 -0.00405850401148200035
0.30000001192092895500 -0.00400617904961109162
0.31000000238418579100 -0.00398429483175277710
0.31999999284744262700 -0.00395362777635455132
0.33000001311302185100 -0.00389798800460994244
0.34000000357627868600 -0.00386414304375648499
0.34999999403953552200 -0.00382605195045471192
0.36000001430511474600 -0.00377993495203554630
0.37000000476837158200 -0.00374391092918813229
0.37999999523162841800 -0.00366847799159586430
0.38999998569488525400 -0.00361806293949484825
0.40000000596046447700 -0.00353142805397510529
0.40999999642372131300 -0.00346815888769924641
0.41999998688697814900 -0.00336720910854637623
0.43000000715255737300 -0.00328490999527275562
0.43999999761581420900 -0.00318769505247473717
0.44999998807907104500 -0.00304069998674094677
0.46000000834465026800 -0.00294269109144806862
0.46999999880790710400 -0.00278586498461663723
0.47999998927116394000 -0.00260279607027769089
0.49000000953674316400 -0.00238565588369965553
0.50000000000000000000 -0.00222224206663668156
0.50999999046325683600 -0.00194675603415817022
0.51999998092651367200 -0.00163329904899001122
0.52999997138977050800 -0.00142603204585611820
0.54000002145767211900 -0.00112552894279360771
0.55000001192092895500 -0.00074423977639526129
0.56000000238418579100 -0.00048710560076870024
0.56999999284744262700 -0.00015817380335647613
0.57999998331069946300 0.00020801830396521837
0.58999997377395629900 0.00051300611812621355
0.60000002384185791000 0.00079576799180358648
0.61000001430511474600 0.00113427895121276379
0.62000000476837158200 0.00143417902290821075
0.62999999523162841800 0.00168175902217626572
0.63999998569488525400 0.00189518602564930916
0.64999997615814209000 0.00216544209979474545
0.66000002622604370100 0.00233142194338142872
0.67000001668930053700 0.00252723903395235539
0.68000000715255737300 0.00267901411280035973
0.68999999761581420900 0.00281707989051938057
0.69999998807907104500 0.00293916510418057442
0.70999997854232788100 0.00304587790742516518
0.72000002861022949200 0.00312378909438848496
0.73000001907348632800 0.00323161995038390160
0.74000000953674316400 0.00329893594607710838
0.75000000000000000000 0.00337737402878701687
0.75999999046325683600 0.00346849090419709683
0.76999998092651367200 0.00353185902349650860
0.77999997138977050800 0.00363795901648700237
0.79000002145767211900 0.00369919301010668278
0.80000001192092895500 0.00381162809208035469
0.81000000238418579100 0.00386743689887225628
0.81999999284744262700 0.00396275101229548454
0.82999998331069946300 0.00400724494829773903
0.83999997377395629900 0.00405607279390096665
0.85000002384185791000 0.00417154096066951752
0.86000001430511474600 0.00423937710002064705
0.87000000476837158200 0.00433171400800347328
0.87999999523162841800 0.00442150002345442772
0.88999998569488525400 0.00450982199981808663
0.89999997615814209000 0.00458201300352811814
0.91000002622604370100 0.00466954382136464119
0.92000001668930053700 0.00478687882423400879
0.93000000715255737300 0.00482966611161828041
0.93999999761581420900 0.00494004879146814346
0.94999998807907104500 0.00502898311242461205
0.95999997854232788100 0.00513677019625902176
0.97000002861022949200 0.00522624701261520386
0.98000001907348632800 0.00534035079181194306
0.99000000953674316400 0.00543638784438371658
1.00000000000000000000 0.00555252889171242714
