-1.00000000000000000000 -0.00562979700043797493
-0.99000000953674316400 -0.00562365818768739700
-0.98000001907348632800 -0.00562609685584902764
-0.97000002861022949200 -0.00561475381255149842
-0.95999997854232788100 -0.00560843711718916893
-0.94999998807907104500 -0.00561503693461418152
-0.93999999761581420900 -0.00563169317319989205
-0.93000000715255737300 -0.00563486386090517044
-0.92000001668930053700 -0.00564903998747467995
-0.91000002622604370100 -0.00564373517408967018
-0.89999997615814209000 -0.00562197109684348107
-0.88999998569488525400 -0.00563479680567979813
-0.87999999523162841800 -0.00563594792038202286
-0.87000000476837158200 -0.00561790214851498604
-0.86000001430511474600 -0.00562056293711066246
-0.85000002384185791000 -0.00563361914828419686
-0.83999997377395629900 -0.00563903385773301125
-0.82999998331069946300 -0.00564944883808493614
-0.81999999284744262700 -0.00564976688474416733
-0.81000000238418579100 -0.00563667202368378639
-0.80000001192092895500 -0.00562269007787108422
-0.79000002145767211900 -0.00563125591725111008
-0.77999997138977050800 -0.00561596313491463661
-0.76999998092651367200 -0.00560098420828580856
-0.75999999046325683600 -0.00560624897480010986
-0.75000000000000000000 -0.00560871977359056473
-0.74000000953674316400 -0.00561793195083737374
-0.73000001907348632800 -0.00562110217288136482
-0.72000002861022949200 -0.00561273889616131783
-0.70999997854232788100 -0.00559396203607320786
-0.69999998807907104500 -0.00560485990718007088
-0.68999999761581420900 -0.00559578789398074150
-0.68000000715255737300 -0.00558137381449341774
-0.67000001668930053700 -0.00558916991576552391
-0.66000002622604370100 -0.00559414178133010864
-0.64999997615814209000 -0.00561568979173898697
-0.63999998569488525400 -0.00562200415879487992
-0.62999999523162841800 -0.00562869198620319367
-0.62000000476837158200 -0.00562237296253442764
-0.61000001430511474600 -0.00560911186039447785
-0.60000002384185791000 -0.00561638688668608666
-0.58999997377395629900 -0.00561832217499613762
-0.57999998331069946300 -0.00560445478186011315
-0.56999999284744262700 -0.00560573395341634751
-0.56000000238418579100 -0.00562533596530556679
-0.55000001192092895500 -0.00563655607402324677
-0.54000002145767211900 -0.00564306601881980896
-0.52999997138977050800 -0.00563988508656620980
-0.51999998092651367200 -0.00562147377058863640
-0.50999999046325683600 -0.00561882602050900459
-0.50000000000000000000 -0.00561993196606636048
-0.49000000953674316400 -0.00560669181868433952
-0.47999998927116394000 -0.00559380883350968361
-0.46999999880790710400 -0.00560870021581649780
-0.46000000834465026800 -0.00561092281714081764
-0.44999998807907104500 -0.00561759108677506447
-0.43999999761581420900 -0.00562819186598062515
-0.43000000715255737300 -0.00561596313491463661
-0.41999998688697814900 -0.00560082821175456047
-0.40999999642372131300 -0.00561509421095252037
-0.40000000596046447700 -0.00560585223138332367
-0.38999998569488525400 -0.00559476390480995178
-0.37999999523162841800 -0.00560154905542731285
-0.37000000476837158200 -0.00560745503753423691
-0.36000001430511474600 -0.00562578719109296799
-0.34999999403953552200 -0.00562656577676534653
-0.34000000357627868600 -0.00562949897721409798
-0.33000001311302185100 -0.00561940390616655350
-0.31999999284744262700 -0.00560870021581649780
-0.31000000238418579100 -0.00561406789347529412
-0.30000001192092895500 -0.00560420518741011620
-0.28999999165534973100 -0.00559126492589712143
-0.28000000119209289500 -0.00559626379981637001
-0.27000001072883606000 -0.00560990581288933754
-0.25999999046325683600 -0.00561179919168353081
-0.25000000000000000000 -0.00561620900407433510
-0.23999999463558197000 -0.00560371717438101769
-0.23000000417232513400 -0.00558107811957597733
-0.21999999880790710400 -0.00558625208213925362
-0.20999999344348907500 -0.00557985017076134682
-0.20000000298023223900 -0.00555896479636430741
-0.18999999761581420900 -0.00555632309988141060
-0.18000000715255737300 -0.00557259283959865570
-0.17000000178813934300 -0.00557729508727788925
-0.15999999642372131300 -0.00558514893054962158
-0.15000000596046447800 -0.00559578277170658112
-0.14000000059604644800 -0.00558126205578446388
-0.12999999523162841800 -0.00557826319709420204
-0.11999999731779098500 -0.00559134315699338913
-0.10999999940395355200 -0.00557768112048506737
-0.10000000149011611900 -0.00557183707132935524
-0.09000000357627868650 -0.00557907996699213982
-0.07999999821186065670 -0.00558752706274390221
-0.07000000029802322390 -0.00560202589258551598
-0.05999999865889549260 -0.00561511795967817307
-0.05000000074505805970 -0.00560368597507476807
-0.03999999910593032840 -0.00558595918118953705
-0.02999999932944774630 -0.00559429218992590904
-0.01999999955296516420 -0.00558503903448581696
-0.00999999977648258210 -0.00557207223027944565
0.00000000000000000000 -0.00557243404909968376
0.00999999977648258210 -0.00557285686954855919
0.01999999955296516420 -0.00558069720864295960
0.02999999932944774630 -0.00558809516951441765
0.03999999910593032840 -0.00559437507763504982
0.05000000074505805970 -0.00558499386534094811
0.05999999865889549260 -0.00555969495326280594
0.07000000029802322390 -0.00556428590789437294
0.07999999821186065670 -0.00556289916858077049
0.09000000357627868650 -0.00554429879412055016
0.10000000149011611900 -0.00553952623158693314
0.10999999940395355200 -0.00555083202198147774
0.11999999731779098500 -0.00555291213095188141
0.12999999523162841800 -0.00556088797748088837
0.14000000059604644800 -0.00556728104129433632
0.15000000596046447800 -0.00554812792688608170
0.15999999642372131300 -0.00552625395357608795
0.17000000178813934300 -0.00553910620510578156
0.18000000715255737300 -0.00552036613225936890
0.18999999761581420900 -0.00549969496205449104
0.20000000298023223900 -0.00549698807299137116
0.20999999344348907500 -0.00549865188077092171
0.21999999880790710400 -0.00550035620108246803
0.23000000417232513400 -0.00549495406448841095
0.23999999463558197000 -0.00547968083992600441
0.25000000000000000000 -0.00545070320367813111
0.25999999046325683600 -0.00543344486504793167
0.27000001072883606000 -0.00542060192674398422
0.28000000119209289500 -0.00538716884329915047
0.28999999165534973100 -0.00536482688039541245
0.30000001192092895500 -0.00535075599327683449
0.31000000238418579100 -0.00533745717257261276
0.31999999284744262700 -0.00532250292599201203
0.33000001311302185100 -0.00531304301694035530
0.34000000357627868600 -0.00527766998857259751
0.34999999403953552200 -0.00523943314328789711
0.36000001430511474600 -0.00521820783615112305
0.37000000476837158200 -0.00518987607210874558
0.37999999523162841800 -0.00514559214934706688
0.38999998569488525400 -0.00511392578482627869
0.40000000596046447700 -0.00509339477866888046
0.40999999642372131300 -0.00506454706192016602
0.41999998688697814900 -0.00502993492409586907
0.43000000715255737300 -0.00499635189771652222
0.43999999761581420900 -0.00494022713974118233
0.44999998807907104500 -0.00488180899992585182
0.46000000834465026800 -0.00484281685203313828
0.46999999880790710400 -0.00478106597438454628
0.47999998927116394000 -0.00471722008660435677
0.49000000953674316400 -0.00466996198520064354
0.50000000000000000000 -0.00461596390232443810
0.50999999046325683600 -0.00455297389999032021
0.51999998092651367200 -0.00449160905554890633
0.52999997138977050800 -0.00440824497491121292
0.54000002145767211900 -0.00430989218875765801
0.55000001192092895500 -0.00423055188730359078
0.56000000238418579100 -0.00412720581516623497
0.56999999284744262700 -0.00399990286678075791
0.57999998331069946300 -0.00387978809885680676
0.58999997377395629900 -0.00374072394333779812
0.60000002384185791000 -0.00358053995296359062
0.61000001430511474600 -0.00338754896074533463
0.62000000476837158200 -0.00315295904874801636
0.62999999523162841800 -0.00286423088982701302
0.63999998569488525400 -0.00251968204975128174
0.64999997615814209000 -0.00212119589559733868
0.66000002622604370100 -0.00164472998585551977
0.67000001668930053700 -0.00108680000994354486
0.68000000715255737300 -0.00046615520841442049
0.68999999761581420900 0.00013800860324408859
0.69999998807907104500 0.00095861678710207343
0.70999997854232788100 0.00190655805636197329
0.72000002861022949200 0.00289944396354258061
0.73000001907348632800 0.00394271686673164368
0.74000000953674316400 0.00510700419545173645
0.75000000000000000000 0.00627134181559085846
0.75999999046325683600 0.00757309515029191971
0.76999998092651367200 0.00890105031430721283
0.77999997138977050800 0.01027829013764858250
0.79000002145767211900 0.01104038953781127930
0.80000001192092895500 0.01245652046054601670
0.81000000238418579100 0.01391034014523029330
0.81999999284744262700 0.01540227979421615600
0.82999998331069946300 0.01692105084657669070
0.83999997377395629900 0.01846455968916416170
0.85000002384185791000 0.02002887986600399020
0.86000001430511474600 0.02164055965840816500
0.87000000476837158200 0.02326622046530246730
0.87999999523162841800 0.02490614913403987880
0.88999998569488525400 0.02656196057796478270
0.89999997615814209000 0.02824845910072326660
0.91000002622604370100 0.03007192909717559810
0.92000001668930053700 0.03170643001794815060
0.93000000715255737300 0.03344013914465904240
0.93999999761581420900 0.03520110994577407840
0.94999998807907104500 0.03698344901204109190
0.95999997854232788100 0.03877364099025726320
0.97000002861022949200 0.04232522845268249510
0.98000001907348632800 0.04408957064151763920
0.99000000953674316400 0.04601281881332397460
1.00000000000000000000 0.04797349125146865850
