-1.00000000000000000000 -0.00310940993949770928
-0.99000000953674316400 -0.00305463792756199837
-0.98000001907348632800 -0.00300020910799503326
-0.97000002861022949200 -0.00296081299893558025
-0.95999997854232788100 -0.00293670990504324436
-0.94999998807907104500 -0.00290359393693506718
-0.93999999761581420900 -0.00287369894795119763
-0.93000000715255737300 -0.00285410392098128796
-0.92000001668930053700 -0.00283657992258667946
-0.91000002622604370100 -0.00282353488728404045
-0.89999997615814209000 -0.00281096203252673149
-0.88999998569488525400 -0.00279568601399660111
-0.87999999523162841800 -0.00277528795413672924
-0.87000000476837158200 -0.00275208288803696632
-0.86000001430511474600 -0.00274124601855874062
-0.85000002384185791000 -0.00272527500055730343
-0.83999997377395629900 -0.00270482408814132214
-0.82999998331069946300 -0.00269035692326724529
-0.81999999284744262700 -0.00268101692199707031
-0.81000000238418579100 -0.00267398101277649403
-0.80000001192092895500 -0.00266438396647572517
-0.79000002145767211900 -0.00265721301548182964
-0.77999997138977050800 -0.00264092697761952877
-0.76999998092651367200 -0.00262088095769286156
-0.75999999046325683600 -0.00261475797742605209
-0.75000000000000000000 -0.00260287802666425705
-0.74000000953674316400 -0.00258221407420933247
-0.73000001907348632800 -0.00257259700447320938
-0.72000002861022949200 -0.00256673689000308514
-0.70999997854232788100 -0.00255937199108302593
-0.69999998807907104500 -0.00255392398685216904
-0.68999999761581420900 -0.00254679401405155659
-0.68000000715255737300 -0.00253382208757102490
-0.67000001668930053700 -0.00251620402559638023
-0.66000002622604370100 -0.00251086289063096047
-0.64999997615814209000 -0.00249924394302070141
-0.63999998569488525400 -0.00248211692087352276
-0.62999999523162841800 -0.00247266492806375027
-0.62000000476837158200 -0.00246607908047735691
-0.61000001430511474600 -0.00246130605228245258
-0.60000002384185791000 -0.00245631299912929535
-0.58999997377395629900 -0.00245032506063580513
-0.57999998331069946300 -0.00243985000997781754
-0.56999999284744262700 -0.00242509809322655201
-0.56000000238418579100 -0.00241668196395039558
-0.55000001192092895500 -0.00240741600282490254
-0.54000002145767211900 -0.00239300890825688839
-0.52999997138977050800 -0.00238115689717233181
-0.51999998092651367200 -0.00237644300796091557
-0.50999999046325683600 -0.00237093307077884674
-0.50000000000000000000 -0.00236605200916528702
-0.49000000953674316400 -0.00236029690131545067
-0.47999998927116394000 -0.00235432293266057968
-0.46999999880790710400 -0.00233976403251290321
-0.46000000834465026800 -0.00232976488769054413
-0.44999998807907104500 -0.00232361000962555409
-0.43999999761581420900 -0.00230923411436378956
-0.43000000715255737300 -0.00229858397506177425
-0.41999998688697814900 -0.00229179998859763146
-0.40999999642372131300 -0.00228704395703971386
-0.40000000596046447700 -0.00228354590944945812
-0.38999998569488525400 -0.00227783597074449062
-0.37999999523162841800 -0.00226993206888437271
-0.37000000476837158200 -0.00225800694897770882
-0.36000001430511474600 -0.00224550697021186352
-0.34999999403953552200 -0.00224036490544676781
-0.34000000357627868600 -0.00222924910485744476
-0.33000001311302185100 -0.00221513607539236546
-0.31999999284744262700 -0.00221000891178846359
-0.31000000238418579100 -0.00220444006845355034
-0.30000001192092895500 -0.00220022001303732395
-0.28999999165534973100 -0.00219525489956140518
-0.28000000119209289500 -0.00218973890878260136
-0.27000001072883606000 -0.00217662891373038292
-0.25999999046325683600 -0.00216327398084104061
-0.25000000000000000000 -0.00216020201332867146
-0.23999999463558197000 -0.00214926293119788170
-0.23000000417232513400 -0.00213560811243951321
-0.21999999880790710400 -0.00212795496918261051
-0.20999999344348907500 -0.00212288810871541500
-0.20000000298023223900 -0.00211955490522086620
-0.18999999761581420900 -0.00211300607770681381
-0.18000000715255737300 -0.00210749590769410133
-0.17000000178813934300 -0.00209744507446885109
-0.15999999642372131300 -0.00208232691511511803
-0.15000000596046447800 -0.00207835691981017590
-0.14000000059604644800 -0.00206821691244840622
-0.12999999523162841800 -0.00205365289002656937
-0.11999999731779098500 -0.00204690499231219292
-0.10999999940395355200 -0.00204018596559762955
-0.10000000149011611900 -0.00203559594228863716
-0.09000000357627868650 -0.00202914397232234478
-0.07999999821186065670 -0.00202429201453924179
-0.07000000029802322390 -0.00201319996267557144
-0.05999999865889549260 -0.00200052093714475632
-0.05000000074505805970 -0.00199273508042097092
-0.03999999910593032840 -0.00198219600133597851
-0.02999999932944774630 -0.00196911604143679142
-0.01999999955296516420 -0.00195947405882179737
-0.00999999977648258210 -0.00195063999854028225
0.00000000000000000000 -0.00194467301480472088
0.00999999977648258210 -0.00193913897965103388
0.01999999955296516420 -0.00192900595720857382
0.02999999932944774630 -0.00192353094462305307
0.03999999910593032840 -0.00191024201922118664
0.05000000074505805970 -0.00189486599992960692
0.05999999865889549260 -0.00188899901695549488
0.07000000029802322390 -0.00187769904732704163
0.07999999821186065670 -0.00186125398613512516
0.09000000357627868650 -0.00185065600089728832
0.10000000149011611900 -0.00184289203025400639
0.10999999940395355200 -0.00183447194285690785
0.11999999731779098500 -0.00182673300150781870
0.12999999523162841800 -0.00181826995685696602
0.14000000059604644800 -0.00180344795808196068
0.15000000596046447800 -0.00178608298301696777
0.15999999642372131300 -0.00177736103069037199
0.17000000178813934300 -0.00176219700369983912
0.18000000715255737300 -0.00174444098956882954
0.18999999761581420900 -0.00173110899049788714
0.20000000298023223900 -0.00171995605342090130
0.20999999344348907500 -0.00170946703292429447
0.21999999880790710400 -0.00169611396268010140
0.23000000417232513400 -0.00168411596678197384
0.23999999463558197000 -0.00166757195256650448
0.25000000000000000000 -0.00164732395205646753
0.25999999046325683600 -0.00162994000129401684
0.27000001072883606000 -0.00161227595526725054
0.28000000119209289500 -0.00158913398627191782
0.28999999165534973100 -0.00156860600691288710
0.30000001192092895500 -0.00154935894533991814
0.31000000238418579100 -0.00152891094330698252
0.31999999284744262700 -0.00150775304064154625
0.33000001311302185100 -0.00148397299926728010
0.34000000357627868600 -0.00145639700349420309
0.34999999403953552200 -0.00142409896943718195
0.36000001430511474600 -0.00138946203514933586
0.37000000476837158200 -0.00135558203328400850
0.37999999523162841800 -0.00131386704742908478
0.38999998569488525400 -0.00126783701125532389
0.40000000596046447700 -0.00122216995805501938
0.40999999642372131300 -0.00117227097507566214
0.41999998688697814900 -0.00111602898687124252
0.43000000715255737300 -0.00105267099570482969
0.43999999761581420900 -0.00099645718000829220
0.44999998807907104500 -0.00090946949785575271
0.46000000834465026800 -0.00082194048445671797
0.46999999880790710400 -0.00072496361099183559
0.47999998927116394000 -0.00061760930111631751
0.49000000953674316400 -0.00049813557416200638
0.50000000000000000000 -0.00037050098762847483
0.50999999046325683600 -0.00023162970319390297
0.51999998092651367200 -0.00011962690041400492
0.52999997138977050800 0.00003917508001904935
0.54000002145767211900 0.00019974500173702836
0.55000001192092895500 0.00039242638740688562
0.56000000238418579100 0.00059377367142587900
0.56999999284744262700 0.00080587121192365885
0.57999998331069946300 0.00102817500010132790
0.58999997377395629900 0.00123487005475908518
0.60000002384185791000 0.00148354005068540573
0.61000001430511474600 0.00173860101494938135
0.62000000476837158200 0.00200244109146296978
0.62999999523162841800 0.00227323500439524651
0.63999998569488525400 0.00255242199636995792
0.64999997615814209000 0.00283810496330261231
0.66000002622604370100 0.00313083594664931297
0.67000001668930053700 0.00343215907923877239
0.68000000715255737300 0.00373745802789926529
0.68999999761581420900 0.00404737098142504692
0.69999998807907104500 0.00436170678585767746
0.70999997854232788100 0.00467525515705347061
0.72000002861022949200 0.00499235605821013451
0.73000001907348632800 0.00531710498034954071
0.74000000953674316400 0.00563799589872360230
0.75000000000000000000 0.00595851289108395577
0.75999999046325683600 0.00628616008907556534
0.76999998092651367200 0.00661229202523827553
0.77999997138977050800 0.00694502610713243485
0.79000002145767211900 0.00727523490786552429
0.80000001192092895500 0.00760473217815160752
0.81000000238418579100 0.00792777072638273239
0.81999999284744262700 0.00824299640953540802
0.82999998331069946300 0.00857084523886442185
0.83999997377395629900 0.00889536831527948380
0.85000002384185791000 0.00920435320585966110
0.86000001430511474600 0.00952242873609066010
0.87000000476837158200 0.00984842330217361450
0.87999999523162841800 0.01016980037093162540
0.88999998569488525400 0.01048837043344974520
0.89999997615814209000 0.01075426954776048660
0.91000002622604370100 0.01107067987322807310
0.92000001668930053700 0.01138897985219955440
0.93000000715255737300 0.01170833967626094820
0.93999999761581420900 0.01201129984110593800
0.94999998807907104500 0.01231286022812128070
0.95999997854232788100 0.01260043960064649580
0.97000002861022949200 0.01289207953959703450
0.98000001907348632800 0.01318778004497289660
0.99000000953674316400 0.01346324011683464050
1.00000000000000000000 0.01373798027634620670
