-1.00000000000000000000 -0.00142906396649777889
-0.99000000953674316400 -0.00139752100221812725
-0.98000001907348632800 -0.00137242698110640049
-0.97000002861022949200 -0.00134958396665751934
-0.95999997854232788100 -0.00133291701786220074
-0.94999998807907104500 -0.00131926196627318859
-0.93999999761581420900 -0.00130271201487630606
-0.93000000715255737300 -0.00128949503414332867
-0.92000001668930053700 -0.00127949204761534929
-0.91000002622604370100 -0.00127146998420357704
-0.89999997615814209000 -0.00126398203428834677
-0.88999998569488525400 -0.00125617394223809242
-0.87999999523162841800 -0.00124762998893857002
-0.87000000476837158200 -0.00123761000577360392
-0.86000001430511474600 -0.00122746895067393780
-0.85000002384185791000 -0.00122106599155813456
-0.83999997377395629900 -0.00121318001765757799
-0.82999998331069946300 -0.00120259204413741827
-0.81999999284744262700 -0.00119616498704999685
-0.81000000238418579100 -0.00119163398630917072
-0.80000001192092895500 -0.00118635303806513548
-0.79000002145767211900 -0.00118124100845307112
-0.77999997138977050800 -0.00117720803245902062
-0.76999998092651367200 -0.00116813799832016230
-0.75999999046325683600 -0.00115976098459213972
-0.75000000000000000000 -0.00115703104529529810
-0.74000000953674316400 -0.00114946998655796051
-0.73000001907348632800 -0.00114115397445857525
-0.72000002861022949200 -0.00113615998998284340
-0.70999997854232788100 -0.00113190896809101105
-0.69999998807907104500 -0.00112836901098489761
-0.68999999761581420900 -0.00112518400419503450
-0.68000000715255737300 -0.00112078804522752762
-0.67000001668930053700 -0.00111415400169789791
-0.66000002622604370100 -0.00110622600186616182
-0.64999997615814209000 -0.00110254203900694847
-0.63999998569488525400 -0.00109708798117935658
-0.62999999523162841800 -0.00108965300023555756
-0.62000000476837158200 -0.00108443305362015963
-0.61000001430511474600 -0.00108110799919813871
-0.60000002384185791000 -0.00107899599242955446
-0.58999997377395629900 -0.00107497000135481358
-0.57999998331069946300 -0.00107259303331375122
-0.56999999284744262700 -0.00106658204458653927
-0.56000000238418579100 -0.00105845497455447912
-0.55000001192092895500 -0.00105600198730826378
-0.54000002145767211900 -0.00105087901465594769
-0.52999997138977050800 -0.00104325904976576567
-0.51999998092651367200 -0.00103868101723492146
-0.50999999046325683600 -0.00103584595490247011
-0.50000000000000000000 -0.00103279203176498413
-0.49000000953674316400 -0.00103028002195060253
-0.47999998927116394000 -0.00102704402524977922
-0.46999999880790710400 -0.00102311803493648768
-0.46000000834465026800 -0.00101550098042935133
-0.44999998807907104500 -0.00101178803015500307
-0.43999999761581420900 -0.00100785994436591864
-0.43000000715255737300 -0.00100170995574444532
-0.41999998688697814900 -0.00099950784351676703
-0.40999999642372131300 -0.00099644833244383335
-0.40000000596046447700 -0.00099194713402539492
-0.38999998569488525400 -0.00098426302429288626
-0.37999999523162841800 -0.00098012888338416815
-0.37000000476837158200 -0.00097742478828877211
-0.36000001430511474600 -0.00097371439915150404
-0.34999999403953552200 -0.00097205117344856262
-0.34000000357627868600 -0.00096878368640318513
-0.33000001311302185100 -0.00096385442884638906
-0.31999999284744262700 -0.00095834699459373951
-0.31000000238418579100 -0.00095370440976694226
-0.30000001192092895500 -0.00094969372730702162
-0.28999999165534973100 -0.00094393297331407666
-0.28000000119209289500 -0.00093936221674084663
-0.27000001072883606000 -0.00093512207968160510
-0.25999999046325683600 -0.00093311397358775139
-0.25000000000000000000 -0.00093032058794051409
-0.23999999463558197000 -0.00092671881429851055
-0.23000000417232513400 -0.00092351989587768912
-0.21999999880790710400 -0.00091791921295225620
-0.20999999344348907500 -0.00091139541473239660
-0.20000000298023223900 -0.00090926740085706115
-0.18999999761581420900 -0.00090411747805774212
-0.18000000715255737300 -0.00089757831301540136
-0.17000000178813934300 -0.00089453801047056913
-0.15999999642372131300 -0.00089120038319379091
-0.15000000596046447800 -0.00088837632210925221
-0.14000000059604644800 -0.00088545278413221240
-0.12999999523162841800 -0.00088251050328835845
-0.11999999731779098500 -0.00087602360872551799
-0.10999999940395355200 -0.00086954847211018205
-0.10000000149011611900 -0.00086712249321863055
-0.09000000357627868650 -0.00086175912292674184
-0.07999999821186065670 -0.00085573422256857157
-0.07000000029802322390 -0.00085157528519630432
-0.05999999865889549260 -0.00084811449050903320
-0.05000000074505805970 -0.00084498291835188866
-0.03999999910593032840 -0.00084146641893312335
-0.02999999932944774630 -0.00083780841669067740
-0.01999999955296516420 -0.00083195511251688004
-0.00999999977648258210 -0.00082510389620438218
0.00000000000000000000 -0.00082174118142575026
0.00999999977648258210 -0.00081674801185727119
0.01999999955296516420 -0.00080896139843389392
0.02999999932944774630 -0.00080385047476738691
0.03999999910593032840 -0.00080002308823168278
0.05000000074505805970 -0.00079621770419180393
0.05999999865889549260 -0.00079203158384189010
0.07000000029802322390 -0.00078809738624840975
0.07999999821186065670 -0.00078199047129601240
0.09000000357627868650 -0.00077482551569119096
0.10000000149011611900 -0.00076906412141397595
0.10999999940395355200 -0.00076377828372642398
0.11999999731779098500 -0.00075624760938808322
0.12999999523162841800 -0.00074897607555612922
0.14000000059604644800 -0.00074379099532961845
0.15000000596046447800 -0.00073783088009804487
0.15999999642372131300 -0.00073250161949545145
0.17000000178813934300 -0.00072643562452867627
0.18000000715255737300 -0.00071998347993940115
0.18999999761581420900 -0.00071116269100457430
0.20000000298023223900 -0.00070235331077128649
0.20999999344348907500 -0.00069507077569141984
0.21999999880790710400 -0.00068592431489378214
0.23000000417232513400 -0.00067570188548415899
0.23999999463558197000 -0.00066687737125903368
0.25000000000000000000 -0.00065819767769426107
0.25999999046325683600 -0.00064902281155809760
0.27000001072883606000 -0.00063871068414300680
0.28000000119209289500 -0.00062762852758169174
0.28999999165534973100 -0.00061411468777805567
0.30000001192092895500 -0.00059891800628975034
0.31000000238418579100 -0.00058491207892075181
0.31999999284744262700 -0.00056888547260314226
0.33000001311302185100 -0.00055018422426655889
0.34000000357627868600 -0.00053107587154954672
0.34999999403953552200 -0.00051067781168967485
0.36000001430511474600 -0.00048857647925615311
0.37000000476837158200 -0.00046278949594125152
0.37999999523162841800 -0.00043471579556353390
0.38999998569488525400 -0.00040171109139919281
0.40000000596046447700 -0.00036408568848855793
0.40999999642372131300 -0.00032474039471708238
0.41999998688697814900 -0.00027935361140407622
0.43000000715255737300 -0.00022783520398661494
0.43999999761581420900 -0.00017222590395249426
0.44999998807907104500 -0.00011066599836340174
0.46000000834465026800 -0.00005053008862887509
0.46999999880790710400 0.00001944717041624244
0.47999998927116394000 0.00010182100231759250
0.49000000953674316400 0.00019564389367587864
0.50000000000000000000 0.00029549808823503554
0.50999999046325683600 0.00040296101360581815
0.51999998092651367200 0.00051917479140684009
0.52999997138977050800 0.00064374570501968265
0.54000002145767211900 0.00077639147639274597
0.55000001192092895500 0.00091798137873411179
0.56000000238418579100 0.00104905199259519577
0.56999999284744262700 0.00121065299026668072
0.57999998331069946300 0.00137818302027881146
0.58999997377395629900 0.00155368098057806492
0.60000002384185791000 0.00173566502053290606
0.61000001430511474600 0.00192515703383833170
0.62000000476837158200 0.00212217401713132858
0.62999999523162841800 0.00232609594240784645
0.63999998569488525400 0.00253866007551550865
0.64999997615814209000 0.00275757699273526669
0.66000002622604370100 0.00298184901475906372
0.67000001668930053700 0.00321270897984504700
0.68000000715255737300 0.00344582390971481800
0.68999999761581420900 0.00368581106886267662
0.69999998807907104500 0.00393360201269388199
0.70999997854232788100 0.00418270006775856018
0.72000002861022949200 0.00443636719137430191
0.73000001907348632800 0.00469778012484312058
0.74000000953674316400 0.00496382219716906548
0.75000000000000000000 0.00523519190028309822
0.75999999046325683600 0.00550954882055521012
0.76999998092651367200 0.00578683288767933846
0.77999997138977050800 0.00606358982622623444
0.79000002145767211900 0.00634273793548345566
0.80000001192092895500 0.00663090404123067856
0.81000000238418579100 0.00691717211157083512
0.81999999284744262700 0.00720481295138597489
0.82999998331069946300 0.00749971996992826462
0.83999997377395629900 0.00779952900484204293
0.85000002384185791000 0.00810080114752054215
0.86000001430511474600 0.00840497855097055435
0.87000000476837158200 0.00870692543685436249
0.87999999523162841800 0.00900655519217252732
0.88999998569488525400 0.00930409133434295655
0.89999997615814209000 0.00961309857666492462
0.91000002622604370100 0.00991785526275634766
0.92000001668930053700 0.01021721959114074710
0.93000000715255737300 0.01049872022122144700
0.93999999761581420900 0.01081943977624177930
0.94999998807907104500 0.01112299971282482150
0.95999997854232788100 0.01142567023634910580
0.97000002861022949200 0.01173599995672702790
0.98000001907348632800 0.01204601023346185680
0.99000000953674316400 0.01236809045076370240
1.00000000000000000000 0.01268106978386640550
