-1.00000000000000000000 -0.00002192471038142685
-0.99000000953674316400 -0.00001983311085496098
-0.98000001907348632800 -0.00001861607051978353
-0.97000002861022949200 -0.00001847353087214287
-0.95999997854232788100 -0.00001842793062678538
-0.94999998807907104500 -0.00001753742071741726
-0.93999999761581420900 -0.00001732659984554630
-0.93000000715255737300 -0.00001666693970037159
-0.92000001668930053700 -0.00001642889947106596
-0.91000002622604370100 -0.00001570863059896510
-0.89999997615814209000 -0.00001556477036501747
-0.88999998569488525400 -0.00001486346991441678
-0.87999999523162841800 -0.00001449873980163829
-0.87000000476837158200 -0.00001432716999261174
-0.86000001430511474600 -0.00001351808987237746
-0.85000002384185791000 -0.00001314170003752224
-0.83999997377395629900 -0.00001284616973862285
-0.82999998331069946300 -0.00001250831974175526
-0.81999999284744262700 -0.00001213494033436291
-0.81000000238418579100 -0.00001179422997665824
-0.80000001192092895500 -0.00001143333975051064
-0.79000002145767211900 -0.00001106231957237469
-0.77999997138977050800 -0.00001049455022439361
-0.76999998092651367200 -0.00001024307039187988
-0.75999999046325683600 -0.00001004112982627703
-0.75000000000000000000 -0.00000951544279814698
-0.74000000953674316400 -0.00000914874271984445
-0.73000001907348632800 -0.00000891509716893779
-0.72000002861022949200 -0.00000860585532791447
-0.70999997854232788100 -0.00000847569208417553
-0.69999998807907104500 -0.00000822222318674903
-0.68999999761581420900 -0.00000756981080485275
-0.68000000715255737300 -0.00000735913999960758
-0.67000001668930053700 -0.00000708074185240548
-0.66000002622604370100 -0.00000682174322719220
-0.64999997615814209000 -0.00000657827922623255
-0.63999998569488525400 -0.00000628869383945130
-0.62999999523162841800 -0.00000600724615651416
-0.62000000476837158200 -0.00000586252781431540
-0.61000001430511474600 -0.00000555144515601569
-0.60000002384185791000 -0.00000527580596099142
-0.58999997377395629900 -0.00000500850910611916
-0.57999998331069946300 -0.00000484991778648691
-0.56999999284744262700 -0.00000456480802313308
-0.56000000238418579100 -0.00000436755090049701
-0.55000001192092895500 -0.00000417162482335698
-0.54000002145767211900 -0.00000399605278289528
-0.52999997138977050800 -0.00000398411702917656
-0.51999998092651367200 -0.00000385311795980670
-0.50999999046325683600 -0.00000365174400940305
-0.50000000000000000000 -0.00000353394602825574
-0.49000000953674316400 -0.00000338884797201899
-0.47999998927116394000 -0.00000329082695316174
-0.46999999880790710400 -0.00000319329797093815
-0.46000000834465026800 -0.00000306431797980622
-0.44999998807907104500 -0.00000292403296953125
-0.43999999761581420900 -0.00000284613292933500
-0.43000000715255737300 -0.00000263796300714603
-0.41999998688697814900 -0.00000255809800364659
-0.40999999642372131300 -0.00000239809196500573
-0.40000000596046447700 -0.00000229271790885832
-0.38999998569488525400 -0.00000211294104701665
-0.37999999523162841800 -0.00000202423893824744
-0.37000000476837158200 -0.00000189919694548735
-0.36000001430511474600 -0.00000176920900685218
-0.34999999403953552200 -0.00000170668999999180
-0.34000000357627868600 -0.00000154100405325153
-0.33000001311302185100 -0.00000145327101108705
-0.31999999284744262700 -0.00000130023397559853
-0.31000000238418579100 -0.00000121377297546132
-0.30000001192092895500 -0.00000108164397261135
-0.28999999165534973100 -0.00000100887200460420
-0.28000000119209289500 -0.00000093223417252375
-0.27000001072883606000 -0.00000085591250353900
-0.25999999046325683600 -0.00000070923960038272
-0.25000000000000000000 -0.00000064895272089416
-0.23999999463558197000 -0.00000052628240609920
-0.23000000417232513400 -0.00000043945240690846
-0.21999999880790710400 -0.00000035277341225992
-0.20999999344348907500 -0.00000023969309381755
-0.20000000298023223900 -0.00000018170470639234
-0.18999999761581420900 -0.00000006302941812919
-0.18000000715255737300 -0.00000000892943674558
-0.17000000178813934300 0.00000011483909645449
-0.15999999642372131300 0.00000014690449745558
-0.15000000596046447800 0.00000026810840836333
-0.14000000059604644800 0.00000033229409268642
-0.12999999523162841800 0.00000041056529198613
-0.11999999731779098500 0.00000050026039843942
-0.10999999940395355200 0.00000056983202512129
-0.10000000149011611900 0.00000067175892581872
-0.09000000357627868650 0.00000072268727535629
-0.07999999821186065670 0.00000084690032053913
-0.07000000029802322390 0.00000088526240915598
-0.05999999865889549260 0.00000101054695278435
-0.05000000074505805970 0.00000105000196981564
-0.03999999910593032840 0.00000108958397504466
-0.02999999932944774630 0.00000122888104669983
-0.01999999955296516420 0.00000129130205550609
-0.00999999977648258210 0.00000142669000524620
0.00000000000000000000 0.00000148975004776730
0.00999999977648258210 0.00000162579704010568
0.01999999955296516420 0.00000171362205492187
0.02999999932944774630 0.00000181225004780572
0.03999999910593032840 0.00000194848507817369
0.05000000074505805970 0.00000203656009034603
0.05999999865889549260 0.00000219053708860883
0.07000000029802322390 0.00000227781697503815
0.07999999821186065670 0.00000245552109845448
0.09000000357627868650 0.00000253965504271036
0.10000000149011611900 0.00000273024011221423
0.10999999940395355200 0.00000285132909993990
0.11999999731779098500 0.00000299315797747113
0.12999999523162841800 0.00000314904195874988
0.14000000059604644800 0.00000330081593347131
0.15000000596046447800 0.00000347337004313886
0.15999999642372131300 0.00000363616891263518
0.17000000178813934300 0.00000385484008802450
0.18000000715255737300 0.00000400806402467424
0.18999999761581420900 0.00000425275902671274
0.20000000298023223900 0.00000443391809312743
0.20999999344348907500 0.00000465166704088915
0.21999999880790710400 0.00000484192696603714
0.23000000417232513400 0.00000506324795424007
0.23999999463558197000 0.00000531311388840550
0.25000000000000000000 0.00000551448192709358
0.25999999046325683600 0.00000576294405618683
0.27000001072883606000 0.00000595943402004195
0.28000000119209289500 0.00000625028678769013
0.28999999165534973100 0.00000648635796096642
0.30000001192092895500 0.00000679414097248809
0.31000000238418579100 0.00000700351893101470
0.31999999284744262700 0.00000726341386325657
0.33000001311302185100 0.00000758652413423988
0.34000000357627868600 0.00000783591622166568
0.34999999403953552200 0.00000809141238278244
0.36000001430511474600 0.00000833956983115058
0.37000000476837158200 0.00000870855819812277
0.37999999523162841800 0.00000893152810022002
0.38999998569488525400 0.00000939008805289632
0.40000000596046447700 0.00000969051234278595
0.40999999642372131300 0.00001001427972369129
0.41999998688697814900 0.00001026087011268828
0.43000000715255737300 0.00001044318014464807
0.43999999761581420900 0.00001081037044059485
0.44999998807907104500 0.00001120902015827596
0.46000000834465026800 0.00001157721999334171
0.46999999880790710400 0.00001180039998871507
0.47999998927116394000 0.00001215802967635682
0.49000000953674316400 0.00001251077992492355
0.50000000000000000000 0.00001294385037908796
0.50999999046325683600 0.00001332447027380113
0.51999998092651367200 0.00001367821005260339
0.52999997138977050800 0.00001394065020576818
0.54000002145767211900 0.00001438896015315549
0.55000001192092895500 0.00001474482996854931
0.56000000238418579100 0.00001524339040770428
0.56999999284744262700 0.00001555496055516414
0.57999998331069946300 0.00001597300069988705
0.58999997377395629900 0.00001637008062971290
0.60000002384185791000 0.00001677090040175244
0.61000001430511474600 0.00001711164077278227
0.62000000476837158200 0.00001754822005750611
0.62999999523162841800 0.00001801455073291436
0.63999998569488525400 0.00001830953988246620
0.64999997615814209000 0.00001873491964943241
0.66000002622604370100 0.00001906705983856227
0.67000001668930053700 0.00001951601916516665
0.68000000715255737300 0.00001972093923541252
0.68999999761581420900 0.00002034353929047938
0.69999998807907104500 0.00002077877979900222
0.70999997854232788100 0.00002115409006364644
0.72000002861022949200 0.00002147401937691029
0.73000001907348632800 0.00002215425047324970
0.74000000953674316400 0.00002259116990899201
0.75000000000000000000 0.00002290160045959055
0.75999999046325683600 0.00002338482045161072
0.76999998092651367200 0.00002374426912865601
0.77999997138977050800 0.00002441053948132321
0.79000002145767211900 0.00002484453943907283
0.80000001192092895500 0.00002518055043765344
0.81000000238418579100 0.00002556698018452153
0.81999999284744262700 0.00002612337084428873
0.82999998331069946300 0.00002668194974830840
0.83999997377395629900 0.00002703551945160143
0.85000002384185791000 0.00002725880040088668
0.86000001430511474600 0.00002766181023616809
0.87000000476837158200 0.00002814694926200900
0.87999999523162841800 0.00002860584936570376
0.88999998569488525400 0.00002907402085838839
0.89999997615814209000 0.00002932113056886010
0.91000002622604370100 0.00002987234074680600
0.92000001668930053700 0.00003029557046829723
0.93000000715255737300 0.00003099584137089550
0.93999999761581420900 0.00003160375126753934
0.94999998807907104500 0.00003191340147168376
0.95999997854232788100 0.00003235378972021863
0.97000002861022949200 0.00003295015994808637
0.98000001907348632800 0.00003320366886327974
0.99000000953674316400 0.00003377028042450547
1.00000000000000000000 0.00003428947093198076
