-1.00000000000000000000 -0.01343689020723104480
-0.99000000953674316400 -0.01362259965389966960
-0.98000001907348632800 -0.01367122028023004530
-0.97000002861022949200 -0.01367565989494323730
-0.95999997854232788100 -0.01362753007560968400
-0.94999998807907104500 -0.01357944961637258530
-0.93999999761581420900 -0.01350609958171844480
-0.93000000715255737300 -0.01336541958153247830
-0.92000001668930053700 -0.01329958997666835790
-0.91000002622604370100 -0.01320661045610904690
-0.89999997615814209000 -0.01308844983577728270
-0.88999998569488525400 -0.01304608024656772610
-0.87999999523162841800 -0.01298850029706954960
-0.87000000476837158200 -0.01288308016955852510
-0.86000001430511474600 -0.01279687043279409410
-0.85000002384185791000 -0.01270431000739336010
-0.83999997377395629900 -0.01257077045738697050
-0.82999998331069946300 -0.01244657021015882490
-0.81999999284744262700 -0.01236801967024803160
-0.81000000238418579100 -0.01224313024431467060
-0.80000001192092895500 -0.01210862025618553160
-0.79000002145767211900 -0.01200929004698991780
-0.77999997138977050800 -0.01189063023775815960
-0.76999998092651367200 -0.01178278960287570950
-0.75999999046325683600 -0.01169218961149454120
-0.75000000000000000000 -0.01156562007963657380
-0.74000000953674316400 -0.01143850013613700870
-0.73000001907348632800 -0.01130827981978654860
-0.72000002861022949200 -0.01119672041386365890
-0.70999997854232788100 -0.01107375044375658040
-0.69999998807907104500 -0.01096088998019695280
-0.68999999761581420900 -0.01083390973508358000
-0.68000000715255737300 -0.01072933990508317950
-0.67000001668930053700 -0.01062848046422004700
-0.66000002622604370100 -0.01050919014960527420
-0.64999997615814209000 -0.01039910037070512770
-0.63999998569488525400 -0.01028325036168098450
-0.62999999523162841800 -0.01014623977243900300
-0.62000000476837158200 -0.01004383992403745650
-0.61000001430511474600 -0.00992801599204540253
-0.60000002384185791000 -0.00981160439550876618
-0.58999997377395629900 -0.00971344392746686936
-0.57999998331069946300 -0.00956927426159381867
-0.56999999284744262700 -0.00945955514907836914
-0.56000000238418579100 -0.00936114508658647538
-0.55000001192092895500 -0.00924307946115732193
-0.54000002145767211900 -0.00914933439344167710
-0.52999997138977050800 -0.00906239170581102372
-0.51999998092651367200 -0.00894105341285467148
-0.50999999046325683600 -0.00882252678275108338
-0.50000000000000000000 -0.00871476344764232636
-0.49000000953674316400 -0.00860546808689832688
-0.47999998927116394000 -0.00849395338445901871
-0.46999999880790710400 -0.00838439539074897766
-0.46000000834465026800 -0.00827009323984384537
-0.44999998807907104500 -0.00817892886698246002
-0.43999999761581420900 -0.00809872243553400040
-0.43000000715255737300 -0.00799053814262151718
-0.41999998688697814900 -0.00789174903184175492
-0.40999999642372131300 -0.00778621388599276543
-0.40000000596046447700 -0.00766940694302320481
-0.38999998569488525400 -0.00757971312850713730
-0.37999999523162841800 -0.00747180590406060219
-0.37000000476837158200 -0.00735527416691184044
-0.36000001430511474600 -0.00726777501404285431
-0.34999999403953552200 -0.00719102192670106888
-0.34000000357627868600 -0.00709384912624955178
-0.33000001311302185100 -0.00701157096773386002
-0.31999999284744262700 -0.00692410487681627274
-0.31000000238418579100 -0.00680522806942462921
-0.30000001192092895500 -0.00670849392190575600
-0.28999999165534973100 -0.00663159415125846863
-0.28000000119209289500 -0.00651779584586620331
-0.27000001072883606000 -0.00642213085666298866
-0.25999999046325683600 -0.00634222803637385369
-0.25000000000000000000 -0.00624802894890308380
-0.23999999463558197000 -0.00617526518180966377
-0.23000000417232513400 -0.00610056100413203240
-0.21999999880790710400 -0.00600507389754056931
-0.20999999344348907500 -0.00590215716511011124
-0.20000000298023223900 -0.00582277402281761170
-0.18999999761581420900 -0.00572882778942584992
-0.18000000715255737300 -0.00562900304794311524
-0.17000000178813934300 -0.00554460007697343826
-0.15999999642372131300 -0.00545440614223480225
-0.15000000596046447800 -0.00538134621456265450
-0.14000000059604644800 -0.00531163997948169708
-0.12999999523162841800 -0.00522733200341463089
-0.11999999731779098500 -0.00514263706281781197
-0.10999999940395355200 -0.00504965521395206452
-0.10000000149011611900 -0.00495399301871657372
-0.09000000357627868650 -0.00487393978983163834
-0.07999999821186065670 -0.00478165596723556519
-0.07000000029802322390 -0.00468806084245443344
-0.05999999865889549260 -0.00461051380261778832
-0.05000000074505805970 -0.00453536398708820343
-0.03999999910593032840 -0.00445260899141430855
-0.02999999932944774630 -0.00437571480870246887
-0.01999999955296516420 -0.00428812298923730850
-0.00999999977648258210 -0.00418049795553088188
0.00000000000000000000 -0.00409492012113332749
0.00999999977648258210 -0.00401388201862573624
0.01999999955296516420 -0.00390708399936556816
0.02999999932944774630 -0.00380046805366873741
0.03999999910593032840 -0.00371731794439256191
0.05000000074505805970 -0.00361982802860438824
0.05999999865889549260 -0.00353028299286961556
0.07000000029802322390 -0.00344100501388311386
0.07999999821186065670 -0.00333214993588626385
0.09000000357627868650 -0.00322023592889308930
0.10000000149011611900 -0.00310981203801929951
0.10999999940395355200 -0.00300154602155089378
0.11999999731779098500 -0.00288962409831583500
0.12999999523162841800 -0.00277196196839213371
0.14000000059604644800 -0.00265589589253067970
0.15000000596046447800 -0.00254824897274374962
0.15999999642372131300 -0.00243898690678179264
0.17000000178813934300 -0.00231682299636304379
0.18000000715255737300 -0.00220609689131379128
0.18999999761581420900 -0.00207058200612664223
0.20000000298023223900 -0.00193905096966773272
0.20999999344348907500 -0.00182023795787245035
0.21999999880790710400 -0.00168158998712897301
0.23000000417232513400 -0.00154344504699110985
0.23999999463558197000 -0.00140934600494801998
0.25000000000000000000 -0.00127896701451390982
0.25999999046325683600 -0.00114050402771681547
0.27000001072883606000 -0.00100894097704440355
0.28000000119209289500 -0.00086147658294066787
0.28999999165534973100 -0.00071471591945737600
0.30000001192092895500 -0.00057080440456047654
0.31000000238418579100 -0.00041940229129977524
0.31999999284744262700 -0.00025630110758356750
0.33000001311302185100 -0.00009108986705541611
0.34000000357627868600 0.00003264483166276477
0.34999999403953552200 0.00027929208590649068
0.36000001430511474600 0.00044424869702197611
0.37000000476837158200 0.00062468898249790072
0.37999999523162841800 0.00078438338823616505
0.38999998569488525400 0.00095644680550321937
0.40000000596046447700 0.00113213399890810251
0.40999999642372131300 0.00131458195392042398
0.41999998688697814900 0.00148677104152739048
0.43000000715255737300 0.00167180702555924654
0.43999999761581420900 0.00186596403364092112
0.44999998807907104500 0.00204985309392213821
0.46000000834465026800 0.00223820190876722336
0.46999999880790710400 0.00243050907738506794
0.47999998927116394000 0.00262074102647602558
0.49000000953674316400 0.00281841098330914974
0.50000000000000000000 0.00303544709458947182
0.50999999046325683600 0.00324294110760092735
0.51999998092651367200 0.00344921089708805084
0.52999997138977050800 0.00366178900003433228
0.54000002145767211900 0.00387658691033720970
0.55000001192092895500 0.00410299003124237061
0.56000000238418579100 0.00432263407856225968
0.56999999284744262700 0.00453768810257315636
0.57999998331069946300 0.00476041017100214958
0.58999997377395629900 0.00499988393858075142
0.60000002384185791000 0.00523502798750996590
0.61000001430511474600 0.00549253402277827263
0.62000000476837158200 0.00572734605520963669
0.62999999523162841800 0.00598887912929058075
0.63999998569488525400 0.00624691508710384369
0.64999997615814209000 0.00653906399384140969
0.66000002622604370100 0.00681271823123097420
0.67000001668930053700 0.00706997700035572052
0.68000000715255737300 0.00725411204621195793
0.68999999761581420900 0.00749170081689953804
0.69999998807907104500 0.00774496002122759819
0.70999997854232788100 0.00796268414705991745
0.72000002861022949200 0.00820977613329887390
0.73000001907348632800 0.00844429060816764832
0.74000000953674316400 0.00869782362133264542
0.75000000000000000000 0.00889232754707336426
0.75999999046325683600 0.00910439435392618180
0.76999998092651367200 0.00931550282984972000
0.77999997138977050800 0.00953070353716611862
0.79000002145767211900 0.00973762106150388718
0.80000001192092895500 0.01000310014933347700
0.81000000238418579100 0.01028096023947000500
0.81999999284744262700 0.01049834024161100390
0.82999998331069946300 0.01077539008110761640
0.83999997377395629900 0.01105565018951892850
0.85000002384185791000 0.01141844037920236590
0.86000001430511474600 0.01180556043982505800
0.87000000476837158200 0.01219815015792846680
0.87999999523162841800 0.01265534013509750370
0.88999998569488525400 0.01309548038989305500
0.89999997615814209000 0.01356372982263565060
0.91000002622604370100 0.01384861022233963010
0.92000001668930053700 0.01411252003163099290
0.93000000715255737300 0.01453339029103517530
0.93999999761581420900 0.01495421025902032850
0.94999998807907104500 0.01546966005116701130
0.95999997854232788100 0.01588376984000205990
0.97000002861022949200 0.01632500998675823210
0.98000001907348632800 0.01691056042909622190
0.99000000953674316400 0.01708482950925827030
1.00000000000000000000 0.01741559058427810670
