-1.00000000000000000000 -0.00494422577321529389
-0.99000000953674316400 -0.00495833298191428185
-0.98000001907348632800 -0.00496618403121829033
-0.97000002861022949200 -0.00496106594800949097
-0.95999997854232788100 -0.00497362017631530762
-0.94999998807907104500 -0.00497129186987876892
-0.93999999761581420900 -0.00493681803345680237
-0.93000000715255737300 -0.00495266402140259743
-0.92000001668930053700 -0.00494922418147325516
-0.91000002622604370100 -0.00492872297763824463
-0.89999997615814209000 -0.00492982193827629090
-0.88999998569488525400 -0.00492999795824289322
-0.87999999523162841800 -0.00493348203599452973
-0.87000000476837158200 -0.00494630122557282448
-0.86000001430511474600 -0.00495846103876829148
-0.85000002384185791000 -0.00494300993159413338
-0.83999997377395629900 -0.00493579218164086342
-0.82999998331069946300 -0.00493194302543997765
-0.81999999284744262700 -0.00492825778201222420
-0.81000000238418579100 -0.00491964817047119141
-0.80000001192092895500 -0.00491130584850907326
-0.79000002145767211900 -0.00490904692560434342
-0.77999997138977050800 -0.00491640111431479454
-0.76999998092651367200 -0.00492717791348695755
-0.75999999046325683600 -0.00491832708939909935
-0.75000000000000000000 -0.00492611620575189591
-0.74000000953674316400 -0.00490977801382541657
-0.73000001907348632800 -0.00489104818552732468
-0.72000002861022949200 -0.00490185478702187538
-0.70999997854232788100 -0.00489590689539909363
-0.69999998807907104500 -0.00487620709463953972
-0.68999999761581420900 -0.00487886089831590653
-0.68000000715255737300 -0.00488799205049872399
-0.67000001668930053700 -0.00488485302776098252
-0.66000002622604370100 -0.00489784078672528267
-0.64999997615814209000 -0.00489845499396324158
-0.63999998569488525400 -0.00487653678283095360
-0.62999999523162841800 -0.00486898794770240784
-0.62000000476837158200 -0.00487800594419240952
-0.61000001430511474600 -0.00486634112894535065
-0.60000002384185791000 -0.00485565699636936188
-0.58999997377395629900 -0.00486264983192086220
-0.57999998331069946300 -0.00485649099573493004
-0.56999999284744262700 -0.00487681617960333824
-0.56000000238418579100 -0.00488057779148221016
-0.55000001192092895500 -0.00487329112365841866
-0.54000002145767211900 -0.00486158020794391632
-0.52999997138977050800 -0.00485478201881051064
-0.51999998092651367200 -0.00485106697306036949
-0.50999999046325683600 -0.00484378915280103684
-0.50000000000000000000 -0.00483435019850730896
-0.49000000953674316400 -0.00482565490528941155
-0.47999998927116394000 -0.00483726197853684426
-0.46999999880790710400 -0.00484410719946026802
-0.46000000834465026800 -0.00483694393187761307
-0.44999998807907104500 -0.00484099891036748886
-0.43999999761581420900 -0.00482891406863927841
-0.43000000715255737300 -0.00480279512703418732
-0.41999998688697814900 -0.00482072914019227028
-0.40999999642372131300 -0.00481407716870307923
-0.40000000596046447700 -0.00478645181283354759
-0.38999998569488525400 -0.00479431822896003723
-0.37999999523162841800 -0.00480036716908216477
-0.37000000476837158200 -0.00480053201317787171
-0.36000001430511474600 -0.00481423595920205116
-0.34999999403953552200 -0.00481794402003288269
-0.34000000357627868600 -0.00479307305067777634
-0.33000001311302185100 -0.00478460919111967087
-0.31999999284744262700 -0.00479534314945340157
-0.31000000238418579100 -0.00477736396715044975
-0.30000001192092895500 -0.00477214902639389038
-0.28999999165534973100 -0.00477176019921898842
-0.28000000119209289500 -0.00476798694580793381
-0.27000001072883606000 -0.00478322198614478111
-0.25999999046325683600 -0.00478847092017531395
-0.25000000000000000000 -0.00477460213005542755
-0.23999999463558197000 -0.00476991292089223862
-0.23000000417232513400 -0.00475169299170374870
-0.21999999880790710400 -0.00474826991558074951
-0.20999999344348907500 -0.00474949879571795464
-0.20000000298023223900 -0.00473392102867364884
-0.18999999761581420900 -0.00472351815551519394
-0.18000000715255737300 -0.00473723886534571648
-0.17000000178813934300 -0.00474487384781241417
-0.15999999642372131300 -0.00473266281187534332
-0.15000000596046447800 -0.00474331993609666824
-0.14000000059604644800 -0.00473035685718059540
-0.12999999523162841800 -0.00470210798084735870
-0.11999999731779098500 -0.00471778213977813721
-0.10999999940395355200 -0.00470950221642851830
-0.10000000149011611900 -0.00468066101893782616
-0.09000000357627868650 -0.00469064805656671524
-0.07999999821186065670 -0.00469504296779632568
-0.07000000029802322390 -0.00469293305650353432
-0.05999999865889549260 -0.00470479903742671013
-0.05000000074505805970 -0.00469507696107029915
-0.03999999910593032840 -0.00467458507046103478
-0.02999999932944774630 -0.00467192195355892182
-0.01999999955296516420 -0.00467575388029217720
-0.00999999977648258210 -0.00465673394501209259
0.00000000000000000000 -0.00465017696842551232
0.00999999977648258210 -0.00464934902265667916
0.01999999955296516420 -0.00463629420846700668
0.02999999932944774630 -0.00465394882485270500
0.03999999910593032840 -0.00465418305248022080
0.05000000074505805970 -0.00464082416146993637
0.05999999865889549260 -0.00463304296135902405
0.07000000029802322390 -0.00461068004369735718
0.07999999821186065670 -0.00460634380578994751
0.09000000357627868650 -0.00460527697578072548
0.10000000149011611900 -0.00458566192537546158
0.10999999940395355200 -0.00457040406763553620
0.11999999731779098500 -0.00458347378298640251
0.12999999523162841800 -0.00458634505048394203
0.14000000059604644800 -0.00457530282437801361
0.15000000596046447800 -0.00458472501486539841
0.15999999642372131300 -0.00456978706642985344
0.17000000178813934300 -0.00453764805570244789
0.18000000715255737300 -0.00455271080136299133
0.18999999761581420900 -0.00454248208552598953
0.20000000298023223900 -0.00451233005151152611
0.20999999344348907500 -0.00451806001365184784
0.21999999880790710400 -0.00451648421585559845
0.23000000417232513400 -0.00450981687754392624
0.23999999463558197000 -0.00452048378065228462
0.25000000000000000000 -0.00452071893960237503
0.25999999046325683600 -0.00449256412684917450
0.27000001072883606000 -0.00447563501074910164
0.28000000119209289500 -0.00447710882872343064
0.28999999165534973100 -0.00446066493168473244
0.30000001192092895500 -0.00444556819275021553
0.31000000238418579100 -0.00443602679297327995
0.31999999284744262700 -0.00442866608500480652
0.33000001311302185100 -0.00443535996600985527
0.34000000357627868600 -0.00442714989185333252
0.34999999403953552200 -0.00441751722246408463
0.36000001430511474600 -0.00440199207514524460
0.37000000476837158200 -0.00437070196494460106
0.37999999523162841800 -0.00436470797285437584
0.38999998569488525400 -0.00435625715181231499
0.40000000596046447700 -0.00432562502101063728
0.40999999642372131300 -0.00431713508442044258
0.41999998688697814900 -0.00431493809446692467
0.43000000715255737300 -0.00430804817005991936
0.43999999761581420900 -0.00429888209328055382
0.44999998807907104500 -0.00429721921682357788
0.46000000834465026800 -0.00426584295928478241
0.46999999880790710400 -0.00423212395980954170
0.47999998927116394000 -0.00423211092129349709
0.49000000953674316400 -0.00420557288452982903
0.50000000000000000000 -0.00417106179520487785
0.50999999046325683600 -0.00415311101824045181
0.51999998092651367200 -0.00413029920309782028
0.52999997138977050800 -0.00410824781283736229
0.54000002145767211900 -0.00408770795911550522
0.55000001192092895500 -0.00404398795217275620
0.56000000238418579100 -0.00399374496191740036
0.56999999284744262700 -0.00393565511330962181
0.57999998331069946300 -0.00388256902806460858
0.58999997377395629900 -0.00381624908186495304
0.60000002384185791000 -0.00372576806694269180
0.61000001430511474600 -0.00363181810826063156
0.62000000476837158200 -0.00353463902138173580
0.62999999523162841800 -0.00342600489966571331
0.63999998569488525400 -0.00328286807052791119
0.64999997615814209000 -0.00312769296579062939
0.66000002622604370100 -0.00293309311382472515
0.67000001668930053700 -0.00270824600011110306
0.68000000715255737300 -0.00248314603231847286
0.68999999761581420900 -0.00222008000127971172
0.69999998807907104500 -0.00191281503066420555
0.70999997854232788100 -0.00159926095511764288
0.72000002861022949200 -0.00125732703600078821
0.73000001907348632800 -0.00088853121269494295
0.74000000953674316400 -0.00049619638593867421
0.75000000000000000000 -0.00009157686145044863
0.75999999046325683600 0.00035737341386266053
0.76999998092651367200 0.00080542941577732563
0.77999997138977050800 0.00125809898599982262
0.79000002145767211900 0.00171996396966278553
0.80000001192092895500 0.00217712204903364182
0.81000000238418579100 0.00262732408009469509
0.81999999284744262700 0.00306360307149589062
0.82999998331069946300 0.00347800203599035740
0.83999997377395629900 0.00386682804673910141
0.85000002384185791000 0.00422920193523168564
0.86000001430511474600 0.00456043099984526634
0.87000000476837158200 0.00486023118719458580
0.87999999523162841800 0.00512751191854476929
0.88999998569488525400 0.00536386901512742043
0.89999997615814209000 0.00557572301477193833
0.91000002622604370100 0.00576084293425083161
0.92000001668930053700 0.00592624908313155174
0.93000000715255737300 0.00607633497565984726
0.93999999761581420900 0.00621131714433431626
0.94999998807907104500 0.00633638119325041771
0.95999997854232788100 0.00645303120836615563
0.97000002861022949200 0.00655972491949796677
0.98000001907348632800 0.00665941182523965836
0.99000000953674316400 0.00675733620300889015
1.00000000000000000000 0.00685069803148508072
