-1.00000000000000000000 -0.00569243496283888817
-0.99000000953674316400 -0.00568144302815198898
-0.98000001907348632800 -0.00568115618079900742
-0.97000002861022949200 -0.00565428892150521279
-0.95999997854232788100 -0.00564415100961923599
-0.94999998807907104500 -0.00564609607681632042
-0.93999999761581420900 -0.00562457600608468056
-0.93000000715255737300 -0.00560791976749897003
-0.92000001668930053700 -0.00560868810862302780
-0.91000002622604370100 -0.00562293501570820809
-0.89999997615814209000 -0.00561858201399445534
-0.88999998569488525400 -0.00563442287966609001
-0.87999999523162841800 -0.00562519812956452370
-0.87000000476837158200 -0.00559310009703040123
-0.86000001430511474600 -0.00559838302433490753
-0.85000002384185791000 -0.00559905497357249260
-0.83999997377395629900 -0.00556876696646213532
-0.82999998331069946300 -0.00556759815663099289
-0.81999999284744262700 -0.00557286012917757034
-0.81000000238418579100 -0.00557192880660295487
-0.80000001192092895500 -0.00558500923216342926
-0.79000002145767211900 -0.00559110986068844795
-0.77999997138977050800 -0.00557764107361435890
-0.76999998092651367200 -0.00555547419935464859
-0.75999999046325683600 -0.00555857503786683083
-0.75000000000000000000 -0.00554764689877629280
-0.74000000953674316400 -0.00552736781537532807
-0.73000001907348632800 -0.00552192376926541329
-0.72000002861022949200 -0.00551795121282339096
-0.70999997854232788100 -0.00552923278883099556
-0.69999998807907104500 -0.00553133897483348847
-0.68999999761581420900 -0.00554074905812740326
-0.68000000715255737300 -0.00552448304370045662
-0.67000001668930053700 -0.00549637200310826302
-0.66000002622604370100 -0.00550003210082650185
-0.64999997615814209000 -0.00549622904509305954
-0.63999998569488525400 -0.00546861905604600907
-0.62999999523162841800 -0.00546281691640615463
-0.62000000476837158200 -0.00547183118760585785
-0.61000001430511474600 -0.00546796387061476708
-0.60000002384185791000 -0.00547948013991117478
-0.58999997377395629900 -0.00548973307013511658
-0.57999998331069946300 -0.00546531286090612412
-0.56999999284744262700 -0.00543858110904693604
-0.56000000238418579100 -0.00545105710625648499
-0.55000001192092895500 -0.00543218199163675308
-0.54000002145767211900 -0.00541047612205147743
-0.52999997138977050800 -0.00541469315066933632
-0.51999998092651367200 -0.00539598520845174790
-0.50999999046325683600 -0.00541655393317341805
-0.50000000000000000000 -0.00542118400335311890
-0.49000000953674316400 -0.00541178602725267410
-0.47999998927116394000 -0.00540270516648888588
-0.46999999880790710400 -0.00537595711648464203
-0.46000000834465026800 -0.00536264106631278992
-0.44999998807907104500 -0.00536625692620873451
-0.43999999761581420900 -0.00534179201349616051
-0.43000000715255737300 -0.00532059418037533760
-0.41999998688697814900 -0.00533402478322386742
-0.40999999642372131300 -0.00534272706136107445
-0.40000000596046447700 -0.00532586779445409775
-0.38999998569488525400 -0.00533873401582241059
-0.37999999523162841800 -0.00532075017690658570
-0.37000000476837158200 -0.00528201879933476448
-0.36000001430511474600 -0.00529216323047876358
-0.34999999403953552200 -0.00528278900310397148
-0.34000000357627868600 -0.00524625089019536972
-0.33000001311302185100 -0.00524806510657072067
-0.31999999284744262700 -0.00525158783420920372
-0.31000000238418579100 -0.00524243898689746857
-0.30000001192092895500 -0.00524812098592519760
-0.28999999165534973100 -0.00525017222389578819
-0.28000000119209289500 -0.00521714705973863602
-0.27000001072883606000 -0.00519755994901061058
-0.25999999046325683600 -0.00520170200616121292
-0.25000000000000000000 -0.00517991790547966957
-0.23999999463558197000 -0.00515577616170048714
-0.23000000417232513400 -0.00515026692301034928
-0.21999999880790710400 -0.00513761676847934723
-0.20999999344348907500 -0.00514483498409390450
-0.20000000298023223900 -0.00514092715457081795
-0.18999999761581420900 -0.00512356078252196312
-0.18000000715255737300 -0.00510285608470439911
-0.17000000178813934300 -0.00507607404142618179
-0.15999999642372131300 -0.00506268208846449852
-0.15000000596046447800 -0.00504542514681816101
-0.14000000059604644800 -0.00501804798841476441
-0.12999999523162841800 -0.00500105787068605423
-0.11999999731779098500 -0.00499467505142092705
-0.10999999940395355200 -0.00499034486711025238
-0.10000000149011611900 -0.00497140502557158470
-0.09000000357627868650 -0.00496417889371514321
-0.07999999821186065670 -0.00493289995938539505
-0.07000000029802322390 -0.00489404192194342613
-0.05999999865889549260 -0.00488702906295657158
-0.05000000074505805970 -0.00486035598441958428
-0.03999999910593032840 -0.00482354918494820595
-0.02999999932944774630 -0.00480483286082744599
-0.01999999955296516420 -0.00478888116776943207
-0.00999999977648258210 -0.00476899184286594391
0.00000000000000000000 -0.00475755985826253891
0.00999999977648258210 -0.00473618321120738983
0.01999999955296516420 -0.00468743685632944107
0.02999999932944774630 -0.00464227702468633652
0.03999999910593032840 -0.00462627690285444260
0.05000000074505805970 -0.00458087399601936340
0.05999999865889549260 -0.00453211413696408272
0.07000000029802322390 -0.00450030807405710220
0.07999999821186065670 -0.00446508498862385750
0.09000000357627868650 -0.00443834718316793442
0.10000000149011611900 -0.00440367916598916054
0.10999999940395355200 -0.00436297990381717682
0.11999999731779098500 -0.00430864980444312096
0.12999999523162841800 -0.00424725702032446861
0.14000000059604644800 -0.00421161903068423271
0.15000000596046447800 -0.00415977509692311287
0.15999999642372131300 -0.00409520696848630905
0.17000000178813934300 -0.00404403405264019966
0.18000000715255737300 -0.00399671308696269989
0.18999999761581420900 -0.00394925102591514588
0.20000000298023223900 -0.00389760290272533894
0.20999999344348907500 -0.00384519109502434731
0.21999999880790710400 -0.00377332908101379872
0.23000000417232513400 -0.00369920907542109490
0.23999999463558197000 -0.00364772393368184567
0.25000000000000000000 -0.00357186608016490936
0.25999999046325683600 -0.00349800009280443192
0.27000001072883606000 -0.00343421404249966145
0.28000000119209289500 -0.00336486496962606907
0.28999999165534973100 -0.00330513692460954189
0.30000001192092895500 -0.00323654501698911190
0.31000000238418579100 -0.00315943988971412182
0.31999999284744262700 -0.00308120506815612316
0.33000001311302185100 -0.00299867196008563042
0.34000000357627868600 -0.00292154098860919476
0.34999999403953552200 -0.00284304702654480934
0.36000001430511474600 -0.00275997910648584366
0.37000000476837158200 -0.00267469603568315506
0.37999999523162841800 -0.00260347709991037846
0.38999998569488525400 -0.00253097503446042538
0.40000000596046447700 -0.00244595808908343315
0.40999999642372131300 -0.00237119290977716446
0.41999998688697814900 -0.00228715199045836926
0.43000000715255737300 -0.00219395407475531101
0.43999999761581420900 -0.00212180195376276970
0.44999998807907104500 -0.00203990796580910683
0.46000000834465026800 -0.00194753997493535280
0.46999999880790710400 -0.00187503895722329617
0.47999998927116394000 -0.00180097995325922966
0.49000000953674316400 -0.00172055105213075876
0.50000000000000000000 -0.00164965994190424681
0.50999999046325683600 -0.00157771003432571888
0.51999998092651367200 -0.00149038597010076046
0.52999997138977050800 -0.00141724804416298866
0.54000002145767211900 -0.00134744204115122557
0.55000001192092895500 -0.00126874004490673542
0.56000000238418579100 -0.00119787105359137058
0.56999999284744262700 -0.00113082502502948046
0.57999998331069946300 -0.00106210401281714439
0.58999997377395629900 -0.00100059097167104483
0.60000002384185791000 -0.00098677037749439478
0.61000001430511474600 -0.00090322777396067977
0.62000000476837158200 -0.00083842588355764747
0.62999999523162841800 -0.00077585672261193395
0.63999998569488525400 -0.00071263551944866776
0.64999997615814209000 -0.00065385457128286362
0.66000002622604370100 -0.00059426017105579376
0.67000001668930053700 -0.00054032861953601241
0.68000000715255737300 -0.00048904120922088623
0.68999999761581420900 -0.00043706840369850397
0.69999998807907104500 -0.00038762050098739564
0.70999997854232788100 -0.00034304909058846533
0.72000002861022949200 -0.00029922800604254007
0.73000001907348632800 -0.00025498919421806932
0.74000000953674316400 -0.00021407430176623166
0.75000000000000000000 -0.00017065790598280728
0.75999999046325683600 -0.00012756489741150290
0.76999998092651367200 -0.00009074631088878959
0.77999997138977050800 -0.00004871836063102819
0.79000002145767211900 -0.00000842159079184057
0.80000001192092895500 0.00003354921864229254
0.81000000238418579100 0.00007800832099746913
0.81999999284744262700 0.00012391699419822544
0.82999998331069946300 0.00017198850400745869
0.83999997377395629900 0.00022178479412104934
0.85000002384185791000 0.00027346910792402923
0.86000001430511474600 0.00032703700708225369
0.87000000476837158200 0.00038338490412570536
0.87999999523162841800 0.00044251079089008272
0.88999998569488525400 0.00050441577332094312
0.89999997615814209000 0.00056929228594526649
0.91000002622604370100 0.00063672038959339261
0.92000001668930053700 0.00070680608041584492
0.93000000715255737300 0.00077990221325308085
0.93999999761581420900 0.00085466378368437290
0.94999998807907104500 0.00093180069234222174
0.95999997854232788100 0.00101137603633105755
0.97000002861022949200 0.00110165996011346579
0.98000001907348632800 0.00118181703146547079
0.99000000953674316400 0.00126470695249736309
1.00000000000000000000 0.00134909595362842083
