-1.00000000000000000000 -0.00000274486797025020
-0.99000000953674316400 -0.00000276199898507912
-0.98000001907348632800 -0.00000270357509180030
-0.97000002861022949200 -0.00000269317797574331
-0.95999997854232788100 -0.00000275417801276490
-0.94999998807907104500 -0.00000273050090981997
-0.93999999761581420900 -0.00000268211397269624
-0.93000000715255737300 -0.00000271762405645859
-0.92000001668930053700 -0.00000270516306954960
-0.91000002622604370100 -0.00000263772903963400
-0.89999997615814209000 -0.00000269879205916368
-0.88999998569488525400 -0.00000267676909970760
-0.87999999523162841800 -0.00000266673896476277
-0.87000000476837158200 -0.00000266741608356824
-0.86000001430511474600 -0.00000266179790742171
-0.85000002384185791000 -0.00000266663596448780
-0.83999997377395629900 -0.00000268745702669548
-0.82999998331069946300 -0.00000266654501501762
-0.81999999284744262700 -0.00000266566598838835
-0.81000000238418579100 -0.00000267608697868127
-0.80000001192092895500 -0.00000266767506218457
-0.79000002145767211900 -0.00000265047810898977
-0.77999997138977050800 -0.00000263287211055285
-0.76999998092651367200 -0.00000263829997493303
-0.75999999046325683600 -0.00000264233403868275
-0.75000000000000000000 -0.00000263882202489185
-0.74000000953674316400 -0.00000263150104728993
-0.73000001907348632800 -0.00000254465703619644
-0.72000002861022949200 -0.00000254442193181603
-0.70999997854232788100 -0.00000248815399572777
-0.69999998807907104500 -0.00000252555992119596
-0.68999999761581420900 -0.00000260804790741531
-0.68000000715255737300 -0.00000261754303210182
-0.67000001668930053700 -0.00000262992398347706
-0.66000002622604370100 -0.00000261836794379633
-0.64999997615814209000 -0.00000260934689322312
-0.63999998569488525400 -0.00000262578396359459
-0.62999999523162841800 -0.00000259905891653034
-0.62000000476837158200 -0.00000256175599133712
-0.61000001430511474600 -0.00000259102807831368
-0.60000002384185791000 -0.00000260437900578836
-0.58999997377395629900 -0.00000259202397501213
-0.57999998331069946300 -0.00000256287898992014
-0.56999999284744262700 -0.00000259072794506210
-0.56000000238418579100 -0.00000257600004260894
-0.55000001192092895500 -0.00000258620207205240
-0.54000002145767211900 -0.00000259352509601740
-0.52999997138977050800 -0.00000258492696048052
-0.51999998092651367200 -0.00000256086900662922
-0.50999999046325683600 -0.00000257451506513462
-0.50000000000000000000 -0.00000256438693213568
-0.49000000953674316400 -0.00000254071801464306
-0.47999998927116394000 -0.00000255291706707794
-0.46999999880790710400 -0.00000236933396990935
-0.46000000834465026800 -0.00000250616994890152
-0.44999998807907104500 -0.00000236899904848542
-0.43999999761581420900 -0.00000251966002906556
-0.43000000715255737300 -0.00000249352206083131
-0.41999998688697814900 -0.00000245684304900351
-0.40999999642372131300 -0.00000249884396907873
-0.40000000596046447700 -0.00000250420293923526
-0.38999998569488525400 -0.00000251270489570743
-0.37999999523162841800 -0.00000249734102908405
-0.37000000476837158200 -0.00000250747893915104
-0.36000001430511474600 -0.00000250475500251923
-0.34999999403953552200 -0.00000251871506407042
-0.34000000357627868600 -0.00000248913602263201
-0.33000001311302185100 -0.00000250389598477341
-0.31999999284744262700 -0.00000249256504503137
-0.31000000238418579100 -0.00000247966295319202
-0.30000001192092895500 -0.00000248421793003217
-0.28999999165534973100 -0.00000247606408265710
-0.28000000119209289500 -0.00000246783906732162
-0.27000001072883606000 -0.00000245680303123663
-0.25999999046325683600 -0.00000246925810643006
-0.25000000000000000000 -0.00000245633600570727
-0.23999999463558197000 -0.00000246954209615069
-0.23000000417232513400 -0.00000244470288635057
-0.21999999880790710400 -0.00000244124589698913
-0.20999999344348907500 -0.00000243211502493068
-0.20000000298023223900 -0.00000244343004851544
-0.18999999761581420900 -0.00000242443206843745
-0.18000000715255737300 -0.00000242384498960746
-0.17000000178813934300 -0.00000242597889155149
-0.15999999642372131300 -0.00000240778808802133
-0.15000000596046447800 -0.00000242573810282920
-0.14000000059604644800 -0.00000240980898524867
-0.12999999523162841800 -0.00000241046609517070
-0.11999999731779098500 -0.00000240110102822655
-0.10999999940395355200 -0.00000239851806327351
-0.10000000149011611900 -0.00000238875395552895
-0.09000000357627868650 -0.00000239007204072550
-0.07999999821186065670 -0.00000238327106671932
-0.07000000029802322390 -0.00000235206107390695
-0.05999999865889549260 -0.00000235179595620139
-0.05000000074505805970 -0.00000235456604968931
-0.03999999910593032840 -0.00000236985306401039
-0.02999999932944774630 -0.00000235695802075497
-0.01999999955296516420 -0.00000237055701290956
-0.00999999977648258210 -0.00000235388097280520
0.00000000000000000000 -0.00000235426796280080
0.00999999977648258210 -0.00000235453399000107
0.01999999955296516420 -0.00000233508308156161
0.02999999932944774630 -0.00000230840396397980
0.03999999910593032840 -0.00000228941189561738
0.05000000074505805970 -0.00000230629893849255
0.05999999865889549260 -0.00000222430207941215
0.07000000029802322390 -0.00000224661698666750
0.07999999821186065670 -0.00000222552193918091
0.09000000357627868650 -0.00000222501694224775
0.10000000149011611900 -0.00000221797404265089
0.10999999940395355200 -0.00000220808897211100
0.11999999731779098500 -0.00000218037189370079
0.12999999523162841800 -0.00000217438901017886
0.14000000059604644800 -0.00000218767308979295
0.15000000596046447800 -0.00000218471700463851
0.15999999642372131300 -0.00000221044410864124
0.17000000178813934300 -0.00000219345406549110
0.18000000715255737300 -0.00000219853109229007
0.18999999761581420900 -0.00000219632306652784
0.20000000298023223900 -0.00000219350704355747
0.20999999344348907500 -0.00000218364493775880
0.21999999880790710400 -0.00000218285890696279
0.23000000417232513400 -0.00000217316710404702
0.23999999463558197000 -0.00000216098192140635
0.25000000000000000000 -0.00000217516708289622
0.25999999046325683600 -0.00000216361104321550
0.27000001072883606000 -0.00000217372598854126
0.28000000119209289500 -0.00000216975104194717
0.28999999165534973100 -0.00000216419607568241
0.30000001192092895500 -0.00000213280395655602
0.31000000238418579100 -0.00000214038891499513
0.31999999284744262700 -0.00000213947396332514
0.33000001311302185100 -0.00000212886789086042
0.34000000357627868600 -0.00000214644501284056
0.34999999403953552200 -0.00000212769396057411
0.36000001430511474600 -0.00000214314400182047
0.37000000476837158200 -0.00000214281908483827
0.37999999523162841800 -0.00000215088994082180
0.38999998569488525400 -0.00000212253598874668
0.40000000596046447700 -0.00000213078305932868
0.40999999642372131300 -0.00000212332702176354
0.41999998688697814900 -0.00000211525798476941
0.43000000715255737300 -0.00000212655800169159
0.43999999761581420900 -0.00000210798498301301
0.44999998807907104500 -0.00000211659607884940
0.46000000834465026800 -0.00000211291103369149
0.46999999880790710400 -0.00000212840200219944
0.47999998927116394000 -0.00000210536609301926
0.49000000953674316400 -0.00000211939709515718
0.50000000000000000000 -0.00000209234804060543
0.50999999046325683600 -0.00000208331198336964
0.51999998092651367200 -0.00000208855294658861
0.52999997138977050800 -0.00000205414289666805
0.54000002145767211900 -0.00000207287803277723
0.55000001192092895500 -0.00000204385105462279
0.56000000238418579100 -0.00000208640199161891
0.56999999284744262700 -0.00000202960200113012
0.57999998331069946300 -0.00000205792298402230
0.58999997377395629900 -0.00000201615694095381
0.60000002384185791000 -0.00000196541896002600
0.61000001430511474600 -0.00000196984410649748
0.62000000476837158200 -0.00000189751995094412
0.62999999523162841800 -0.00000187918101346440
0.63999998569488525400 -0.00000180080701284169
0.64999997615814209000 -0.00000183752399607329
0.66000002622604370100 -0.00000169091902080254
0.67000001668930053700 -0.00000177690196778713
0.68000000715255737300 -0.00000166615700436523
0.68999999761581420900 -0.00000162311198437237
0.69999998807907104500 -0.00000156967496423022
0.70999997854232788100 -0.00000149488403167197
0.72000002861022949200 -0.00000142476301334682
0.73000001907348632800 -0.00000132182299239503
0.74000000953674316400 -0.00000131620095089602
0.75000000000000000000 -0.00000109333996078931
0.75999999046325683600 -0.00000111133999780577
0.76999998092651367200 -0.00000020437519765437
0.77999997138977050800 -0.00000011482840278632
0.79000002145767211900 0.00000010763410074333
0.80000001192092895500 0.00000007741682139795
0.81000000238418579100 0.00000016396259638896
0.81999999284744262700 0.00000014614430199344
0.82999998331069946300 0.00000026611058956405
0.83999997377395629900 0.00000029573010351669
0.85000002384185791000 0.00000043334529209460
0.86000001430511474600 0.00000056420611826979
0.87000000476837158200 0.00000068144987608321
0.87999999523162841800 0.00000652323387839715
0.88999998569488525400 0.00000412030703955679
0.89999997615814209000 0.00000407356401410652
0.91000002622604370100 0.00000400295311919763
0.92000001668930053700 0.00000404012189392233
0.93000000715255737300 0.00000420263813794008
0.93999999761581420900 0.00000387502996090916
0.94999998807907104500 0.00000366471704182914
0.95999997854232788100 0.00000357413910023752
0.97000002861022949200 0.00000370779002878407
0.98000001907348632800 0.00000358985198545270
0.99000000953674316400 0.00000361870093001926
1.00000000000000000000 0.00000347089394381328
