-1.00000000000000000000 -0.00486671179533004761
-0.99000000953674316400 -0.00484926393255591393
-0.98000001907348632800 -0.00483050104230642319
-0.97000002861022949200 -0.00485003413632512093
-0.95999997854232788100 -0.00483874185010790825
-0.94999998807907104500 -0.00481677614152431488
-0.93999999761581420900 -0.00483082421123981476
-0.93000000715255737300 -0.00483831996098160744
-0.92000001668930053700 -0.00483598280698060990
-0.91000002622604370100 -0.00484834378585219383
-0.89999997615814209000 -0.00484646391123533249
-0.88999998569488525400 -0.00482537504285573960
-0.87999999523162841800 -0.00482077896595001221
-0.87000000476837158200 -0.00482971593737602234
-0.86000001430511474600 -0.00480706896632909775
-0.85000002384185791000 -0.00480628898367285729
-0.83999997377395629900 -0.00480867503210902214
-0.82999998331069946300 -0.00480359420180320740
-0.81999999284744262700 -0.00481980200856924057
-0.81000000238418579100 -0.00482460111379623413
-0.80000001192092895500 -0.00481627788394689560
-0.79000002145767211900 -0.00480993883684277535
-0.77999997138977050800 -0.00479548703879117966
-0.76999998092651367200 -0.00479596480727195740
-0.75999999046325683600 -0.00480118207633495331
-0.75000000000000000000 -0.00478660594671964646
-0.74000000953674316400 -0.00477995583787560463
-0.73000001907348632800 -0.00479432987049221993
-0.72000002861022949200 -0.00480240397155284882
-0.70999997854232788100 -0.00480230106040835381
-0.69999998807907104500 -0.00480901403352618218
-0.68999999761581420900 -0.00479926308616995812
-0.68000000715255737300 -0.00477081909775733948
-0.67000001668930053700 -0.00478986185044050217
-0.66000002622604370100 -0.00478769419714808464
-0.64999997615814209000 -0.00476101785898208618
-0.63999998569488525400 -0.00476598506793379784
-0.62999999523162841800 -0.00476894620805978775
-0.62000000476837158200 -0.00477009406313300133
-0.61000001430511474600 -0.00478051602840423584
-0.60000002384185791000 -0.00478642107918858528
-0.58999997377395629900 -0.00476337922737002373
-0.57999998331069946300 -0.00474958494305610657
-0.56999999284744262700 -0.00476325303316116333
-0.56000000238418579100 -0.00474211992695927620
-0.55000001192092895500 -0.00473477691411972046
-0.54000002145767211900 -0.00473715504631400108
-0.52999997138977050800 -0.00472908793017268181
-0.51999998092651367200 -0.00474930787459015846
-0.50999999046325683600 -0.00475351605564355850
-0.50000000000000000000 -0.00475030811503529549
-0.49000000953674316400 -0.00474665593355894089
-0.47999998927116394000 -0.00472756801173090935
-0.46999999880790710400 -0.00472761085256934166
-0.46000000834465026800 -0.00473128678277134895
-0.44999998807907104500 -0.00471519818529486656
-0.43999999761581420900 -0.00470724888145923615
-0.43000000715255737300 -0.00472059892490506172
-0.41999998688697814900 -0.00473186513409018517
-0.40999999642372131300 -0.00472598290070891380
-0.40000000596046447700 -0.00474188197404146195
-0.38999998569488525400 -0.00472853099927306175
-0.37999999523162841800 -0.00470027001574635506
-0.37000000476837158200 -0.00471489690244197846
-0.36000001430511474600 -0.00471337093040347099
-0.34999999403953552200 -0.00468379398807883263
-0.34000000357627868600 -0.00468614604324102402
-0.33000001311302185100 -0.00469346717000007630
-0.31999999284744262700 -0.00468899076804518700
-0.31000000238418579100 -0.00470285397022962570
-0.30000001192092895500 -0.00470700208097696304
-0.28999999165534973100 -0.00468261307105422020
-0.28000000119209289500 -0.00467150518670678139
-0.27000001072883606000 -0.00468477513641119003
-0.25999999046325683600 -0.00466738920658826828
-0.25000000000000000000 -0.00465683918446302414
-0.23999999463558197000 -0.00465846713632345200
-0.23000000417232513400 -0.00464990502223372460
-0.21999999880790710400 -0.00467026280239224434
-0.20999999344348907500 -0.00467455992475152016
-0.20000000298023223900 -0.00466867117211222649
-0.18999999761581420900 -0.00466438103467226029
-0.18000000715255737300 -0.00464690010994672775
-0.17000000178813934300 -0.00464328704401850701
-0.15999999642372131300 -0.00464580114930868149
-0.15000000596046447800 -0.00462645012885332108
-0.14000000059604644800 -0.00461577298119664192
-0.12999999523162841800 -0.00462942291051149368
-0.11999999731779098500 -0.00463376101106405258
-0.10999999940395355200 -0.00463184714317321778
-0.10000000149011611900 -0.00464100390672683716
-0.09000000357627868650 -0.00462752487510442734
-0.07999999821186065670 -0.00460067577660083771
-0.07000000029802322390 -0.00461503211408853531
-0.05999999865889549260 -0.00460178405046463013
-0.05000000074505805970 -0.00458244280889630318
-0.03999999910593032840 -0.00458737416192889214
-0.02999999932944774630 -0.00457923999056220055
-0.01999999955296516420 -0.00458639720454812050
-0.00999999977648258210 -0.00459589809179306030
0.00000000000000000000 -0.00459058303385972977
0.00999999977648258210 -0.00457123713567852974
0.01999999955296516420 -0.00456099491566419602
0.02999999932944774630 -0.00456684082746505737
0.03999999910593032840 -0.00455173477530479431
0.05000000074505805970 -0.00454289512708783150
0.05999999865889549260 -0.00453769508749246597
0.07000000029802322390 -0.00453527597710490227
0.07999999821186065670 -0.00454786885529756546
0.09000000357627868650 -0.00455007795244455338
0.10000000149011611900 -0.00454625720158219338
0.10999999940395355200 -0.00453909393399953842
0.11999999731779098500 -0.00451578618958592415
0.12999999523162841800 -0.00452128192409873009
0.14000000059604644800 -0.00451726280152797699
0.15000000596046447800 -0.00448990613222122193
0.15999999642372131300 -0.00448852218687534332
0.17000000178813934300 -0.00449109682813286781
0.18000000715255737300 -0.00448808306828141213
0.18999999761581420900 -0.00449201604351401329
0.20000000298023223900 -0.00449552712962031365
0.20999999344348907500 -0.00446643214672803879
0.21999999880790710400 -0.00445032492280006409
0.23000000417232513400 -0.00445711612701416016
0.23999999463558197000 -0.00444045616313815117
0.25000000000000000000 -0.00442607514560222626
0.25999999046325683600 -0.00442067487165331841
0.27000001072883606000 -0.00441329879686236382
0.28000000119209289500 -0.00442295102402567864
0.28999999165534973100 -0.00442361878231167793
0.30000001192092895500 -0.00440715299919247627
0.31000000238418579100 -0.00439610192552208901
0.31999999284744262700 -0.00437645195052027702
0.33000001311302185100 -0.00437395879998803139
0.34000000357627868600 -0.00436644908040761948
0.34999999403953552200 -0.00434302818030118942
0.36000001430511474600 -0.00433082878589630127
0.37000000476837158200 -0.00433220481500029564
0.37999999523162841800 -0.00433621322736144066
0.38999998569488525400 -0.00432056002318859100
0.40000000596046447700 -0.00432158308103680611
0.40999999642372131300 -0.00429877685382962227
0.41999998688697814900 -0.00426132604479789734
0.43000000715255737300 -0.00426738196983933449
0.43999999761581420900 -0.00424765702337026596
0.44999998807907104500 -0.00421300018206238747
0.46000000834465026800 -0.00420455401763319969
0.46999999880790710400 -0.00419600680470466614
0.47999998927116394000 -0.00417129183188080788
0.49000000953674316400 -0.00416646804660558701
0.50000000000000000000 -0.00414710585027933121
0.50999999046325683600 -0.00410019978880882263
0.51999998092651367200 -0.00406214594841003418
0.52999997138977050800 -0.00404178304597735405
0.54000002145767211900 -0.00398882897570729256
0.55000001192092895500 -0.00393905909731984139
0.56000000238418579100 -0.00389589392580091953
0.56999999284744262700 -0.00383475492708384991
0.57999998331069946300 -0.00378709100186824799
0.58999997377395629900 -0.00371770700439810753
0.60000002384185791000 -0.00362345809116959572
0.61000001430511474600 -0.00351997301913797856
0.62000000476837158200 -0.00339273596182465553
0.62999999523162841800 -0.00325856707058846951
0.63999998569488525400 -0.00311244488693773747
0.64999997615814209000 -0.00293019204400479794
0.66000002622604370100 -0.00272955209948122501
0.67000001668930053700 -0.00252344203181564808
0.68000000715255737300 -0.00228787399828433991
0.68999999761581420900 -0.00201383605599403381
0.69999998807907104500 -0.00172601302620023489
0.70999997854232788100 -0.00140390696469694376
0.72000002861022949200 -0.00104611297138035297
0.73000001907348632800 -0.00070522917667403817
0.74000000953674316400 -0.00031652359757572412
0.75000000000000000000 0.00009672554733697325
0.75999999046325683600 0.00050794781418517232
0.76999998092651367200 0.00094435352366417646
0.77999997138977050800 0.00140532001387327910
0.79000002145767211900 0.00186511699575930834
0.80000001192092895500 0.00232736510224640369
0.81000000238418579100 0.00279403897002339363
0.81999999284744262700 0.00325504108332097530
0.82999998331069946300 0.00370961590670049191
0.83999997377395629900 0.00414994312450289726
0.85000002384185791000 0.00457278080284595490
0.86000001430511474600 0.00497362995520234108
0.87000000476837158200 0.00535051897168159485
0.87999999523162841800 0.00570069998502731323
0.88999998569488525400 0.00602231081575155258
0.89999997615814209000 0.00631550513207912445
0.91000002622604370100 0.00658121006563305855
0.92000001668930053700 0.00681897019967436791
0.93000000715255737300 0.00702997809275984764
0.93999999761581420900 0.00721968710422515869
0.94999998807907104500 0.00739121297374367714
0.95999997854232788100 0.00754273403435945511
0.97000002861022949200 0.00768313510343432427
0.98000001907348632800 0.00781493727117776871
0.99000000953674316400 0.00793667882680892945
1.00000000000000000000 0.00805229507386684418
