-1.00000000000000000000 -0.00591061683371663094
-0.99000000953674316400 -0.00588884809985756874
-0.98000001907348632800 -0.00590614695101976395
-0.97000002861022949200 -0.00589824700728058815
-0.95999997854232788100 -0.00591539079323410988
-0.94999998807907104500 -0.00593631807714700699
-0.93999999761581420900 -0.00593265611678361893
-0.93000000715255737300 -0.00591953378170728684
-0.92000001668930053700 -0.00591015908867120743
-0.91000002622604370100 -0.00590875698253512383
-0.89999997615814209000 -0.00590384379029273987
-0.88999998569488525400 -0.00589710613712668419
-0.87999999523162841800 -0.00588232791051268578
-0.87000000476837158200 -0.00589885981753468514
-0.86000001430511474600 -0.00591723900288343430
-0.85000002384185791000 -0.00590891018509864807
-0.83999997377395629900 -0.00592276221141219139
-0.82999998331069946300 -0.00591822899878025055
-0.81999999284744262700 -0.00588928302749991417
-0.81000000238418579100 -0.00590462610125541687
-0.80000001192092895500 -0.00589744001626968384
-0.79000002145767211900 -0.00587665895000100136
-0.77999997138977050800 -0.00589333381503820420
-0.76999998092651367200 -0.00590903591364622116
-0.75999999046325683600 -0.00590750388801097870
-0.75000000000000000000 -0.00593039998784661293
-0.74000000953674316400 -0.00592879205942153931
-0.73000001907348632800 -0.00589659111574292183
-0.72000002861022949200 -0.00590811483561992645
-0.70999997854232788100 -0.00590635603293776512
-0.69999998807907104500 -0.00587747478857636452
-0.68999999761581420900 -0.00588369602337479592
-0.68000000715255737300 -0.00589102599769830704
-0.67000001668930053700 -0.00589520204812288284
-0.66000002622604370100 -0.00590777397155761719
-0.64999997615814209000 -0.00592041620984673500
-0.63999998569488525400 -0.00589678110554814339
-0.62999999523162841800 -0.00588037585839629173
-0.62000000476837158200 -0.00588681083172559738
-0.61000001430511474600 -0.00586954178288578987
-0.60000002384185791000 -0.00586045579984784126
-0.58999997377395629900 -0.00585930002853274346
-0.57999998331069946300 -0.00586862396448850632
-0.56999999284744262700 -0.00589244812726974488
-0.56000000238418579100 -0.00589239085093140602
-0.55000001192092895500 -0.00589408306404948235
-0.54000002145767211900 -0.00590192014351487160
-0.52999997138977050800 -0.00587987620383501053
-0.51999998092651367200 -0.00588516704738140106
-0.50999999046325683600 -0.00589160993695259094
-0.50000000000000000000 -0.00586400181055068970
-0.49000000953674316400 -0.00587938819080591202
-0.47999998927116394000 -0.00590345822274684906
-0.46999999880790710400 -0.00589431682601571083
-0.46000000834465026800 -0.00590941589325666428
-0.44999998807907104500 -0.00591698894277215004
-0.43999999761581420900 -0.00587524985894560814
-0.43000000715255737300 -0.00589401880279183388
-0.41999998688697814900 -0.00589927984401583672
-0.40999999642372131300 -0.00585995707660913468
-0.40000000596046447700 -0.00587393622845411301
-0.38999998569488525400 -0.00589179480448365212
-0.37999999523162841800 -0.00589050306007266045
-0.37000000476837158200 -0.00590133899822831154
-0.36000001430511474600 -0.00591826206073164940
-0.34999999403953552200 -0.00588758522644639015
-0.34000000357627868600 -0.00587745523080229759
-0.33000001311302185100 -0.00588849186897277832
-0.31999999284744262700 -0.00586667098104953766
-0.31000000238418579100 -0.00586008280515670777
-0.30000001192092895500 -0.00586539413779973984
-0.28999999165534973100 -0.00586783979088068009
-0.28000000119209289500 -0.00588628882542252541
-0.27000001072883606000 -0.00589319318532943726
-0.25999999046325683600 -0.00588319217786192894
-0.25000000000000000000 -0.00587603310123085976
-0.23999999463558197000 -0.00586984818801283837
-0.23000000417232513400 -0.00586645817384123802
-0.21999999880790710400 -0.00585789280012249947
-0.20999999344348907500 -0.00584831880405545235
-0.20000000298023223900 -0.00585707603022456169
-0.18999999761581420900 -0.00587684987112879753
-0.18000000715255737300 -0.00587341515347361565
-0.17000000178813934300 -0.00588474795222282410
-0.15999999642372131300 -0.00588810490444302559
-0.15000000596046447800 -0.00584593787789344788
-0.14000000059604644800 -0.00586223416030406952
-0.12999999523162841800 -0.00586585281416773796
-0.11999999731779098500 -0.00582437682896852494
-0.10999999940395355200 -0.00583738181740045548
-0.10000000149011611900 -0.00585253490135073662
-0.09000000357627868650 -0.00584263401105999947
-0.07999999821186065670 -0.00585278077051043511
-0.07000000029802322390 -0.00585958501324057579
-0.05999999865889549260 -0.00582202710211277008
-0.05000000074505805970 -0.00581572204828262329
-0.03999999910593032840 -0.00582099286839365959
-0.02999999932944774630 -0.00578625686466693878
-0.01999999955296516420 -0.00578816700726747513
-0.00999999977648258210 -0.00579476682469248772
0.00000000000000000000 -0.00579540804028511048
0.00999999977648258210 -0.00579994684085249901
0.01999999955296516420 -0.00581962801516056061
0.02999999932944774630 -0.00580532290041446686
0.03999999910593032840 -0.00579398311674594879
0.05000000074505805970 -0.00578694092109799385
0.05999999865889549260 -0.00577111216261982918
0.07000000029802322390 -0.00575873907655477524
0.07999999821186065670 -0.00575405592098832131
0.09000000357627868650 -0.00574060296639800072
0.10000000149011611900 -0.00574792316183447838
0.10999999940395355200 -0.00575859099626541138
0.11999999731779098500 -0.00573853310197591782
0.12999999523162841800 -0.00573050789535045624
0.14000000059604644800 -0.00570509815588593483
0.15000000596046447800 -0.00568885076791048050
0.15999999642372131300 -0.00567754404619336128
0.17000000178813934300 -0.00564274983480572701
0.18000000715255737300 -0.00561831891536712647
0.18999999761581420900 -0.00561123201623558998
0.20000000298023223900 -0.00560055207461118698
0.20999999344348907500 -0.00556911202147603035
0.21999999880790710400 -0.00555561995133757591
0.23000000417232513400 -0.00551777891814708710
0.23999999463558197000 -0.00545362988486886025
0.25000000000000000000 -0.00543439900502562523
0.25999999046325683600 -0.00538519490510225296
0.27000001072883606000 -0.00531493918970227242
0.28000000119209289500 -0.00527518196031451225
0.28999999165534973100 -0.00523049710318446160
0.30000001192092895500 -0.00517371296882629395
0.31000000238418579100 -0.00513136619701981545
0.31999999284744262700 -0.00505638914182782173
0.33000001311302185100 -0.00496531696990132332
0.34000000357627868600 -0.00489154411479830742
0.34999999403953552200 -0.00480467220768332482
0.36000001430511474600 -0.00469725811854004860
0.37000000476837158200 -0.00461190100759267807
0.37999999523162841800 -0.00450574699789285660
0.38999998569488525400 -0.00440206984058022499
0.40000000596046447700 -0.00431192619726061821
0.40999999642372131300 -0.00418893806636333466
0.41999998688697814900 -0.00406461814418435097
0.43000000715255737300 -0.00392966577783226967
0.43999999761581420900 -0.00379553996026515961
0.44999998807907104500 -0.00365303689613938332
0.46000000834465026800 -0.00350839807651937008
0.46999999880790710400 -0.00335704605095088482
0.47999998927116394000 -0.00321051990613341332
0.49000000953674316400 -0.00307569908909499645
0.50000000000000000000 -0.00291511905379593372
0.50999999046325683600 -0.00276839407160878182
0.51999998092651367200 -0.00261238194070756435
0.52999997138977050800 -0.00243776501156389713
0.54000002145767211900 -0.00228858995251357555
0.55000001192092895500 -0.00213702605105936527
0.56000000238418579100 -0.00196628109551966190
0.56999999284744262700 -0.00181553896982222796
0.57999998331069946300 -0.00167350901756435633
0.58999997377395629900 -0.00151840399485081434
0.60000002384185791000 -0.00137438904494047165
0.61000001430511474600 -0.00123120704665780067
0.62000000476837158200 -0.00107460701838135719
0.62999999523162841800 -0.00089362822473049164
0.63999998569488525400 -0.00075104850111529231
0.64999997615814209000 -0.00060356978792697191
0.66000002622604370100 -0.00045584619510918856
0.67000001668930053700 -0.00031083790236152709
0.68000000715255737300 -0.00015602560597471893
0.68999999761581420900 -0.00000297900510304316
0.69999998807907104500 0.00015587449888698757
0.70999997854232788100 0.00032458500936627388
0.72000002861022949200 0.00050095299957320094
0.73000001907348632800 0.00068508967524394393
0.74000000953674316400 0.00087790470570325851
0.75000000000000000000 0.00112911302130669355
0.75999999046325683600 0.00134903902653604746
0.76999998092651367200 0.00158072204794734716
0.77999997138977050800 0.00182325602509081364
0.79000002145767211900 0.00207059597596526146
0.80000001192092895500 0.00233217701315879822
0.81000000238418579100 0.00260492600500583649
0.81999999284744262700 0.00287887407466769219
0.82999998331069946300 0.00316983391530811787
0.83999997377395629900 0.00347287207841873169
0.85000002384185791000 0.00377684202976524830
0.86000001430511474600 0.00409785099327564240
0.87000000476837158200 0.00442417198792099953
0.87999999523162841800 0.00474479282274842262
0.88999998569488525400 0.00508900592103600502
0.89999997615814209000 0.00543629610911011696
0.91000002622604370100 0.00577756110578775406
0.92000001668930053700 0.00614342000335454941
0.93000000715255737300 0.00651263212785124779
0.93999999761581420900 0.00688712298870086670
0.94999998807907104500 0.00728212390094995499
0.95999997854232788100 0.00767179112881422043
0.97000002861022949200 0.00806176103651523590
0.98000001907348632800 0.00846713222563266754
0.99000000953674316400 0.00887556280940771103
1.00000000000000000000 0.00928910821676254273
