-1.00000000000000000000 -0.08985635638236999510
-0.99000000953674316400 -0.08923629671335220340
-0.98000001907348632800 -0.08872594684362411500
-0.97000002861022949200 -0.08842895179986953740
-0.95999997854232788100 -0.08814091235399246220
-0.94999998807907104500 -0.08754500746726989750
-0.93999999761581420900 -0.08679133653640747070
-0.93000000715255737300 -0.08594287931919097900
-0.92000001668930053700 -0.08503413200378417970
-0.91000002622604370100 -0.08408837020397186280
-0.89999997615814209000 -0.08312302827835083010
-0.88999998569488525400 -0.08216153830289840700
-0.87999999523162841800 -0.08118911087512969970
-0.87000000476837158200 -0.08021941035985946660
-0.86000001430511474600 -0.07925202697515487670
-0.85000002384185791000 -0.07827589660882949830
-0.83999997377395629900 -0.07730299979448318480
-0.82999998331069946300 -0.07634682953357696530
-0.81999999284744262700 -0.07537847012281417850
-0.81000000238418579100 -0.07441482692956924440
-0.80000001192092895500 -0.07346591353416442870
-0.79000002145767211900 -0.07252032309770584110
-0.77999997138977050800 -0.07157505303621292120
-0.76999998092651367200 -0.07063998281955719000
-0.75999999046325683600 -0.06970275193452835080
-0.75000000000000000000 -0.06874704360961914060
-0.74000000953674316400 -0.06781070679426193240
-0.73000001907348632800 -0.06687665730714797970
-0.72000002861022949200 -0.06594075262546539310
-0.70999997854232788100 -0.06500487774610519410
-0.69999998807907104500 -0.06407334655523300170
-0.68999999761581420900 -0.06314550340175628660
-0.68000000715255737300 -0.06223383173346519470
-0.67000001668930053700 -0.06131269037723541260
-0.66000002622604370100 -0.06038941070437431340
-0.64999997615814209000 -0.05947127938270568850
-0.63999998569488525400 -0.05853953957557678220
-0.62999999523162841800 -0.05762495100498199460
-0.62000000476837158200 -0.05671488866209983830
-0.61000001430511474600 -0.05579124018549919130
-0.60000002384185791000 -0.05487802997231483460
-0.58999997377395629900 -0.05397474020719528200
-0.57999998331069946300 -0.05306807905435562130
-0.56999999284744262700 -0.05216946825385093690
-0.56000000238418579100 -0.05127106979489326480
-0.55000001192092895500 -0.05036444962024688720
-0.54000002145767211900 -0.04945534095168113710
-0.52999997138977050800 -0.04855395108461380010
-0.51999998092651367200 -0.04765802994370460510
-0.50999999046325683600 -0.04675668850541114810
-0.50000000000000000000 -0.04586185887455940250
-0.49000000953674316400 -0.04496749863028526310
-0.47999998927116394000 -0.04408102110028266910
-0.46999999880790710400 -0.04320270940661430360
-0.46000000834465026800 -0.04231385141611099240
-0.44999998807907104500 -0.04143292084336280820
-0.43999999761581420900 -0.04054111987352371220
-0.43000000715255737300 -0.03964529931545257570
-0.41999998688697814900 -0.03876978904008865360
-0.40999999642372131300 -0.03788908943533897400
-0.40000000596046447700 -0.03700207173824310300
-0.38999998569488525400 -0.03611923009157180790
-0.37999999523162841800 -0.03524798154830932620
-0.37000000476837158200 -0.03437767922878265380
-0.36000001430511474600 -0.03350427001714706420
-0.34999999403953552200 -0.03263423964381217960
-0.34000000357627868600 -0.03176137059926986690
-0.33000001311302185100 -0.03087637014687061310
-0.31999999284744262700 -0.03001265972852706910
-0.31000000238418579100 -0.02914392948150634770
-0.30000001192092895500 -0.02826517075300216680
-0.28999999165534973100 -0.02739687077701091770
-0.28000000119209289500 -0.02654097974300384520
-0.27000001072883606000 -0.02567750029265880580
-0.25999999046325683600 -0.02481996081769466400
-0.25000000000000000000 -0.02396748028695583340
-0.23999999463558197000 -0.02310488000512123110
-0.23000000417232513400 -0.02224089019000530240
-0.21999999880790710400 -0.02138287946581840520
-0.20999999344348907500 -0.02052786014974117280
-0.20000000298023223900 -0.01967181079089641570
-0.18999999761581420900 -0.01881284080445766450
-0.18000000715255737300 -0.01795702055096626280
-0.17000000178813934300 -0.01710979081690311430
-0.15999999642372131300 -0.01626645959913730620
-0.15000000596046447800 -0.01541262958198785780
-0.14000000059604644800 -0.01457083970308303830
-0.12999999523162841800 -0.01371502969413995740
-0.11999999731779098500 -0.01284846011549234390
-0.10999999940395355200 -0.01200644019991159440
-0.10000000149011611900 -0.01116089988499879840
-0.09000000357627868650 -0.01029661018401384350
-0.07999999821186065670 -0.00946470443159341812
-0.07000000029802322390 -0.00861266814172267914
-0.05999999865889549260 -0.00774901919066905976
-0.05000000074505805970 -0.00690688984468579292
-0.03999999910593032840 -0.00605796789750456810
-0.02999999932944774630 -0.00521033490076661110
-0.01999999955296516420 -0.00437371898442506790
-0.00999999977648258210 -0.00352399097755551338
0.00000000000000000000 -0.00267302989959716797
0.00999999977648258210 -0.00182285299524664879
0.01999999955296516420 -0.00097414298215880990
0.02999999932944774630 -0.00017507359734736383
0.03999999910593032840 0.00065255822846665978
0.05000000074505805970 0.00159017997793853283
0.05999999865889549260 0.00244181393645703793
0.07000000029802322390 0.00329395104199647904
0.07999999821186065670 0.00414248090237379074
0.09000000357627868650 0.00500797480344772339
0.10000000149011611900 0.00587861705571413040
0.10999999940395355200 0.00672672316431999207
0.11999999731779098500 0.00759245781227946282
0.12999999523162841800 0.00846146605908870697
0.14000000059604644800 0.00931679364293813706
0.15000000596046447800 0.01018142979592084880
0.15999999642372131300 0.01103970035910606380
0.17000000178813934300 0.01191531959921121600
0.18000000715255737300 0.01277908962219953540
0.18999999761581420900 0.01364696025848388670
0.20000000298023223900 0.01451165974140167240
0.20999999344348907500 0.01537549961358308790
0.21999999880790710400 0.01624698936939239500
0.23000000417232513400 0.01712350919842720030
0.23999999463558197000 0.01800251007080078130
0.25000000000000000000 0.01888667978346347810
0.25999999046325683600 0.01976292952895164490
0.27000001072883606000 0.02064901962876319890
0.28000000119209289500 0.02154137007892131810
0.28999999165534973100 0.02242618054151535030
0.30000001192092895500 0.02330983057618141170
0.31000000238418579100 0.02419836074113845830
0.31999999284744262700 0.02508910931646823880
0.33000001311302185100 0.02597470954060554500
0.34000000357627868600 0.02688352018594741820
0.34999999403953552200 0.02779229916632175450
0.36000001430511474600 0.02868157997727394100
0.37000000476837158200 0.02959397993981838230
0.37999999523162841800 0.03051044046878814700
0.38999998569488525400 0.03141191974282264710
0.40000000596046447700 0.03232530876994133000
0.40999999642372131300 0.03323467820882797240
0.41999998688697814900 0.03413889929652214050
0.43000000715255737300 0.03505817055702209470
0.43999999761581420900 0.03598519042134284970
0.44999998807907104500 0.03691491112112998960
0.46000000834465026800 0.03784006088972091680
0.46999999880790710400 0.03877073153853416440
0.47999998927116394000 0.03970615938305854800
0.49000000953674316400 0.04064776003360748290
0.50000000000000000000 0.04158717021346092220
0.50999999046325683600 0.04251977056264877320
0.51999998092651367200 0.04346723109483718870
0.52999997138977050800 0.04441843926906585690
0.54000002145767211900 0.04536744952201843260
0.55000001192092895500 0.04633599892258644100
0.56000000238418579100 0.04729744046926498410
0.56999999284744262700 0.04825508967041969300
0.57999998331069946300 0.04923193156719207760
0.58999997377395629900 0.05020882934331893920
0.60000002384185791000 0.05117424950003623960
0.61000001430511474600 0.05215198174118995670
0.62000000476837158200 0.05312893167138099670
0.62999999523162841800 0.05410351976752281190
0.63999998569488525400 0.05509698018431663510
0.64999997615814209000 0.05609377101063728330
0.66000002622604370100 0.05709286034107208250
0.67000001668930053700 0.05809931084513664250
0.68000000715255737300 0.05911241844296455380
0.68999999761581420900 0.06013002991676330570
0.69999998807907104500 0.06117063015699386600
0.70999997854232788100 0.06221247091889381410
0.72000002861022949200 0.06325522810220718380
0.73000001907348632800 0.06430325657129287720
0.74000000953674316400 0.06536816060543060300
0.75000000000000000000 0.06642658263444900510
0.75999999046325683600 0.06748492270708084110
0.76999998092651367200 0.06852021068334579470
0.77999997138977050800 0.06954442709684371950
0.79000002145767211900 0.07059077918529510500
0.80000001192092895500 0.07164359837770462040
0.81000000238418579100 0.07267040759325027470
0.81999999284744262700 0.07370399683713912960
0.82999998331069946300 0.07473096996545791630
0.83999997377395629900 0.07578566670417785640
0.85000002384185791000 0.07683584839105606080
0.86000001430511474600 0.07787500321865081790
0.87000000476837158200 0.07892718166112899780
0.87999999523162841800 0.07999148964881896970
0.88999998569488525400 0.08104722946882247930
0.89999997615814209000 0.08210978657007217410
0.91000002622604370100 0.08318199217319488530
0.92000001668930053700 0.08424451202154159550
0.93000000715255737300 0.08531407266855239870
0.93999999761581420900 0.08640336245298385620
0.94999998807907104500 0.08748366683721542360
0.95999997854232788100 0.08856601268053054810
0.97000002861022949200 0.08966165781021118160
0.98000001907348632800 0.09077002853155136110
0.99000000953674316400 0.09187778830528259280
1.00000000000000000000 0.09299354255199432370
