-1.00000000000000000000 -0.00157584203407168388
-0.99000000953674316400 -0.00149235699791461229
-0.98000001907348632800 -0.00143102195579558611
-0.97000002861022949200 -0.00138212705496698618
-0.95999997854232788100 -0.00133613101206719875
-0.94999998807907104500 -0.00127735501155257225
-0.93999999761581420900 -0.00125000404659658670
-0.93000000715255737300 -0.00120947603136301041
-0.92000001668930053700 -0.00118587398901581764
-0.91000002622604370100 -0.00115067604929208756
-0.89999997615814209000 -0.00112006696872413158
-0.88999998569488525400 -0.00110175996087491512
-0.87999999523162841800 -0.00106598401907831430
-0.87000000476837158200 -0.00104530004318803549
-0.86000001430511474600 -0.00102000904735177755
-0.85000002384185791000 -0.00099461455829441547
-0.83999997377395629900 -0.00097696948796510696
-0.82999998331069946300 -0.00095407362096011639
-0.81999999284744262700 -0.00092572742141783237
-0.81000000238418579100 -0.00090461102081462741
-0.80000001192092895500 -0.00088916119420900941
-0.79000002145767211900 -0.00086622161325067282
-0.77999997138977050800 -0.00085082970326766372
-0.76999998092651367200 -0.00082738400669768453
-0.75999999046325683600 -0.00080535898450762033
-0.75000000000000000000 -0.00078846880933269858
-0.74000000953674316400 -0.00076926691690459847
-0.73000001907348632800 -0.00075178820407018065
-0.72000002861022949200 -0.00073272612644359469
-0.70999997854232788100 -0.00071475357981398702
-0.69999998807907104500 -0.00069817982148379087
-0.68999999761581420900 -0.00068009580718353391
-0.68000000715255737300 -0.00066683691693469882
-0.67000001668930053700 -0.00065162067767232656
-0.66000002622604370100 -0.00063964689616113901
-0.64999997615814209000 -0.00061899301363155246
-0.63999998569488525400 -0.00060506182489916682
-0.62999999523162841800 -0.00058664521202445030
-0.62000000476837158200 -0.00057218689471483231
-0.61000001430511474600 -0.00055768107995390892
-0.60000002384185791000 -0.00054559507407248020
-0.58999997377395629900 -0.00053159141680225730
-0.57999998331069946300 -0.00051721261115744710
-0.56999999284744262700 -0.00050221441779285669
-0.56000000238418579100 -0.00048817109200172126
-0.55000001192092895500 -0.00047504488611593843
-0.54000002145767211900 -0.00046101750922389328
-0.52999997138977050800 -0.00044997621444053948
-0.51999998092651367200 -0.00043540270416997373
-0.50999999046325683600 -0.00042095591197721660
-0.50000000000000000000 -0.00040897939470596612
-0.49000000953674316400 -0.00039980100700631738
-0.47999998927116394000 -0.00038854251033626497
-0.46999999880790710400 -0.00037695359787903726
-0.46000000834465026800 -0.00036432920023798943
-0.44999998807907104500 -0.00035593871143646538
-0.43999999761581420900 -0.00034414121182635427
-0.43000000715255737300 -0.00033278259797953069
-0.41999998688697814900 -0.00032030401052907109
-0.40999999642372131300 -0.00031260368996299803
-0.40000000596046447700 -0.00030210829572752118
-0.38999998569488525400 -0.00029002138762734830
-0.37999999523162841800 -0.00027824309654533863
-0.37000000476837158200 -0.00026919509400613606
-0.36000001430511474600 -0.00026003961102105677
-0.34999999403953552200 -0.00024982751347124577
-0.34000000357627868600 -0.00023964329739101231
-0.33000001311302185100 -0.00022803619503974915
-0.31999999284744262700 -0.00021946350170765072
-0.31000000238418579100 -0.00020945430151186883
-0.30000001192092895500 -0.00020113309437874705
-0.28999999165534973100 -0.00019238650565966964
-0.28000000119209289500 -0.00018404169532004744
-0.27000001072883606000 -0.00017586250032763928
-0.25999999046325683600 -0.00016834659618325531
-0.25000000000000000000 -0.00015952620015013963
-0.23999999463558197000 -0.00015215850726235658
-0.23000000417232513400 -0.00014439219376072288
-0.21999999880790710400 -0.00013567019777838141
-0.20999999344348907500 -0.00012886310287285596
-0.20000000298023223900 -0.00012197499745525420
-0.18999999761581420900 -0.00011465779971331358
-0.18000000715255737300 -0.00010668100003385916
-0.17000000178813934300 -0.00009952064283424988
-0.15999999642372131300 -0.00009285333362640813
-0.15000000596046447800 -0.00008620323205832392
-0.14000000059604644800 -0.00007933135202620178
-0.12999999523162841800 -0.00007369348168140277
-0.11999999731779098500 -0.00006681292143184692
-0.10999999940395355200 -0.00006076913996366784
-0.10000000149011611900 -0.00005513101132237352
-0.09000000357627868650 -0.00004908769915346056
-0.07999999821186065670 -0.00004266480027581565
-0.07000000029802322390 -0.00003712363832164556
-0.05999999865889549260 -0.00003147740062559024
-0.05000000074505805970 -0.00002596683953015599
-0.03999999910593032840 -0.00002025869980570860
-0.02999999932944774630 -0.00001500181042501936
-0.01999999955296516420 -0.00000962603735388257
-0.00999999977648258210 -0.00000435699712397764
0.00000000000000000000 0.00000101005196029291
0.00999999977648258210 0.00000638890105619794
0.01999999955296516420 0.00001304849956795806
0.02999999932944774630 0.00001900515962915961
0.03999999910593032840 0.00002496843990229536
0.05000000074505805970 0.00003082858893321827
0.05999999865889549260 0.00003702420144691132
0.07000000029802322390 0.00004316445119911805
0.07999999821186065670 0.00004910054121864960
0.09000000357627868650 0.00005513892028830014
0.10000000149011611900 0.00006169923290144652
0.10999999940395355200 0.00006774759822292253
0.11999999731779098500 0.00007396226283162832
0.12999999523162841800 0.00008071582851698622
0.14000000059604644800 0.00008793845336185768
0.15000000596046447800 0.00009439799032406881
0.15999999642372131300 0.00010143510007765144
0.17000000178813934300 0.00018730749434325844
0.18000000715255737300 0.00020138549734838307
0.18999999761581420900 0.00021044489403720945
0.20000000298023223900 0.00022227529552765191
0.20999999344348907500 0.00023588619660586119
0.21999999880790710400 0.00025236990768462420
0.23000000417232513400 0.00026512768818065524
0.23999999463558197000 0.00027816699002869427
0.25000000000000000000 0.00029198051197454333
0.25999999046325683600 0.00030328769935294986
0.27000001072883606000 0.00031462640617974103
0.28000000119209289500 0.00033255398739129305
0.28999999165534973100 0.00034658220829442143
0.30000001192092895500 0.00035131198819726706
0.31000000238418579100 0.00036856881342828274
0.31999999284744262700 0.00038462909287773073
0.33000001311302185100 0.00039219760219566524
0.34000000357627868600 0.00040490640094503760
0.34999999403953552200 0.00042698430479504168
0.36000001430511474600 0.00044241899740882218
0.37000000476837158200 0.00045406710705719888
0.37999999523162841800 0.00046868520439602435
0.38999998569488525400 0.00047999608796089888
0.40000000596046447700 0.00049459870206192136
0.40999999642372131300 0.00051319051999598742
0.41999998688697814900 0.00052175181917846203
0.43000000715255737300 0.00053468998521566391
0.43999999761581420900 0.00055782200070098043
0.44999998807907104500 0.00057038251543417573
0.46000000834465026800 0.00058406812604516745
0.46999999880790710400 0.00060307298554107547
0.47999998927116394000 0.00061705568805336952
0.49000000953674316400 0.00062739307759329677
0.50000000000000000000 0.00064465071773156524
0.50999999046325683600 0.00065766309853643179
0.51999998092651367200 0.00067837449023500085
0.52999997138977050800 0.00069532141787931323
0.54000002145767211900 0.00070909090572968125
0.55000001192092895500 0.00073023972800001502
0.56000000238418579100 0.00075004471000283957
0.56999999284744262700 0.00076412147609516978
0.57999998331069946300 0.00077498302562162280
0.58999997377395629900 0.00079085567267611623
0.60000002384185791000 0.00081139610847458243
0.61000001430511474600 0.00083412072854116559
0.62000000476837158200 0.00085500982822850347
0.62999999523162841800 0.00086611579172313213
0.63999998569488525400 0.00086930301040410996
0.64999997615814209000 0.00089039572048932314
0.66000002622604370100 0.00089925422798842192
0.67000001668930053700 0.00091538467677310109
0.68000000715255737300 0.00094427698059007525
0.68999999761581420900 0.00096006452804431319
0.69999998807907104500 0.00097183347679674625
0.70999997854232788100 0.00099558907095342875
0.72000002861022949200 0.00101322005502879620
0.73000001907348632800 0.00104591704439371824
0.74000000953674316400 0.00105451303534209728
0.75000000000000000000 0.00107747095171362162
0.75999999046325683600 0.00110262003727257252
0.76999998092651367200 0.00112540996633470058
0.77999997138977050800 0.00112524104770272970
0.79000002145767211900 0.00115283404011279345
0.80000001192092895500 0.00116542202886193991
0.81000000238418579100 0.00117793004028499126
0.81999999284744262700 0.00121746095828711987
0.82999998331069946300 0.00123606703709810972
0.83999997377395629900 0.00125180394388735294
0.85000002384185791000 0.00129795202519744635
0.86000001430511474600 0.00130198302213102579
0.87000000476837158200 0.00134743598755449057
0.87999999523162841800 0.00136048998683691025
0.88999998569488525400 0.00136292597744613886
0.89999997615814209000 0.00137381802778691053
0.91000002622604370100 0.00140609999652951956
0.92000001668930053700 0.00142714404501020908
0.93000000715255737300 0.00144137197639793158
0.93999999761581420900 0.00148281501606106758
0.94999998807907104500 0.00158853596076369286
0.95999997854232788100 0.00158597202971577644
0.97000002861022949200 0.00161163194570690394
0.98000001907348632800 0.00162191805429756641
0.99000000953674316400 0.00173271400853991509
1.00000000000000000000 0.00177118205465376377
