-1.00000000000000000000 -0.00687776505947113037
-0.99000000953674316400 -0.00681316806003451348
-0.98000001907348632800 -0.00677538616582751274
-0.97000002861022949200 -0.00674166996031999588
-0.95999997854232788100 -0.00669604679569602013
-0.94999998807907104500 -0.00664197700098156929
-0.93999999761581420900 -0.00659532379359006882
-0.93000000715255737300 -0.00656217196956276894
-0.92000001668930053700 -0.00652184896171092987
-0.91000002622604370100 -0.00647283578291535378
-0.89999997615814209000 -0.00643212487921118736
-0.88999998569488525400 -0.00641138292849063874
-0.87999999523162841800 -0.00639200722798705101
-0.87000000476837158200 -0.00636048521846532822
-0.86000001430511474600 -0.00633436208590865135
-0.85000002384185791000 -0.00629940116778016091
-0.83999997377395629900 -0.00625040289014577866
-0.82999998331069946300 -0.00623408891260623932
-0.81999999284744262700 -0.00619801692664623261
-0.81000000238418579100 -0.00614872295409440994
-0.80000001192092895500 -0.00613006483763456345
-0.79000002145767211900 -0.00610873708501458168
-0.77999997138977050800 -0.00608777487650513649
-0.76999998092651367200 -0.00606788182631134987
-0.75999999046325683600 -0.00605510408058762551
-0.75000000000000000000 -0.00600646110251545906
-0.74000000953674316400 -0.00596501212567090988
-0.73000001907348632800 -0.00595426885411143303
-0.72000002861022949200 -0.00591271510347723961
-0.70999997854232788100 -0.00588077493011951447
-0.69999998807907104500 -0.00585673283785581589
-0.68999999761581420900 -0.00582554982975125313
-0.68000000715255737300 -0.00582097796723246575
-0.67000001668930053700 -0.00579921482130885124
-0.66000002622604370100 -0.00576677685603499413
-0.64999997615814209000 -0.00573839806020259857
-0.63999998569488525400 -0.00569035904482007027
-0.62999999523162841800 -0.00566247105598449707
-0.62000000476837158200 -0.00563783384859561920
-0.61000001430511474600 -0.00558840110898017883
-0.60000002384185791000 -0.00555228907614946366
-0.58999997377395629900 -0.00553936976939439774
-0.57999998331069946300 -0.00551750510931015015
-0.56999999284744262700 -0.00548171391710639000
-0.56000000238418579100 -0.00547112477943301201
-0.55000001192092895500 -0.00542716681957244873
-0.54000002145767211900 -0.00536555983126163483
-0.52999997138977050800 -0.00535599421709775925
-0.51999998092651367200 -0.00531883491203188896
-0.50999999046325683600 -0.00525537598878145218
-0.50000000000000000000 -0.00523538421839475632
-0.49000000953674316400 -0.00520477490499615669
-0.47999998927116394000 -0.00516270380467176438
-0.46999999880790710400 -0.00515124714002013207
-0.46000000834465026800 -0.00512002222239971161
-0.44999998807907104500 -0.00507057597860693932
-0.43999999761581420900 -0.00502817612141370773
-0.43000000715255737300 -0.00499441102147102356
-0.41999998688697814900 -0.00494245206937193871
-0.40999999642372131300 -0.00490297190845012665
-0.40000000596046447700 -0.00485623115673661232
-0.38999998569488525400 -0.00480788992717862129
-0.37999999523162841800 -0.00478801783174276352
-0.37000000476837158200 -0.00475255120545625687
-0.36000001430511474600 -0.00470163486897945404
-0.34999999403953552200 -0.00467099901288747788
-0.34000000357627868600 -0.00461171614006161690
-0.33000001311302185100 -0.00454893009737133980
-0.31999999284744262700 -0.00452480977401137352
-0.31000000238418579100 -0.00446589104831218720
-0.30000001192092895500 -0.00439862394705414772
-0.28999999165534973100 -0.00436544697731733322
-0.28000000119209289500 -0.00431864103302359581
-0.27000001072883606000 -0.00427029188722372055
-0.25999999046325683600 -0.00423307716846466065
-0.25000000000000000000 -0.00418144604191184044
-0.23999999463558197000 -0.00410868180915713310
-0.23000000417232513400 -0.00405931798741221428
-0.21999999880790710400 -0.00400585215538740158
-0.20999999344348907500 -0.00394349405542016029
-0.20000000298023223900 -0.00389166804961860180
-0.18999999761581420900 -0.00383137492462992668
-0.18000000715255737300 -0.00377880805172026158
-0.17000000178813934300 -0.00373607897199690342
-0.15999999642372131300 -0.00368052301928400993
-0.15000000596046447800 -0.00362516590394079685
-0.14000000059604644800 -0.00356676895171403885
-0.12999999523162841800 -0.00349229597486555576
-0.11999999731779098500 -0.00343892490491271019
-0.10999999940395355200 -0.00337881501764059067
-0.10000000149011611900 -0.00330628990195691586
-0.09000000357627868650 -0.00324992300011217594
-0.07999999821186065670 -0.00319464993663132191
-0.07000000029802322390 -0.00313662597909569740
-0.05999999865889549260 -0.00307660503312945366
-0.05000000074505805970 -0.00302239391021430492
-0.03999999910593032840 -0.00294866506010293961
-0.02999999932944774630 -0.00287835299968719483
-0.01999999955296516420 -0.00282261101529002190
-0.00999999977648258210 -0.00275311409495770931
0.00000000000000000000 -0.00268286000937223435
0.00999999977648258210 -0.00262033496983349323
0.01999999955296516420 -0.00255758105777204037
0.02999999932944774630 -0.00249861902557313442
0.03999999910593032840 -0.00244160601869225502
0.05000000074505805970 -0.00237827096134424210
0.05999999865889549260 -0.00231215707026422024
0.07000000029802322390 -0.00223871297203004360
0.07999999821186065670 -0.00217743497341871262
0.09000000357627868650 -0.00211251107975840569
0.10000000149011611900 -0.00204137596301734448
0.10999999940395355200 -0.00197461806237697601
0.11999999731779098500 -0.00191574997734278441
0.12999999523162841800 -0.00185689004138112068
0.14000000059604644800 -0.00179121794644743204
0.15000000596046447800 -0.00173313904087990522
0.15999999642372131300 -0.00166632502805441618
0.17000000178813934300 -0.00158995203673839569
0.18000000715255737300 -0.00153448095079511404
0.18999999761581420900 -0.00146924995351582766
0.20000000298023223900 -0.00139464496169239283
0.20999999344348907500 -0.00133395998273044825
0.21999999880790710400 -0.00127347104717046022
0.23000000417232513400 -0.00120787299238145351
0.23999999463558197000 -0.00115099002141505480
0.25000000000000000000 -0.00109070597682148218
0.25999999046325683600 -0.00102164898999035358
0.27000001072883606000 -0.00101327302400022745
0.28000000119209289500 -0.00093081232625991106
0.28999999165534973100 -0.00085795961786061525
0.30000001192092895500 -0.00078972929622977972
0.31000000238418579100 -0.00071670667966827750
0.31999999284744262700 -0.00065119360806420445
0.33000001311302185100 -0.00058958021691069007
0.34000000357627868600 -0.00052078848239034414
0.34999999403953552200 -0.00045815968769602478
0.36000001430511474600 -0.00040125701343640685
0.37000000476837158200 -0.00034269009483978152
0.37999999523162841800 -0.00027996848803013563
0.38999998569488525400 -0.00022406669449992478
0.40000000596046447700 -0.00016461369523312896
0.40999999642372131300 -0.00010090009891428053
0.41999998688697814900 -0.00005998306005494669
0.43000000715255737300 -0.00003156307138851844
0.43999999761581420900 0.00003071285027544945
0.44999998807907104500 0.00009943482291419059
0.46000000834465026800 0.00007531391747761518
0.46999999880790710400 0.00014410070434678346
0.47999998927116394000 0.00020981499983463436
0.49000000953674316400 0.00026776740560308099
0.50000000000000000000 0.00032915821066126227
0.50999999046325683600 0.00038414710434153676
0.51999998092651367200 0.00043868049397133291
0.52999997138977050800 0.00049128831597045064
0.54000002145767211900 0.00054835091577842832
0.55000001192092895500 0.00060438649961724877
0.56000000238418579100 0.00065950432326644659
0.56999999284744262700 0.00071572937304154038
0.57999998331069946300 0.00077164871618151665
0.58999997377395629900 0.00082251557614654303
0.60000002384185791000 0.00087841728236526251
0.61000001430511474600 0.00093016197206452489
0.62000000476837158200 0.00098490901291370392
0.62999999523162841800 0.00104078801814466715
0.63999998569488525400 0.00108210695907473564
0.64999997615814209000 0.00114168098662048578
0.66000002622604370100 0.00119881099089980125
0.67000001668930053700 0.00125468103215098381
0.68000000715255737300 0.00131565402261912823
0.68999999761581420900 0.00137385400012135506
0.69999998807907104500 0.00143224396742880344
0.70999997854232788100 0.00149140600115060806
0.72000002861022949200 0.00154998002108186483
0.73000001907348632800 0.00160463002976030111
0.74000000953674316400 0.00167044298723340035
0.75000000000000000000 0.00172713794745504856
0.75999999046325683600 0.00179225800093263388
0.76999998092651367200 0.00185858097393065691
0.77999997138977050800 0.00191986095160245895
0.79000002145767211900 0.00198764097876846790
0.80000001192092895500 0.00205864803865551949
0.81000000238418579100 0.00213165604509413242
0.81999999284744262700 0.00220232200808823109
0.82999998331069946300 0.00227011903189122677
0.83999997377395629900 0.00234748097136616707
0.85000002384185791000 0.00242851511575281620
0.86000001430511474600 0.00249961600638926029
0.87000000476837158200 0.00257921102456748486
0.87999999523162841800 0.00266539491713047028
0.88999998569488525400 0.00274795992299914360
0.89999997615814209000 0.00283451494760811329
0.91000002622604370100 0.00292611005716025829
0.92000001668930053700 0.00301665603183209896
0.93000000715255737300 0.00311368703842163086
0.93999999761581420900 0.00321117392741143704
0.94999998807907104500 0.00330965500324964523
0.95999997854232788100 0.00341334310360252857
0.97000002861022949200 0.00351947708986699581
0.98000001907348632800 0.00362997595220804215
0.99000000953674316400 0.00374246807768940926
1.00000000000000000000 0.00385089102201163769
