-1.00000000000000000000 -0.00126350903883576393
-0.99000000953674316400 -0.00124164496082812548
-0.98000001907348632800 -0.00122698198538273573
-0.97000002861022949200 -0.00121269200462847948
-0.95999997854232788100 -0.00120099599007517099
-0.94999998807907104500 -0.00119220395572483540
-0.93999999761581420900 -0.00118594500236213207
-0.93000000715255737300 -0.00117892702110111713
-0.92000001668930053700 -0.00117463502101600170
-0.91000002622604370100 -0.00116873998194932938
-0.89999997615814209000 -0.00115984701551496983
-0.88999998569488525400 -0.00115229003131389618
-0.87999999523162841800 -0.00114865694195032120
-0.87000000476837158200 -0.00114161905366927385
-0.86000001430511474600 -0.00113372795749455690
-0.85000002384185791000 -0.00112989300396293402
-0.83999997377395629900 -0.00112663197796791792
-0.82999998331069946300 -0.00112536503002047539
-0.81999999284744262700 -0.00112189294304698706
-0.81000000238418579100 -0.00111819698940962553
-0.80000001192092895500 -0.00111248204484581947
-0.79000002145767211900 -0.00110449001658707857
-0.77999997138977050800 -0.00110284902621060610
-0.76999998092651367200 -0.00109865004196763039
-0.75999999046325683600 -0.00109045999124646187
-0.75000000000000000000 -0.00108782295137643814
-0.74000000953674316400 -0.00108637695666402578
-0.73000001907348632800 -0.00108349695801734924
-0.72000002861022949200 -0.00108193000778555870
-0.70999997854232788100 -0.00108075502794235945
-0.69999998807907104500 -0.00107463996391743422
-0.68999999761581420900 -0.00106806994881480932
-0.68000000715255737300 -0.00106753397267311811
-0.67000001668930053700 -0.00106288900133222342
-0.66000002622604370100 -0.00105622294358909130
-0.64999997615814209000 -0.00105349300429224968
-0.63999998569488525400 -0.00105118402279913425
-0.62999999523162841800 -0.00105017097666859627
-0.62000000476837158200 -0.00104905199259519577
-0.61000001430511474600 -0.00104793102946132422
-0.60000002384185791000 -0.00104369805194437504
-0.58999997377395629900 -0.00103726901579648256
-0.57999998331069946300 -0.00103549403138458729
-0.56999999284744262700 -0.00103228003717958927
-0.56000000238418579100 -0.00102665694430470467
-0.55000001192092895500 -0.00102292594965547323
-0.54000002145767211900 -0.00102100300136953592
-0.52999997138977050800 -0.00101924501359462738
-0.51999998092651367200 -0.00101821799762547016
-0.50999999046325683600 -0.00101645896211266518
-0.50000000000000000000 -0.00101410399656742811
-0.49000000953674316400 -0.00100944598671048880
-0.47999998927116394000 -0.00100439996458590031
-0.46999999880790710400 -0.00100203894544392824
-0.46000000834465026800 -0.00100399402435868979
-0.44999998807907104500 -0.00099827512167394161
-0.43999999761581420900 -0.00099368556402623653
-0.43000000715255737300 -0.00099264597520232201
-0.41999998688697814900 -0.00098737434018403292
-0.40999999642372131300 -0.00098259502556174994
-0.40000000596046447700 -0.00098095950670540333
-0.38999998569488525400 -0.00097974378149956465
-0.37999999523162841800 -0.00097831862512975931
-0.37000000476837158200 -0.00097691710107028484
-0.36000001430511474600 -0.00097508670296519995
-0.34999999403953552200 -0.00096975779160857201
-0.34000000357627868600 -0.00096513231983408332
-0.33000001311302185100 -0.00096397782908752561
-0.31999999284744262700 -0.00095979642355814576
-0.31000000238418579100 -0.00095497269649058580
-0.30000001192092895500 -0.00095266371499747038
-0.28999999165534973100 -0.00095129647525027394
-0.28000000119209289500 -0.00095063942717388272
-0.27000001072883606000 -0.00094897270901128650
-0.25999999046325683600 -0.00094665662618353963
-0.25000000000000000000 -0.00094277772586792707
-0.23999999463558197000 -0.00093663751613348722
-0.23000000417232513400 -0.00093582441331818700
-0.21999999880790710400 -0.00093230279162526131
-0.20999999344348907500 -0.00092656671768054366
-0.20000000298023223900 -0.00092461041640490294
-0.18999999761581420900 -0.00092264782870188355
-0.18000000715255737300 -0.00092151842545717955
-0.17000000178813934300 -0.00091946101747453213
-0.15999999642372131300 -0.00091907160822302103
-0.15000000596046447800 -0.00091410579625517130
-0.14000000059604644800 -0.00090815010480582714
-0.12999999523162841800 -0.00090772879775613546
-0.11999999731779098500 -0.00090366427320986986
-0.10999999940395355200 -0.00089689239393919706
-0.10000000149011611900 -0.00089447671780362725
-0.09000000357627868650 -0.00089247251162305474
-0.07999999821186065670 -0.00089087081141769886
-0.07000000029802322390 -0.00088970770593732595
-0.05999999865889549260 -0.00088729738490656018
-0.05000000074505805970 -0.00088373059406876564
-0.03999999910593032840 -0.00087836250895634294
-0.02999999932944774630 -0.00087549001909792423
-0.01999999955296516420 -0.00087216007523238659
-0.00999999977648258210 -0.00086652638856321573
0.00000000000000000000 -0.00086234149057418108
0.00999999977648258210 -0.00085997011046856642
0.01999999955296516420 -0.00085806939750909805
0.02999999932944774630 -0.00085599120939150453
0.03999999910593032840 -0.00085325771942734718
0.05000000074505805970 -0.00084997172234579921
0.05999999865889549260 -0.00084479071665555239
0.07000000029802322390 -0.00083866837667301297
0.07999999821186065670 -0.00083580717910081148
0.09000000357627868650 -0.00083111179992556572
0.10000000149011611900 -0.00082498352276161313
0.10999999940395355200 -0.00082090491196140647
0.11999999731779098500 -0.00081754761049523950
0.12999999523162841800 -0.00081461877562105656
0.14000000059604644800 -0.00081060442607849836
0.15000000596046447800 -0.00080727547174319625
0.15999999642372131300 -0.00080070277908816934
0.17000000178813934300 -0.00079311011359095573
0.18000000715255737300 -0.00078914151526987553
0.18999999761581420900 -0.00078308617230504751
0.20000000298023223900 -0.00077444128692150116
0.20999999344348907500 -0.00076906202593818307
0.21999999880790710400 -0.00076372461626306176
0.23000000417232513400 -0.00075774069409817457
0.23999999463558197000 -0.00075202132575213909
0.25000000000000000000 -0.00074527371907606721
0.25999999046325683600 -0.00073586829239502549
0.27000001072883606000 -0.00072477437788620591
0.28000000119209289500 -0.00071712827775627375
0.28999999165534973100 -0.00070512248203158379
0.30000001192092895500 -0.00069213710958138108
0.31000000238418579100 -0.00068033527350053191
0.31999999284744262700 -0.00066665350459516048
0.33000001311302185100 -0.00065361510496586561
0.34000000357627868600 -0.00063741387566551566
0.34999999403953552200 -0.00061919761355966330
0.36000001430511474600 -0.00059761502780020237
0.37000000476837158200 -0.00057202862808480859
0.37999999523162841800 -0.00054532627109438181
0.38999998569488525400 -0.00051539682317525148
0.40000000596046447700 -0.00047993389307521284
0.40999999642372131300 -0.00044036741019226611
0.41999998688697814900 -0.00039807640132494271
0.43000000715255737300 -0.00034949948894791305
0.43999999761581420900 -0.00029488219297491014
0.44999998807907104500 -0.00023436760238837451
0.46000000834465026800 -0.00016554250032640994
0.46999999880790710400 -0.00009763576235854998
0.47999998927116394000 -0.00001547509964439087
0.49000000953674316400 0.00007359925075434148
0.50000000000000000000 0.00017047229630406946
0.50999999046325683600 0.00028504829970188439
0.51999998092651367200 0.00040723138954490423
0.52999997138977050800 0.00053808448137715459
0.54000002145767211900 0.00067839142866432667
0.55000001192092895500 0.00082874228246510029
0.56000000238418579100 0.00098834349773824215
0.56999999284744262700 0.00113467301707714796
0.57999998331069946300 0.00131711002904921770
0.58999997377395629900 0.00150547700468450785
0.60000002384185791000 0.00170145102310925722
0.61000001430511474600 0.00190654897596687079
0.62000000476837158200 0.00211942009627819061
0.62999999523162841800 0.00233908602967858315
0.63999998569488525400 0.00256677810102701187
0.64999997615814209000 0.00279943807981908321
0.66000002622604370100 0.00303583103232085705
0.67000001668930053700 0.00328315491788089275
0.68000000715255737300 0.00353208510205149651
0.68999999761581420900 0.00378436711616814137
0.69999998807907104500 0.00404580077156424523
0.70999997854232788100 0.00431021116673946381
0.72000002861022949200 0.00458079297095537186
0.73000001907348632800 0.00485530402511358261
0.74000000953674316400 0.00513246608898043633
0.75000000000000000000 0.00540959602221846581
0.75999999046325683600 0.00568740582093596459
0.76999998092651367200 0.00597376422956585884
0.77999997138977050800 0.00625914707779884339
0.79000002145767211900 0.00654491921886801720
0.80000001192092895500 0.00683408183977007866
0.81000000238418579100 0.00712966406717896462
0.81999999284744262700 0.00742957880720496178
0.82999998331069946300 0.00773079693317413330
0.83999997377395629900 0.00803137384355068207
0.85000002384185791000 0.00833193305879831314
0.86000001430511474600 0.00862716324627399445
0.87000000476837158200 0.00892767775803804398
0.87999999523162841800 0.00923476554453372956
0.88999998569488525400 0.00953138060867786408
0.89999997615814209000 0.00983272027224302292
0.91000002622604370100 0.01014416012912988660
0.92000001668930053700 0.01045462954789400100
0.93000000715255737300 0.01071834005415439610
0.93999999761581420900 0.01102915965020656590
0.94999998807907104500 0.01133828982710838320
0.95999997854232788100 0.01165524031966924670
0.97000002861022949200 0.01197369024157524110
0.98000001907348632800 0.01228705979883670810
0.99000000953674316400 0.01260367967188358310
1.00000000000000000000 0.01290834043174982070
