-1.00000000000000000000 -0.00575227383524179459
-0.99000000953674316400 -0.00573034398257732392
-0.98000001907348632800 -0.00573171721771359444
-0.97000002861022949200 -0.00574548915028572083
-0.95999997854232788100 -0.00575139513239264488
-0.94999998807907104500 -0.00575780402868986130
-0.93999999761581420900 -0.00576159590855240822
-0.93000000715255737300 -0.00574910594150424004
-0.92000001668930053700 -0.00572994584217667580
-0.91000002622604370100 -0.00574141414836049080
-0.89999997615814209000 -0.00573228904977440834
-0.88999998569488525400 -0.00571371382102370262
-0.87999999523162841800 -0.00572731997817754746
-0.87000000476837158200 -0.00573713518679141998
-0.86000001430511474600 -0.00574540486559271813
-0.85000002384185791000 -0.00575671391561627388
-0.83999997377395629900 -0.00576429395005106926
-0.82999998331069946300 -0.00574786495417356491
-0.81999999284744262700 -0.00574119901284575463
-0.81000000238418579100 -0.00574734993278980255
-0.80000001192092895500 -0.00574056198820471764
-0.79000002145767211900 -0.00573544995859265328
-0.77999997138977050800 -0.00573922786861658096
-0.76999998092651367200 -0.00575354089960455895
-0.75999999046325683600 -0.00575578212738037110
-0.75000000000000000000 -0.00576933100819587708
-0.74000000953674316400 -0.00576354702934622765
-0.73000001907348632800 -0.00574212009087204933
-0.72000002861022949200 -0.00574254896491765976
-0.70999997854232788100 -0.00574207911267876625
-0.69999998807907104500 -0.00571501906961202622
-0.68999999761581420900 -0.00570982508361339569
-0.68000000715255737300 -0.00571644399315118790
-0.67000001668930053700 -0.00571863679215312004
-0.66000002622604370100 -0.00572632392868399620
-0.64999997615814209000 -0.00573601992800831795
-0.63999998569488525400 -0.00572472810745239258
-0.62999999523162841800 -0.00570629211142659188
-0.62000000476837158200 -0.00571416504681110382
-0.61000001430511474600 -0.00571353314444422722
-0.60000002384185791000 -0.00569970998913049698
-0.58999997377395629900 -0.00570223806425929070
-0.57999998331069946300 -0.00571596901863813400
-0.56999999284744262700 -0.00572908995673060417
-0.56000000238418579100 -0.00573518220335245133
-0.55000001192092895500 -0.00574898719787597656
-0.54000002145767211900 -0.00573438080027699471
-0.52999997138977050800 -0.00572000909596681595
-0.51999998092651367200 -0.00573558593168854714
-0.50999999046325683600 -0.00573177915066480637
-0.50000000000000000000 -0.00571222603321075440
-0.49000000953674316400 -0.00571974320337176323
-0.47999998927116394000 -0.00573057308793067932
-0.46999999880790710400 -0.00573502993211150170
-0.46000000834465026800 -0.00574590684846043587
-0.44999998807907104500 -0.00575583102181553841
-0.43999999761581420900 -0.00574319204315543175
-0.43000000715255737300 -0.00572234997525811196
-0.41999998688697814900 -0.00573143176734447479
-0.40999999642372131300 -0.00572076579555869103
-0.40000000596046447700 -0.00570336496457457543
-0.38999998569488525400 -0.00570663483813405037
-0.37999999523162841800 -0.00570895290002226830
-0.37000000476837158200 -0.00572226289659738541
-0.36000001430511474600 -0.00572365522384643555
-0.34999999403953552200 -0.00572786619886755943
-0.34000000357627868600 -0.00571492081508040428
-0.33000001311302185100 -0.00570687698200345040
-0.31999999284744262700 -0.00571690080687403679
-0.31000000238418579100 -0.00570374308153986931
-0.30000001192092895500 -0.00569994095712900162
-0.28999999165534973100 -0.00570461479946970940
-0.28000000119209289500 -0.00571770779788494110
-0.27000001072883606000 -0.00572837889194488526
-0.25999999046325683600 -0.00574107887223362923
-0.25000000000000000000 -0.00573098100721836090
-0.23999999463558197000 -0.00572053901851177216
-0.23000000417232513400 -0.00572438398376107216
-0.21999999880790710400 -0.00572063401341438294
-0.20999999344348907500 -0.00570575799793004990
-0.20000000298023223900 -0.00570225901901721955
-0.18999999761581420900 -0.00570982415229082108
-0.18000000715255737300 -0.00571891199797391892
-0.17000000178813934300 -0.00572334323078393936
-0.15999999642372131300 -0.00572689715772867203
-0.15000000596046447800 -0.00571522302925586701
-0.14000000059604644800 -0.00568820815533399582
-0.12999999523162841800 -0.00569867389276623726
-0.11999999731779098500 -0.00568020110949873924
-0.10999999940395355200 -0.00566271087154746056
-0.10000000149011611900 -0.00566247897222638130
-0.09000000357627868650 -0.00566662522032856941
-0.07999999821186065670 -0.00568287214264273644
-0.07000000029802322390 -0.00568759394809603691
-0.05999999865889549260 -0.00569431018084287644
-0.05000000074505805970 -0.00568865006789565087
-0.03999999910593032840 -0.00567349093034863472
-0.02999999932944774630 -0.00568459881469607353
-0.01999999955296516420 -0.00568353990092873574
-0.00999999977648258210 -0.00566947180777788162
0.00000000000000000000 -0.00567304203286767006
0.00999999977648258210 -0.00568291218951344490
0.01999999955296516420 -0.00569125777110457421
0.02999999932944774630 -0.00569758703932166100
0.03999999910593032840 -0.00570783717557787895
0.05000000074505805970 -0.00569811277091503144
0.05999999865889549260 -0.00567937223240733147
0.07000000029802322390 -0.00569060491397976876
0.07999999821186065670 -0.00568006699904799462
0.09000000357627868650 -0.00566000211983919144
0.10000000149011611900 -0.00566070806235074997
0.10999999940395355200 -0.00566661311313509941
0.11999999731779098500 -0.00567614100873470307
0.12999999523162841800 -0.00566975586116313934
0.14000000059604644800 -0.00567509001120924950
0.15000000596046447800 -0.00565813109278678894
0.15999999642372131300 -0.00563149992376565933
0.17000000178813934300 -0.00563419377431273461
0.18000000715255737300 -0.00562107097357511521
0.18999999761581420900 -0.00560164218768477440
0.20000000298023223900 -0.00560387689620256424
0.20999999344348907500 -0.00560861313715577126
0.21999999880790710400 -0.00561266997829079628
0.23000000417232513400 -0.00561673985794186592
0.23999999463558197000 -0.00560505501925945282
0.25000000000000000000 -0.00558543112128973007
0.25999999046325683600 -0.00556517113000154495
0.27000001072883606000 -0.00556073104962706566
0.28000000119209289500 -0.00553496414795517922
0.28999999165534973100 -0.00551546784117817879
0.30000001192092895500 -0.00550853600725531578
0.31000000238418579100 -0.00550290895625948906
0.31999999284744262700 -0.00549446698278188706
0.33000001311302185100 -0.00548512395471334458
0.34000000357627868600 -0.00546237220987677574
0.34999999403953552200 -0.00541923614218831062
0.36000001430511474600 -0.00539776496589183808
0.37000000476837158200 -0.00537015777081251145
0.37999999523162841800 -0.00532404286786913872
0.38999998569488525400 -0.00529122678562998772
0.40000000596046447700 -0.00526271387934684754
0.40999999642372131300 -0.00523451901972293854
0.41999998688697814900 -0.00519621698185801506
0.43000000715255737300 -0.00516849802806973458
0.43999999761581420900 -0.00511563196778297424
0.44999998807907104500 -0.00505124218761920929
0.46000000834465026800 -0.00501539418473839760
0.46999999880790710400 -0.00496632093563675881
0.47999998927116394000 -0.00489858305081725121
0.49000000953674316400 -0.00485098408535122872
0.50000000000000000000 -0.00480541493743658066
0.50999999046325683600 -0.00475488090887665749
0.51999998092651367200 -0.00469587510451674462
0.52999997138977050800 -0.00463513797149062157
0.54000002145767211900 -0.00455522583797574043
0.55000001192092895500 -0.00446206284686923027
0.56000000238418579100 -0.00438331207260489464
0.56999999284744262700 -0.00428234413266181946
0.57999998331069946300 -0.00415722699835896492
0.58999997377395629900 -0.00403935415670275688
0.60000002384185791000 -0.00389938289299607277
0.61000001430511474600 -0.00373336393386125565
0.62000000476837158200 -0.00353958900086581707
0.62999999523162841800 -0.00330482306890189648
0.63999998569488525400 -0.00301661388948559761
0.64999997615814209000 -0.00268421508371829987
0.66000002622604370100 -0.00231043598614633083
0.67000001668930053700 -0.00186988804489374161
0.68000000715255737300 -0.00137607404030859470
0.68999999761581420900 -0.00082147982902824879
0.69999998807907104500 -0.00025158020434901118
0.70999997854232788100 0.00034816810511983931
0.72000002861022949200 0.00108712003566324711
0.73000001907348632800 0.00185583496931940317
0.74000000953674316400 0.00266148499213159084
0.75000000000000000000 0.00350696500390768051
0.75999999046325683600 0.00439414614811539650
0.76999998092651367200 0.00531361810863018036
0.77999997138977050800 0.00625767698511481285
0.79000002145767211900 0.00722998287528753281
0.80000001192092895500 0.00822412781417369843
0.81000000238418579100 0.00923069287091493607
0.81999999284744262700 0.00953516270965337754
0.82999998331069946300 0.01078107021749019620
0.83999997377395629900 0.01182170026004314420
0.85000002384185791000 0.01287994999438524250
0.86000001430511474600 0.01390645001083612440
0.87000000476837158200 0.01502947974950075150
0.87999999523162841800 0.01612520031630992890
0.88999998569488525400 0.01720738969743251800
0.89999997615814209000 0.01834427937865257260
0.91000002622604370100 0.01946344040334224700
0.92000001668930053700 0.02060486935079097750
0.93000000715255737300 0.02174126915633678440
0.93999999761581420900 0.02292223088443279270
0.94999998807907104500 0.02407920919358730320
0.95999997854232788100 0.02523520961403846740
0.97000002861022949200 0.02641391940414905550
0.98000001907348632800 0.02760609984397888180
0.99000000953674316400 0.02878114022314548490
1.00000000000000000000 0.02995735965669155120
