-1.00000000000000000000 -0.00610196404159069062
-0.99000000953674316400 -0.00611792411655187607
-0.98000001907348632800 -0.00613833498209714890
-0.97000002861022949200 -0.00612988416105508804
-0.95999997854232788100 -0.00611231615766882897
-0.94999998807907104500 -0.00613490398973226547
-0.93999999761581420900 -0.00611588405445218086
-0.93000000715255737300 -0.00609790114685893059
-0.92000001668930053700 -0.00611021881923079491
-0.91000002622604370100 -0.00610871985554695130
-0.89999997615814209000 -0.00612012390047311783
-0.88999998569488525400 -0.00613897992298007012
-0.87999999523162841800 -0.00613976316526532173
-0.87000000476837158200 -0.00612927880138158798
-0.86000001430511474600 -0.00612149992957711220
-0.85000002384185791000 -0.00611933600157499314
-0.83999997377395629900 -0.00611351104453206062
-0.82999998331069946300 -0.00610579317435622215
-0.81999999284744262700 -0.00609746901318430901
-0.81000000238418579100 -0.00610386393964290619
-0.80000001192092895500 -0.00612252997234463692
-0.79000002145767211900 -0.00612158095464110375
-0.77999997138977050800 -0.00612537283450365067
-0.76999998092651367200 -0.00612388085573911667
-0.75999999046325683600 -0.00609487202018499375
-0.75000000000000000000 -0.00610909285023808480
-0.74000000953674316400 -0.00611007492989301682
-0.73000001907348632800 -0.00608976697549223900
-0.72000002861022949200 -0.00609693489968776703
-0.70999997854232788100 -0.00611788686364889145
-0.69999998807907104500 -0.00611840793862938881
-0.68999999761581420900 -0.00613233307376503945
-0.68000000715255737300 -0.00614588800817728043
-0.67000001668930053700 -0.00611949712038040161
-0.66000002622604370100 -0.00611621001735329628
-0.64999997615814209000 -0.00613008020445704460
-0.63999998569488525400 -0.00610498804599046707
-0.62999999523162841800 -0.00610257312655448914
-0.62000000476837158200 -0.00611398089677095413
-0.61000001430511474600 -0.00611228682100772858
-0.60000002384185791000 -0.00612286897376179695
-0.58999997377395629900 -0.00613815290853381157
-0.57999998331069946300 -0.00611739698797464371
-0.56999999284744262700 -0.00610187416896224022
-0.56000000238418579100 -0.00610690191388130188
-0.55000001192092895500 -0.00608510291203856468
-0.54000002145767211900 -0.00606652302667498589
-0.52999997138977050800 -0.00606760382652282715
-0.51999998092651367200 -0.00606311392039060593
-0.50999999046325683600 -0.00607661390677094460
-0.50000000000000000000 -0.00608735717833042145
-0.49000000953674316400 -0.00609188899397850037
-0.47999998927116394000 -0.00608419207856059075
-0.46999999880790710400 -0.00606730999425053597
-0.46000000834465026800 -0.00607298407703638077
-0.44999998807907104500 -0.00607434287667274475
-0.43999999761581420900 -0.00606166012585163117
-0.43000000715255737300 -0.00605703797191381455
-0.41999998688697814900 -0.00607512984424829483
-0.40999999642372131300 -0.00608860608190298081
-0.40000000596046447700 -0.00608690781518816948
-0.38999998569488525400 -0.00610165018588304520
-0.37999999523162841800 -0.00608589500188827515
-0.37000000476837158200 -0.00607102178037166596
-0.36000001430511474600 -0.00608270615339279175
-0.34999999403953552200 -0.00606611697003245354
-0.34000000357627868600 -0.00605418719351291657
-0.33000001311302185100 -0.00606361823156476021
-0.31999999284744262700 -0.00607182318344712258
-0.31000000238418579100 -0.00607625814154744148
-0.30000001192092895500 -0.00609312579035758972
-0.28999999165534973100 -0.00608210777863860130
-0.28000000119209289500 -0.00606183288618922234
-0.27000001072883606000 -0.00607001408934593201
-0.25999999046325683600 -0.00606429111212491989
-0.25000000000000000000 -0.00603798776865005493
-0.23999999463558197000 -0.00604202086105942726
-0.23000000417232513400 -0.00604650285094976425
-0.21999999880790710400 -0.00605403119698166847
-0.20999999344348907500 -0.00607011513784527779
-0.20000000298023223900 -0.00607516476884484291
-0.18999999761581420900 -0.00606402382254600525
-0.18000000715255737300 -0.00605505099520087242
-0.17000000178813934300 -0.00605865195393562317
-0.15999999642372131300 -0.00605492899194359780
-0.15000000596046447800 -0.00604731217026710510
-0.14000000059604644800 -0.00604763301089406014
-0.12999999523162841800 -0.00605464121326804161
-0.11999999731779098500 -0.00607701577246189118
-0.10999999940395355200 -0.00607490586116909981
-0.10000000149011611900 -0.00608145585283637047
-0.09000000357627868650 -0.00607630377635359764
-0.07999999821186065670 -0.00605222210288047791
-0.07000000029802322390 -0.00606015883386135102
-0.05999999865889549260 -0.00606124196201562882
-0.05000000074505805970 -0.00603440403938293457
-0.03999999910593032840 -0.00603922922164201737
-0.02999999932944774630 -0.00605386914685368538
-0.01999999955296516420 -0.00604992080479860306
-0.00999999977648258210 -0.00605241581797599793
0.00000000000000000000 -0.00605713995173573494
0.00999999977648258210 -0.00604143599048256874
0.01999999955296516420 -0.00600970722734928131
0.02999999932944774630 -0.00602283002808690071
0.03999999910593032840 -0.00600802479311823845
0.05000000074505805970 -0.00598572613671422005
0.05999999865889549260 -0.00599132990464568138
0.07000000029802322390 -0.00599538395181298256
0.07999999821186065670 -0.00600608391687273979
0.09000000357627868650 -0.00601944979280233383
0.10000000149011611900 -0.00602958677336573601
0.10999999940395355200 -0.00601411983370780945
0.11999999731779098500 -0.00600364478304982186
0.12999999523162841800 -0.00601097801700234413
0.14000000059604644800 -0.00599888293072581291
0.15000000596046447800 -0.00599160883575677872
0.15999999642372131300 -0.00599376996979117394
0.17000000178813934300 -0.00599954789504408837
0.18000000715255737300 -0.00601634383201599121
0.18999999761581420900 -0.00601310282945632935
0.20000000298023223900 -0.00601321505382657051
0.20999999344348907500 -0.00600626319646835327
0.21999999880790710400 -0.00598983420059084892
0.23000000417232513400 -0.00599199486896395684
0.23999999463558197000 -0.00598874595016241074
0.25000000000000000000 -0.00597066991031169892
0.25999999046325683600 -0.00597683805972337723
0.27000001072883606000 -0.00599243212491273880
0.28000000119209289500 -0.00599103188142180443
0.28999999165534973100 -0.00599309289827942848
0.30000001192092895500 -0.00599606987088918686
0.31000000238418579100 -0.00596396811306476593
0.31999999284744262700 -0.00596304005011916161
0.33000001311302185100 -0.00596449011936783791
0.34000000357627868600 -0.00593013782054185868
0.34999999403953552200 -0.00592892989516258240
0.36000001430511474600 -0.00593478092923760414
0.37000000476837158200 -0.00592936901375651360
0.37999999523162841800 -0.00592835806310176850
0.38999998569488525400 -0.00593577185645699501
0.40000000596046447700 -0.00589817995205521584
0.40999999642372131300 -0.00585526600480079651
0.41999998688697814900 -0.00584509084001183510
0.43000000715255737300 -0.00579218007624149323
0.43999999761581420900 -0.00572917889803647995
0.44999998807907104500 -0.00567665090784430504
0.46000000834465026800 -0.00559820793569087982
0.46999999880790710400 -0.00551878614351153374
0.47999998927116394000 -0.00541955418884754181
0.49000000953674316400 -0.00528379715979099274
0.50000000000000000000 -0.00513285584747791290
0.50999999046325683600 -0.00496016209945082665
0.51999998092651367200 -0.00477616488933563233
0.52999997138977050800 -0.00457893591374158859
0.54000002145767211900 -0.00436439318582415581
0.55000001192092895500 -0.00413719890639185906
0.56000000238418579100 -0.00391449080780148506
0.56999999284744262700 -0.00368463410995900631
0.57999998331069946300 -0.00343439308926463127
0.58999997377395629900 -0.00319081800989806652
0.60000002384185791000 -0.00293608801439404488
0.61000001430511474600 -0.00267802202142775059
0.62000000476837158200 -0.00243295705877244473
0.62999999523162841800 -0.00218087597750127316
0.63999998569488525400 -0.00193223601672798395
0.64999997615814209000 -0.00169796298723667860
0.66000002622604370100 -0.00146926194429397583
0.67000001668930053700 -0.00123899802565574646
0.68000000715255737300 -0.00102181895636022091
0.68999999761581420900 -0.00078614760423079133
0.69999998807907104500 -0.00056893669534474611
0.70999997854232788100 -0.00037603708915412426
0.72000002861022949200 -0.00018900149734690785
0.73000001907348632800 -0.00000646148009764147
0.74000000953674316400 0.00016990689618978649
0.75000000000000000000 0.00035279669100418687
0.75999999046325683600 0.00052937411237508059
0.76999998092651367200 0.00070392951602116227
0.77999997138977050800 0.00087852851720526814
0.79000002145767211900 0.00110888702329248190
0.80000001192092895500 0.00129182799719274044
0.81000000238418579100 0.00147871498484164476
0.81999999284744262700 0.00167076301295310259
0.82999998331069946300 0.00186559301801025868
0.83999997377395629900 0.00206442410126328468
0.85000002384185791000 0.00226858491078019142
0.86000001430511474600 0.00247421604581177235
0.87000000476837158200 0.00268928403966128826
0.87999999523162841800 0.00290988199412822723
0.88999998569488525400 0.00313226599246263504
0.89999997615814209000 0.00336362095549702644
0.91000002622604370100 0.00360569101758301258
0.92000001668930053700 0.00385218090377748013
0.93000000715255737300 0.00410456210374832153
0.93999999761581420900 0.00437063211575150490
0.94999998807907104500 0.00463180197402834892
0.95999997854232788100 0.00489873206242918968
0.97000002861022949200 0.00518606184050440788
0.98000001907348632800 0.00546855200082063675
0.99000000953674316400 0.00575458398088812828
1.00000000000000000000 0.00606250623241066933
