-1.00000000000000000000 -0.00775276217609643936
-0.99000000953674316400 -0.00776987802237272263
-0.98000001907348632800 -0.00777840986847877503
-0.97000002861022949200 -0.00776260392740368843
-0.95999997854232788100 -0.00771069200709462166
-0.94999998807907104500 -0.00767268799245357514
-0.93999999761581420900 -0.00765484618023037911
-0.93000000715255737300 -0.00759473303332924843
-0.92000001668930053700 -0.00755011895671486855
-0.91000002622604370100 -0.00751363998278975487
-0.89999997615814209000 -0.00745786121115088463
-0.88999998569488525400 -0.00743098696693778038
-0.87999999523162841800 -0.00739484094083309174
-0.87000000476837158200 -0.00734305987134575844
-0.86000001430511474600 -0.00729224877431988716
-0.85000002384185791000 -0.00722970487549901009
-0.83999997377395629900 -0.00717996712774038315
-0.82999998331069946300 -0.00713312486186623574
-0.81999999284744262700 -0.00707056606188416481
-0.81000000238418579100 -0.00700510712340474129
-0.80000001192092895500 -0.00697235576808452606
-0.79000002145767211900 -0.00693642022088170052
-0.77999997138977050800 -0.00688383495435118675
-0.76999998092651367200 -0.00685110501945018768
-0.75999999046325683600 -0.00680132489651441574
-0.75000000000000000000 -0.00672990176826715470
-0.74000000953674316400 -0.00669573899358510971
-0.73000001907348632800 -0.00665257079526782036
-0.72000002861022949200 -0.00658493582159280777
-0.70999997854232788100 -0.00653638876974582672
-0.69999998807907104500 -0.00649943202733993530
-0.68999999761581420900 -0.00645132083445787430
-0.68000000715255737300 -0.00642111618071794510
-0.67000001668930053700 -0.00638094590976834297
-0.66000002622604370100 -0.00632185116410255432
-0.64999997615814209000 -0.00626735109835863114
-0.63999998569488525400 -0.00622404180467128754
-0.62999999523162841800 -0.00617595901712775231
-0.62000000476837158200 -0.00612535001710057259
-0.61000001430511474600 -0.00607437919825315476
-0.60000002384185791000 -0.00602423306554555893
-0.58999997377395629900 -0.00599153712391853333
-0.57999998331069946300 -0.00596102001145482064
-0.56999999284744262700 -0.00591649580746889115
-0.56000000238418579100 -0.00587664777413010597
-0.55000001192092895500 -0.00583230890333652496
-0.54000002145767211900 -0.00576665392145514488
-0.52999997138977050800 -0.00573797989636659622
-0.51999998092651367200 -0.00570235680788755417
-0.50999999046325683600 -0.00563866086304187775
-0.50000000000000000000 -0.00560289015993475914
-0.49000000953674316400 -0.00557786086574196816
-0.47999998927116394000 -0.00554049620404839516
-0.46999999880790710400 -0.00551022915169596672
-0.46000000834465026800 -0.00548909418284893036
-0.44999998807907104500 -0.00542778195813298226
-0.43999999761581420900 -0.00538044096902012825
-0.43000000715255737300 -0.00536405015736818314
-0.41999998688697814900 -0.00531351100653409958
-0.40999999642372131300 -0.00526496022939682007
-0.40000000596046447700 -0.00523636583238840103
-0.38999998569488525400 -0.00520253507420420647
-0.37999999523162841800 -0.00517777819186449051
-0.37000000476837158200 -0.00516500510275363922
-0.36000001430511474600 -0.00512501085177063942
-0.34999999403953552200 -0.00508617796003818512
-0.34000000357627868600 -0.00504816090688109398
-0.33000001311302185100 -0.00502065289765596390
-0.31999999284744262700 -0.00498974602669477463
-0.31000000238418579100 -0.00494900019839406014
-0.30000001192092895500 -0.00491582695394754410
-0.28999999165534973100 -0.00489520980045199394
-0.28000000119209289500 -0.00488866399973630905
-0.27000001072883606000 -0.00485995411872863770
-0.25999999046325683600 -0.00484545715153217316
-0.25000000000000000000 -0.00481876777485013008
-0.23999999463558197000 -0.00477413088083267212
-0.23000000417232513400 -0.00476846378296613693
-0.21999999880790710400 -0.00475110486149787903
-0.20999999344348907500 -0.00470909290015697479
-0.20000000298023223900 -0.00469380989670753479
-0.18999999761581420900 -0.00468791788443922997
-0.18000000715255737300 -0.00467162905260920525
-0.17000000178813934300 -0.00467044115066528320
-0.15999999642372131300 -0.00466446997597813606
-0.15000000596046447800 -0.00463317288085818291
-0.14000000059604644800 -0.00460824603214859963
-0.12999999523162841800 -0.00461062602698802948
-0.11999999731779098500 -0.00458580115810036659
-0.10999999940395355200 -0.00456479378044605255
-0.10000000149011611900 -0.00456285290420055390
-0.09000000357627868650 -0.00454315077513456345
-0.07999999821186065670 -0.00455127004534006119
-0.07000000029802322390 -0.00455014780163764954
-0.05999999865889549260 -0.00453890720382332802
-0.05000000074505805970 -0.00452419510111212731
-0.03999999910593032840 -0.00450286595150828362
-0.02999999932944774630 -0.00449303677305579186
-0.01999999955296516420 -0.00448922114446759224
-0.00999999977648258210 -0.00446875812485814095
0.00000000000000000000 -0.00444934610277414322
0.00999999977648258210 -0.00445148115977644920
0.01999999955296516420 -0.00445733498781919480
0.02999999932944774630 -0.00444992119446396828
0.03999999910593032840 -0.00445140106603503227
0.05000000074505805970 -0.00444443803280591965
0.05999999865889549260 -0.00441349577158689499
0.07000000029802322390 -0.00441220821812748909
0.07999999821186065670 -0.00441223708912730217
0.09000000357627868650 -0.00438185408711433411
0.10000000149011611900 -0.00437824800610542298
0.10999999940395355200 -0.00437542190775275231
0.11999999731779098500 -0.00436654500663280487
0.12999999523162841800 -0.00437455810606479645
0.14000000059604644800 -0.00437662890180945397
0.15000000596046447800 -0.00434995908290147782
0.15999999642372131300 -0.00433702301234006882
0.17000000178813934300 -0.00432766415178775788
0.18000000715255737300 -0.00431122211739420891
0.18999999761581420900 -0.00429701618850231171
0.20000000298023223900 -0.00427736900746822357
0.20999999344348907500 -0.00426082685589790344
0.21999999880790710400 -0.00426518591120839119
0.23000000417232513400 -0.00426522316411137581
0.23999999463558197000 -0.00424434198066592217
0.25000000000000000000 -0.00423342594876885414
0.25999999046325683600 -0.00420570792630314827
0.27000001072883606000 -0.00417853705585002899
0.28000000119209289500 -0.00417641317471861839
0.28999999165534973100 -0.00414990494027733803
0.30000001192092895500 -0.00411605602130293846
0.31000000238418579100 -0.00410972395911812782
0.31999999284744262700 -0.00410497607663273811
0.33000001311302185100 -0.00408236403018236160
0.34000000357627868600 -0.00407754583284258843
0.34999999403953552200 -0.00405871681869029999
0.36000001430511474600 -0.00401149503886699677
0.37000000476837158200 -0.00399235589429736138
0.37999999523162841800 -0.00397804705426096916
0.38999998569488525400 -0.00393269583582878113
0.40000000596046447700 -0.00390171096660196781
0.40999999642372131300 -0.00388235389254987240
0.41999998688697814900 -0.00384644605219364166
0.43000000715255737300 -0.00382964406162500382
0.43999999761581420900 -0.00379931693896651268
0.44999998807907104500 -0.00375198991969227791
0.46000000834465026800 -0.00370399211533367634
0.46999999880790710400 -0.00365647394210100174
0.47999998927116394000 -0.00360475899651646614
0.49000000953674316400 -0.00355243892408907414
0.50000000000000000000 -0.00348826707340776920
0.50999999046325683600 -0.00341530703008174896
0.51999998092651367200 -0.00335996598005294800
0.52999997138977050800 -0.00328999897465109825
0.54000002145767211900 -0.00320088001899421215
0.55000001192092895500 -0.00311041111126542091
0.56000000238418579100 -0.00299779395572841168
0.56999999284744262700 -0.00286269001662731171
0.57999998331069946300 -0.00274695688858628273
0.58999997377395629900 -0.00259334291331470013
0.60000002384185791000 -0.00241582398302853108
0.61000001430511474600 -0.00224320590496063232
0.62000000476837158200 -0.00204527005553245544
0.62999999523162841800 -0.00182054296601563692
0.63999998569488525400 -0.00159123097546398640
0.64999997615814209000 -0.00132792303338646889
0.66000002622604370100 -0.00102580199018120766
0.67000001668930053700 -0.00073183467611670494
0.68000000715255737300 -0.00041414718725718558
0.68999999761581420900 -0.00006934609700692818
0.69999998807907104500 0.00162774301134049892
0.70999997854232788100 0.00202545593492686749
0.72000002861022949200 0.00247999699786305428
0.73000001907348632800 0.00298359291628003121
0.74000000953674316400 0.00347225600853562355
0.75000000000000000000 0.00406023999676108360
0.75999999046325683600 0.00429647509008646012
0.76999998092651367200 0.00456834817305207253
0.77999997138977050800 0.00508866598829627037
0.79000002145767211900 0.00532572809606790543
0.80000001192092895500 0.00573034910485148430
0.81000000238418579100 0.00599987292662262917
0.81999999284744262700 0.00622434401884675026
0.82999998331069946300 0.00657626194879412651
0.83999997377395629900 0.00669422186911106110
0.85000002384185791000 0.00681561511009931565
0.86000001430511474600 0.00706854322925209999
0.87000000476837158200 0.00726355798542499542
0.87999999523162841800 0.01660401932895183560
0.88999998569488525400 0.01696190051734447480
0.89999997615814209000 0.01721351034939289090
0.91000002622604370100 0.01030755974352359770
0.92000001668930053700 0.01055935956537723540
0.93000000715255737300 0.01078741997480392460
0.93999999761581420900 0.01091520022600889210
0.94999998807907104500 0.01112069003283977510
0.95999997854232788100 0.01133529003709554670
0.97000002861022949200 0.01159851998090744020
0.98000001907348632800 0.01177897956222295760
0.99000000953674316400 0.01205603964626789090
1.00000000000000000000 0.01235642004758119580
