-1.00000000000000000000 -0.00575895002111792565
-0.99000000953674316400 -0.00576534587889909744
-0.98000001907348632800 -0.00576955685392022133
-0.97000002861022949200 -0.00577344186604022980
-0.95999997854232788100 -0.00576779805123806000
-0.94999998807907104500 -0.00574607495218515396
-0.93999999761581420900 -0.00575870694592595101
-0.93000000715255737300 -0.00575670786201953888
-0.92000001668930053700 -0.00574105978012084961
-0.91000002622604370100 -0.00574120506644248963
-0.89999997615814209000 -0.00575944501906633377
-0.88999998569488525400 -0.00577284814789891243
-0.87999999523162841800 -0.00577435502782464028
-0.87000000476837158200 -0.00579145317897200585
-0.86000001430511474600 -0.00578021816909313202
-0.85000002384185791000 -0.00576443783938884735
-0.83999997377395629900 -0.00578551692888140679
-0.82999998331069946300 -0.00577620277181267738
-0.81999999284744262700 -0.00576082291081547737
-0.81000000238418579100 -0.00577186513692140579
-0.80000001192092895500 -0.00578037090599536896
-0.79000002145767211900 -0.00579090276733040810
-0.77999997138977050800 -0.00580740580335259438
-0.76999998092651367200 -0.00579760922119021416
-0.75999999046325683600 -0.00578225217759609223
-0.75000000000000000000 -0.00577630707994103432
-0.74000000953674316400 -0.00577876809984445572
-0.73000001907348632800 -0.00576765602454543114
-0.72000002861022949200 -0.00575627991929650307
-0.70999997854232788100 -0.00575922802090644837
-0.69999998807907104500 -0.00577082997187972069
-0.68999999761581420900 -0.00577730499207973480
-0.68000000715255737300 -0.00578291714191436768
-0.67000001668930053700 -0.00577679602429270744
-0.66000002622604370100 -0.00575554510578513146
-0.64999997615814209000 -0.00576749676838517189
-0.63999998569488525400 -0.00576679920777678490
-0.62999999523162841800 -0.00574741791933774948
-0.62000000476837158200 -0.00575137604027986527
-0.61000001430511474600 -0.00576515495777130127
-0.60000002384185791000 -0.00577779486775398255
-0.58999997377395629900 -0.00578243099153041840
-0.57999998331069946300 -0.00579408695921301842
-0.56999999284744262700 -0.00577954715117812157
-0.56000000238418579100 -0.00576294399797916413
-0.55000001192092895500 -0.00577797181904315949
-0.54000002145767211900 -0.00577157177031040192
-0.52999997138977050800 -0.00575048383325338364
-0.51999998092651367200 -0.00575625104829668999
-0.50999999046325683600 -0.00576257100328803063
-0.50000000000000000000 -0.00577203510329127312
-0.49000000953674316400 -0.00577599089592695236
-0.47999998927116394000 -0.00577128818258643150
-0.46999999880790710400 -0.00575576396659016609
-0.46000000834465026800 -0.00574256898835301399
-0.44999998807907104500 -0.00574406515806913376
-0.43999999761581420900 -0.00573340104892849922
-0.43000000715255737300 -0.00572254415601491928
-0.41999998688697814900 -0.00572480121627449990
-0.40999999642372131300 -0.00573880504816770554
-0.40000000596046447700 -0.00574588589370250702
-0.38999998569488525400 -0.00575388688594102860
-0.37999999523162841800 -0.00575483916327357292
-0.37000000476837158200 -0.00573314214125275612
-0.36000001430511474600 -0.00574236921966075897
-0.34999999403953552200 -0.00574961677193641663
-0.34000000357627868600 -0.00573824299499392510
-0.33000001311302185100 -0.00573139311745762825
-0.31999999284744262700 -0.00574811315163969994
-0.31000000238418579100 -0.00576361082494258881
-0.30000001192092895500 -0.00576451094821095467
-0.28999999165534973100 -0.00577906193211674690
-0.28000000119209289500 -0.00576735800132155419
-0.27000001072883606000 -0.00574611779302358628
-0.25999999046325683600 -0.00576226506382226944
-0.25000000000000000000 -0.00576039683073759079
-0.23999999463558197000 -0.00573532003909349442
-0.23000000417232513400 -0.00574423279613256455
-0.21999999880790710400 -0.00575167499482631684
-0.20999999344348907500 -0.00575469480827450752
-0.20000000298023223900 -0.00576632795855402947
-0.18999999761581420900 -0.00576203688979148865
-0.18000000715255737300 -0.00574442697688937187
-0.17000000178813934300 -0.00573439477011561394
-0.15999999642372131300 -0.00574092008173465729
-0.15000000596046447800 -0.00573430210351943970
-0.14000000059604644800 -0.00572103308513760567
-0.12999999523162841800 -0.00572519982233643532
-0.11999999731779098500 -0.00574116595089435578
-0.10999999940395355200 -0.00575090479105710983
-0.10000000149011611900 -0.00575700402259826660
-0.09000000357627868650 -0.00575645919889211655
-0.07999999821186065670 -0.00572999520227313042
-0.07000000029802322390 -0.00573942298069596291
-0.05999999865889549260 -0.00574206421151757240
-0.05000000074505805970 -0.00571569008752703667
-0.03999999910593032840 -0.00571565097197890282
-0.02999999932944774630 -0.00573212979361414910
-0.01999999955296516420 -0.00573735916987061501
-0.00999999977648258210 -0.00574221601709723473
0.00000000000000000000 -0.00575212482362985611
0.00999999977648258210 -0.00573841622099280358
0.01999999955296516420 -0.00572321284562349320
0.02999999932944774630 -0.00572321796789765358
0.03999999910593032840 -0.00571842584758996964
0.05000000074505805970 -0.00569617887958884239
0.05999999865889549260 -0.00568939279764890671
0.07000000029802322390 -0.00568912597373127938
0.07999999821186065670 -0.00569020118564367294
0.09000000357627868650 -0.00569978822022676468
0.10000000149011611900 -0.00570437498390674591
0.10999999940395355200 -0.00569079117849469185
0.11999999731779098500 -0.00567635986953973770
0.12999999523162841800 -0.00568905286490917206
0.14000000059604644800 -0.00567447720095515251
0.15000000596046447800 -0.00566302891820669174
0.15999999642372131300 -0.00566707411780953407
0.17000000178813934300 -0.00566775817424058914
0.18000000715255737300 -0.00568653084337711334
0.18999999761581420900 -0.00568794412538409233
0.20000000298023223900 -0.00568406702950596810
0.20999999344348907500 -0.00567176518961787224
0.21999999880790710400 -0.00565638998523354530
0.23000000417232513400 -0.00565665494650602341
0.23999999463558197000 -0.00564759783446788788
0.25000000000000000000 -0.00562945893034338951
0.25999999046325683600 -0.00562825612723827362
0.27000001072883606000 -0.00563155207782983780
0.28000000119209289500 -0.00562656577676534653
0.28999999165534973100 -0.00562741514295339585
0.30000001192092895500 -0.00560443988069891930
0.31000000238418579100 -0.00557089084759354592
0.31999999284744262700 -0.00556441303342580795
0.33000001311302185100 -0.00554659310728311539
0.34000000357627868600 -0.00550678092986345291
0.34999999403953552200 -0.00549013819545507431
0.36000001430511474600 -0.00547352293506264687
0.37000000476837158200 -0.00545653002336621285
0.37999999523162841800 -0.00544265797361731529
0.38999998569488525400 -0.00542149506509304047
0.40000000596046447700 -0.00538336019963026047
0.40999999642372131300 -0.00534278806298971176
0.41999998688697814900 -0.00531913619488477707
0.43000000715255737300 -0.00527870282530784607
0.43999999761581420900 -0.00522883795201778412
0.44999998807907104500 -0.00519056292250752449
0.46000000834465026800 -0.00515298498794436455
0.46999999880790710400 -0.00512144481763243675
0.47999998927116394000 -0.00507347984239459038
0.49000000953674316400 -0.00502030504867434502
0.50000000000000000000 -0.00494926515966653824
0.50999999046325683600 -0.00487715378403663635
0.51999998092651367200 -0.00481356214731931687
0.52999997138977050800 -0.00472757918760180473
0.54000002145767211900 -0.00463629886507987976
0.55000001192092895500 -0.00454829679802060127
0.56000000238418579100 -0.00444422708824276924
0.56999999284744262700 -0.00432142894715070725
0.57999998331069946300 -0.00418729986995458603
0.58999997377395629900 -0.00400606216862797737
0.60000002384185791000 -0.00379645801149308682
0.61000001430511474600 -0.00357430404983460903
0.62000000476837158200 -0.00329647189937531948
0.62999999523162841800 -0.00296343397349119186
0.63999998569488525400 -0.00260092807002365589
0.64999997615814209000 -0.00217943009920418263
0.66000002622604370100 -0.00170040701050311327
0.67000001668930053700 -0.00116486905608326197
0.68000000715255737300 -0.00055895047262310982
0.68999999761581420900 0.00001738514947646763
0.69999998807907104500 0.00067655812017619610
0.70999997854232788100 0.00146671000402420759
0.72000002861022949200 0.00227976497262716293
0.73000001907348632800 0.00313561502844095230
0.74000000953674316400 0.00402697082608938217
0.75000000000000000000 0.00495555298402905464
0.75999999046325683600 0.00591770978644490242
0.76999998092651367200 0.00690427701920270920
0.77999997138977050800 0.00792165566235780716
0.79000002145767211900 0.00896070897579193116
0.80000001192092895500 0.01001652982085943220
0.81000000238418579100 0.01052009034901857380
0.81999999284744262700 0.01158192008733749390
0.82999998331069946300 0.01265036966651678090
0.83999997377395629900 0.01373379025608301160
0.85000002384185791000 0.01482667960226535800
0.86000001430511474600 0.01593849062919616700
0.87000000476837158200 0.01706488057971000670
0.87999999523162841800 0.01819056086242198940
0.88999998569488525400 0.01933996938169002530
0.89999997615814209000 0.02049087919294834140
0.91000002622604370100 0.02164369076490402220
0.92000001668930053700 0.02281871065497398380
0.93000000715255737300 0.02399324066936969760
0.93999999761581420900 0.02517182938754558560
0.94999998807907104500 0.02636531926691532140
0.95999997854232788100 0.02757542021572589870
0.97000002861022949200 0.02878995053470134740
0.98000001907348632800 0.03001205064356327060
0.99000000953674316400 0.03123326040804386140
1.00000000000000000000 0.03245060890913009640
