-1.00000000000000000000 -0.00245528295636177063
-0.99000000953674316400 -0.00242229201830923557
-0.98000001907348632800 -0.00239437888376414776
-0.97000002861022949200 -0.00237488606944680214
-0.95999997854232788100 -0.00235851807519793511
-0.94999998807907104500 -0.00234893197193741798
-0.93999999761581420900 -0.00234141992405056954
-0.93000000715255737300 -0.00233051110990345478
-0.92000001668930053700 -0.00232007703743875027
-0.91000002622604370100 -0.00230550300329923630
-0.89999997615814209000 -0.00229146494530141354
-0.88999998569488525400 -0.00228383904322981834
-0.87999999523162841800 -0.00227543595246970654
-0.87000000476837158200 -0.00225981511175632477
-0.86000001430511474600 -0.00225432892329990864
-0.85000002384185791000 -0.00225085695274174213
-0.83999997377395629900 -0.00224604411050677300
-0.82999998331069946300 -0.00223922193981707096
-0.81999999284744262700 -0.00223767710849642754
-0.81000000238418579100 -0.00222357106395065785
-0.80000001192092895500 -0.00221042800694704056
-0.79000002145767211900 -0.00221072300337255001
-0.77999997138977050800 -0.00220099301077425480
-0.76999998092651367200 -0.00218721595592796803
-0.75999999046325683600 -0.00218483898788690567
-0.75000000000000000000 -0.00218025594949722290
-0.74000000953674316400 -0.00217639794573187828
-0.73000001907348632800 -0.00217721005901694298
-0.72000002861022949200 -0.00217167893424630165
-0.70999997854232788100 -0.00215971795842051506
-0.69999998807907104500 -0.00215211301110684872
-0.68999999761581420900 -0.00214979890733957291
-0.68000000715255737300 -0.00214055692777037621
-0.67000001668930053700 -0.00213266001082956791
-0.66000002622604370100 -0.00212747300975024700
-0.64999997615814209000 -0.00212216190993785858
-0.63999998569488525400 -0.00212454097345471382
-0.62999999523162841800 -0.00211974210105836392
-0.62000000476837158200 -0.00211647991091012955
-0.61000001430511474600 -0.00211119488812983036
-0.60000002384185791000 -0.00209748302586376667
-0.58999997377395629900 -0.00209536589682102203
-0.57999998331069946300 -0.00209119101054966450
-0.56999999284744262700 -0.00207914598286151886
-0.56000000238418579100 -0.00207253289408981800
-0.55000001192092895500 -0.00207530101761221886
-0.54000002145767211900 -0.00207133893854916096
-0.52999997138977050800 -0.00206816894933581352
-0.51999998092651367200 -0.00206997711211442947
-0.50999999046325683600 -0.00206114794127643108
-0.50000000000000000000 -0.00204748404212296009
-0.49000000953674316400 -0.00204981304705142975
-0.47999998927116394000 -0.00204293988645076752
-0.46999999880790710400 -0.00203077192418277264
-0.46000000834465026800 -0.00202981103211641312
-0.44999998807907104500 -0.00202516489662230015
-0.43999999761581420900 -0.00202286103740334511
-0.43000000715255737300 -0.00202334602363407612
-0.41999998688697814900 -0.00202122190967202187
-0.40999999642372131300 -0.00201229704543948174
-0.40000000596046447700 -0.00200567906722426415
-0.38999998569488525400 -0.00200070790015161038
-0.37999999523162841800 -0.00199568993411958218
-0.37000000476837158200 -0.00198824098333716393
-0.36000001430511474600 -0.00198104092851281166
-0.34999999403953552200 -0.00197749491780996323
-0.34000000357627868600 -0.00197856593877077103
-0.33000001311302185100 -0.00197533098980784416
-0.31999999284744262700 -0.00197104690596461296
-0.31000000238418579100 -0.00197095307521522045
-0.30000001192092895500 -0.00195880210958421230
-0.28999999165534973100 -0.00195188797079026699
-0.28000000119209289500 -0.00195228902157396078
-0.27000001072883606000 -0.00194225297309458256
-0.25999999046325683600 -0.00193429703358560801
-0.25000000000000000000 -0.00193411705549806356
-0.23999999463558197000 -0.00192988105118274689
-0.23000000417232513400 -0.00192730699200183153
-0.21999999880790710400 -0.00192808802239596844
-0.20999999344348907500 -0.00192204595077782869
-0.20000000298023223900 -0.00191458105109632015
-0.18999999761581420900 -0.00190775503870099783
-0.18000000715255737300 -0.00190489098895341158
-0.17000000178813934300 -0.00189756497275084257
-0.15999999642372131300 -0.00189047900494188070
-0.15000000596046447800 -0.00188563694246113300
-0.14000000059604644800 -0.00188233598601073027
-0.12999999523162841800 -0.00188427499961107969
-0.11999999731779098500 -0.00187903002370148897
-0.10999999940395355200 -0.00187557004392147064
-0.10000000149011611900 -0.00186952005606144667
-0.09000000357627868650 -0.00185907399281859398
-0.07999999821186065670 -0.00185783195775002241
-0.07000000029802322390 -0.00185318803414702416
-0.05999999865889549260 -0.00184165802784264088
-0.05000000074505805970 -0.00183730199933052063
-0.03999999910593032840 -0.00183728698175400496
-0.02999999932944774630 -0.00183285598177462816
-0.01999999955296516420 -0.00183098705019801855
-0.00999999977648258210 -0.00182869296986609697
0.00000000000000000000 -0.00181928498204797506
0.00999999977648258210 -0.00180999201256781817
0.01999999955296516420 -0.00180873402860015631
0.02999999932944774630 -0.00180289801210165024
0.03999999910593032840 -0.00179036101326346397
0.05000000074505805970 -0.00178656005300581455
0.05999999865889549260 -0.00178405805490911007
0.07000000029802322390 -0.00178047001827508211
0.07999999821186065670 -0.00177702400833368301
0.09000000357627868650 -0.00177627895027399063
0.10000000149011611900 -0.00176624103914946318
0.10999999940395355200 -0.00175607099663466215
0.11999999731779098500 -0.00175369495991617441
0.12999999523162841800 -0.00174703600350767374
0.14000000059604644800 -0.00173480703961104155
0.15000000596046447800 -0.00172919698525220156
0.15999999642372131300 -0.00172416097484529018
0.17000000178813934300 -0.00172064802609384060
0.18000000715255737300 -0.00171892403159290552
0.18999999761581420900 -0.00171293900348246098
0.20000000298023223900 -0.00170489703305065632
0.20999999344348907500 -0.00169415795244276524
0.21999999880790710400 -0.00168753496836870909
0.23000000417232513400 -0.00167910603340715170
0.23999999463558197000 -0.00166761397849768400
0.25000000000000000000 -0.00165858701802790165
0.25999999046325683600 -0.00165117101278156042
0.27000001072883606000 -0.00164594594389200211
0.28000000119209289500 -0.00163757300470024347
0.28999999165534973100 -0.00162926898337900639
0.30000001192092895500 -0.00161876203492283821
0.31000000238418579100 -0.00160184304695576429
0.31999999284744262700 -0.00158818101044744253
0.33000001311302185100 -0.00157712399959564209
0.34000000357627868600 -0.00155593000818043947
0.34999999403953552200 -0.00153625605162233114
0.36000001430511474600 -0.00151888804975897074
0.37000000476837158200 -0.00149581604637205601
0.37999999523162841800 -0.00147056195419281721
0.38999998569488525400 -0.00144177000038325787
0.40000000596046447700 -0.00140360603109002113
0.40999999642372131300 -0.00135470600798726082
0.41999998688697814900 -0.00130392494611442089
0.43000000715255737300 -0.00124364101793617010
0.43999999761581420900 -0.00117034802678972483
0.44999998807907104500 -0.00108861201442778111
0.46000000834465026800 -0.00101052096579223871
0.46999999880790710400 -0.00089905341155827045
0.47999998927116394000 -0.00077869539381936193
0.49000000953674316400 -0.00064560101600363851
0.50000000000000000000 -0.00050033867591992021
0.50999999046325683600 -0.00034408189821988344
0.51999998092651367200 -0.00017221980670001358
0.52999997138977050800 0.00000212783993447374
0.54000002145767211900 0.00018754639313556254
0.55000001192092895500 0.00040084859938360751
0.56000000238418579100 0.00062293501105159521
0.56999999284744262700 0.00085379427764564753
0.57999998331069946300 0.00108066096436232328
0.58999997377395629900 0.00133309897501021624
0.60000002384185791000 0.00158842094242572784
0.61000001430511474600 0.00185325299389660358
0.62000000476837158200 0.00212382199242711067
0.62999999523162841800 0.00239797099493443966
0.63999998569488525400 0.00268031307496130467
0.64999997615814209000 0.00296259392052888870
0.66000002622604370100 0.00324088404886424542
0.67000001668930053700 0.00352043006569147110
0.68000000715255737300 0.00380059494636952877
0.68999999761581420900 0.00407768879085779190
0.69999998807907104500 0.00435052299872040749
0.70999997854232788100 0.00461919512599706650
0.72000002861022949200 0.00488535407930612564
0.73000001907348632800 0.00515535892918705940
0.74000000953674316400 0.00540985120460391045
0.75000000000000000000 0.00565870013087987900
0.75999999046325683600 0.00590007100254297257
0.76999998092651367200 0.00611698394641280174
0.77999997138977050800 0.00632953504100441933
0.79000002145767211900 0.00654840283095836640
0.80000001192092895500 0.00673683499917387963
0.81000000238418579100 0.00691465102136135102
0.81999999284744262700 0.00711095379665493965
0.82999998331069946300 0.00728659518063068390
0.83999997377395629900 0.00745547516271471978
0.85000002384185791000 0.00762751605361700058
0.86000001430511474600 0.00777671299874782562
0.87000000476837158200 0.00790388882160186768
0.87999999523162841800 0.00804580654948949814
0.88999998569488525400 0.00817996915429830551
0.89999997615814209000 0.00829426571726799012
0.91000002622604370100 0.00841650366783142090
0.92000001668930053700 0.00853665173053741455
0.93000000715255737300 0.00865773577243089676
0.93999999761581420900 0.00879274215549230576
0.94999998807907104500 0.00890616327524185181
0.95999997854232788100 0.00901109538972377777
0.97000002861022949200 0.00911359861493110657
0.98000001907348632800 0.00919808261096477509
0.99000000953674316400 0.00930155441164970398
1.00000000000000000000 0.00940268486738204956
