-1.00000000000000000000 -0.00480681797489523888
-0.99000000953674316400 -0.00480859819799661636
-0.98000001907348632800 -0.00481372978538274765
-0.97000002861022949200 -0.00479604210704565048
-0.95999997854232788100 -0.00479286210611462593
-0.94999998807907104500 -0.00479923095554113388
-0.93999999761581420900 -0.00480546802282333374
-0.93000000715255737300 -0.00481034209951758385
-0.92000001668930053700 -0.00482610985636711121
-0.91000002622604370100 -0.00481902901083230972
-0.89999997615814209000 -0.00480005983263254166
-0.88999998569488525400 -0.00480407197028398514
-0.87999999523162841800 -0.00480628898367285729
-0.87000000476837158200 -0.00478818500414490700
-0.86000001430511474600 -0.00479059293866157532
-0.85000002384185791000 -0.00479348609223961830
-0.83999997377395629900 -0.00479768216609954834
-0.82999998331069946300 -0.00481528183445334435
-0.81999999284744262700 -0.00481545878574252129
-0.81000000238418579100 -0.00481153698638081551
-0.80000001192092895500 -0.00480790715664625168
-0.79000002145767211900 -0.00479151401668787003
-0.77999997138977050800 -0.00479254312813282013
-0.76999998092651367200 -0.00479875085875391960
-0.75999999046325683600 -0.00477946782484650612
-0.75000000000000000000 -0.00477415602654218674
-0.74000000953674316400 -0.00479135382920503616
-0.73000001907348632800 -0.00479574315249919892
-0.72000002861022949200 -0.00479571288451552391
-0.70999997854232788100 -0.00480752298608422280
-0.69999998807907104500 -0.00479221995919942856
-0.68999999761581420900 -0.00477133505046367645
-0.68000000715255737300 -0.00478958711028099060
-0.67000001668930053700 -0.00478426087647676468
-0.66000002622604370100 -0.00475951377302408219
-0.64999997615814209000 -0.00477191293612122536
-0.63999998569488525400 -0.00477723218500614166
-0.62999999523162841800 -0.00478390790522098541
-0.62000000476837158200 -0.00479832291603088379
-0.61000001430511474600 -0.00480143306776881218
-0.60000002384185791000 -0.00478013418614864350
-0.58999997377395629900 -0.00477512879297137261
-0.57999998331069946300 -0.00478413701057434082
-0.56999999284744262700 -0.00477460399270057678
-0.56000000238418579100 -0.00476842280477285385
-0.55000001192092895500 -0.00476551800966262818
-0.54000002145767211900 -0.00476545887067914009
-0.52999997138977050800 -0.00478045688942074776
-0.51999998092651367200 -0.00478582410141825676
-0.50999999046325683600 -0.00478107901290059090
-0.50000000000000000000 -0.00477982312440872193
-0.49000000953674316400 -0.00475657591596245766
-0.47999998927116394000 -0.00475758593529462814
-0.46999999880790710400 -0.00476280879229307175
-0.46000000834465026800 -0.00474152108654379845
-0.44999998807907104500 -0.00473726307973265648
-0.43999999761581420900 -0.00474983081221580506
-0.43000000715255737300 -0.00475370278581976891
-0.41999998688697814900 -0.00475188717246055603
-0.40999999642372131300 -0.00477368477731943131
-0.40000000596046447700 -0.00475734006613492966
-0.38999998569488525400 -0.00473361089825630188
-0.37999999523162841800 -0.00475135305896401406
-0.37000000476837158200 -0.00474169198423624039
-0.36000001430511474600 -0.00472117308527231217
-0.34999999403953552200 -0.00472825579345226288
-0.34000000357627868600 -0.00473194522783160210
-0.33000001311302185100 -0.00473254313692450524
-0.31999999284744262700 -0.00475367298349738121
-0.31000000238418579100 -0.00475499778985977173
-0.30000001192092895500 -0.00474575487896800041
-0.28999999165534973100 -0.00473817391321063042
-0.28000000119209289500 -0.00473193498328328133
-0.27000001072883606000 -0.00472866883501410484
-0.25999999046325683600 -0.00472930818796157837
-0.25000000000000000000 -0.00471402797847986221
-0.23999999463558197000 -0.00470820115879178047
-0.23000000417232513400 -0.00472612818703055382
-0.21999999880790710400 -0.00472838897258043289
-0.20999999344348907500 -0.00472526205703616142
-0.20000000298023223900 -0.00473147584125399590
-0.18999999761581420900 -0.00471052899956703186
-0.18000000715255737300 -0.00469881901517510414
-0.17000000178813934300 -0.00471268687397241593
-0.15999999642372131300 -0.00469553284347057343
-0.15000000596046447800 -0.00467668194323778153
-0.14000000059604644800 -0.00469185784459114075
-0.12999999523162841800 -0.00469058100134134293
-0.11999999731779098500 -0.00469508301466703415
-0.10999999940395355200 -0.00471021700650453568
-0.10000000149011611900 -0.00469739222899079323
-0.09000000357627868650 -0.00467434199526906014
-0.07999999821186065670 -0.00468359421938657761
-0.07000000029802322390 -0.00467894179746508598
-0.05999999865889549260 -0.00466073490679264069
-0.05000000074505805970 -0.00466211279854178429
-0.03999999910593032840 -0.00465607317164540291
-0.02999999932944774630 -0.00466617522761225701
-0.01999999955296516420 -0.00467637600377202034
-0.00999999977648258210 -0.00467609101906418800
0.00000000000000000000 -0.00466645881533622742
0.00999999977648258210 -0.00465668085962533951
0.01999999955296516420 -0.00464044418185949326
0.02999999932944774630 -0.00463471887633204460
0.03999999910593032840 -0.00462872022762894631
0.05000000074505805970 -0.00461386702954769135
0.05999999865889549260 -0.00460417522117495537
0.07000000029802322390 -0.00461217714473605156
0.07999999821186065670 -0.00461611896753311157
0.09000000357627868650 -0.00460469396784901619
0.10000000149011611900 -0.00461090682074427605
0.10999999940395355200 -0.00458931922912597656
0.11999999731779098500 -0.00456854188814759255
0.12999999523162841800 -0.00457654008641839028
0.14000000059604644800 -0.00456253904849290848
0.15000000596046447800 -0.00453097512945532799
0.15999999642372131300 -0.00453837122768163681
0.17000000178813934300 -0.00453604292124509812
0.18000000715255737300 -0.00452987989410758019
0.18999999761581420900 -0.00453306687995791435
0.20000000298023223900 -0.00451781880110502243
0.20999999344348907500 -0.00449299020692706108
0.21999999880790710400 -0.00447964202612638474
0.23000000417232513400 -0.00447078887373209000
0.23999999463558197000 -0.00444532278925180435
0.25000000000000000000 -0.00442444719374179840
0.25999999046325683600 -0.00440487312152981758
0.27000001072883606000 -0.00439390679821372032
0.28000000119209289500 -0.00437436113134026528
0.28999999165534973100 -0.00434475997462868691
0.30000001192092895500 -0.00431419396772980690
0.31000000238418579100 -0.00426554586738348007
0.31999999284744262700 -0.00421377690508961678
0.33000001311302185100 -0.00416307803243398666
0.34000000357627868600 -0.00409298809245228768
0.34999999403953552200 -0.00401206314563751221
0.36000001430511474600 -0.00393430190160870552
0.37000000476837158200 -0.00384137290529906750
0.37999999523162841800 -0.00374386296607553959
0.38999998569488525400 -0.00360365794040262699
0.40000000596046447700 -0.00348905893042683602
0.40999999642372131300 -0.00329540204256772995
0.41999998688697814900 -0.00311355199664831162
0.43000000715255737300 -0.00294208596460521221
0.43999999761581420900 -0.00268430192954838276
0.44999998807907104500 -0.00248040095902979374
0.46000000834465026800 -0.00220586801879107952
0.46999999880790710400 -0.00196789507754147053
0.47999998927116394000 -0.00165950600057840347
0.49000000953674316400 -0.00135147396940737963
0.50000000000000000000 -0.00105530198197811842
0.50999999046325683600 -0.00072456221096217632
0.51999998092651367200 -0.00044617950334213674
0.52999997138977050800 0.00000105945696304843
0.54000002145767211900 0.00014521079719997942
0.55000001192092895500 0.00045419929665513337
0.56000000238418579100 0.00079665327211841941
0.56999999284744262700 0.00107832299545407295
0.57999998331069946300 0.00132856296841055155
0.58999997377395629900 0.00152600998990237713
0.60000002384185791000 0.00166981399524956942
0.61000001430511474600 0.00189064000733196735
0.62000000476837158200 0.00199188105762004852
0.62999999523162841800 0.00212932797148823738
0.63999998569488525400 0.00222561089321970940
0.64999997615814209000 0.00229060696437954903
0.66000002622604370100 0.00239882292225956917
0.67000001668930053700 0.00245550204999744892
0.68000000715255737300 0.00251027103513479233
0.68999999761581420900 0.00257213902659714222
0.69999998807907104500 0.00266447896137833595
0.70999997854232788100 0.00269882590509951115
0.72000002861022949200 0.00274225603789091110
0.73000001907348632800 0.00278579792939126492
0.74000000953674316400 0.00282604200765490532
0.75000000000000000000 0.00287219905294477940
0.75999999046325683600 0.00292231305502355099
0.76999998092651367200 0.00296666705980896950
0.77999997138977050800 0.00298580410890281200
0.79000002145767211900 0.00305087096057832241
0.80000001192092895500 0.00309024704620242119
0.81000000238418579100 0.00313315796665847302
0.81999999284744262700 0.00318180699832737446
0.82999998331069946300 0.00319195189513266087
0.83999997377395629900 0.00324015202932059765
0.85000002384185791000 0.00326826306991279125
0.86000001430511474600 0.00330635905265808106
0.87000000476837158200 0.00333395902998745442
0.87999999523162841800 0.00338185508735477924
0.88999998569488525400 0.00341816595755517483
0.89999997615814209000 0.00346116092987358570
0.91000002622604370100 0.00351380999200046063
0.92000001668930053700 0.00353225902654230595
0.93000000715255737300 0.00356511003337800503
0.93999999761581420900 0.00361652602441608906
0.94999998807907104500 0.00364943500608205795
0.95999997854232788100 0.00366811989806592465
0.97000002861022949200 0.00370367290452122688
0.98000001907348632800 0.00373118091374635697
0.99000000953674316400 0.00378125207498669624
1.00000000000000000000 0.00383381010033190251
