-1.00000000000000000000 -0.01185429003089666370
-0.99000000953674316400 -0.01173194032162427900
-0.98000001907348632800 -0.01163109019398689270
-0.97000002861022949200 -0.01148406974971294400
-0.95999997854232788100 -0.01136620994657278060
-0.94999998807907104500 -0.01123007014393806460
-0.93999999761581420900 -0.01108574029058218000
-0.93000000715255737300 -0.01096453983336687090
-0.92000001668930053700 -0.01082019973546266560
-0.91000002622604370100 -0.01068997010588645940
-0.89999997615814209000 -0.01055025029927492140
-0.88999998569488525400 -0.01043091993778944020
-0.87999999523162841800 -0.01029194984585046770
-0.87000000476837158200 -0.01016048993915319440
-0.86000001430511474600 -0.01001122966408729550
-0.85000002384185791000 -0.00989988259971141816
-0.83999997377395629900 -0.00974496081471443177
-0.82999998331069946300 -0.00961019191890954972
-0.81999999284744262700 -0.00948425009846687317
-0.81000000238418579100 -0.00934217963367700577
-0.80000001192092895500 -0.00920510198920965195
-0.79000002145767211900 -0.00907579995691776276
-0.77999997138977050800 -0.00893991254270076752
-0.76999998092651367200 -0.00880948267877101898
-0.75999999046325683600 -0.00867210514843463898
-0.75000000000000000000 -0.00854331720620393753
-0.74000000953674316400 -0.00841999240219593048
-0.73000001907348632800 -0.00828403234481811524
-0.72000002861022949200 -0.00813733134418725968
-0.70999997854232788100 -0.00801408011466264725
-0.69999998807907104500 -0.00788554828613996506
-0.68999999761581420900 -0.00774522311985492707
-0.68000000715255737300 -0.00761138414964079857
-0.67000001668930053700 -0.00747796287760138512
-0.66000002622604370100 -0.00735109718516469002
-0.64999997615814209000 -0.00722392881289124489
-0.63999998569488525400 -0.00709997816011309624
-0.62999999523162841800 -0.00696266721934080124
-0.62000000476837158200 -0.00684098713099956513
-0.61000001430511474600 -0.00671775080263614655
-0.60000002384185791000 -0.00658653397113084793
-0.58999997377395629900 -0.00644904095679521561
-0.57999998331069946300 -0.00633375486359000206
-0.56999999284744262700 -0.00619158986955881119
-0.56000000238418579100 -0.00606675585731863976
-0.55000001192092895500 -0.00594430696219205856
-0.54000002145767211900 -0.00582226505503058434
-0.52999997138977050800 -0.00568855693563818932
-0.51999998092651367200 -0.00556209310889244080
-0.50999999046325683600 -0.00544040696695446968
-0.50000000000000000000 -0.00532661611214280129
-0.49000000953674316400 -0.00519995484501123428
-0.47999998927116394000 -0.00508621986955404282
-0.46999999880790710400 -0.00497112097218632698
-0.46000000834465026800 -0.00485233310610055924
-0.44999998807907104500 -0.00473373802378773689
-0.43999999761581420900 -0.00461339484900236130
-0.43000000715255737300 -0.00450050877407193184
-0.41999998688697814900 -0.00438279192894697189
-0.40999999642372131300 -0.00426221499219536781
-0.40000000596046447700 -0.00415429798886179924
-0.38999998569488525400 -0.00404018489643931389
-0.37999999523162841800 -0.00392361776903271675
-0.37000000476837158200 -0.00381418899632990360
-0.36000001430511474600 -0.00370269594714045525
-0.34999999403953552200 -0.00359470304101705551
-0.34000000357627868600 -0.00348162697628140450
-0.33000001311302185100 -0.00337637704797089100
-0.31999999284744262700 -0.00326957204379141331
-0.31000000238418579100 -0.00315897399559617043
-0.30000001192092895500 -0.00304865208454430103
-0.28999999165534973100 -0.00293747801333665848
-0.28000000119209289500 -0.00283170398324728012
-0.27000001072883606000 -0.00272501702420413494
-0.25999999046325683600 -0.00261811795644462109
-0.25000000000000000000 -0.00250968895852565765
-0.23999999463558197000 -0.00240435497835278511
-0.23000000417232513400 -0.00230301008559763432
-0.21999999880790710400 -0.00219772499985992909
-0.20999999344348907500 -0.00209297402761876583
-0.20000000298023223900 -0.00198694807477295399
-0.18999999761581420900 -0.00188804697245359421
-0.18000000715255737300 -0.00178737204987555742
-0.17000000178813934300 -0.00168398895766586065
-0.15999999642372131300 -0.00158351799473166466
-0.15000000596046447800 -0.00148225703742355108
-0.14000000059604644800 -0.00138004601467400789
-0.12999999523162841800 -0.00127976294606924057
-0.11999999731779098500 -0.00118243694305419922
-0.10999999940395355200 -0.00108161894604563713
-0.10000000149011611900 -0.00098507222719490528
-0.09000000357627868650 -0.00088565907208248973
-0.07999999821186065670 -0.00079007277963683009
-0.07000000029802322390 -0.00069067388540133834
-0.05999999865889549260 -0.00059167662402614951
-0.05000000074505805970 -0.00049685261910781264
-0.03999999910593032840 -0.00039897891110740602
-0.02999999932944774630 -0.00030152848921716213
-0.01999999955296516420 -0.00020401660003699362
-0.00999999977648258210 -0.00010678439866751432
0.00000000000000000000 -0.00000963004185905447
0.00999999977648258210 0.00008709055691724643
0.01999999955296516420 0.00018436300160828978
0.02999999932944774630 0.00028385999030433595
0.03999999910593032840 0.00038188841426745057
0.05000000074505805970 0.00048094551311805844
0.05999999865889549260 0.00058189511764794588
0.07000000029802322390 0.00068083842052146792
0.07999999821186065670 0.00078160502016544342
0.09000000357627868650 0.00088243040954694152
0.10000000149011611900 0.00098349829204380512
0.10999999940395355200 0.00108411803375929594
0.11999999731779098500 0.00118871103040874004
0.12999999523162841800 0.00129166699480265379
0.14000000059604644800 0.00139598699752241373
0.15000000596046447800 0.00150265602860599756
0.15999999642372131300 0.00161274895071983337
0.17000000178813934300 0.00171447999309748411
0.18000000715255737300 0.00182159699033945799
0.18999999761581420900 0.00193012994714081287
0.20000000298023223900 0.00203993311151862145
0.20999999344348907500 0.00214149802923202515
0.21999999880790710400 0.00225154706276953220
0.23000000417232513400 0.00235965289175510407
0.23999999463558197000 0.00247228797525167465
0.25000000000000000000 0.00258083990775048733
0.25999999046325683600 0.00269611598923802376
0.27000001072883606000 0.00280727189965546131
0.28000000119209289500 0.00291743897832930088
0.28999999165534973100 0.00302856089547276497
0.30000001192092895500 0.00314521999098360539
0.31000000238418579100 0.00326196104288101196
0.31999999284744262700 0.00337819592095911503
0.33000001311302185100 0.00349778891541063786
0.34000000357627868600 0.00362150906585156918
0.34999999403953552200 0.00373683404177427292
0.36000001430511474600 0.00385574996471405029
0.37000000476837158200 0.00397410895675420761
0.37999999523162841800 0.00409096293151378632
0.38999998569488525400 0.00420522503554821015
0.40000000596046447700 0.00432751979678869248
0.40999999642372131300 0.00445145787671208382
0.41999998688697814900 0.00456869322806596756
0.43000000715255737300 0.00469405110925436020
0.43999999761581420900 0.00481675006449222565
0.44999998807907104500 0.00493966601788997650
0.46000000834465026800 0.00506515195593237877
0.46999999880790710400 0.00518792821094393730
0.47999998927116394000 0.00531928101554512978
0.49000000953674316400 0.00544243678450584412
0.50000000000000000000 0.00557330390438437462
0.50999999046325683600 0.00569370482116937638
0.51999998092651367200 0.00581865804269909859
0.52999997138977050800 0.00595259387046098709
0.54000002145767211900 0.00607560621574521065
0.55000001192092895500 0.00621087709441781044
0.56000000238418579100 0.00633950717747211456
0.56999999284744262700 0.00646950211375951767
0.57999998331069946300 0.00660789897665381432
0.58999997377395629900 0.00674965698271989823
0.60000002384185791000 0.00687320716679096222
0.61000001430511474600 0.00700169382616877556
0.62000000476837158200 0.00713790301233530045
0.62999999523162841800 0.00728087406605482102
0.63999998569488525400 0.00741837592795491219
0.64999997615814209000 0.00755420280620455742
0.66000002622604370100 0.00768751604482531548
0.67000001668930053700 0.00784121640026569367
0.68000000715255737300 0.00796700641512870789
0.68999999761581420900 0.00809836015105247498
0.69999998807907104500 0.00822707079350948334
0.70999997854232788100 0.00835825782269239426
0.72000002861022949200 0.00849141180515289307
0.73000001907348632800 0.00862907711416482926
0.74000000953674316400 0.00877356901764869690
0.75000000000000000000 0.00889808870851993561
0.75999999046325683600 0.00905741378664970398
0.76999998092651367200 0.00922276824712753296
0.77999997138977050800 0.00935991574078798294
0.79000002145767211900 0.00947960466146469116
0.80000001192092895500 0.00961765740066766739
0.81000000238418579100 0.00974707212299108506
0.81999999284744262700 0.00988604594022035599
0.82999998331069946300 0.01002317015081644060
0.83999997377395629900 0.01016973983496427540
0.85000002384185791000 0.01032123994082212450
0.86000001430511474600 0.01047573983669281010
0.87000000476837158200 0.01062563993036746980
0.87999999523162841800 0.01078218966722488400
0.88999998569488525400 0.01093295030295848850
0.89999997615814209000 0.01108739990741014480
0.91000002622604370100 0.01122807990759611130
0.92000001668930053700 0.01140457019209861760
0.93000000715255737300 0.01154430024325847630
0.93999999761581420900 0.01169257983565330510
0.94999998807907104500 0.01185982022434473040
0.95999997854232788100 0.01199806015938520430
0.97000002861022949200 0.01216453034430742260
0.98000001907348632800 0.01230951026082038880
0.99000000953674316400 0.01245712023228406910
1.00000000000000000000 0.01258866954594850540
