-1.00000000000000000000 -0.00181852397508919239
-0.99000000953674316400 -0.00179117196239531040
-0.98000001907348632800 -0.00176647899206727743
-0.97000002861022949200 -0.00174191605765372515
-0.95999997854232788100 -0.00172629300504922867
-0.94999998807907104500 -0.00171557895373553038
-0.93999999761581420900 -0.00170534697826951742
-0.93000000715255737300 -0.00169720000121742487
-0.92000001668930053700 -0.00169028097297996283
-0.91000002622604370100 -0.00167838402558118105
-0.89999997615814209000 -0.00166345899924635887
-0.88999998569488525400 -0.00165849202312529087
-0.87999999523162841800 -0.00164928694721311331
-0.87000000476837158200 -0.00163666100706905127
-0.86000001430511474600 -0.00162999494932591915
-0.85000002384185791000 -0.00162364996504038572
-0.83999997377395629900 -0.00161984004080295563
-0.82999998331069946300 -0.00161463499534875155
-0.81999999284744262700 -0.00160963297821581364
-0.81000000238418579100 -0.00160428695380687714
-0.80000001192092895500 -0.00159382401034235954
-0.79000002145767211900 -0.00158657296560704708
-0.77999997138977050800 -0.00158194196410477161
-0.76999998092651367200 -0.00157288904301822186
-0.75999999046325683600 -0.00156544602941721678
-0.75000000000000000000 -0.00156177498865872622
-0.74000000953674316400 -0.00155792396981269121
-0.73000001907348632800 -0.00155550905037671328
-0.72000002861022949200 -0.00155232404358685017
-0.70999997854232788100 -0.00154763599857687950
-0.69999998807907104500 -0.00153926701750606298
-0.68999999761581420900 -0.00153296499047428370
-0.68000000715255737300 -0.00152941304259002209
-0.67000001668930053700 -0.00152266502846032381
-0.66000002622604370100 -0.00151477800682187080
-0.64999997615814209000 -0.00151020905468612909
-0.63999998569488525400 -0.00150899996515363455
-0.62999999523162841800 -0.00150667398702353239
-0.62000000476837158200 -0.00150394905358552933
-0.61000001430511474600 -0.00150047102943062782
-0.60000002384185791000 -0.00149356701876968145
-0.58999997377395629900 -0.00148492702282965183
-0.57999998331069946300 -0.00148430198896676302
-0.56999999284744262700 -0.00147795304656028748
-0.56000000238418579100 -0.00146801501978188753
-0.55000001192092895500 -0.00146592804230749607
-0.54000002145767211900 -0.00146381696686148644
-0.52999997138977050800 -0.00146161799784749746
-0.51999998092651367200 -0.00145983300171792507
-0.50999999046325683600 -0.00145746499765664339
-0.50000000000000000000 -0.00145098997745662928
-0.49000000953674316400 -0.00144271296449005604
-0.47999998927116394000 -0.00144064100459218025
-0.46999999880790710400 -0.00143633503466844559
-0.46000000834465026800 -0.00142882601357996464
-0.44999998807907104500 -0.00142325996421277523
-0.43999999761581420900 -0.00142187101300805807
-0.43000000715255737300 -0.00141993898432701826
-0.41999998688697814900 -0.00141812395304441452
-0.40999999642372131300 -0.00141730299219489098
-0.40000000596046447700 -0.00141206895932555199
-0.38999998569488525400 -0.00140295398887246847
-0.37999999523162841800 -0.00140130100771784782
-0.37000000476837158200 -0.00139721203595399857
-0.36000001430511474600 -0.00138874305412173271
-0.34999999403953552200 -0.00138512102421373129
-0.34000000357627868600 -0.00138276896905153990
-0.33000001311302185100 -0.00138070399407297373
-0.31999999284744262700 -0.00137914204970002174
-0.31000000238418579100 -0.00137804297264665365
-0.30000001192092895500 -0.00137243198696523905
-0.28999999165534973100 -0.00136568094603717327
-0.28000000119209289500 -0.00136169895995408297
-0.27000001072883606000 -0.00135747296735644341
-0.25999999046325683600 -0.00135166198015213013
-0.25000000000000000000 -0.00134600198362022638
-0.23999999463558197000 -0.00134264596272259951
-0.23000000417232513400 -0.00134157505817711353
-0.21999999880790710400 -0.00134107703343033791
-0.20999999344348907500 -0.00133662601001560688
-0.20000000298023223900 -0.00133470597211271524
-0.18999999761581420900 -0.00132882001344114542
-0.18000000715255737300 -0.00132217805366963148
-0.17000000178813934300 -0.00132009596563875675
-0.15999999642372131300 -0.00131461594719439745
-0.15000000596046447800 -0.00130663602612912655
-0.14000000059604644800 -0.00130369001999497414
-0.12999999523162841800 -0.00130297103896737099
-0.11999999731779098500 -0.00129920605104416609
-0.10999999940395355200 -0.00129810604266822338
-0.10000000149011611900 -0.00129582302179187536
-0.09000000357627868650 -0.00128748605493456125
-0.07999999821186065670 -0.00128153397236019373
-0.07000000029802322390 -0.00128022104036062956
-0.05999999865889549260 -0.00127336895093321800
-0.05000000074505805970 -0.00126676994841545820
-0.03999999910593032840 -0.00126421602908521891
-0.02999999932944774630 -0.00126016198191791773
-0.01999999955296516420 -0.00125942600425332785
-0.00999999977648258210 -0.00125695602037012577
0.00000000000000000000 -0.00125286600086838007
0.00999999977648258210 -0.00124747003428637981
0.01999999955296516420 -0.00123971304856240749
0.02999999932944774630 -0.00123616703785955906
0.03999999910593032840 -0.00123172497842460871
0.05000000074505805970 -0.00122297299094498158
0.05999999865889549260 -0.00121826003305613995
0.07000000029802322390 -0.00121475500054657459
0.07999999821186065670 -0.00121100200340151787
0.09000000357627868650 -0.00120866904035210609
0.10000000149011611900 -0.00120556598994880915
0.10999999940395355200 -0.00119928305502980948
0.11999999731779098500 -0.00119135994464159012
0.12999999523162841800 -0.00118636398110538721
0.14000000059604644800 -0.00117961200885474682
0.15000000596046447800 -0.00117138994392007589
0.15999999642372131300 -0.00116448698099702597
0.17000000178813934300 -0.00115825701504945755
0.18000000715255737300 -0.00115469004958868027
0.18999999761581420900 -0.00115035101771354675
0.20000000298023223900 -0.00114403595216572285
0.20999999344348907500 -0.00113804801367223263
0.21999999880790710400 -0.00112846505362540484
0.23000000417232513400 -0.00111863098572939634
0.23999999463558197000 -0.00111215398646891117
0.25000000000000000000 -0.00110169395338743925
0.25999999046325683600 -0.00108880596235394478
0.27000001072883606000 -0.00108082301449030638
0.28000000119209289500 -0.00107237405609339476
0.28999999165534973100 -0.00106246396899223328
0.30000001192092895500 -0.00105200195685029030
0.31000000238418579100 -0.00103965401649475098
0.31999999284744262700 -0.00102245295420289040
0.33000001311302185100 -0.00100422196555882692
0.34000000357627868600 -0.00100167805794626474
0.34999999403953552200 -0.00097594060935080051
0.36000001430511474600 -0.00095029972726479173
0.37000000476837158200 -0.00092254701303318143
0.37999999523162841800 -0.00089489668607711792
0.38999998569488525400 -0.00085937068797647953
0.40000000596046447700 -0.00082013249630108476
0.40999999642372131300 -0.00077890860848128796
0.41999998688697814900 -0.00073232292197644711
0.43000000715255737300 -0.00067876948742195964
0.43999999761581420900 -0.00061796128284186125
0.44999998807907104500 -0.00054869381710886955
0.46000000834465026800 -0.00046815548557788134
0.46999999880790710400 -0.00037921610055491328
0.47999998927116394000 -0.00028207458672113717
0.49000000953674316400 -0.00017204620235133916
0.50000000000000000000 -0.00007000964251346886
0.50999999046325683600 0.00003692527025123127
0.51999998092651367200 0.00019053640426136553
0.52999997138977050800 0.00035317768924869597
0.54000002145767211900 0.00052332837367430329
0.55000001192092895500 0.00070577138103544712
0.56000000238418579100 0.00090005842503160238
0.56999999284744262700 0.00107840797863900662
0.57999998331069946300 0.00130300095770508051
0.58999997377395629900 0.00153500505257397890
0.60000002384185791000 0.00177688605617731810
0.61000001430511474600 0.00203015608713030815
0.62000000476837158200 0.00229359697550535202
0.62999999523162841800 0.00256611197255551815
0.63999998569488525400 0.00284692691639065743
0.64999997615814209000 0.00313600106164813042
0.66000002622604370100 0.00343400100246071816
0.67000001668930053700 0.00373902800492942333
0.68000000715255737300 0.00404725689440965653
0.68999999761581420900 0.00436639599502086640
0.69999998807907104500 0.00469133909791707993
0.70999997854232788100 0.00502210995182394982
0.72000002861022949200 0.00535797607153654099
0.73000001907348632800 0.00569871813058853150
0.74000000953674316400 0.00603594584390521050
0.75000000000000000000 0.00637687789276242256
0.75999999046325683600 0.00672898394986987114
0.76999998092651367200 0.00707556819543242455
0.77999997138977050800 0.00742256781086325646
0.79000002145767211900 0.00777909485623240471
0.80000001192092895500 0.00813677068799734116
0.81000000238418579100 0.00849933270364999771
0.81999999284744262700 0.00886173825711011887
0.82999998331069946300 0.00922365207225084305
0.83999997377395629900 0.00957952719181776047
0.85000002384185791000 0.00993129145354032517
0.86000001430511474600 0.01029696036130189900
0.87000000476837158200 0.01063091028481721880
0.87999999523162841800 0.01099461037665605550
0.88999998569488525400 0.01134243980050086980
0.89999997615814209000 0.01171141956001520160
0.91000002622604370100 0.01207099016755819320
0.92000001668930053700 0.01241399999707937240
0.93000000715255737300 0.01277508027851581570
0.93999999761581420900 0.01313562039285898210
0.94999998807907104500 0.01349463965743780140
0.95999997854232788100 0.01385448034852743150
0.97000002861022949200 0.01421562954783439640
0.98000001907348632800 0.01455708965659141540
0.99000000953674316400 0.01489434018731117250
1.00000000000000000000 0.01524304039776325230
