-1.00000000000000000000 -0.00587829900905489922
-0.99000000953674316400 -0.00587937422096729279
-0.98000001907348632800 -0.00589432287961244583
-0.97000002861022949200 -0.00589847518131136894
-0.95999997854232788100 -0.00591264199465513230
-0.94999998807907104500 -0.00590168219059705734
-0.93999999761581420900 -0.00587381515651941300
-0.93000000715255737300 -0.00589173519983887673
-0.92000001668930053700 -0.00589047186076641083
-0.91000002622604370100 -0.00586555711925029755
-0.89999997615814209000 -0.00587971694767475128
-0.88999998569488525400 -0.00589097710326313973
-0.87999999523162841800 -0.00590012595057487488
-0.87000000476837158200 -0.00591590814292430878
-0.86000001430511474600 -0.00592195615172386170
-0.85000002384185791000 -0.00590908806771039963
-0.83999997377395629900 -0.00590127101168036461
-0.82999998331069946300 -0.00590771296992897988
-0.81999999284744262700 -0.00589883094653487206
-0.81000000238418579100 -0.00589369190856814385
-0.80000001192092895500 -0.00590134179219603539
-0.79000002145767211900 -0.00591498985886573792
-0.77999997138977050800 -0.00592743605375289917
-0.76999998092651367200 -0.00593482889235019684
-0.75999999046325683600 -0.00592482695356011391
-0.75000000000000000000 -0.00590241886675357819
-0.74000000953674316400 -0.00591009110212326050
-0.73000001907348632800 -0.00590450782328844071
-0.72000002861022949200 -0.00588642805814743042
-0.70999997854232788100 -0.00588112277910113335
-0.69999998807907104500 -0.00589106278494000435
-0.68999999761581420900 -0.00590463820844888687
-0.68000000715255737300 -0.00590242817997932434
-0.67000001668930053700 -0.00591522781178355217
-0.66000002622604370100 -0.00590155320242047310
-0.64999997615814209000 -0.00588075490668416023
-0.63999998569488525400 -0.00589590379968285561
-0.62999999523162841800 -0.00589427305385470390
-0.62000000476837158200 -0.00587022397667169571
-0.61000001430511474600 -0.00588383898138999939
-0.60000002384185791000 -0.00589819904416799546
-0.58999997377395629900 -0.00590132176876068115
-0.57999998331069946300 -0.00591664295643568039
-0.56999999284744262700 -0.00591865601018071175
-0.56000000238418579100 -0.00589975388720631600
-0.55000001192092895500 -0.00589858507737517357
-0.54000002145767211900 -0.00589909777045249939
-0.52999997138977050800 -0.00588545016944408417
-0.51999998092651367200 -0.00587863801047205925
-0.50999999046325683600 -0.00589048489928245545
-0.50000000000000000000 -0.00590162677690386772
-0.49000000953674316400 -0.00590502889826893807
-0.47999998927116394000 -0.00591451302170753479
-0.46999999880790710400 -0.00590199697762727738
-0.46000000834465026800 -0.00587038416415452957
-0.44999998807907104500 -0.00588038191199302674
-0.43999999761581420900 -0.00587133318185806275
-0.43000000715255737300 -0.00585223315283656120
-0.41999998688697814900 -0.00585330603644251824
-0.40999999642372131300 -0.00586000084877014160
-0.40000000596046447700 -0.00587399909272789955
-0.38999998569488525400 -0.00587023282423615456
-0.37999999523162841800 -0.00588375190272927284
-0.37000000476837158200 -0.00587269105017185211
-0.36000001430511474600 -0.00585537590086460114
-0.34999999403953552200 -0.00586998322978615761
-0.34000000357627868600 -0.00586433522403240204
-0.33000001311302185100 -0.00585248880088329315
-0.31999999284744262700 -0.00586374709382653237
-0.31000000238418579100 -0.00587999681010842324
-0.30000001192092895500 -0.00588467484340071678
-0.28999999165534973100 -0.00590432900935411453
-0.28000000119209289500 -0.00589475920423865318
-0.27000001072883606000 -0.00587026681751012802
-0.25999999046325683600 -0.00588359776884317398
-0.25000000000000000000 -0.00587894581258296967
-0.23999999463558197000 -0.00586115801706910134
-0.23000000417232513400 -0.00586465885862708092
-0.21999999880790710400 -0.00587413413450121880
-0.20999999344348907500 -0.00588596984744071961
-0.20000000298023223900 -0.00589945819228887558
-0.18999999761581420900 -0.00588969187811017037
-0.18000000715255737300 -0.00588281685486435890
-0.17000000178813934300 -0.00586653081700205803
-0.15999999642372131300 -0.00586844608187675476
-0.15000000596046447800 -0.00585581315681338310
-0.14000000059604644800 -0.00584715977311134339
-0.12999999523162841800 -0.00584667222574353218
-0.11999999731779098500 -0.00586117990314960480
-0.10999999940395355200 -0.00587166380137205124
-0.10000000149011611900 -0.00587729876860976219
-0.09000000357627868650 -0.00587098207324743271
-0.07999999821186065670 -0.00585010694339871407
-0.07000000029802322390 -0.00586193799972534180
-0.05999999865889549260 -0.00585663877427577973
-0.05000000074505805970 -0.00583991780877113342
-0.03999999910593032840 -0.00584868295118212700
-0.02999999932944774630 -0.00585865182802081108
-0.01999999955296516420 -0.00586894107982516289
-0.00999999977648258210 -0.00587184308096766472
0.00000000000000000000 -0.00587858911603689194
0.00999999977648258210 -0.00587655697017908096
0.01999999955296516420 -0.00585529208183288574
0.02999999932944774630 -0.00585954310372471810
0.03999999910593032840 -0.00585980620235204697
0.05000000074505805970 -0.00583235500380396843
0.05999999865889549260 -0.00583271915093064308
0.07000000029802322390 -0.00584009708836674690
0.07999999821186065670 -0.00584389315918087960
0.09000000357627868650 -0.00585018703714013100
0.10000000149011611900 -0.00584981404244899750
0.10999999940395355200 -0.00583151401951909065
0.11999999731779098500 -0.00580456200987100601
0.12999999523162841800 -0.00581347011029720307
0.14000000059604644800 -0.00580197619274258614
0.15000000596046447800 -0.00577903119847178459
0.15999999642372131300 -0.00578397186473011971
0.17000000178813934300 -0.00579265318810939789
0.18000000715255737300 -0.00580229191109538078
0.18999999761581420900 -0.00580580998212099076
0.20000000298023223900 -0.00580961816012859345
0.20999999344348907500 -0.00579225877299904824
0.21999999880790710400 -0.00578070618212223053
0.23000000417232513400 -0.00578364916145801544
0.23999999463558197000 -0.00577486399561166764
0.25000000000000000000 -0.00575922382995486260
0.25999999046325683600 -0.00576171185821294785
0.27000001072883606000 -0.00576774589717388153
0.28000000119209289500 -0.00576163595542311669
0.28999999165534973100 -0.00577064603567123413
0.30000001192092895500 -0.00575557397678494454
0.31000000238418579100 -0.00571634201332926750
0.31999999284744262700 -0.00572051201015710831
0.33000001311302185100 -0.00570410490036010742
0.34000000357627868600 -0.00566372182220220566
0.34999999403953552200 -0.00565443793311715126
0.36000001430511474600 -0.00564857106655836106
0.37000000476837158200 -0.00563161401078104973
0.37999999523162841800 -0.00562378205358982086
0.38999998569488525400 -0.00560769997537136078
0.40000000596046447700 -0.00556865101680159569
0.40999999642372131300 -0.00552521180361509323
0.41999998688697814900 -0.00550731085240840912
0.43000000715255737300 -0.00546849286183714867
0.43999999761581420900 -0.00542280683293938637
0.44999998807907104500 -0.00539748789742588997
0.46000000834465026800 -0.00536908023059368134
0.46999999880790710400 -0.00533791212365031243
0.47999998927116394000 -0.00530133116990327835
0.49000000953674316400 -0.00525303883478045464
0.50000000000000000000 -0.00518572097644209862
0.50999999046325683600 -0.00512893684208393097
0.51999998092651367200 -0.00506427092477679253
0.52999997138977050800 -0.00497702090069651604
0.54000002145767211900 -0.00490028690546751022
0.55000001192092895500 -0.00481243897229433060
0.56000000238418579100 -0.00471340678632259369
0.56999999284744262700 -0.00458944402635097504
0.57999998331069946300 -0.00444828905165195465
0.58999997377395629900 -0.00426318496465682984
0.60000002384185791000 -0.00404160004109144211
0.61000001430511474600 -0.00380645389668643475
0.62000000476837158200 -0.00352136697620153427
0.62999999523162841800 -0.00317992805503308773
0.63999998569488525400 -0.00280940392985939980
0.64999997615814209000 -0.00239391811192035675
0.66000002622604370100 -0.00192638300359249115
0.67000001668930053700 -0.00141314498614519835
0.68000000715255737300 -0.00082301208749413490
0.68999999761581420900 -0.00025869818637147546
0.69999998807907104500 0.00032352149719372392
0.70999997854232788100 0.00100063497666269541
0.72000002861022949200 0.00176580296829342842
0.73000001907348632800 0.00252355006523430348
0.74000000953674316400 0.00330059300176799297
0.75000000000000000000 0.00410951487720012665
0.75999999046325683600 0.00494552589952945709
0.76999998092651367200 0.00564556103199720383
0.77999997138977050800 0.00668313400819897652
0.79000002145767211900 0.00757310679182410240
0.80000001192092895500 0.00847846362739801407
0.81000000238418579100 0.00939640775322914124
0.81999999284744262700 0.01023621018975973130
0.82999998331069946300 0.01071627996861934660
0.83999997377395629900 0.01164649985730648040
0.85000002384185791000 0.01256772968918085100
0.86000001430511474600 0.01347120013087987900
0.87000000476837158200 0.01440790016204118730
0.87999999523162841800 0.01542415004223585130
0.88999998569488525400 0.01620304957032203670
0.89999997615814209000 0.01735074073076248170
0.91000002622604370100 0.01833613030612468720
0.92000001668930053700 0.01930256932973861690
0.93000000715255737300 0.02031744085252285000
0.93999999761581420900 0.02134951017796993260
0.94999998807907104500 0.02228024043142795560
0.95999997854232788100 0.02336416952311992650
0.97000002861022949200 0.02429193072021007540
0.98000001907348632800 0.02534520998597145080
0.99000000953674316400 0.02642421051859855650
1.00000000000000000000 0.02738608978688716890
