-1.00000000000000000000 -0.00421086093410849571
-0.99000000953674316400 -0.00413298886269330979
-0.98000001907348632800 -0.00406421022489666939
-0.97000002861022949200 -0.00401895400136709213
-0.95999997854232788100 -0.00398909999057650566
-0.94999998807907104500 -0.00395656516775488854
-0.93999999761581420900 -0.00392938591539859772
-0.93000000715255737300 -0.00390713009983301163
-0.92000001668930053700 -0.00387168908491730690
-0.91000002622604370100 -0.00383623107336461544
-0.89999997615814209000 -0.00382425193674862385
-0.88999998569488525400 -0.00379513204097747803
-0.87999999523162841800 -0.00376155204139649868
-0.87000000476837158200 -0.00374731305055320263
-0.86000001430511474600 -0.00372970406897366047
-0.85000002384185791000 -0.00371601502411067486
-0.83999997377395629900 -0.00370604498311877251
-0.82999998331069946300 -0.00369303906336426735
-0.81999999284744262700 -0.00366734992712736130
-0.81000000238418579100 -0.00364391808398067951
-0.80000001192092895500 -0.00363211706280708313
-0.79000002145767211900 -0.00361152505502104759
-0.77999997138977050800 -0.00359114794991910458
-0.76999998092651367200 -0.00357629894278943539
-0.75999999046325683600 -0.00356402411125600338
-0.75000000000000000000 -0.00355899799615144730
-0.74000000953674316400 -0.00354708288796246052
-0.73000001907348632800 -0.00353886093944311142
-0.72000002861022949200 -0.00352276396006345749
-0.70999997854232788100 -0.00349688692949712277
-0.69999998807907104500 -0.00349001004360616207
-0.68999999761581420900 -0.00347954500466585159
-0.68000000715255737300 -0.00345370988361537457
-0.67000001668930053700 -0.00344162597320973873
-0.66000002622604370100 -0.00343730696476995945
-0.64999997615814209000 -0.00342788989655673504
-0.63999998569488525400 -0.00341995502822101116
-0.62999999523162841800 -0.00341692008078098297
-0.62000000476837158200 -0.00339888804592192173
-0.61000001430511474600 -0.00337788299657404423
-0.60000002384185791000 -0.00337332906201481819
-0.58999997377395629900 -0.00336013804189860821
-0.57999998331069946300 -0.00333860795944929123
-0.56999999284744262700 -0.00332889589481055737
-0.56000000238418579100 -0.00332024600356817246
-0.55000001192092895500 -0.00331291300244629383
-0.54000002145767211900 -0.00331016909331083298
-0.52999997138977050800 -0.00330343400128185749
-0.51999998092651367200 -0.00329021201469004154
-0.50999999046325683600 -0.00327355088666081429
-0.50000000000000000000 -0.00326484791003167629
-0.49000000953674316400 -0.00325446901842951775
-0.47999998927116394000 -0.00323742302134633064
-0.46999999880790710400 -0.00322649395093321800
-0.46000000834465026800 -0.00321686803363263607
-0.44999998807907104500 -0.00321357510983943939
-0.43999999761581420900 -0.00320934201590716839
-0.43000000715255737300 -0.00320146791636943817
-0.41999998688697814900 -0.00319202593527734280
-0.40999999642372131300 -0.00317751895636320114
-0.40000000596046447700 -0.00316267809830605984
-0.38999998569488525400 -0.00315674510784447193
-0.37999999523162841800 -0.00314531405456364155
-0.37000000476837158200 -0.00312776700593531132
-0.36000001430511474600 -0.00312029593624174595
-0.34999999403953552200 -0.00311645609326660633
-0.34000000357627868600 -0.00311111402697861195
-0.33000001311302185100 -0.00310317194089293480
-0.31999999284744262700 -0.00309724104590713978
-0.31000000238418579100 -0.00308080809190869331
-0.30000001192092895500 -0.00306522590108215809
-0.28999999165534973100 -0.00306305405683815479
-0.28000000119209289500 -0.00304755498655140400
-0.27000001072883606000 -0.00303188990801572800
-0.25999999046325683600 -0.00302713806740939617
-0.25000000000000000000 -0.00302052195183932781
-0.23999999463558197000 -0.00301449396647512913
-0.23000000417232513400 -0.00301206391304731369
-0.21999999880790710400 -0.00300304102711379528
-0.20999999344348907500 -0.00298679294064640999
-0.20000000298023223900 -0.00297520100139081478
-0.18999999761581420900 -0.00296922400593757630
-0.18000000715255737300 -0.00295455590821802616
-0.17000000178813934300 -0.00294213206507265568
-0.15999999642372131300 -0.00293334503658115864
-0.15000000596046447800 -0.00292565510608255863
-0.14000000059604644800 -0.00292491097934544087
-0.12999999523162841800 -0.00291699403896927834
-0.11999999731779098500 -0.00290732993744313717
-0.10999999940395355200 -0.00289557292126119137
-0.10000000149011611900 -0.00287984008900821209
-0.09000000357627868650 -0.00287168007344007492
-0.07999999821186065670 -0.00286300107836723328
-0.07000000029802322390 -0.00284503400325775147
-0.05999999865889549260 -0.00283604301512241364
-0.05000000074505805970 -0.00283377105370163918
-0.03999999910593032840 -0.00282498891465365887
-0.02999999932944774630 -0.00281696394085884094
-0.01999999955296516420 -0.00281341397203505039
-0.00999999977648258210 -0.00279771490022540093
0.00000000000000000000 -0.00277927611023187637
0.00999999977648258210 -0.00277898297645151615
0.01999999955296516420 -0.00276470393873751164
0.02999999932944774630 -0.00274598994292318821
0.03999999910593032840 -0.00273802410811185837
0.05000000074505805970 -0.00272836606018245220
0.05999999865889549260 -0.00272153993137180805
0.07000000029802322390 -0.00271607306785881519
0.07999999821186065670 -0.00270923506468534470
0.09000000357627868650 -0.00269369711168110371
0.10000000149011611900 -0.00267795496620237827
0.10999999940395355200 -0.00266938610002398491
0.11999999731779098500 -0.00265576597303152084
0.12999999523162841800 -0.00263933511450886726
0.14000000059604644800 -0.00262602698057889938
0.15000000596046447800 -0.00261560501530766487
0.15999999642372131300 -0.00260971602983772755
0.17000000178813934300 -0.00259811501018702984
0.18000000715255737300 -0.00258832797408103943
0.18999999761581420900 -0.00257717398926615715
0.20000000298023223900 -0.00255522900260984898
0.20999999344348907500 -0.00254209595732390881
0.21999999880790710400 -0.00253025488927960396
0.23000000417232513400 -0.00250818906351923943
0.23999999463558197000 -0.00249088392592966557
0.25000000000000000000 -0.00248006405308842659
0.25999999046325683600 -0.00246578501537442207
0.27000001072883606000 -0.00245105498470366001
0.28000000119209289500 -0.00243818503804504871
0.28999999165534973100 -0.00241607497446238995
0.30000001192092895500 -0.00238941493444144726
0.31000000238418579100 -0.00236915494315326214
0.31999999284744262700 -0.00234343600459396839
0.33000001311302185100 -0.00231233099475502968
0.34000000357627868600 -0.00228126393631100655
0.34999999403953552200 -0.00224804994650185108
0.36000001430511474600 -0.00221301801502704620
0.37000000476837158200 -0.00217505311593413353
0.37999999523162841800 -0.00212492910213768482
0.38999998569488525400 -0.00206703203730285168
0.40000000596046447700 -0.00199812906794250012
0.40999999642372131300 -0.00191973103210330010
0.41999998688697814900 -0.00183396902866661549
0.43000000715255737300 -0.00173130200710147619
0.43999999761581420900 -0.00161533802747726440
0.44999998807907104500 -0.00148913695011287928
0.46000000834465026800 -0.00134903995785862207
0.46999999880790710400 -0.00119118194561451674
0.47999998927116394000 -0.00101885804906487465
0.49000000953674316400 -0.00084093562327325344
0.50000000000000000000 -0.00063071271870285273
0.50999999046325683600 -0.00040824289317242801
0.51999998092651367200 -0.00017019720689859241
0.52999997138977050800 0.00006891439261380583
0.54000002145767211900 0.00031871438841335475
0.55000001192092895500 0.00060374732129275799
0.56000000238418579100 0.00090010010171681643
0.56999999284744262700 0.00118600495625287294
0.57999998331069946300 0.00150717794895172119
0.58999997377395629900 0.00183738395571708679
0.60000002384185791000 0.00217398302629590035
0.61000001430511474600 0.00251731299795210362
0.62000000476837158200 0.00286749005317687988
0.62999999523162841800 0.00322386599145829678
0.63999998569488525400 0.00358489388599991798
0.64999997615814209000 0.00394772598519921303
0.66000002622604370100 0.00431369291618466377
0.67000001668930053700 0.00468375114724040032
0.68000000715255737300 0.00506015308201313019
0.68999999761581420900 0.00543260714039206505
0.69999998807907104500 0.00580494478344917298
0.70999997854232788100 0.00617399392649531365
0.72000002861022949200 0.00652623502537608147
0.73000001907348632800 0.00688278116285800934
0.74000000953674316400 0.00724195409566164017
0.75000000000000000000 0.00757742999121546746
0.75999999046325683600 0.00791046582162380219
0.76999998092651367200 0.00824983045458793640
0.77999997138977050800 0.00857315119355916977
0.79000002145767211900 0.00889487378299236298
0.80000001192092895500 0.00920571573078632355
0.81000000238418579100 0.00949324294924736023
0.81999999284744262700 0.00976139493286609650
0.82999998331069946300 0.01003810018301010130
0.83999997377395629900 0.01028831955045461650
0.85000002384185791000 0.01053434982895851140
0.86000001430511474600 0.01075340993702411650
0.87000000476837158200 0.01097946986556053160
0.87999999523162841800 0.01120307017117738720
0.88999998569488525400 0.01139206998050212860
0.89999997615814209000 0.01158657018095254900
0.91000002622604370100 0.01177490968257188800
0.92000001668930053700 0.01196055021136999130
0.93000000715255737300 0.01216068025678396230
0.93999999761581420900 0.01233374979346990590
0.94999998807907104500 0.01249974966049194340
0.95999997854232788100 0.01265191007405519490
0.97000002861022949200 0.01277507003396749500
0.98000001907348632800 0.01293312013149261470
0.99000000953674316400 0.01308140996843576430
1.00000000000000000000 0.01318756025284528730
