-1.00000000000000000000 -0.00492222607135772705
-0.99000000953674316400 -0.00493505084887146950
-0.98000001907348632800 -0.00493358680978417397
-0.97000002861022949200 -0.00490377377718687058
-0.95999997854232788100 -0.00489243306219577789
-0.94999998807907104500 -0.00489776488393545151
-0.93999999761581420900 -0.00487498985603451729
-0.93000000715255737300 -0.00486643705517053604
-0.92000001668930053700 -0.00486356485635042191
-0.91000002622604370100 -0.00485149584710597992
-0.89999997615814209000 -0.00486477185040712357
-0.88999998569488525400 -0.00486649991944432259
-0.87999999523162841800 -0.00486172595992684364
-0.87000000476837158200 -0.00485606305301189423
-0.86000001430511474600 -0.00483409920707345009
-0.85000002384185791000 -0.00482609821483492851
-0.83999997377395629900 -0.00482993107289075852
-0.82999998331069946300 -0.00481696985661983490
-0.81999999284744262700 -0.00479749822989106178
-0.81000000238418579100 -0.00480896001681685448
-0.80000001192092895500 -0.00481320591643452644
-0.79000002145767211900 -0.00480548478662967682
-0.77999997138977050800 -0.00481480220332741738
-0.76999998092651367200 -0.00480801379308104515
-0.75999999046325683600 -0.00477515114471316338
-0.75000000000000000000 -0.00478386599570512772
-0.74000000953674316400 -0.00478045409545302391
-0.73000001907348632800 -0.00474830996245145798
-0.72000002861022949200 -0.00474830297753214836
-0.70999997854232788100 -0.00475168414413928986
-0.69999998807907104500 -0.00474128313362598419
-0.68999999761581420900 -0.00475673517212271691
-0.68000000715255737300 -0.00475887907668948174
-0.67000001668930053700 -0.00473346887156367302
-0.66000002622604370100 -0.00472529977560043335
-0.64999997615814209000 -0.00472080521285533905
-0.63999998569488525400 -0.00470675714313983917
-0.62999999523162841800 -0.00469938199967145920
-0.62000000476837158200 -0.00468731392174959183
-0.61000001430511474600 -0.00468028802424669266
-0.60000002384185791000 -0.00469085806980729103
-0.58999997377395629900 -0.00469590490683913231
-0.57999998331069946300 -0.00468695303425192833
-0.56999999284744262700 -0.00469070393592119217
-0.56000000238418579100 -0.00466937199234962464
-0.55000001192092895500 -0.00465210108086466789
-0.54000002145767211900 -0.00466196285560727120
-0.52999997138977050800 -0.00464548822492361069
-0.51999998092651367200 -0.00463011721149086952
-0.50999999046325683600 -0.00463446695357561112
-0.50000000000000000000 -0.00463883019983768463
-0.49000000953674316400 -0.00462966086342930794
-0.47999998927116394000 -0.00464490707963705063
-0.46999999880790710400 -0.00463088601827621460
-0.46000000834465026800 -0.00460279081016778946
-0.44999998807907104500 -0.00460660597309470177
-0.43999999761581420900 -0.00460489885881543160
-0.43000000715255737300 -0.00457473099231719971
-0.41999998688697814900 -0.00457298010587692261
-0.40999999642372131300 -0.00457140896469354630
-0.40000000596046447700 -0.00456256093457341194
-0.38999998569488525400 -0.00457899412140250206
-0.37999999523162841800 -0.00458074687048792839
-0.37000000476837158200 -0.00456009292975068092
-0.36000001430511474600 -0.00454954011365771294
-0.34999999403953552200 -0.00454722903668880463
-0.34000000357627868600 -0.00453193904832005501
-0.33000001311302185100 -0.00452817883342504502
-0.31999999284744262700 -0.00451972195878624916
-0.31000000238418579100 -0.00450696703046560288
-0.30000001192092895500 -0.00452307704836130142
-0.28999999165534973100 -0.00452428311109542847
-0.28000000119209289500 -0.00451945886015892029
-0.27000001072883606000 -0.00452048098668456078
-0.25999999046325683600 -0.00450068991631269455
-0.25000000000000000000 -0.00448505394160747528
-0.23999999463558197000 -0.00449681701138615608
-0.23000000417232513400 -0.00447762804105877876
-0.21999999880790710400 -0.00445738714188337326
-0.20999999344348907500 -0.00446791714057326317
-0.20000000298023223900 -0.00447068177163600922
-0.18999999761581420900 -0.00447057886049151421
-0.18000000715255737300 -0.00447901291772723198
-0.17000000178813934300 -0.00446642795577645302
-0.15999999642372131300 -0.00444078398868441582
-0.15000000596046447800 -0.00444230902940034866
-0.14000000059604644800 -0.00444136885926127434
-0.12999999523162841800 -0.00441905111074447632
-0.11999999731779098500 -0.00441023102030158043
-0.10999999940395355200 -0.00441319122910499573
-0.10000000149011611900 -0.00441061705350875855
-0.09000000357627868650 -0.00442070886492729187
-0.07999999821186065670 -0.00442421296611428261
-0.07000000029802322390 -0.00440965406596660614
-0.05999999865889549260 -0.00439243204891681671
-0.05000000074505805970 -0.00438926089555025101
-0.03999999910593032840 -0.00438346620649099350
-0.02999999932944774630 -0.00437359604984521866
-0.01999999955296516420 -0.00436135893687605858
-0.00999999977648258210 -0.00435747718438506127
0.00000000000000000000 -0.00436824001371860504
0.00999999977648258210 -0.00436960207298398018
0.01999999955296516420 -0.00435823295265436173
0.02999999932944774630 -0.00436379900202155113
0.03999999910593032840 -0.00434324517846107483
0.05000000074505805970 -0.00432925112545490265
0.05999999865889549260 -0.00433224020525813103
0.07000000029802322390 -0.00431420002132654190
0.07999999821186065670 -0.00429722992703318596
0.09000000357627868650 -0.00429969513788819313
0.10000000149011611900 -0.00429621711373329163
0.10999999940395355200 -0.00429085502400994301
0.11999999731779098500 -0.00430196011438965798
0.12999999523162841800 -0.00427797017619013786
0.14000000059604644800 -0.00425244215875864029
0.15000000596046447800 -0.00425692321732640267
0.15999999642372131300 -0.00423929700627923012
0.17000000178813934300 -0.00422011921182274819
0.18000000715255737300 -0.00421362603083252907
0.18999999761581420900 -0.00420101918280124664
0.20000000298023223900 -0.00420136377215385437
0.20999999344348907500 -0.00420726602897047997
0.21999999880790710400 -0.00419659912586212158
0.23000000417232513400 -0.00418292498216032982
0.23999999463558197000 -0.00416315114125609398
0.25000000000000000000 -0.00414600083604454994
0.25999999046325683600 -0.00414157705381512642
0.27000001072883606000 -0.00412584282457828522
0.28000000119209289500 -0.00410078978165984154
0.28999999165534973100 -0.00409802980720996857
0.30000001192092895500 -0.00409905798733234406
0.31000000238418579100 -0.00408337498083710671
0.31999999284744262700 -0.00408314680680632591
0.33000001311302185100 -0.00406725984066724777
0.34000000357627868600 -0.00403248006477952004
0.34999999403953552200 -0.00402435008436441422
0.36000001430511474600 -0.00401094509288668633
0.37000000476837158200 -0.00397459510713815689
0.37999999523162841800 -0.00396121013909578324
0.38999998569488525400 -0.00394720584154129028
0.40000000596046447700 -0.00392793817445635796
0.40999999642372131300 -0.00392149807885289192
0.41999998688697814900 -0.00390780717134475708
0.43000000715255737300 -0.00386609300039708614
0.43999999761581420900 -0.00383142707869410515
0.44999998807907104500 -0.00380943901836872101
0.46000000834465026800 -0.00377118494361639023
0.46999999880790710400 -0.00372937694191932678
0.47999998927116394000 -0.00369137898087501526
0.49000000953674316400 -0.00364472204819321632
0.50000000000000000000 -0.00361416791565716267
0.50999999046325683600 -0.00356756011024117470
0.51999998092651367200 -0.00350742996670305729
0.52999997138977050800 -0.00343762990087270737
0.54000002145767211900 -0.00335098709911108017
0.55000001192092895500 -0.00325891701504588127
0.56000000238418579100 -0.00316915195435285568
0.56999999284744262700 -0.00305209099315106869
0.57999998331069946300 -0.00291981105692684650
0.58999997377395629900 -0.00279337097890675068
0.60000002384185791000 -0.00264911097474396229
0.61000001430511474600 -0.00248364801518619061
0.62000000476837158200 -0.00230783293955028057
0.62999999523162841800 -0.00211224309168756008
0.63999998569488525400 -0.00188379501923918724
0.64999997615814209000 -0.00165565300267189741
0.66000002622604370100 -0.00141409900970757008
0.67000001668930053700 -0.00114486494567245245
0.68000000715255737300 -0.00088438211241737008
0.68999999761581420900 -0.00060221337480470538
0.69999998807907104500 -0.00029994139913469553
0.70999997854232788100 -0.00001697640982456505
0.72000002861022949200 0.00029521499527618289
0.73000001907348632800 0.00062386842910200357
0.74000000953674316400 0.00095065572531893849
0.75000000000000000000 0.00128028797917068005
0.75999999046325683600 0.00162067601922899485
0.76999998092651367200 0.00195850199088454247
0.77999997138977050800 0.00229275505989789963
0.79000002145767211900 0.00262529100291430950
0.80000001192092895500 0.00294986995868384838
0.81000000238418579100 0.00327457999810576439
0.81999999284744262700 0.00358577910810709000
0.82999998331069946300 0.00388740608468651772
0.83999997377395629900 0.00417744088917970657
0.85000002384185791000 0.00445179501548409462
0.86000001430511474600 0.00471356278285384178
0.87000000476837158200 0.00495873112231492996
0.87999999523162841800 0.00518709979951381684
0.88999998569488525400 0.00539498589932918549
0.89999997615814209000 0.00558270700275897980
0.91000002622604370100 0.00575934909284114838
0.92000001668930053700 0.00592527678236365318
0.93000000715255737300 0.00607623485848307610
0.93999999761581420900 0.00621487293392419815
0.94999998807907104500 0.00634278915822505951
0.95999997854232788100 0.00645728502422571182
0.97000002861022949200 0.00656262412667274475
0.98000001907348632800 0.00667012110352516174
0.99000000953674316400 0.00677047017961740494
1.00000000000000000000 0.00685939379036426544
