-1.00000000000000000000 -0.00701795797795057297
-0.99000000953674316400 -0.00696530798450112343
-0.98000001907348632800 -0.00696300202980637551
-0.97000002861022949200 -0.00692819384858012200
-0.95999997854232788100 -0.00687728682532906532
-0.94999998807907104500 -0.00684522977098822594
-0.93999999761581420900 -0.00681946519762277603
-0.93000000715255737300 -0.00678738718852400780
-0.92000001668930053700 -0.00677160499617457390
-0.91000002622604370100 -0.00675040017813444138
-0.89999997615814209000 -0.00670035788789391518
-0.88999998569488525400 -0.00666254200041294098
-0.87999999523162841800 -0.00663038296625018120
-0.87000000476837158200 -0.00659319106489419937
-0.86000001430511474600 -0.00655698683112859726
-0.85000002384185791000 -0.00651964405551552773
-0.83999997377395629900 -0.00648018997162580490
-0.82999998331069946300 -0.00646033603698015213
-0.81999999284744262700 -0.00644310796633362770
-0.81000000238418579100 -0.00640048785135149956
-0.80000001192092895500 -0.00637645507231354714
-0.79000002145767211900 -0.00633085705339908600
-0.77999997138977050800 -0.00627679191529750824
-0.76999998092651367200 -0.00625714100897312164
-0.75999999046325683600 -0.00622368277981877327
-0.75000000000000000000 -0.00617135502398014069
-0.74000000953674316400 -0.00614790106192231178
-0.73000001907348632800 -0.00612772395834326744
-0.72000002861022949200 -0.00609438493847846985
-0.70999997854232788100 -0.00607708608731627464
-0.69999998807907104500 -0.00605357717722654343
-0.68999999761581420900 -0.00599884893745183945
-0.68000000715255737300 -0.00596049986779689789
-0.67000001668930053700 -0.00594406714662909508
-0.66000002622604370100 -0.00590135389938950539
-0.64999997615814209000 -0.00586054800078272820
-0.63999998569488525400 -0.00583940511569380760
-0.62999999523162841800 -0.00580852199345827103
-0.62000000476837158200 -0.00579896895214915276
-0.61000001430511474600 -0.00577665586024522782
-0.60000002384185791000 -0.00575217697769403458
-0.58999997377395629900 -0.00571458414196968079
-0.57999998331069946300 -0.00567736010998487473
-0.56999999284744262700 -0.00565220788121223450
-0.56000000238418579100 -0.00562413781881332398
-0.55000001192092895500 -0.00558553915470838547
-0.54000002145767211900 -0.00555249908939003945
-0.52999997138977050800 -0.00553369009867310524
-0.51999998092651367200 -0.00552331097424030304
-0.50999999046325683600 -0.00549544021487236023
-0.50000000000000000000 -0.00547538790851831436
-0.49000000953674316400 -0.00544229801744222641
-0.47999998927116394000 -0.00539052486419677735
-0.46999999880790710400 -0.00538108078762888909
-0.46000000834465026800 -0.00535829085856676102
-0.44999998807907104500 -0.00530693307518959046
-0.43999999761581420900 -0.00528781022876501084
-0.43000000715255737300 -0.00527333887293934822
-0.41999998688697814900 -0.00525089912116527558
-0.40999999642372131300 -0.00523981684818863869
-0.40000000596046447700 -0.00523399608209729195
-0.38999998569488525400 -0.00518098706379532814
-0.37999999523162841800 -0.00515575893223285675
-0.37000000476837158200 -0.00515174120664596558
-0.36000001430511474600 -0.00511507922783493996
-0.34999999403953552200 -0.00509146600961685181
-0.34000000357627868600 -0.00507859187200665474
-0.33000001311302185100 -0.00505113508552312851
-0.31999999284744262700 -0.00505740521475672722
-0.31000000238418579100 -0.00505096279084682465
-0.30000001192092895500 -0.00502501614391803742
-0.28999999165534973100 -0.00501073198392987251
-0.28000000119209289500 -0.00497702788561582565
-0.27000001072883606000 -0.00496105197817087174
-0.25999999046325683600 -0.00495497602969408035
-0.25000000000000000000 -0.00492590712383389473
-0.23999999463558197000 -0.00490118609741330147
-0.23000000417232513400 -0.00490448996424674988
-0.21999999880790710400 -0.00490309391170740128
-0.20999999344348907500 -0.00488234218209981918
-0.20000000298023223900 -0.00489073898643255234
-0.18999999761581420900 -0.00486542098224163056
-0.18000000715255737300 -0.00482493313029408455
-0.17000000178813934300 -0.00484019098803400994
-0.15999999642372131300 -0.00482556410133838654
-0.15000000596046447800 -0.00478559220209717751
-0.14000000059604644800 -0.00479262415319681168
-0.12999999523162841800 -0.00479123694822192192
-0.11999999731779098500 -0.00478072278201580048
-0.10999999940395355200 -0.00479433499276638031
-0.10000000149011611900 -0.00478923320770263672
-0.09000000357627868650 -0.00476442510262131691
-0.07999999821186065670 -0.00475300708785653114
-0.07000000029802322390 -0.00475697312504053116
-0.05999999865889549260 -0.00474392483010888100
-0.05000000074505805970 -0.00473354477435350418
-0.03999999910593032840 -0.00473011890426278114
-0.02999999932944774630 -0.00471840705722570419
-0.01999999955296516420 -0.00473609287291765213
-0.00999999977648258210 -0.00473501300439238548
0.00000000000000000000 -0.00472572911530733109
0.00999999977648258210 -0.00472111813724040985
0.01999999955296516420 -0.00469951890408992767
0.02999999932944774630 -0.00468338606879115105
0.03999999910593032840 -0.00468914117664098740
0.05000000074505805970 -0.00467762490734457970
0.05999999865889549260 -0.00465040607377886772
0.07000000029802322390 -0.00465789483860135079
0.07999999821186065670 -0.00466291513293981552
0.09000000357627868650 -0.00465005077421665192
0.10000000149011611900 -0.00466196285560727120
0.10999999940395355200 -0.00464804191142320633
0.11999999731779098500 -0.00461011705920100212
0.12999999523162841800 -0.00461698090657591820
0.14000000059604644800 -0.00460821017622947693
0.15000000596046447800 -0.00457435986027121544
0.15999999642372131300 -0.00457553984597325325
0.17000000178813934300 -0.00457390397787094116
0.18000000715255737300 -0.00456439983099699021
0.18999999761581420900 -0.00457267602905631066
0.20000000298023223900 -0.00457171490415930748
0.20999999344348907500 -0.00454557314515113831
0.21999999880790710400 -0.00453287176787853241
0.23000000417232513400 -0.00452318508177995682
0.23999999463558197000 -0.00450811302289366722
0.25000000000000000000 -0.00449873693287372589
0.25999999046325683600 -0.00447527691721916199
0.27000001072883606000 -0.00446069799363613129
0.28000000119209289500 -0.00446765078231692314
0.28999999165534973100 -0.00445813778787851334
0.30000001192092895500 -0.00444497819989919663
0.31000000238418579100 -0.00443544983863830567
0.31999999284744262700 -0.00440109986811876297
0.33000001311302185100 -0.00437873695045709610
0.34000000357627868600 -0.00437302002683281899
0.34999999403953552200 -0.00434162281453609467
0.36000001430511474600 -0.00430874293670058251
0.37000000476837158200 -0.00429875683039426804
0.37999999523162841800 -0.00427906122058629990
0.38999998569488525400 -0.00425434298813343048
0.40000000596046447700 -0.00424686307087540627
0.40999999642372131300 -0.00421337690204381943
0.41999998688697814900 -0.00416982918977737427
0.43000000715255737300 -0.00413525709882378578
0.43999999761581420900 -0.00410525081679224968
0.44999998807907104500 -0.00405709119513630867
0.46000000834465026800 -0.00401395885273814201
0.46999999880790710400 -0.00396731076762080193
0.47999998927116394000 -0.00392076419666409493
0.49000000953674316400 -0.00388117809779942036
0.50000000000000000000 -0.00381191098131239414
0.50999999046325683600 -0.00374571909196674824
0.51999998092651367200 -0.00365698803216218948
0.52999997138977050800 -0.00355585804209113121
0.54000002145767211900 -0.00346223008818924427
0.55000001192092895500 -0.00334855797700583935
0.56000000238418579100 -0.00320920790545642376
0.56999999284744262700 -0.00307524902746081352
0.57999998331069946300 -0.00293159205466508865
0.58999997377395629900 -0.00275785895064473152
0.60000002384185791000 -0.00257483590394258499
0.61000001430511474600 -0.00236785388551652432
0.62000000476837158200 -0.00212940108031034470
0.62999999523162841800 -0.00187755294609814882
0.63999998569488525400 -0.00162104901392012835
0.64999997615814209000 -0.00133317394647747278
0.66000002622604370100 -0.00103424594271928072
0.67000001668930053700 -0.00074401911115273833
0.68000000715255737300 -0.00041767369839362800
0.68999999761581420900 -0.00009389303158968687
0.69999998807907104500 0.00019897740276064724
0.70999997854232788100 0.00054163171444088221
0.72000002861022949200 0.00089032627874985337
0.73000001907348632800 0.00122728804126381874
0.74000000953674316400 0.00157761701848357916
0.75000000000000000000 0.00192467903252691031
0.75999999046325683600 0.00225950800813734531
0.76999998092651367200 0.00258971308358013630
0.77999997138977050800 0.00291300495155155659
0.79000002145767211900 0.00322112301364541054
0.80000001192092895500 0.00351768010295927525
0.81000000238418579100 0.00380564201623201370
0.81999999284744262700 0.00408034492284059525
0.82999998331069946300 0.00434409081935882568
0.83999997377395629900 0.00459856819361448288
0.85000002384185791000 0.00484692817553877831
0.86000001430511474600 0.00508688110858201981
0.87000000476837158200 0.00532067613676190376
0.87999999523162841800 0.00555214891210198403
0.88999998569488525400 0.00578245101496577263
0.89999997615814209000 0.00600465806201100350
0.91000002622604370100 0.00623465096578001976
0.92000001668930053700 0.00646204082295298577
0.93000000715255737300 0.00668821576982736588
0.93999999761581420900 0.00691470410674810410
0.94999998807907104500 0.00714298477396368981
0.95999997854232788100 0.00737604498863220215
0.97000002861022949200 0.00761379487812519074
0.98000001907348632800 0.00784746278077363968
0.99000000953674316400 0.00809511821717023850
1.00000000000000000000 0.00833915732800960541
