-1.00000000000000000000 -0.01241097040474414830
-0.99000000953674316400 -0.01169619988650083540
-0.98000001907348632800 -0.01130902953445911410
-0.97000002861022949200 -0.01109168957918882370
-0.95999997854232788100 -0.01090779993683099750
-0.94999998807907104500 -0.01078534033149480820
-0.93999999761581420900 -0.01064219977706670760
-0.93000000715255737300 -0.01047957036644220350
-0.92000001668930053700 -0.01037522964179515840
-0.91000002622604370100 -0.01025531999766826630
-0.89999997615814209000 -0.01012875977903604510
-0.88999998569488525400 -0.01002539042383432390
-0.87999999523162841800 -0.01040347013622522350
-0.87000000476837158200 -0.01029379013925790790
-0.86000001430511474600 -0.01018401980400085450
-0.85000002384185791000 -0.01008644979447126390
-0.83999997377395629900 -0.01000093016773462300
-0.82999998331069946300 -0.00990389380604028702
-0.81999999284744262700 -0.00980523508042097092
-0.81000000238418579100 -0.00971220713108778000
-0.80000001192092895500 -0.00959520041942596436
-0.79000002145767211900 -0.00950969103723764420
-0.77999997138977050800 -0.00941231474280357361
-0.76999998092651367200 -0.00931092724204063416
-0.75999999046325683600 -0.00923785474151372910
-0.75000000000000000000 -0.00917302072048187256
-0.74000000953674316400 -0.00909418519586324692
-0.73000001907348632800 -0.00902623310685157776
-0.72000002861022949200 -0.00895653199404478073
-0.70999997854232788100 -0.00885031279176473618
-0.69999998807907104500 -0.00879912637174129486
-0.68999999761581420900 -0.00873304158449172974
-0.68000000715255737300 -0.00863208156079053879
-0.67000001668930053700 -0.00856938213109970093
-0.66000002622604370100 -0.00851880945265293122
-0.64999997615814209000 -0.00845089554786682129
-0.63999998569488525400 -0.00840231124311685562
-0.62999999523162841800 -0.00835124775767326355
-0.62000000476837158200 -0.00826370622962713242
-0.61000001430511474600 -0.00818520970642566681
-0.60000002384185791000 -0.00814547482877969742
-0.58999997377395629900 -0.00806726142764091492
-0.57999998331069946300 -0.00799536798149347306
-0.56999999284744262700 -0.00794201437383890152
-0.56000000238418579100 -0.00788393802940845490
-0.55000001192092895500 -0.00784073211252689362
-0.54000002145767211900 -0.00779579905793070793
-0.52999997138977050800 -0.00773495994508266449
-0.51999998092651367200 -0.00767476810142397881
-0.50999999046325683600 -0.00760955084115266800
-0.50000000000000000000 -0.00755716813728213310
-0.49000000953674316400 -0.00749750109389424324
-0.47999998927116394000 -0.00743728596717119217
-0.46999999880790710400 -0.00738580478355288506
-0.46000000834465026800 -0.00735086109489202500
-0.44999998807907104500 -0.00731519190594553948
-0.43999999761581420900 -0.00726713007315993309
-0.43000000715255737300 -0.00722793303430080414
-0.41999998688697814900 -0.00717161409556865692
-0.40999999642372131300 -0.00712640723213553429
-0.40000000596046447700 -0.00708733405917882920
-0.38999998569488525400 -0.00702873710542917252
-0.37999999523162841800 -0.00698732119053602219
-0.37000000476837158200 -0.00695635797455906868
-0.36000001430511474600 -0.00692926719784736634
-0.34999999403953552200 -0.00689355796203017235
-0.34000000357627868600 -0.00687437085434794426
-0.33000001311302185100 -0.00682573579251766205
-0.31999999284744262700 -0.00676146289333701134
-0.31000000238418579100 -0.00674505112692713738
-0.30000001192092895500 -0.00670545408502221108
-0.28999999165534973100 -0.00664426013827323914
-0.28000000119209289500 -0.00661798520013689995
-0.27000001072883606000 -0.00658932793885469437
-0.25999999046325683600 -0.00656222784891724587
-0.25000000000000000000 -0.00654086191207170487
-0.23999999463558197000 -0.00651175901293754578
-0.23000000417232513400 -0.00646482082083821297
-0.21999999880790710400 -0.00642402702942490578
-0.20999999344348907500 -0.00639729108661413193
-0.20000000298023223900 -0.00635945005342364311
-0.18999999761581420900 -0.00632298411801457405
-0.18000000715255737300 -0.00630249688401818276
-0.17000000178813934300 -0.00628517102450132370
-0.15999999642372131300 -0.00627609714865684510
-0.15000000596046447800 -0.00625485321506857872
-0.14000000059604644800 -0.00623665796592831612
-0.12999999523162841800 -0.00620422093197703362
-0.11999999731779098500 -0.00617157714441418648
-0.10999999940395355200 -0.00614470709115266800
-0.10000000149011611900 -0.00611404096707701683
-0.09000000357627868650 -0.00607753312215209007
-0.07999999821186065670 -0.00605760607868432999
-0.07000000029802322390 -0.00605615694075822830
-0.05999999865889549260 -0.00602228380739688874
-0.05000000074505805970 -0.00600654305890202522
-0.03999999910593032840 -0.00597829883918166161
-0.02999999932944774630 -0.00591825414448976517
-0.01999999955296516420 -0.00589374406263232231
-0.00999999977648258210 -0.00586952222511172295
0.00000000000000000000 -0.00580660207197070122
0.00999999977648258210 -0.00576791306957602501
0.01999999955296516420 -0.00574629101902246475
0.02999999932944774630 -0.00571788102388381958
0.03999999910593032840 -0.00568375922739505768
0.05000000074505805970 -0.00565159600228071213
0.05999999865889549260 -0.00561176193878054619
0.07000000029802322390 -0.00554701592773199082
0.07999999821186065670 -0.00550583098083734512
0.09000000357627868650 -0.00546261901035904884
0.10000000149011611900 -0.00539390789344906807
0.10999999940395355200 -0.00535149406641721726
0.11999999731779098500 -0.00530911888927221298
0.12999999523162841800 -0.00527104502543807030
0.14000000059604644800 -0.00523090315982699394
0.15000000596046447800 -0.00519195711240172386
0.15999999642372131300 -0.00513004884123802185
0.17000000178813934300 -0.00505702896043658257
0.18000000715255737300 -0.00501489406451582909
0.18999999761581420900 -0.00494875619187951088
0.20000000298023223900 -0.00487366784363985062
0.20999999344348907500 -0.00481554213911294937
0.21999999880790710400 -0.00475622806698083878
0.23000000417232513400 -0.00470651686191558838
0.23999999463558197000 -0.00464674877002835274
0.25000000000000000000 -0.00457721995189785957
0.25999999046325683600 -0.00449633086100220680
0.27000001072883606000 -0.00440381793305277825
0.28000000119209289500 -0.00433456106111407280
0.28999999165534973100 -0.00425507593899965286
0.30000001192092895500 -0.00415624910965561867
0.31000000238418579100 -0.00407213997095823288
0.31999999284744262700 -0.00399686722084879875
0.33000001311302185100 -0.00391378719359636307
0.34000000357627868600 -0.00382697908207774162
0.34999999403953552200 -0.00374037399888038635
0.36000001430511474600 -0.00362716591916978359
0.37000000476837158200 -0.00352390995249152184
0.37999999523162841800 -0.00343444989994168282
0.38999998569488525400 -0.00331598008051514626
0.40000000596046447700 -0.00320419389754533768
0.40999999642372131300 -0.00310582108795642853
0.41999998688697814900 -0.00299295899458229542
0.43000000715255737300 -0.00288884900510311127
0.43999999761581420900 -0.00278367288410663605
0.44999998807907104500 -0.00264195189811289311
0.46000000834465026800 -0.00249480106867849827
0.46999999880790710400 -0.00236948789097368717
0.47999998927116394000 -0.00220940797589719296
0.49000000953674316400 -0.00204468006268143654
0.50000000000000000000 -0.00188597501255571842
0.50999999046325683600 -0.00171089498326182365
0.51999998092651367200 -0.00153337896335870028
0.52999997138977050800 -0.00135385699104517698
0.54000002145767211900 -0.00114643096458166838
0.55000001192092895500 -0.00085174612468108535
0.56000000238418579100 -0.00065813912078738213
0.56999999284744262700 -0.00044110551243647933
0.57999998331069946300 -0.00021815979562234133
0.58999997377395629900 0.00004626448935596272
0.60000002384185791000 0.00020566639432217926
0.61000001430511474600 0.00044962781248614192
0.62000000476837158200 0.00070078368298709393
0.62999999523162841800 0.00093381962506100535
0.63999998569488525400 0.00107973394915461540
0.64999997615814209000 0.00133928202558308840
0.66000002622604370100 0.00159449805505573750
0.67000001668930053700 0.00186379498336464167
0.68000000715255737300 0.00215323991142213345
0.68999999761581420900 0.00245985109359025955
0.69999998807907104500 0.00276948208920657635
0.70999997854232788100 0.00304654310457408428
0.72000002861022949200 0.00332111399620771408
0.73000001907348632800 0.00359055004082620144
0.74000000953674316400 0.00382791506126523018
0.75000000000000000000 0.00409456901252269745
0.75999999046325683600 0.00435587996616959572
0.76999998092651367200 0.00428920798003673554
0.77999997138977050800 0.00473739206790924072
0.79000002145767211900 0.00508748507127165795
0.80000001192092895500 0.00542176607996225357
0.81000000238418579100 0.00593125494197010994
0.81999999284744262700 0.00618315301835536957
0.82999998331069946300 0.00647120503708720207
0.83999997377395629900 0.00666007911786437035
0.85000002384185791000 0.00736091379076242447
0.86000001430511474600 0.00774185918271541596
0.87000000476837158200 0.00779846310615539551
0.87999999523162841800 0.00852084159851074219
0.88999998569488525400 0.00858790054917335510
0.89999997615814209000 0.00930916145443916321
0.91000002622604370100 0.00963202770799398423
0.92000001668930053700 0.00992625672370195389
0.93000000715255737300 0.01015871018171310420
0.93999999761581420900 0.01014771964401006700
0.94999998807907104500 0.01037592999637126920
0.95999997854232788100 0.01090325973927974700
0.97000002861022949200 0.01122966036200523380
0.98000001907348632800 0.01171192992478609090
0.99000000953674316400 0.01207370031625032430
1.00000000000000000000 0.01213527005165815350
