-1.00000000000000000000 -0.00434043304994702339
-0.99000000953674316400 -0.00431669922545552254
-0.98000001907348632800 -0.00430181482806801796
-0.97000002861022949200 -0.00428821193054318428
-0.95999997854232788100 -0.00428106309846043587
-0.94999998807907104500 -0.00427282601594924927
-0.93999999761581420900 -0.00424697389826178551
-0.93000000715255737300 -0.00422984594479203224
-0.92000001668930053700 -0.00422804290428757668
-0.91000002622604370100 -0.00420831097289919853
-0.89999997615814209000 -0.00419232482090592384
-0.88999998569488525400 -0.00418514804914593697
-0.87999999523162841800 -0.00418121786788105965
-0.87000000476837158200 -0.00418401416391134262
-0.86000001430511474600 -0.00418383115902543068
-0.85000002384185791000 -0.00417763320729136467
-0.83999997377395629900 -0.00416537281125783920
-0.82999998331069946300 -0.00414477894082665444
-0.81999999284744262700 -0.00414597988128662110
-0.81000000238418579100 -0.00413889996707439423
-0.80000001192092895500 -0.00411458220332860947
-0.79000002145767211900 -0.00411137379705905914
-0.77999997138977050800 -0.00411010114476084709
-0.76999998092651367200 -0.00411121500656008721
-0.75999999046325683600 -0.00411027902737259865
-0.75000000000000000000 -0.00411218684166669846
-0.74000000953674316400 -0.00409820908680558205
-0.73000001907348632800 -0.00407904200255870819
-0.72000002861022949200 -0.00408169301226735115
-0.70999997854232788100 -0.00407332694157958031
-0.69999998807907104500 -0.00405237404629588127
-0.68999999761581420900 -0.00404664315283298493
-0.68000000715255737300 -0.00404706690460443497
-0.67000001668930053700 -0.00404700217768549919
-0.66000002622604370100 -0.00404905620962381363
-0.64999997615814209000 -0.00404987297952175140
-0.63999998569488525400 -0.00404029712080955506
-0.62999999523162841800 -0.00402423785999417305
-0.62000000476837158200 -0.00402259500697255135
-0.61000001430511474600 -0.00401452695950865746
-0.60000002384185791000 -0.00399917783215641976
-0.58999997377395629900 -0.00399225810542702675
-0.57999998331069946300 -0.00398868788033723831
-0.56999999284744262700 -0.00399115495383739472
-0.56000000238418579100 -0.00398880895227193833
-0.55000001192092895500 -0.00398965878412127495
-0.54000002145767211900 -0.00398852396756410599
-0.52999997138977050800 -0.00397091312333941460
-0.51999998092651367200 -0.00395806180313229561
-0.50999999046325683600 -0.00395994493737816811
-0.50000000000000000000 -0.00394510477781295776
-0.49000000953674316400 -0.00393403181806206703
-0.47999998927116394000 -0.00393202388659119606
-0.46999999880790710400 -0.00392874376848340035
-0.46000000834465026800 -0.00393301714211702347
-0.44999998807907104500 -0.00393119920045137406
-0.43999999761581420900 -0.00392785388976335526
-0.43000000715255737300 -0.00391686614602804184
-0.41999998688697814900 -0.00389864109456539154
-0.40999999642372131300 -0.00389981199987232685
-0.40000000596046447700 -0.00389340589754283428
-0.38999998569488525400 -0.00387579598464071751
-0.37999999523162841800 -0.00386961200274527073
-0.37000000476837158200 -0.00387072702869772911
-0.36000001430511474600 -0.00387168698944151402
-0.34999999403953552200 -0.00387076288461685181
-0.34000000357627868600 -0.00387109396979212761
-0.33000001311302185100 -0.00385968806222081184
-0.31999999284744262700 -0.00383865507319569588
-0.31000000238418579100 -0.00384336896240711212
-0.30000001192092895500 -0.00383132789283990860
-0.28999999165534973100 -0.00381282600574195385
-0.28000000119209289500 -0.00380821502767503262
-0.27000001072883606000 -0.00380658800713717938
-0.25999999046325683600 -0.00380556099116802216
-0.25000000000000000000 -0.00380530301481485367
-0.23999999463558197000 -0.00380524410866200924
-0.23000000417232513400 -0.00379176810383796692
-0.21999999880790710400 -0.00377532094717025757
-0.20999999344348907500 -0.00377523689530789852
-0.20000000298023223900 -0.00376438698731362820
-0.18999999761581420900 -0.00374614098109304905
-0.18000000715255737300 -0.00373652507551014424
-0.17000000178813934300 -0.00373420910909771919
-0.15999999642372131300 -0.00373132899403572083
-0.15000000596046447800 -0.00372861698269844055
-0.14000000059604644800 -0.00372808706015348435
-0.12999999523162841800 -0.00372007396072149277
-0.11999999731779098500 -0.00370188103988766670
-0.10999999940395355200 -0.00369140901602804661
-0.10000000149011611900 -0.00368608790449798107
-0.09000000357627868650 -0.00366889010183513165
-0.07999999821186065670 -0.00365614308975636959
-0.07000000029802322390 -0.00364996702410280705
-0.05999999865889549260 -0.00364660704508423805
-0.05000000074505805970 -0.00364255299791693688
-0.03999999910593032840 -0.00363763002678751946
-0.02999999932944774630 -0.00362635706551373005
-0.01999999955296516420 -0.00361241097562015057
-0.00999999977648258210 -0.00359414308331906796
0.00000000000000000000 -0.00358794489875435829
0.00999999977648258210 -0.00357416388578712940
0.01999999955296516420 -0.00355244590900838375
0.02999999932944774630 -0.00353937805630266667
0.03999999910593032840 -0.00353549490682780743
0.05000000074505805970 -0.00353025807999074459
0.05999999865889549260 -0.00351906707510352135
0.07000000029802322390 -0.00351603399030864239
0.07999999821186065670 -0.00349604804068803787
0.09000000357627868650 -0.00346702104434370995
0.10000000149011611900 -0.00346250110305845738
0.10999999940395355200 -0.00344552798196673393
0.11999999731779098500 -0.00341518293134868145
0.12999999523162841800 -0.00340178189799189568
0.14000000059604644800 -0.00339044909924268723
0.15000000596046447800 -0.00337382405996322632
0.15999999642372131300 -0.00336322607472538948
0.17000000178813934300 -0.00334748509339988232
0.18000000715255737300 -0.00332387001253664494
0.18999999761581420900 -0.00329392496496438980
0.20000000298023223900 -0.00327391410246491432
0.20999999344348907500 -0.00324695301242172718
0.21999999880790710400 -0.00321668409742414951
0.23000000417232513400 -0.00318757910281419754
0.23999999463558197000 -0.00315986899659037590
0.25000000000000000000 -0.00313701899722218514
0.25999999046325683600 -0.00311044510453939438
0.27000001072883606000 -0.00307796406559646130
0.28000000119209289500 -0.00304440106265246868
0.28999999165534973100 -0.00300092506222426891
0.30000001192092895500 -0.00295457802712917328
0.31000000238418579100 -0.00291520007885992527
0.31999999284744262700 -0.00286499690264463425
0.33000001311302185100 -0.00280996691435575485
0.34000000357627868600 -0.00276107597164809704
0.34999999403953552200 -0.00270843389444053173
0.36000001430511474600 -0.00265197898261249065
0.37000000476837158200 -0.00258950400166213512
0.37999999523162841800 -0.00252386508509516716
0.38999998569488525400 -0.00244550802744925022
0.40000000596046447700 -0.00236096000298857689
0.40999999642372131300 -0.00228114798665046692
0.41999998688697814900 -0.00218966393731534481
0.43000000715255737300 -0.00208947900682687759
0.43999999761581420900 -0.00198863609693944454
0.44999998807907104500 -0.00188345299102365971
0.46000000834465026800 -0.00177221198100596666
0.46999999880790710400 -0.00165253295563161373
0.47999998927116394000 -0.00152741698548197746
0.49000000953674316400 -0.00139076600316911936
0.50000000000000000000 -0.00124517304357141256
0.50999999046325683600 -0.00110015703830868006
0.51999998092651367200 -0.00097143702441826463
0.52999997138977050800 -0.00079825072316452861
0.54000002145767211900 -0.00062752072699368000
0.55000001192092895500 -0.00045374420005828142
0.56000000238418579100 -0.00027251779101788998
0.56999999284744262700 -0.00012251839507371187
0.57999998331069946300 0.00006555773143190891
0.58999997377395629900 0.00024979829322546721
0.60000002384185791000 0.00045428061275742948
0.61000001430511474600 0.00066036777570843697
0.62000000476837158200 0.00086828361963853240
0.62999999523162841800 0.00106073904316872358
0.63999998569488525400 0.00127712404355406761
0.64999997615814209000 0.00149112101644277573
0.66000002622604370100 0.00170401099603623152
0.67000001668930053700 0.00191865104716271162
0.68000000715255737300 0.00213181809522211552
0.68999999761581420900 0.00234329001978039742
0.69999998807907104500 0.00255507300607860088
0.70999997854232788100 0.00276798196136951447
0.72000002861022949200 0.00298001803457736969
0.73000001907348632800 0.00318984803743660450
0.74000000953674316400 0.00339953601360321045
0.75000000000000000000 0.00360432197339832783
0.75999999046325683600 0.00380207202397286892
0.76999998092651367200 0.00400833599269390106
0.77999997138977050800 0.00420830491930246353
0.79000002145767211900 0.00439965911209583283
0.80000001192092895500 0.00459844013676047325
0.81000000238418579100 0.00479504698887467384
0.81999999284744262700 0.00499040819704532623
0.82999998331069946300 0.00518611911684274674
0.83999997377395629900 0.00538103794679045677
0.85000002384185791000 0.00556442700326442719
0.86000001430511474600 0.00574561906978487969
0.87000000476837158200 0.00593603309243917465
0.87999999523162841800 0.00611531920731067658
0.88999998569488525400 0.00629090378060936928
0.89999997615814209000 0.00647187512367963791
0.91000002622604370100 0.00665052281692624092
0.92000001668930053700 0.00683316215872764588
0.93000000715255737300 0.00701619684696197510
0.93999999761581420900 0.00719072017818689347
0.94999998807907104500 0.00736673921346664429
0.95999997854232788100 0.00753254303708672524
0.97000002861022949200 0.00769728980958461762
0.98000001907348632800 0.00787043105810880661
0.99000000953674316400 0.00803160481154918671
1.00000000000000000000 0.00818928517401218415
