-1.00000000000000000000 -0.00594938406720757485
-0.99000000953674316400 -0.00593696301802992821
-0.98000001907348632800 -0.00591906998306512833
-0.97000002861022949200 -0.00593899702653288841
-0.95999997854232788100 -0.00593313015997409821
-0.94999998807907104500 -0.00590669596567749977
-0.93999999761581420900 -0.00592135684564709664
-0.93000000715255737300 -0.00593127915635704994
-0.92000001668930053700 -0.00593419186770915985
-0.91000002622604370100 -0.00594693608582019806
-0.89999997615814209000 -0.00594432884827256203
-0.88999998569488525400 -0.00592389097437262535
-0.87999999523162841800 -0.00592113612219691277
-0.87000000476837158200 -0.00592457689344882965
-0.86000001430511474600 -0.00590312201529741287
-0.85000002384185791000 -0.00589680997654795647
-0.83999997377395629900 -0.00590155413374304772
-0.82999998331069946300 -0.00590660283342003822
-0.81999999284744262700 -0.00591837009415030480
-0.81000000238418579100 -0.00592273101210594177
-0.80000001192092895500 -0.00591188995167613030
-0.79000002145767211900 -0.00589146697893738747
-0.77999997138977050800 -0.00590283004567027092
-0.76999998092651367200 -0.00589709822088479996
-0.75999999046325683600 -0.00588146504014730454
-0.75000000000000000000 -0.00588604202494025231
-0.74000000953674316400 -0.00589957181364297867
-0.73000001907348632800 -0.00591858616098761559
-0.72000002861022949200 -0.00591902807354927063
-0.70999997854232788100 -0.00593317579478025437
-0.69999998807907104500 -0.00592072308063507080
-0.68999999761581420900 -0.00590596813708543778
-0.68000000715255737300 -0.00592354405671358109
-0.67000001668930053700 -0.00591864716261625290
-0.66000002622604370100 -0.00589831592515110970
-0.64999997615814209000 -0.00591399520635604859
-0.63999998569488525400 -0.00593035900965332985
-0.62999999523162841800 -0.00592944910749793053
-0.62000000476837158200 -0.00594755914062261582
-0.61000001430511474600 -0.00593619002029299736
-0.60000002384185791000 -0.00590874999761581421
-0.58999997377395629900 -0.00592415407299995423
-0.57999998331069946300 -0.00591977778822183609
-0.56999999284744262700 -0.00588736217468976975
-0.56000000238418579100 -0.00590052781626582146
-0.55000001192092895500 -0.00590509222820401192
-0.54000002145767211900 -0.00591342709958553314
-0.52999997138977050800 -0.00592541182413697243
-0.51999998092651367200 -0.00592317478731274605
-0.50999999046325683600 -0.00591419683769345284
-0.50000000000000000000 -0.00590245192870497704
-0.49000000953674316400 -0.00591153698042035103
-0.47999998927116394000 -0.00590528501197695732
-0.46999999880790710400 -0.00589223485440015793
-0.46000000834465026800 -0.00589971989393234253
-0.44999998807907104500 -0.00591411022469401360
-0.43999999761581420900 -0.00592001108452677727
-0.43000000715255737300 -0.00593075389042496681
-0.41999998688697814900 -0.00592675898224115372
-0.40999999642372131300 -0.00589969800785183907
-0.40000000596046447700 -0.00591137306764721871
-0.38999998569488525400 -0.00590837793424725533
-0.37999999523162841800 -0.00589134776964783669
-0.37000000476837158200 -0.00588925601914525032
-0.36000001430511474600 -0.00589650496840476990
-0.34999999403953552200 -0.00590788293629884720
-0.34000000357627868600 -0.00590636720880866051
-0.33000001311302185100 -0.00591193512082099915
-0.31999999284744262700 -0.00589550612494349480
-0.31000000238418579100 -0.00587081303820014000
-0.30000001192092895500 -0.00588456308469176293
-0.28999999165534973100 -0.00587666314095258713
-0.28000000119209289500 -0.00584637699648737908
-0.27000001072883606000 -0.00585890002548694611
-0.25999999046325683600 -0.00586805492639541626
-0.25000000000000000000 -0.00587216299027204514
-0.23999999463558197000 -0.00589211890473961830
-0.23000000417232513400 -0.00588231906294822693
-0.21999999880790710400 -0.00586317619308829308
-0.20999999344348907500 -0.00587686616927385330
-0.20000000298023223900 -0.00587227009236812592
-0.18999999761581420900 -0.00586015405133366585
-0.18000000715255737300 -0.00586897786706686020
-0.17000000178813934300 -0.00587660307064652443
-0.15999999642372131300 -0.00589103484526276589
-0.15000000596046447800 -0.00590309407562017441
-0.14000000059604644800 -0.00590109219774603844
-0.12999999523162841800 -0.00589749077335000038
-0.11999999731779098500 -0.00588791398331522942
-0.10999999940395355200 -0.00588957779109477997
-0.10000000149011611900 -0.00588443502783775330
-0.09000000357627868650 -0.00587348081171512604
-0.07999999821186065670 -0.00587133597582578659
-0.07000000029802322390 -0.00588830513879656792
-0.05999999865889549260 -0.00589675502851605416
-0.05000000074505805970 -0.00589756388217210770
-0.03999999910593032840 -0.00589136686176061630
-0.02999999932944774630 -0.00586484419181942940
-0.01999999955296516420 -0.00587210012599825859
-0.00999999977648258210 -0.00586669379845261574
0.00000000000000000000 -0.00584794580936431885
0.00999999977648258210 -0.00584543589502573014
0.01999999955296516420 -0.00585542712360620499
0.02999999932944774630 -0.00586941977962851525
0.03999999910593032840 -0.00587020488455891609
0.05000000074505805970 -0.00588775984942913056
0.05999999865889549260 -0.00587539188563823700
0.07000000029802322390 -0.00585224898532032967
0.07999999821186065670 -0.00586884282529354096
0.09000000357627868650 -0.00586549704894423485
0.10000000149011611900 -0.00583992712199687958
0.10999999940395355200 -0.00584712717682123184
0.11999999731779098500 -0.00585346110165119171
0.12999999523162841800 -0.00586239388212561608
0.14000000059604644800 -0.00586620112881064415
0.15000000596046447800 -0.00586621183902025223
0.15999999642372131300 -0.00585057586431503296
0.17000000178813934300 -0.00583390193060040474
0.18000000715255737300 -0.00583832617849111557
0.18999999761581420900 -0.00582620501518249512
0.20000000298023223900 -0.00580337317660450936
0.20999999344348907500 -0.00580397900193929672
0.21999999880790710400 -0.00580855505540966988
0.23000000417232513400 -0.00580898905172944069
0.23999999463558197000 -0.00580599019303917885
0.25000000000000000000 -0.00579459220170974732
0.25999999046325683600 -0.00577218690887093544
0.27000001072883606000 -0.00576615892350673676
0.28000000119209289500 -0.00576533703133463860
0.28999999165534973100 -0.00574167119339108467
0.30000001192092895500 -0.00573404505848884583
0.31000000238418579100 -0.00573368789628148079
0.31999999284744262700 -0.00574778206646442414
0.33000001311302185100 -0.00573437986895442009
0.34000000357627868600 -0.00573554914444684982
0.34999999403953552200 -0.00571798812597990036
0.36000001430511474600 -0.00568004418164491654
0.37000000476837158200 -0.00568248284980654717
0.37999999523162841800 -0.00566100701689720154
0.38999998569488525400 -0.00561897177249193192
0.40000000596046447700 -0.00560330506414175034
0.40999999642372131300 -0.00559616507962346077
0.41999998688697814900 -0.00556828500702977181
0.43000000715255737300 -0.00555711193010210991
0.43999999761581420900 -0.00553064886480569840
0.44999998807907104500 -0.00547240721061825752
0.46000000834465026800 -0.00544281722977757454
0.46999999880790710400 -0.00540649611502885819
0.47999998927116394000 -0.00535043980926275253
0.49000000953674316400 -0.00529219210147857666
0.50000000000000000000 -0.00526191806420683861
0.50999999046325683600 -0.00519505422562360764
0.51999998092651367200 -0.00513897510245442391
0.52999997138977050800 -0.00508177699521183968
0.54000002145767211900 -0.00497778505086898804
0.55000001192092895500 -0.00488476501777768135
0.56000000238418579100 -0.00478378590196371079
0.56999999284744262700 -0.00465931883081793785
0.57999998331069946300 -0.00449201092123985291
0.58999997377395629900 -0.00436010397970676422
0.60000002384185791000 -0.00408177683129906654
0.61000001430511474600 -0.00386314210481941700
0.62000000476837158200 -0.00358643708750605583
0.62999999523162841800 -0.00317919394001364708
0.63999998569488525400 -0.00285788509063422680
0.64999997615814209000 -0.00236453791148960590
0.66000002622604370100 -0.00187613605521619320
0.67000001668930053700 -0.00131128495559096336
0.68000000715255737300 -0.00069217261625453830
0.68999999761581420900 -0.00008843035902827978
0.69999998807907104500 0.00069198739947751164
0.70999997854232788100 0.00139818305615335703
0.72000002861022949200 0.00214468105696141720
0.73000001907348632800 0.00314612803049385548
0.74000000953674316400 0.00393869215622544289
0.75000000000000000000 0.00483665708452463150
0.75999999046325683600 0.00588539522141218186
0.76999998092651367200 0.00662792893126606941
0.77999997138977050800 0.00776178389787673950
0.79000002145767211900 0.00866208132356405258
0.80000001192092895500 0.00973860453814268112
0.81000000238418579100 0.01013650000095367430
0.81999999284744262700 0.01138184033334255220
0.82999998331069946300 0.01210695970803499220
0.83999997377395629900 0.01331249997019767760
0.85000002384185791000 0.01435363013297319410
0.86000001430511474600 0.01543310005217790600
0.87000000476837158200 0.01655877009034156800
0.87999999523162841800 0.01771108992397785190
0.88999998569488525400 0.01867163926362991330
0.89999997615814209000 0.01971671916544437410
0.91000002622604370100 0.02102641016244888310
0.92000001668930053700 0.02181543968617916110
0.93000000715255737300 0.02319343015551567080
0.93999999761581420900 0.02416851930320262910
0.94999998807907104500 0.02538317069411277770
0.95999997854232788100 0.02668933942914009090
0.97000002861022949200 0.02781609073281288150
0.98000001907348632800 0.02886107936501502990
0.99000000953674316400 0.03008753061294555660
1.00000000000000000000 0.03128030151128768920
