-1.00000000000000000000 -0.00000589362707614782
-0.99000000953674316400 -0.00000580155983698205
-0.98000001907348632800 -0.00000565500113225426
-0.97000002861022949200 -0.00000556175518795499
-0.95999997854232788100 -0.00000544778413313907
-0.94999998807907104500 -0.00000532114199813805
-0.93999999761581420900 -0.00000523004882779787
-0.93000000715255737300 -0.00000510117706653546
-0.92000001668930053700 -0.00000501471185998525
-0.91000002622604370100 -0.00000487028410134371
-0.89999997615814209000 -0.00000482502082377323
-0.88999998569488525400 -0.00000467508289148100
-0.87999999523162841800 -0.00000459435113953077
-0.87000000476837158200 -0.00000447449792773114
-0.86000001430511474600 -0.00000435966921941144
-0.85000002384185791000 -0.00000426772794526187
-0.83999997377395629900 -0.00000415772092310362
-0.82999998331069946300 -0.00000407265406465740
-0.81999999284744262700 -0.00000394109019907773
-0.81000000238418579100 -0.00000390831019103643
-0.80000001192092895500 -0.00000376961202164239
-0.79000002145767211900 -0.00000371491591977247
-0.77999997138977050800 -0.00000360594890480570
-0.76999998092651367200 -0.00000351789799424296
-0.75999999046325683600 -0.00000342709904543881
-0.75000000000000000000 -0.00000334185597239411
-0.74000000953674316400 -0.00000326037206832552
-0.73000001907348632800 -0.00000314808403345523
-0.72000002861022949200 -0.00000312004704028368
-0.70999997854232788100 -0.00000299272392112471
-0.69999998807907104500 -0.00000296306598102092
-0.68999999761581420900 -0.00000286142608274531
-0.68000000715255737300 -0.00000279675509773369
-0.67000001668930053700 -0.00000270284090220230
-0.66000002622604370100 -0.00000263669403466338
-0.64999997615814209000 -0.00000255211102739850
-0.63999998569488525400 -0.00000245571709456271
-0.62999999523162841800 -0.00000241536008616094
-0.62000000476837158200 -0.00000228343901653716
-0.61000001430511474600 -0.00000226092197408434
-0.60000002384185791000 -0.00000215448403650953
-0.58999997377395629900 -0.00000209263794204162
-0.57999998331069946300 -0.00000199583610083209
-0.56999999284744262700 -0.00000193219102584408
-0.56000000238418579100 -0.00000183784402452147
-0.55000001192092895500 -0.00000176169305632357
-0.54000002145767211900 -0.00000170904002061434
-0.52999997138977050800 -0.00000159756200446282
-0.51999998092651367200 -0.00000159307501235162
-0.50999999046325683600 -0.00000148262404309207
-0.50000000000000000000 -0.00000145559795328154
-0.49000000953674316400 -0.00000138886105105485
-0.47999998927116394000 -0.00000136613800805208
-0.46999999880790710400 -0.00000130480100324348
-0.46000000834465026800 -0.00000128048395708902
-0.44999998807907104500 -0.00000124580003557639
-0.43999999761581420900 -0.00000118029504392325
-0.43000000715255737300 -0.00000119151195576706
-0.41999998688697814900 -0.00000111832105176290
-0.40999999642372131300 -0.00000112433099275222
-0.40000000596046447700 -0.00000107811695215787
-0.38999998569488525400 -0.00000106315803805046
-0.37999999523162841800 -0.00000105376705050730
-0.37000000476837158200 -0.00000102098999832378
-0.36000001430511474600 -0.00000095638188213343
-0.34999999403953552200 -0.00000092147519126229
-0.34000000357627868600 -0.00000082773578924389
-0.33000001311302185100 -0.00000080781069300428
-0.31999999284744262700 -0.00000073281387358293
-0.31000000238418579100 -0.00000067990390562045
-0.30000001192092895500 -0.00000064375689134977
-0.28999999165534973100 -0.00000056755169453027
-0.28000000119209289500 -0.00000054672119631505
-0.27000001072883606000 -0.00000046506590933859
-0.25999999046325683600 -0.00000045378209279079
-0.25000000000000000000 -0.00000036836490835412
-0.23999999463558197000 -0.00000035689339483724
-0.23000000417232513400 -0.00000027265920721220
-0.21999999880790710400 -0.00000023846288854656
-0.20999999344348907500 -0.00000019200889767035
-0.20000000298023223900 -0.00000011982970704594
-0.18999999761581420900 -0.00000009599742156752
-0.18000000715255737300 -0.00000001900965074242
-0.17000000178813934300 -0.00000000631933616546
-0.15999999642372131300 0.00000007978872673675
-0.15000000596046447800 0.00000008538867746211
-0.14000000059604644800 0.00000017693260190299
-0.12999999523162841800 0.00000020377950704642
-0.11999999731779098500 0.00000026362440053163
-0.10999999940395355200 0.00000032620289402985
-0.10000000149011611900 0.00000036243199019736
-0.09000000357627868650 0.00000043745311018029
-0.07999999821186065670 0.00000045848670993109
-0.07000000029802322390 0.00000054215411182668
-0.05999999865889549260 0.00000055311778623945
-0.05000000074505805970 0.00000064863758097999
-0.03999999910593032840 0.00000066967072598345
-0.02999999932944774630 0.00000074693457463582
-0.01999999955296516420 0.00000080009732528197
-0.00999999977648258210 0.00000084752542761635
0.00000000000000000000 0.00000092766197212768
0.00999999977648258210 0.00000096387100256834
0.01999999955296516420 0.00000104997400285356
0.02999999932944774630 0.00000104768605524441
0.03999999910593032840 0.00000111928000023909
0.05000000074505805970 0.00000121218499771203
0.05999999865889549260 0.00000124953203339828
0.07000000029802322390 0.00000134559797970724
0.07999999821186065670 0.00000138483596856531
0.09000000357627868650 0.00000148336903293966
0.10000000149011611900 0.00000150816197219683
0.10999999940395355200 0.00000162436299433466
0.11999999731779098500 0.00000166644201726740
0.12999999523162841800 0.00000174813499143056
0.14000000059604644800 0.00000183670204023656
0.15000000596046447800 0.00000188771900866413
0.15999999642372131300 0.00000198328302758455
0.17000000178813934300 0.00000203559488909377
0.18000000715255737300 0.00000214457008951285
0.18999999761581420900 0.00000218102809412812
0.20000000298023223900 0.00000231087710744760
0.20999999344348907500 0.00000235665788750339
0.21999999880790710400 0.00000246149897975556
0.23000000417232513400 0.00000253930897997634
0.23999999463558197000 0.00000262259004557563
0.25000000000000000000 0.00000272012789537257
0.25999999046325683600 0.00000278973698186746
0.27000001072883606000 0.00000290702109850827
0.28000000119209289500 0.00000295333097710682
0.28999999165534973100 0.00000309766892314656
0.30000001192092895500 0.00000314755197905470
0.31000000238418579100 0.00000327822795043176
0.31999999284744262700 0.00000336467496708792
0.33000001311302185100 0.00000345539410773199
0.34000000357627868600 0.00000356273403667728
0.34999999403953552200 0.00000366313292943232
0.36000001430511474600 0.00000376842808691435
0.37000000476837158200 0.00000383808219339699
0.37999999523162841800 0.00000400543785872287
0.38999998569488525400 0.00000404583897761768
0.40000000596046447700 0.00000419836806031526
0.40999999642372131300 0.00000429326519224560
0.41999998688697814900 0.00000439794393969350
0.43000000715255737300 0.00000448891614723834
0.43999999761581420900 0.00000461909303339780
0.44999998807907104500 0.00000472612600788125
0.46000000834465026800 0.00000479742584502674
0.46999999880790710400 0.00000495174208481330
0.47999998927116394000 0.00000499592579217278
0.49000000953674316400 0.00000516812087880680
0.50000000000000000000 0.00000526106987308594
0.50999999046325683600 0.00000539166012458736
0.51999998092651367200 0.00000548809612155310
0.52999997138977050800 0.00000559983709536027
0.54000002145767211900 0.00000572214594285470
0.55000001192092895500 0.00000583874680160079
0.56000000238418579100 0.00000598620908931480
0.56999999284744262700 0.00000605300419920241
0.57999998331069946300 0.00000621166782366345
0.58999997377395629900 0.00000630389922662289
0.60000002384185791000 0.00000644945885142079
0.61000001430511474600 0.00000655470103083644
0.62000000476837158200 0.00000670191320750746
0.62999999523162841800 0.00000676640820529428
0.63999998569488525400 0.00000692293997417437
0.64999997615814209000 0.00000706209493728238
0.66000002622604370100 0.00000711610482539982
0.67000001668930053700 0.00000727352198737208
0.68000000715255737300 0.00000736460788175464
0.68999999761581420900 0.00000751681000110693
0.69999998807907104500 0.00000761532601245563
0.70999997854232788100 0.00000776457818574272
0.72000002861022949200 0.00000784679559728829
0.73000001907348632800 0.00000796561289462261
0.74000000953674316400 0.00000812214420875534
0.75000000000000000000 0.00000821122466732049
0.75999999046325683600 0.00000836632807477145
0.76999998092651367200 0.00000845924023451516
0.77999997138977050800 0.00000862877095642034
0.79000002145767211900 0.00000874669058248401
0.80000001192092895500 0.00000894286313268822
0.81000000238418579100 0.00000905561591935111
0.81999999284744262700 0.00000919907506613526
0.82999998331069946300 0.00000931155591388233
0.83999997377395629900 0.00000944224302656949
0.85000002384185791000 0.00000959781482379185
0.86000001430511474600 0.00000970039673120482
0.87000000476837158200 0.00000990350690699415
0.87999999523162841800 0.00001003736997517990
0.88999998569488525400 0.00001019940009427955
0.89999997615814209000 0.00001035339028021554
0.91000002622604370100 0.00001049261027219472
0.92000001668930053700 0.00001043675001710653
0.93000000715255737300 0.00001061763032339513
0.93999999761581420900 0.00001078011973731918
0.94999998807907104500 0.00001091219019144773
0.95999997854232788100 0.00001103767044696724
0.97000002861022949200 0.00001124825030274224
0.98000001907348632800 0.00001133926980401156
0.99000000953674316400 0.00001157951010100078
1.00000000000000000000 0.00001174702993012033
