-1.00000000000000000000 -0.00581779191270470619
-0.99000000953674316400 -0.00581597303971648216
-0.98000001907348632800 -0.00578645989298820496
-0.97000002861022949200 -0.00578550994396209717
-0.95999997854232788100 -0.00579422619193792343
-0.94999998807907104500 -0.00579585600644350052
-0.93999999761581420900 -0.00580645119771361351
-0.93000000715255737300 -0.00582119403406977654
-0.92000001668930053700 -0.00579840689897537232
-0.91000002622604370100 -0.00578545499593019486
-0.89999997615814209000 -0.00579515378922224045
-0.88999998569488525400 -0.00577783491462469101
-0.87999999523162841800 -0.00576164107769727707
-0.87000000476837158200 -0.00575851183384656906
-0.86000001430511474600 -0.00574933504685759545
-0.85000002384185791000 -0.00576717592775821686
-0.83999997377395629900 -0.00578708993270993233
-0.82999998331069946300 -0.00577448913827538490
-0.81999999284744262700 -0.00577421113848686218
-0.81000000238418579100 -0.00575761822983622551
-0.80000001192092895500 -0.00574333919212222100
-0.79000002145767211900 -0.00574964983388781548
-0.77999997138977050800 -0.00573459919542074204
-0.76999998092651367200 -0.00571441883221268654
-0.75999999046325683600 -0.00572783499956130982
-0.75000000000000000000 -0.00574446003884077072
-0.74000000953674316400 -0.00573484692722558975
-0.73000001907348632800 -0.00575641682371497154
-0.72000002861022949200 -0.00574738578870892525
-0.70999997854232788100 -0.00571067398414015770
-0.69999998807907104500 -0.00572766317054629326
-0.68999999761581420900 -0.00572570599615573883
-0.68000000715255737300 -0.00569220399484038353
-0.67000001668930053700 -0.00569358887150883675
-0.66000002622604370100 -0.00570335984230041504
-0.64999997615814209000 -0.00570178916677832604
-0.63999998569488525400 -0.00571827497333288193
-0.62999999523162841800 -0.00572366593405604363
-0.62000000476837158200 -0.00570032093673944473
-0.61000001430511474600 -0.00568369915708899498
-0.60000002384185791000 -0.00569125683978199959
-0.58999997377395629900 -0.00567414006218314171
-0.57999998331069946300 -0.00565611897036433220
-0.56999999284744262700 -0.00564947398379445076
-0.56000000238418579100 -0.00564297987148165703
-0.55000001192092895500 -0.00565784284844994545
-0.54000002145767211900 -0.00566306011751294136
-0.52999997138977050800 -0.00566499913111329079
-0.51999998092651367200 -0.00564992893487215042
-0.50999999046325683600 -0.00562578113749623299
-0.50000000000000000000 -0.00563269108533859253
-0.49000000953674316400 -0.00562181277200579643
-0.47999998927116394000 -0.00559862097725272179
-0.46999999880790710400 -0.00559032708406448364
-0.46000000834465026800 -0.00559788197278976441
-0.44999998807907104500 -0.00560169201344251633
-0.43999999761581420900 -0.00560594303533434868
-0.43000000715255737300 -0.00561557989567518234
-0.41999998688697814900 -0.00559641886502504349
-0.40999999642372131300 -0.00556577416136860848
-0.40000000596046447700 -0.00557483406737446785
-0.38999998569488525400 -0.00556429289281368256
-0.37999999523162841800 -0.00553654413670301438
-0.37000000476837158200 -0.00553811201825737953
-0.36000001430511474600 -0.00553180510178208351
-0.34999999403953552200 -0.00553784007206559181
-0.34000000357627868600 -0.00554313091561198235
-0.33000001311302185100 -0.00554505176842212677
-0.31999999284744262700 -0.00552161177620291710
-0.31000000238418579100 -0.00549880694597959519
-0.30000001192092895500 -0.00549249583855271340
-0.28999999165534973100 -0.00548109691590070725
-0.28000000119209289500 -0.00545754516497254372
-0.27000001072883606000 -0.00544017087668180466
-0.25999999046325683600 -0.00543972803279757500
-0.25000000000000000000 -0.00544608477503061295
-0.23999999463558197000 -0.00543740903958678246
-0.23000000417232513400 -0.00543479621410369873
-0.21999999880790710400 -0.00542134186252951622
-0.20999999344348907500 -0.00538078881800174713
-0.20000000298023223900 -0.00538132293149828911
-0.18999999761581420900 -0.00537135777994990349
-0.18000000715255737300 -0.00532938586547970772
-0.17000000178813934300 -0.00532212201505899430
-0.15999999642372131300 -0.00531689915806055069
-0.15000000596046447800 -0.00530391884967684746
-0.14000000059604644800 -0.00530073419213294983
-0.12999999523162841800 -0.00530295493081212044
-0.11999999731779098500 -0.00526186777278780937
-0.10999999940395355200 -0.00523129710927605629
-0.10000000149011611900 -0.00522963097319006920
-0.09000000357627868650 -0.00519373500719666481
-0.07999999821186065670 -0.00516515411436557770
-0.07000000029802322390 -0.00514328107237815857
-0.05999999865889549260 -0.00511331995949149132
-0.05000000074505805970 -0.00510455388575792313
-0.03999999910593032840 -0.00509522482752799988
-0.02999999932944774630 -0.00506287021562457085
-0.01999999955296516420 -0.00503565091639757157
-0.00999999977648258210 -0.00498734693974256516
0.00000000000000000000 -0.00495347706601023674
0.00999999977648258210 -0.00492881098762154579
0.01999999955296516420 -0.00488426815718412399
0.02999999932944774630 -0.00483100302517414093
0.03999999910593032840 -0.00480668619275093079
0.05000000074505805970 -0.00478312093764543533
0.05999999865889549260 -0.00473465397953987122
0.07000000029802322390 -0.00470931595191359520
0.07999999821186065670 -0.00466374307870864868
0.09000000357627868650 -0.00458858115598559380
0.10000000149011611900 -0.00455444306135177612
0.10999999940395355200 -0.00450845994055271149
0.11999999731779098500 -0.00443015294149518013
0.12999999523162841800 -0.00438175909221172333
0.14000000059604644800 -0.00433152494952082634
0.15000000596046447800 -0.00427060201764106751
0.15999999642372131300 -0.00422702403739094734
0.17000000178813934300 -0.00417186412960290909
0.18000000715255737300 -0.00409517297521233559
0.18999999761581420900 -0.00401975819841027260
0.20000000298023223900 -0.00395808089524507523
0.20999999344348907500 -0.00388041208498179913
0.21999999880790710400 -0.00380071694962680340
0.23000000417232513400 -0.00372440810315310955
0.23999999463558197000 -0.00364622310735285282
0.25000000000000000000 -0.00358057091943919659
0.25999999046325683600 -0.00350962998345494270
0.27000001072883606000 -0.00342846894636750221
0.28000000119209289500 -0.00334767904132604599
0.28999999165534973100 -0.00325741688720881939
0.30000001192092895500 -0.00316900596953928471
0.31000000238418579100 -0.00309154810383915901
0.31999999284744262700 -0.00299875903874635696
0.33000001311302185100 -0.00290461489930748940
0.34000000357627868600 -0.00282428995706140995
0.34999999403953552200 -0.00274285394698381424
0.36000001430511474600 -0.00265572103671729565
0.37000000476837158200 -0.00257580191828310490
0.37999999523162841800 -0.00248874188400804997
0.38999998569488525400 -0.00238890689797699452
0.40000000596046447700 -0.00230411509983241558
0.40999999642372131300 -0.00222138501703739166
0.41999998688697814900 -0.00212716008536517620
0.43000000715255737300 -0.00204175594262778759
0.43999999761581420900 -0.00195970991626381874
0.44999998807907104500 -0.00187714898493140936
0.46000000834465026800 -0.00179824302904307842
0.46999999880790710400 -0.00172134197782725096
0.47999998927116394000 -0.00163808802608400583
0.49000000953674316400 -0.00155428296420723200
0.50000000000000000000 -0.00147729495074599981
0.50999999046325683600 -0.00140066503081470728
0.51999998092651367200 -0.00132280704565346241
0.52999997138977050800 -0.00124889297876507044
0.54000002145767211900 -0.00117788405623286963
0.55000001192092895500 -0.00110962905455380678
0.56000000238418579100 -0.00104515999555587769
0.56999999284744262700 -0.00103378295898437500
0.57999998331069946300 -0.00094960571732372046
0.58999997377395629900 -0.00088106520706787705
0.60000002384185791000 -0.00081464217510074377
0.61000001430511474600 -0.00075327680679038167
0.62000000476837158200 -0.00069198117125779390
0.62999999523162841800 -0.00063064007554203272
0.63999998569488525400 -0.00057699281023815274
0.64999997615814209000 -0.00052415748359635472
0.66000002622604370100 -0.00047111650928854942
0.67000001668930053700 -0.00042206980288028717
0.68000000715255737300 -0.00037636060733348131
0.68999999761581420900 -0.00033142621396109462
0.69999998807907104500 -0.00028844160260632634
0.70999997854232788100 -0.00024606299120932817
0.72000002861022949200 -0.00020356109598651528
0.73000001907348632800 -0.00016114079335238785
0.74000000953674316400 -0.00012124550266889855
0.75000000000000000000 -0.00008228712249547243
0.75999999046325683600 -0.00004121656093047932
0.76999998092651367200 -0.00000055032307955116
0.77999997138977050800 0.00004196376175968908
0.79000002145767211900 0.00008593296661274508
0.80000001192092895500 0.00013215940271038562
0.81000000238418579100 0.00017821919755078852
0.81999999284744262700 0.00022556360636372119
0.82999998331069946300 0.00027431180933490396
0.83999997377395629900 0.00032513341284357011
0.85000002384185791000 0.00037744198925793171
0.86000001430511474600 0.00043161580106243491
0.87000000476837158200 0.00048777711344882846
0.87999999523162841800 0.00054537708638235927
0.88999998569488525400 0.00060477247461676598
0.89999997615814209000 0.00066611118381842971
0.91000002622604370100 0.00072902848478406668
0.92000001668930053700 0.00079315481707453728
0.93000000715255737300 0.00085893669165670872
0.93999999761581420900 0.00092507968656718731
0.94999998807907104500 0.00099128321744501591
0.95999997854232788100 0.00106880499515682459
0.97000002861022949200 0.00113635603338479996
0.98000001907348632800 0.00120351801160722971
0.99000000953674316400 0.00127037800848484039
1.00000000000000000000 0.00133994303178042173
