-1.00000000000000000000 -0.00597950117662549019
-0.99000000953674316400 -0.00596800213679671288
-0.98000001907348632800 -0.00593401305377483368
-0.97000002861022949200 -0.00594581989571452141
-0.95999997854232788100 -0.00594928395003080368
-0.94999998807907104500 -0.00592079386115074158
-0.93999999761581420900 -0.00592130189761519432
-0.93000000715255737300 -0.00593368103727698326
-0.92000001668930053700 -0.00593906920403242111
-0.91000002622604370100 -0.00594496680423617363
-0.89999997615814209000 -0.00596394203603267670
-0.88999998569488525400 -0.00593852484598755837
-0.87999999523162841800 -0.00591447390615940094
-0.87000000476837158200 -0.00593347102403640747
-0.86000001430511474600 -0.00592210423201322556
-0.85000002384185791000 -0.00589642301201820374
-0.83999997377395629900 -0.00590335577726364136
-0.82999998331069946300 -0.00589982001110911370
-0.81999999284744262700 -0.00590778281912207604
-0.81000000238418579100 -0.00592900207266211510
-0.80000001192092895500 -0.00592138618230819702
-0.79000002145767211900 -0.00591548904776573181
-0.77999997138977050800 -0.00590803800150752068
-0.76999998092651367200 -0.00589323602616786957
-0.75999999046325683600 -0.00589164998382329941
-0.75000000000000000000 -0.00589242298156023026
-0.74000000953674316400 -0.00587523821741342545
-0.73000001907348632800 -0.00587039720267057419
-0.72000002861022949200 -0.00588610209524631500
-0.70999997854232788100 -0.00588719686493277550
-0.69999998807907104500 -0.00589166488498449326
-0.68999999761581420900 -0.00590591505169868469
-0.68000000715255737300 -0.00588614121079444885
-0.67000001668930053700 -0.00586058711633086205
-0.66000002622604370100 -0.00588782317936420441
-0.64999997615814209000 -0.00587198091670870781
-0.63999998569488525400 -0.00584471598267555237
-0.62999999523162841800 -0.00585667276754975319
-0.62000000476837158200 -0.00585650000721216202
-0.61000001430511474600 -0.00587161490693688393
-0.60000002384185791000 -0.00588459894061088562
-0.58999997377395629900 -0.00588855007663369179
-0.57999998331069946300 -0.00586503185331821442
-0.56999999284744262700 -0.00584944896399974823
-0.56000000238418579100 -0.00585768884047865868
-0.55000001192092895500 -0.00585511792451143265
-0.54000002145767211900 -0.00583709077909588814
-0.52999997138977050800 -0.00582968303933739662
-0.51999998092651367200 -0.00583395687863230705
-0.50999999046325683600 -0.00584988808259367943
-0.50000000000000000000 -0.00585443386808037758
-0.49000000953674316400 -0.00585359707474708557
-0.47999998927116394000 -0.00585532002151012421
-0.46999999880790710400 -0.00582723179832100868
-0.46000000834465026800 -0.00583052681758999825
-0.44999998807907104500 -0.00583935994654893875
-0.43999999761581420900 -0.00581525219604372978
-0.43000000715255737300 -0.00580733595415949822
-0.41999998688697814900 -0.00581616396084427834
-0.40999999642372131300 -0.00581796001642942429
-0.40000000596046447700 -0.00582028692588210106
-0.38999998569488525400 -0.00584171805530786514
-0.37999999523162841800 -0.00583176594227552414
-0.37000000476837158200 -0.00581115391105413437
-0.36000001430511474600 -0.00580814294517040253
-0.34999999403953552200 -0.00581496814265847206
-0.34000000357627868600 -0.00580366002395749092
-0.33000001311302185100 -0.00579334516078233719
-0.31999999284744262700 -0.00578788202255964279
-0.31000000238418579100 -0.00579132512211799622
-0.30000001192092895500 -0.00581002281978726387
-0.28999999165534973100 -0.00580513104796409607
-0.28000000119209289500 -0.00581002095714211464
-0.27000001072883606000 -0.00580206699669361115
-0.25999999046325683600 -0.00576588977128267288
-0.25000000000000000000 -0.00577588006854057312
-0.23999999463558197000 -0.00578011712059378624
-0.23000000417232513400 -0.00575033109635114670
-0.21999999880790710400 -0.00574847310781478882
-0.20999999344348907500 -0.00576023198664188385
-0.20000000298023223900 -0.00576140498742461205
-0.18999999761581420900 -0.00576764717698097229
-0.18000000715255737300 -0.00578039698302745819
-0.17000000178813934300 -0.00576178822666406632
-0.15999999642372131300 -0.00573325389996170998
-0.15000000596046447800 -0.00575248384848237038
-0.14000000059604644800 -0.00573798408731818199
-0.12999999523162841800 -0.00571226887404918671
-0.11999999731779098500 -0.00571864889934659004
-0.10999999940395355200 -0.00571725098416209221
-0.10000000149011611900 -0.00572344195097684860
-0.09000000357627868650 -0.00574358180165290833
-0.07999999821186065670 -0.00574202602729201317
-0.07000000029802322390 -0.00573152117431163788
-0.05999999865889549260 -0.00571829918771982193
-0.05000000074505805970 -0.00570791400969028473
-0.03999999910593032840 -0.00571084115654230118
-0.02999999932944774630 -0.00569821894168853760
-0.01999999955296516420 -0.00568274408578872681
-0.00999999977648258210 -0.00568245211616158486
0.00000000000000000000 -0.00569745991379022598
0.00999999977648258210 -0.00569669809192419052
0.01999999955296516420 -0.00569343985989689827
0.02999999932944774630 -0.00571352289989590645
0.03999999910593032840 -0.00568540208041667938
0.05000000074505805970 -0.00565572688356041908
0.05999999865889549260 -0.00568217504769563675
0.07000000029802322390 -0.00566924316808581352
0.07999999821186065670 -0.00563248014077544213
0.09000000357627868650 -0.00564274797216057778
0.10000000149011611900 -0.00564095983281731606
0.10999999940395355200 -0.00563908508047461510
0.11999999731779098500 -0.00566222611814737320
0.12999999523162841800 -0.00565834110602736473
0.14000000059604644800 -0.00564097380265593529
0.15000000596046447800 -0.00562725309282541275
0.15999999642372131300 -0.00562828779220581055
0.17000000178813934300 -0.00561448698863387108
0.18000000715255737300 -0.00560382613912224770
0.18999999761581420900 -0.00559079321101307869
0.20000000298023223900 -0.00558025203645229340
0.20999999344348907500 -0.00560514722019433975
0.21999999880790710400 -0.00559901399537920952
0.23000000417232513400 -0.00559353083372116089
0.23999999463558197000 -0.00560121890157461167
0.25000000000000000000 -0.00557202519848942757
0.25999999046325683600 -0.00555525720119476319
0.27000001072883606000 -0.00556841911748051644
0.28000000119209289500 -0.00554186617955565453
0.28999999165534973100 -0.00551620312035083771
0.30000001192092895500 -0.00552694778889417648
0.31000000238418579100 -0.00552165601402521134
0.31999999284744262700 -0.00551647786051034928
0.33000001311302185100 -0.00552848679944872856
0.34000000357627868600 -0.00551925878971815109
0.34999999403953552200 -0.00548497401177883148
0.36000001430511474600 -0.00547408498823642731
0.37000000476837158200 -0.00547469686716794968
0.37999999523162841800 -0.00545313116163015366
0.38999998569488525400 -0.00543843908235430718
0.40000000596046447700 -0.00542056979611515999
0.40999999642372131300 -0.00541426800191402435
0.41999998688697814900 -0.00542245386168360710
0.43000000715255737300 -0.00541432900354266167
0.43999999761581420900 -0.00540238711982965470
0.44999998807907104500 -0.00538927316665649414
0.46000000834465026800 -0.00534477410838007927
0.46999999880790710400 -0.00534043600782752037
0.47999998927116394000 -0.00532745011150836945
0.49000000953674316400 -0.00527991494163870812
0.50000000000000000000 -0.00525406608358025551
0.50999999046325683600 -0.00524213304743170738
0.51999998092651367200 -0.00521850120276212692
0.52999997138977050800 -0.00519200414419174194
0.54000002145767211900 -0.00517350714653730393
0.55000001192092895500 -0.00511755701154470444
0.56000000238418579100 -0.00505097582936286926
0.56999999284744262700 -0.00500732520595192909
0.57999998331069946300 -0.00493576284497976303
0.58999997377395629900 -0.00484588695690035820
0.60000002384185791000 -0.00476045999675989151
0.61000001430511474600 -0.00465331878513097763
0.62000000476837158200 -0.00453850300982594490
0.62999999523162841800 -0.00442129792645573616
0.63999998569488525400 -0.00426249299198389053
0.64999997615814209000 -0.00408135307952761650
0.66000002622604370100 -0.00387985911220312119
0.67000001668930053700 -0.00364584801718592644
0.68000000715255737300 -0.00340306502766907215
0.68999999761581420900 -0.00313826301135122776
0.69999998807907104500 -0.00283743510954082012
0.70999997854232788100 -0.00252906698733568192
0.72000002861022949200 -0.00221353909000754356
0.73000001907348632800 -0.00187264604028314352
0.74000000953674316400 -0.00152271694969385862
0.75000000000000000000 -0.00116929097566753626
0.75999999046325683600 -0.00079783011460676789
0.76999998092651367200 -0.00043572080903686583
0.77999997138977050800 -0.00006970664253458381
0.79000002145767211900 0.00028489131364040077
0.80000001192092895500 0.00062926788814365864
0.81000000238418579100 0.00095795391825959086
0.81999999284744262700 0.00127392297144979239
0.82999998331069946300 0.00156685803085565567
0.83999997377395629900 0.00183635705616325140
0.85000002384185791000 0.00207867496646940708
0.86000001430511474600 0.00229605403728783131
0.87000000476837158200 0.00248752604238688946
0.87999999523162841800 0.00265402300283312798
0.88999998569488525400 0.00279700104147195816
0.89999997615814209000 0.00291945296339690685
0.91000002622604370100 0.00302392197772860527
0.92000001668930053700 0.00311214104294776917
0.93000000715255737300 0.00318840704858303070
0.93999999761581420900 0.00325515889562666416
0.94999998807907104500 0.00331320799887180328
0.95999997854232788100 0.00336526590399444103
0.97000002861022949200 0.00341251911595463753
0.98000001907348632800 0.00345479696989059448
0.99000000953674316400 0.00349299306981265545
1.00000000000000000000 0.00352961197495460510
