-1.00000000000000000000 -0.00158265500795096159
-0.99000000953674316400 -0.00154553703032433987
-0.98000001907348632800 -0.00152016605716198683
-0.97000002861022949200 -0.00149669498205184937
-0.95999997854232788100 -0.00147706095594912767
-0.94999998807907104500 -0.00146377203054726124
-0.93999999761581420900 -0.00145261094439774752
-0.93000000715255737300 -0.00144231901504099369
-0.92000001668930053700 -0.00143348297569900751
-0.91000002622604370100 -0.00142279104329645634
-0.89999997615814209000 -0.00141022098250687122
-0.88999998569488525400 -0.00139898096676915884
-0.87999999523162841800 -0.00139092700555920601
-0.87000000476837158200 -0.00138102401979267597
-0.86000001430511474600 -0.00137027003802359104
-0.85000002384185791000 -0.00136447104159742594
-0.83999997377395629900 -0.00135899800807237625
-0.82999998331069946300 -0.00135477795265614986
-0.81999999284744262700 -0.00134807499125599861
-0.81000000238418579100 -0.00134301697835326195
-0.80000001192092895500 -0.00133415602613240480
-0.79000002145767211900 -0.00132487202063202858
-0.77999997138977050800 -0.00132051797118037939
-0.76999998092651367200 -0.00131266098469495773
-0.75999999046325683600 -0.00130371097475290298
-0.75000000000000000000 -0.00129900104366242886
-0.74000000953674316400 -0.00129558297339826822
-0.73000001907348632800 -0.00129141495563089848
-0.72000002861022949200 -0.00128842098638415337
-0.70999997854232788100 -0.00128363305702805519
-0.69999998807907104500 -0.00127559900283813477
-0.68999999761581420900 -0.00126821000594645739
-0.68000000715255737300 -0.00126534095034003258
-0.67000001668930053700 -0.00125778000801801682
-0.66000002622604370100 -0.00125045701861381531
-0.64999997615814209000 -0.00124659296125173569
-0.63999998569488525400 -0.00124304194469004870
-0.62999999523162841800 -0.00124105298891663551
-0.62000000476837158200 -0.00123716704547405243
-0.61000001430511474600 -0.00123472302220761776
-0.60000002384185791000 -0.00122758897487074137
-0.58999997377395629900 -0.00121935899369418621
-0.57999998331069946300 -0.00121726095676422119
-0.56999999284744262700 -0.00121162098366767168
-0.56000000238418579100 -0.00120315700769424439
-0.55000001192092895500 -0.00119974301196634769
-0.54000002145767211900 -0.00119708094280213118
-0.52999997138977050800 -0.00119382503908127546
-0.51999998092651367200 -0.00119193096179515123
-0.50999999046325683600 -0.00118945899885147810
-0.50000000000000000000 -0.00118332996498793364
-0.49000000953674316400 -0.00117543304804712534
-0.47999998927116394000 -0.00117338902782648802
-0.46999999880790710400 -0.00116783799603581429
-0.46000000834465026800 -0.00116026995237916708
-0.44999998807907104500 -0.00115637003909796476
-0.43999999761581420900 -0.00115221599116921425
-0.43000000715255737300 -0.00115071295294910669
-0.41999998688697814900 -0.00114826904609799385
-0.40999999642372131300 -0.00114527100231498480
-0.40000000596046447700 -0.00114061997737735510
-0.38999998569488525400 -0.00113396300002932549
-0.37999999523162841800 -0.00113010394852608442
-0.37000000476837158200 -0.00112599902786314487
-0.36000001430511474600 -0.00111940701026469469
-0.34999999403953552200 -0.00111330603249371052
-0.34000000357627868600 -0.00111138704232871532
-0.33000001311302185100 -0.00110952300019562244
-0.31999999284744262700 -0.00110597501043230295
-0.31000000238418579100 -0.00110370898619294167
-0.30000001192092895500 -0.00110043201129883528
-0.28999999165534973100 -0.00109256803989410400
-0.28000000119209289500 -0.00108878000173717737
-0.27000001072883606000 -0.00108464702498167753
-0.25999999046325683600 -0.00107705395203083754
-0.25000000000000000000 -0.00107249501161277294
-0.23999999463558197000 -0.00106988300103694201
-0.23000000417232513400 -0.00106704805511981249
-0.21999999880790710400 -0.00106466701254248619
-0.20999999344348907500 -0.00106263498309999704
-0.20000000298023223900 -0.00105738500133156776
-0.18999999761581420900 -0.00105183199048042297
-0.18000000715255737300 -0.00104629399720579386
-0.17000000178813934300 -0.00104261003434658051
-0.15999999642372131300 -0.00103653001133352518
-0.15000000596046447800 -0.00103089900221675634
-0.14000000059604644800 -0.00102686299942433834
-0.12999999523162841800 -0.00102415599394589663
-0.11999999731779098500 -0.00102156202774494886
-0.10999999940395355200 -0.00101820298004895449
-0.10000000149011611900 -0.00101504195481538773
-0.09000000357627868650 -0.00100890605244785547
-0.07999999821186065670 -0.00100179505534470081
-0.07000000029802322390 -0.00100418599322438240
-0.05999999865889549260 -0.00099877570755779743
-0.05000000074505805970 -0.00099128764122724533
-0.03999999910593032840 -0.00098533020354807377
-0.02999999932944774630 -0.00098117534071207047
-0.01999999955296516420 -0.00097424397245049477
-0.00999999977648258210 -0.00096813210984691978
0.00000000000000000000 -0.00096292910166084766
0.00999999977648258210 -0.00095950980903580785
0.01999999955296516420 -0.00095591199351474643
0.02999999932944774630 -0.00095173920271918178
0.03999999910593032840 -0.00094801088562235236
0.05000000074505805970 -0.00094034150242805481
0.05999999865889549260 -0.00093278911663219333
0.07000000029802322390 -0.00092925742501392961
0.07999999821186065670 -0.00092196121113374829
0.09000000357627868650 -0.00091370858717709780
0.10000000149011611900 -0.00090775272110477090
0.10999999940395355200 -0.00090267579071223736
0.11999999731779098500 -0.00089758948888629675
0.12999999523162841800 -0.00089296681107953191
0.14000000059604644800 -0.00088639091700315475
0.15000000596046447800 -0.00087823782814666629
0.15999999642372131300 -0.00086901249596849084
0.17000000178813934300 -0.00086228002328425646
0.18000000715255737300 -0.00085393292829394341
0.18999999761581420900 -0.00084345397772267461
0.20000000298023223900 -0.00083447090582922101
0.20999999344348907500 -0.00082672212738543749
0.21999999880790710400 -0.00081927829887717962
0.23000000417232513400 -0.00080921122571453452
0.23999999463558197000 -0.00080040638567879796
0.25000000000000000000 -0.00078826188109815121
0.25999999046325683600 -0.00077332521323114634
0.27000001072883606000 -0.00076129211811348796
0.28000000119209289500 -0.00074703298741951585
0.28999999165534973100 -0.00072836450999602675
0.30000001192092895500 -0.00071155361365526915
0.31000000238418579100 -0.00069368939148262143
0.31999999284744262700 -0.00067284161923453212
0.33000001311302185100 -0.00065055181039497256
0.34000000357627868600 -0.00062529917340725660
0.34999999403953552200 -0.00059465639060363174
0.36000001430511474600 -0.00055963639169931412
0.37000000476837158200 -0.00052180857164785266
0.37999999523162841800 -0.00047783518675714731
0.38999998569488525400 -0.00042797700734809041
0.40000000596046447700 -0.00037272961344569922
0.40999999642372131300 -0.00031017648871056736
0.41999998688697814900 -0.00024129169469233602
0.43000000715255737300 -0.00016306700126733631
0.43999999761581420900 -0.00008829712896840647
0.44999998807907104500 0.00000050264901574337
0.46000000834465026800 0.00010707700130296871
0.46999999880790710400 0.00022993600578047335
0.47999998927116394000 0.00036169929080642760
0.49000000953674316400 0.00050568027654662728
0.50000000000000000000 0.00066181930014863610
0.50999999046325683600 0.00082974252291023731
0.51999998092651367200 0.00101096997968852520
0.52999997138977050800 0.00117617403157055378
0.54000002145767211900 0.00138836202677339315
0.55000001192092895500 0.00160936103202402592
0.56000000238418579100 0.00184099702164530754
0.56999999284744262700 0.00208267592824995518
0.57999998331069946300 0.00233741989359259605
0.58999997377395629900 0.00260178395546972752
0.60000002384185791000 0.00287401699461042881
0.61000001430511474600 0.00315900100395083428
0.62000000476837158200 0.00345392408780753613
0.62999999523162841800 0.00375751708634197712
0.63999998569488525400 0.00407095579430460930
0.64999997615814209000 0.00439148908481001854
0.66000002622604370100 0.00471747899428009987
0.67000001668930053700 0.00504999980330467224
0.68000000715255737300 0.00538936397060751915
0.68999999761581420900 0.00573607208207249642
0.69999998807907104500 0.00608563795685768128
0.70999997854232788100 0.00644151680171489716
0.72000002861022949200 0.00680623296648263932
0.73000001907348632800 0.00717844115570187569
0.74000000953674316400 0.00755134876817464829
0.75000000000000000000 0.00793116260319948197
0.75999999046325683600 0.00831342488527297974
0.76999998092651367200 0.00869013275951147080
0.77999997138977050800 0.00907864607870578766
0.79000002145767211900 0.00947174336761236191
0.80000001192092895500 0.00985569786280393601
0.81000000238418579100 0.01025130040943622590
0.81999999284744262700 0.01061542984098196030
0.82999998331069946300 0.01102522015571594240
0.83999997377395629900 0.01142853032797575000
0.85000002384185791000 0.01183285005390644070
0.86000001430511474600 0.01224355958402156830
0.87000000476837158200 0.01265920978039503100
0.87999999523162841800 0.01307651028037071230
0.88999998569488525400 0.01349272020161151890
0.89999997615814209000 0.01391164958477020260
0.91000002622604370100 0.01431834977120161060
0.92000001668930053700 0.01472457032650709150
0.93000000715255737300 0.01514900010079145430
0.93999999761581420900 0.01556009985506534580
0.94999998807907104500 0.01596673019230365750
0.95999997854232788100 0.01638790033757686620
0.97000002861022949200 0.01680940948426723480
0.98000001907348632800 0.01723646931350231170
0.99000000953674316400 0.01766039989888668060
1.00000000000000000000 0.01808433048427104950
