-1.00000000000000000000 -0.00591800315305590630
-0.99000000953674316400 -0.00592955993488430977
-0.98000001907348632800 -0.00595575803890824318
-0.97000002861022949200 -0.00594063196331262589
-0.95999997854232788100 -0.00592825794592499733
-0.94999998807907104500 -0.00593881588429212570
-0.93999999761581420900 -0.00592435011640191078
-0.93000000715255737300 -0.00591011578217148781
-0.92000001668930053700 -0.00591973401606082916
-0.91000002622604370100 -0.00591266294941306114
-0.89999997615814209000 -0.00592750217765569687
-0.88999998569488525400 -0.00595120992511510849
-0.87999999523162841800 -0.00594677310436964035
-0.87000000476837158200 -0.00594133697450160980
-0.86000001430511474600 -0.00593021279200911522
-0.85000002384185791000 -0.00592613779008388520
-0.83999997377395629900 -0.00592835294082760811
-0.82999998331069946300 -0.00591823318973183632
-0.81999999284744262700 -0.00590859679505228996
-0.81000000238418579100 -0.00592207582667469978
-0.80000001192092895500 -0.00594240892678499222
-0.79000002145767211900 -0.00593390315771102905
-0.77999997138977050800 -0.00594679685309529305
-0.76999998092651367200 -0.00593477487564086914
-0.75999999046325683600 -0.00591077003628015518
-0.75000000000000000000 -0.00592934899032115936
-0.74000000953674316400 -0.00591697497293353081
-0.73000001907348632800 -0.00590152200311422348
-0.72000002861022949200 -0.00591232907027006150
-0.70999997854232788100 -0.00592190911993384361
-0.69999998807907104500 -0.00592363206669688225
-0.68999999761581420900 -0.00595065997913479805
-0.68000000715255737300 -0.00593275809660553932
-0.67000001668930053700 -0.00590651202946901322
-0.66000002622604370100 -0.00593391619622707367
-0.64999997615814209000 -0.00592035520821809769
-0.63999998569488525400 -0.00589113403111696244
-0.62999999523162841800 -0.00591259915381669998
-0.62000000476837158200 -0.00590371293947100640
-0.61000001430511474600 -0.00591482780873775482
-0.60000002384185791000 -0.00594615517184138298
-0.58999997377395629900 -0.00593018811196088791
-0.57999998331069946300 -0.00591708486899733544
-0.56999999284744262700 -0.00591497216373682022
-0.56000000238418579100 -0.00591137818992137909
-0.55000001192092895500 -0.00590699911117553711
-0.54000002145767211900 -0.00590632017701864243
-0.52999997138977050800 -0.00589352799579501152
-0.51999998092651367200 -0.00590576883405447006
-0.50999999046325683600 -0.00592875620350241661
-0.50000000000000000000 -0.00592045299708843231
-0.49000000953674316400 -0.00592103786766529083
-0.47999998927116394000 -0.00591539079323410988
-0.46999999880790710400 -0.00590526685118675232
-0.46000000834465026800 -0.00590678397566080094
-0.44999998807907104500 -0.00589557876810431481
-0.43999999761581420900 -0.00588505621999502182
-0.43000000715255737300 -0.00589700089767575264
-0.41999998688697814900 -0.00591810699552297592
-0.40999999642372131300 -0.00591137493029236794
-0.40000000596046447700 -0.00593276787549257279
-0.38999998569488525400 -0.00592449679970741272
-0.37999999523162841800 -0.00589505909010767937
-0.37000000476837158200 -0.00591745786368846894
-0.36000001430511474600 -0.00591378612443804741
-0.34999999403953552200 -0.00588651001453399658
-0.34000000357627868600 -0.00590285100042819977
-0.33000001311302185100 -0.00590919377282261849
-0.31999999284744262700 -0.00591209717094898224
-0.31000000238418579100 -0.00592845492064952851
-0.30000001192092895500 -0.00592661183327436447
-0.28999999165534973100 -0.00590124214068055153
-0.28000000119209289500 -0.00590578280389308930
-0.27000001072883606000 -0.00590906292200088501
-0.25999999046325683600 -0.00588558893650770188
-0.25000000000000000000 -0.00589142320677638054
-0.23999999463558197000 -0.00589132914319634438
-0.23000000417232513400 -0.00589550612494349480
-0.21999999880790710400 -0.00592110212892293930
-0.20999999344348907500 -0.00591520918533205986
-0.20000000298023223900 -0.00590481702238321304
-0.18999999761581420900 -0.00589692313224077225
-0.18000000715255737300 -0.00589158991351723671
-0.17000000178813934300 -0.00588832702487707138
-0.15999999642372131300 -0.00588379381224513054
-0.15000000596046447800 -0.00587359722703695297
-0.14000000059604644800 -0.00588288716971874237
-0.12999999523162841800 -0.00590679608285427094
-0.11999999731779098500 -0.00589831499382853508
-0.10999999940395355200 -0.00590416602790355683
-0.10000000149011611900 -0.00589943397790193558
-0.09000000357627868650 -0.00587714789435267449
-0.07999999821186065670 -0.00589208910241723061
-0.07000000029802322390 -0.00588047178462147713
-0.05999999865889549260 -0.00585689814761281014
-0.05000000074505805970 -0.00587429711595177651
-0.03999999910593032840 -0.00589007977396249771
-0.02999999932944774630 -0.00588706787675619126
-0.01999999955296516420 -0.00590954115614295006
-0.00999999977648258210 -0.00589145021513104439
0.00000000000000000000 -0.00586346210911870003
0.00999999977648258210 -0.00587486801669001580
0.01999999955296516420 -0.00588569883257150650
0.02999999932944774630 -0.00585371814668178559
0.03999999910593032840 -0.00585421780124306679
0.05000000074505805970 -0.00587008614093065262
0.05999999865889549260 -0.00586516689509153366
0.07000000029802322390 -0.00588328018784523010
0.07999999821186065670 -0.00589391821995377541
0.09000000357627868650 -0.00587039487436413765
0.10000000149011611900 -0.00586089305579662323
0.10999999940395355200 -0.00587154692038893700
0.11999999731779098500 -0.00585711793974041939
0.12999999523162841800 -0.00584926595911383629
0.14000000059604644800 -0.00584690598770976067
0.15000000596046447800 -0.00584977818652987480
0.15999999642372131300 -0.00587826082482933998
0.17000000178813934300 -0.00587007217109203339
0.18000000715255737300 -0.00586772197857499123
0.18999999761581420900 -0.00586473988369107247
0.20000000298023223900 -0.00584556208923459053
0.20999999344348907500 -0.00584502005949616432
0.21999999880790710400 -0.00584328407421708107
0.23000000417232513400 -0.00581914512440562248
0.23999999463558197000 -0.00582569791004061699
0.25000000000000000000 -0.00585186900570988655
0.25999999046325683600 -0.00583955598995089531
0.27000001072883606000 -0.00584891811013221741
0.28000000119209289500 -0.00584487197920680046
0.28999999165534973100 -0.00580653920769691468
0.30000001192092895500 -0.00581980217248201370
0.31000000238418579100 -0.00581856211647391319
0.31999999284744262700 -0.00577917695045471192
0.33000001311302185100 -0.00577577203512191773
0.34000000357627868600 -0.00579025316983461380
0.34999999403953552200 -0.00578052178025245667
0.36000001430511474600 -0.00578564219176769257
0.37000000476837158200 -0.00578396907076239586
0.37999999523162841800 -0.00575167685747146607
0.38999998569488525400 -0.00573079800233244896
0.40000000596046447700 -0.00573019497096538544
0.40999999642372131300 -0.00568951619789004326
0.41999998688697814900 -0.00566733488813042641
0.43000000715255737300 -0.00565546005964279175
0.43999999761581420900 -0.00562981981784105301
0.44999998807907104500 -0.00562073616310954094
0.46000000834465026800 -0.00558933103457093239
0.46999999880790710400 -0.00553168309852480889
0.47999998927116394000 -0.00546428095549345017
0.49000000953674316400 -0.00541091803461313248
0.50000000000000000000 -0.00532243819907307625
0.50999999046325683600 -0.00521689793094992638
0.51999998092651367200 -0.00510397087782621384
0.52999997138977050800 -0.00496693700551986694
0.54000002145767211900 -0.00482980394735932350
0.55000001192092895500 -0.00464469520375132561
0.56000000238418579100 -0.00443537393584847450
0.56999999284744262700 -0.00420571118593215943
0.57999998331069946300 -0.00393275916576385498
0.58999997377395629900 -0.00366053706966340542
0.60000002384185791000 -0.00337126106023788452
0.61000001430511474600 -0.00304275611415505409
0.62000000476837158200 -0.00272238999605178833
0.62999999523162841800 -0.00240129302255809307
0.63999998569488525400 -0.00205250992439687252
0.64999997615814209000 -0.00170762499328702688
0.66000002622604370100 -0.00135666294954717159
0.67000001668930053700 -0.00095486018108204007
0.68000000715255737300 -0.00060926307924091816
0.68999999761581420900 -0.00026849791174754500
0.69999998807907104500 0.00007941829971969128
0.70999997854232788100 0.00042177189607173204
0.72000002861022949200 0.00076312269084155560
0.73000001907348632800 0.00116774695925414562
0.74000000953674316400 0.00152553501538932324
0.75000000000000000000 0.00188690901268273592
0.75999999046325683600 0.00225416407920420170
0.76999998092651367200 0.00261602690443396568
0.77999997138977050800 0.00297974399290978909
0.79000002145767211900 0.00334979989565908909
0.80000001192092895500 0.00371509208343923092
0.81000000238418579100 0.00408520083874464035
0.81999999284744262700 0.00446657603606581688
0.82999998331069946300 0.00483490712940692902
0.83999997377395629900 0.00522049004212021828
0.85000002384185791000 0.00562749011442065239
0.86000001430511474600 0.00601135520264506340
0.87000000476837158200 0.00641512311995029450
0.87999999523162841800 0.00682798121124505997
0.88999998569488525400 0.00721428403630852700
0.89999997615814209000 0.00764260580763220787
0.91000002622604370100 0.00807374157011508942
0.92000001668930053700 0.00846791174262762070
0.93000000715255737300 0.00891518965363502503
0.93999999761581420900 0.00938006676733493805
0.94999998807907104500 0.00981273781508207322
0.95999997854232788100 0.01028961036354303360
0.97000002861022949200 0.01025879010558128360
0.98000001907348632800 0.01067451015114784240
0.99000000953674316400 0.01113016996532678600
1.00000000000000000000 0.01163111999630928040
