-1.00000000000000000000 -0.00991124380379915238
-0.99000000953674316400 -0.00983016472309827805
-0.98000001907348632800 -0.00970395188778638840
-0.97000002861022949200 -0.00961135793477296830
-0.95999997854232788100 -0.00950337667018175125
-0.94999998807907104500 -0.00940545555204153061
-0.93999999761581420900 -0.00930539704859256745
-0.93000000715255737300 -0.00918302312493324280
-0.92000001668930053700 -0.00906127784401178360
-0.91000002622604370100 -0.00895075127482414246
-0.89999997615814209000 -0.00883473269641399384
-0.88999998569488525400 -0.00871681701391935349
-0.87999999523162841800 -0.00862220861017704010
-0.87000000476837158200 -0.00849840976297855378
-0.86000001430511474600 -0.00838592927902936936
-0.85000002384185791000 -0.00829393975436687470
-0.83999997377395629900 -0.00816486403346061707
-0.82999998331069946300 -0.00806781928986310959
-0.81999999284744262700 -0.00794395338743925095
-0.81000000238418579100 -0.00782633479684591294
-0.80000001192092895500 -0.00770872319117188454
-0.79000002145767211900 -0.00758964708074927330
-0.77999997138977050800 -0.00749350199475884438
-0.76999998092651367200 -0.00738042406737804413
-0.75999999046325683600 -0.00727380812168121338
-0.75000000000000000000 -0.00718430522829294205
-0.74000000953674316400 -0.00705908285453915596
-0.73000001907348632800 -0.00694147916510701180
-0.72000002861022949200 -0.00684014288708567620
-0.70999997854232788100 -0.00673238793388009072
-0.69999998807907104500 -0.00662091793492436409
-0.68999999761581420900 -0.00651841890066862107
-0.68000000715255737300 -0.00641992501914501190
-0.67000001668930053700 -0.00630455091595649719
-0.66000002622604370100 -0.00620213290676474571
-0.64999997615814209000 -0.00609498377889394760
-0.63999998569488525400 -0.00598023086786270142
-0.62999999523162841800 -0.00587707385420799256
-0.62000000476837158200 -0.00576290301978588104
-0.61000001430511474600 -0.00566087011247873306
-0.60000002384185791000 -0.00555503787472844124
-0.58999997377395629900 -0.00544718420132994652
-0.57999998331069946300 -0.00534328399226069451
-0.56999999284744262700 -0.00524034583941102028
-0.56000000238418579100 -0.00513440091162919998
-0.55000001192092895500 -0.00502384779974818230
-0.54000002145767211900 -0.00492962822318077088
-0.52999997138977050800 -0.00483426498249173165
-0.51999998092651367200 -0.00473179388791322708
-0.50999999046325683600 -0.00462693488225340843
-0.50000000000000000000 -0.00453120982274413109
-0.49000000953674316400 -0.00443074712529778481
-0.47999998927116394000 -0.00433229701593518257
-0.46999999880790710400 -0.00423569884151220322
-0.46000000834465026800 -0.00414040405303239823
-0.44999998807907104500 -0.00404842616990208626
-0.43999999761581420900 -0.00394950900226831436
-0.43000000715255737300 -0.00385032710619270802
-0.41999998688697814900 -0.00374972494319081307
-0.40999999642372131300 -0.00365854403935372830
-0.40000000596046447700 -0.00355785293504595757
-0.38999998569488525400 -0.00346248992718756199
-0.37999999523162841800 -0.00337626109831035137
-0.37000000476837158200 -0.00327898794785141945
-0.36000001430511474600 -0.00318877911195158959
-0.34999999403953552200 -0.00309356395155191422
-0.34000000357627868600 -0.00299835298210382462
-0.33000001311302185100 -0.00290492200292646885
-0.31999999284744262700 -0.00280805095098912716
-0.31000000238418579100 -0.00271728192456066609
-0.30000001192092895500 -0.00262218294665217400
-0.28999999165534973100 -0.00253129308111965656
-0.28000000119209289500 -0.00244201789610087872
-0.27000001072883606000 -0.00234610005281865597
-0.25999999046325683600 -0.00225691497325897217
-0.25000000000000000000 -0.00216461205855011940
-0.23999999463558197000 -0.00207409891299903393
-0.23000000417232513400 -0.00198502303101122379
-0.21999999880790710400 -0.00189411803148686886
-0.20999999344348907500 -0.00180843204725533724
-0.20000000298023223900 -0.00172120297793298960
-0.18999999761581420900 -0.00163557601626962423
-0.18000000715255737300 -0.00154210696928203106
-0.17000000178813934300 -0.00145721295848488808
-0.15999999642372131300 -0.00137031404301524162
-0.15000000596046447800 -0.00128582899924367666
-0.14000000059604644800 -0.00119962100870907307
-0.12999999523162841800 -0.00111185899004340172
-0.11999999731779098500 -0.00102636299561709166
-0.10999999940395355200 -0.00094128568889573216
-0.10000000149011611900 -0.00085437082452699542
-0.09000000357627868650 -0.00076885288581252098
-0.07999999821186065670 -0.00068549741990864277
-0.07000000029802322390 -0.00059914187295362353
-0.05999999865889549260 -0.00051473709754645824
-0.05000000074505805970 -0.00042882349225692451
-0.03999999910593032840 -0.00034415931440889835
-0.02999999932944774630 -0.00025911239208653569
-0.01999999955296516420 -0.00017465809651184827
-0.00999999977648258210 -0.00009016747208079323
0.00000000000000000000 -0.00001004307978291763
0.00999999977648258210 0.00007363618351519108
0.01999999955296516420 0.00016440480249002576
0.02999999932944774630 0.00025114658637903631
0.03999999910593032840 0.00033712829463183880
0.05000000074505805970 0.00042282658978365362
0.05999999865889549260 0.00051086820894852281
0.07000000029802322390 0.00059644709108397365
0.07999999821186065670 0.00068463588831946254
0.09000000357627868650 0.00077222991967573762
0.10000000149011611900 0.00086054299026727676
0.10999999940395355200 0.00095013889949768782
0.11999999731779098500 0.00103932700585573912
0.12999999523162841800 0.00112693698611110449
0.14000000059604644800 0.00121707597281783819
0.15000000596046447800 0.00130945397540926933
0.15999999642372131300 0.00139819097239524126
0.17000000178813934300 0.00149160600267350674
0.18000000715255737300 0.00158502603881061077
0.18999999761581420900 0.00167573394719511271
0.20000000298023223900 0.00176835805177688599
0.20999999344348907500 0.00186419300734996796
0.21999999880790710400 0.00195570196956396103
0.23000000417232513400 0.00204889802262187004
0.23999999463558197000 0.00215084501542150974
0.25000000000000000000 0.00224760198034346104
0.25999999046325683600 0.00233828299678862095
0.27000001072883606000 0.00243319990113377571
0.28000000119209289500 0.00253711501136422157
0.28999999165534973100 0.00263833301141858101
0.30000001192092895500 0.00273192510940134525
0.31000000238418579100 0.00283154798671603203
0.31999999284744262700 0.00292898598127067089
0.33000001311302185100 0.00303132808767259121
0.34000000357627868600 0.00313766696490347386
0.34999999403953552200 0.00323516502976417542
0.36000001430511474600 0.00333486008457839489
0.37000000476837158200 0.00344035704620182514
0.37999999523162841800 0.00353549793362617493
0.38999998569488525400 0.00363981700502336025
0.40000000596046447700 0.00374310999177396298
0.40999999642372131300 0.00384361203759908676
0.41999998688697814900 0.00394629780203104019
0.43000000715255737300 0.00404092622920870781
0.43999999761581420900 0.00415005022659897804
0.44999998807907104500 0.00425903499126434326
0.46000000834465026800 0.00436236197128891945
0.46999999880790710400 0.00447314279153943062
0.47999998927116394000 0.00457598781213164330
0.49000000953674316400 0.00467819999903440476
0.50000000000000000000 0.00479048816487193108
0.50999999046325683600 0.00489925686269998551
0.51999998092651367200 0.00500343414023518562
0.52999997138977050800 0.00510955881327390671
0.54000002145767211900 0.00521720480173826218
0.55000001192092895500 0.00531052891165018082
0.56000000238418579100 0.00543921114876866341
0.56999999284744262700 0.00554937683045864105
0.57999998331069946300 0.00566232390701770783
0.58999997377395629900 0.00576780177652835846
0.60000002384185791000 0.00588400196284055710
0.61000001430511474600 0.00599124096333980560
0.62000000476837158200 0.00612406199797987938
0.62999999523162841800 0.00622780807316303253
0.63999998569488525400 0.00633108010515570641
0.64999997615814209000 0.00644885795190930367
0.66000002622604370100 0.00654964288696646691
0.67000001668930053700 0.00666462490335106850
0.68000000715255737300 0.00677362317219376564
0.68999999761581420900 0.00688704103231430054
0.69999998807907104500 0.00701107690110802651
0.70999997854232788100 0.00711804907768964768
0.72000002861022949200 0.00722978403791785240
0.73000001907348632800 0.00735023990273475647
0.74000000953674316400 0.00746875489130616188
0.75000000000000000000 0.00760765280574560166
0.75999999046325683600 0.00773261999711394310
0.76999998092651367200 0.00784668419510126114
0.77999997138977050800 0.00797145906835794449
0.79000002145767211900 0.00809817016124725342
0.80000001192092895500 0.00820994656533002854
0.81000000238418579100 0.00831699743866920471
0.81999999284744262700 0.00843968614935874939
0.82999998331069946300 0.00856608431786298752
0.83999997377395629900 0.00870086066424846649
0.85000002384185791000 0.00883045420050621033
0.86000001430511474600 0.00895294640213251114
0.87000000476837158200 0.00906629487872123719
0.87999999523162841800 0.00919174402952194214
0.88999998569488525400 0.00933101121336221695
0.89999997615814209000 0.00945563893765211106
0.91000002622604370100 0.00958275329321622849
0.92000001668930053700 0.00970266666263341904
0.93000000715255737300 0.00984291918575763703
0.93999999761581420900 0.00997329130768775940
0.94999998807907104500 0.01009090989828109740
0.95999997854232788100 0.01022597961127758030
0.97000002861022949200 0.01036080997437238690
0.98000001907348632800 0.01051480975002050400
0.99000000953674316400 0.01064692996442317960
1.00000000000000000000 0.01076618954539299010
