-1.00000000000000000000 -0.00494999578222632408
-0.99000000953674316400 -0.00497510796412825585
-0.98000001907348632800 -0.00497844722121953964
-0.97000002861022949200 -0.00497309584170579910
-0.95999997854232788100 -0.00497196801006793976
-0.94999998807907104500 -0.00495234690606594086
-0.93999999761581420900 -0.00495035108178853989
-0.93000000715255737300 -0.00495775090530514717
-0.92000001668930053700 -0.00494304485619068146
-0.91000002622604370100 -0.00492743682116270065
-0.89999997615814209000 -0.00494662299752235413
-0.88999998569488525400 -0.00495603913441300392
-0.87999999523162841800 -0.00494886096566915512
-0.87000000476837158200 -0.00496827811002731323
-0.86000001430511474600 -0.00496200611814856529
-0.85000002384185791000 -0.00492585217580199242
-0.83999997377395629900 -0.00494956504553556442
-0.82999998331069946300 -0.00494660204276442528
-0.81999999284744262700 -0.00491337897256016731
-0.81000000238418579100 -0.00493068387731909752
-0.80000001192092895500 -0.00494144111871719360
-0.79000002145767211900 -0.00493508577346801758
-0.77999997138977050800 -0.00496105896309018135
-0.76999998092651367200 -0.00497061386704444885
-0.75999999046325683600 -0.00494780391454696655
-0.75000000000000000000 -0.00494370190426707268
-0.74000000953674316400 -0.00495303282514214516
-0.73000001907348632800 -0.00493865087628364563
-0.72000002861022949200 -0.00493581080809235573
-0.70999997854232788100 -0.00493613304570317269
-0.69999998807907104500 -0.00492572505027055740
-0.68999999761581420900 -0.00494736805558204651
-0.68000000715255737300 -0.00495726708322763443
-0.67000001668930053700 -0.00495119579136371613
-0.66000002622604370100 -0.00495527312159538269
-0.64999997615814209000 -0.00493670301511883736
-0.63999998569488525400 -0.00492614787071943283
-0.62999999523162841800 -0.00493697915226221085
-0.62000000476837158200 -0.00492036901414394379
-0.61000001430511474600 -0.00490708788856863976
-0.60000002384185791000 -0.00492241512984037399
-0.58999997377395629900 -0.00493087014183402062
-0.57999998331069946300 -0.00492533016949892044
-0.56999999284744262700 -0.00494799390435218811
-0.56000000238418579100 -0.00494168093428015709
-0.55000001192092895500 -0.00491449190303683281
-0.54000002145767211900 -0.00492282910272479057
-0.52999997138977050800 -0.00492962216958403588
-0.51999998092651367200 -0.00490328390151262283
-0.50999999046325683600 -0.00490644713863730431
-0.50000000000000000000 -0.00491360202431678772
-0.49000000953674316400 -0.00490854401141405106
-0.47999998927116394000 -0.00493383919820189476
-0.46999999880790710400 -0.00493980618193745613
-0.46000000834465026800 -0.00492185819894075394
-0.44999998807907104500 -0.00492159277200698853
-0.43999999761581420900 -0.00491412589326500893
-0.43000000715255737300 -0.00490823108702898026
-0.41999998688697814900 -0.00491381715983152390
-0.40999999642372131300 -0.00490237306803464890
-0.40000000596046447700 -0.00488777179270982742
-0.38999998569488525400 -0.00490661989897489548
-0.37999999523162841800 -0.00491517176851630211
-0.37000000476837158200 -0.00490355910733342171
-0.36000001430511474600 -0.00491670006886124611
-0.34999999403953552200 -0.00490600010380148888
-0.34000000357627868600 -0.00487505597993731499
-0.33000001311302185100 -0.00489741796627640724
-0.31999999284744262700 -0.00489107193425297737
-0.31000000238418579100 -0.00485630985349416733
-0.30000001192092895500 -0.00487441988661885262
-0.28999999165534973100 -0.00487989187240600586
-0.28000000119209289500 -0.00487525807693600655
-0.27000001072883606000 -0.00489237578585743904
-0.25999999046325683600 -0.00489872787147760391
-0.25000000000000000000 -0.00487097585573792458
-0.23999999463558197000 -0.00487064104527235031
-0.23000000417232513400 -0.00488086277619004250
-0.21999999880790710400 -0.00486352387815713883
-0.20999999344348907500 -0.00486171897500753403
-0.20000000298023223900 -0.00486208405345678330
-0.18999999761581420900 -0.00485731102526187897
-0.18000000715255737300 -0.00487951096147298813
-0.17000000178813934300 -0.00488084508106112480
-0.15999999642372131300 -0.00487141497433185578
-0.15000000596046447800 -0.00486770877614617348
-0.14000000059604644800 -0.00484680617228150368
-0.12999999523162841800 -0.00484954798594117165
-0.11999999731779098500 -0.00485108606517314911
-0.10999999940395355200 -0.00483024120330810547
-0.10000000149011611900 -0.00482635619118809700
-0.09000000357627868650 -0.00483996188268065453
-0.07999999821186065670 -0.00483832694590091705
-0.07000000029802322390 -0.00483108777552843094
-0.05999999865889549260 -0.00484373699873685837
-0.05000000074505805970 -0.00481936708092689514
-0.03999999910593032840 -0.00479805096983909607
-0.02999999932944774630 -0.00481072999536991120
-0.01999999955296516420 -0.00479663722217082977
-0.00999999977648258210 -0.00477256113663315773
0.00000000000000000000 -0.00477937515825033188
0.00999999977648258210 -0.00477817887440323830
0.01999999955296516420 -0.00476711522787809372
0.02999999932944774630 -0.00478215003386139870
0.03999999910593032840 -0.00478173000738024712
0.05000000074505805970 -0.00474998913705348969
0.05999999865889549260 -0.00473439600318670273
0.07000000029802322390 -0.00473594898357987404
0.07999999821186065670 -0.00471069710329174996
0.09000000357627868650 -0.00469410885125398636
0.10000000149011611900 -0.00468424521386623383
0.10999999940395355200 -0.00466811377555131912
0.11999999731779098500 -0.00466824602335691452
0.12999999523162841800 -0.00465840287506580353
0.14000000059604644800 -0.00463211908936500549
0.15000000596046447800 -0.00461203698068857193
0.15999999642372131300 -0.00455980096012353897
0.17000000178813934300 -0.00453172298148274422
0.18000000715255737300 -0.00451365811750292778
0.18999999761581420900 -0.00446688011288642883
0.20000000298023223900 -0.00441063707694411278
0.20999999344348907500 -0.00437994394451379776
0.21999999880790710400 -0.00433406513184309006
0.23000000417232513400 -0.00426225410774350166
0.23999999463558197000 -0.00421754084527492523
0.25000000000000000000 -0.00413275603204965592
0.25999999046325683600 -0.00404930720105767250
0.27000001072883606000 -0.00396186392754316330
0.28000000119209289500 -0.00386381801217794418
0.28999999165534973100 -0.00373161491006612778
0.30000001192092895500 -0.00359853310510516167
0.31000000238418579100 -0.00345891411416232586
0.31999999284744262700 -0.00326026696711778641
0.33000001311302185100 -0.00312308105640113354
0.34000000357627868600 -0.00284818606451153755
0.34999999403953552200 -0.00265499390661716461
0.36000001430511474600 -0.00242514698766171932
0.37000000476837158200 -0.00220196205191314220
0.37999999523162841800 -0.00186952296644449234
0.38999998569488525400 -0.00166549498680979014
0.40000000596046447700 -0.00142607104498893023
0.40999999642372131300 -0.00108525005634874105
0.41999998688697814900 -0.00083041319157928228
0.43000000715255737300 -0.00047860870836302638
0.43999999761581420900 -0.00013030240370426327
0.44999998807907104500 0.00019864499336108565
0.46000000834465026800 0.00073080492438748479
0.46999999880790710400 0.00110494904220104218
0.47999998927116394000 0.00144710298627614975
0.49000000953674316400 0.00175561802461743355
0.50000000000000000000 0.00207415595650672913
0.50999999046325683600 0.00228541693650186062
0.51999998092651367200 0.00259660603478550911
0.52999997138977050800 0.00293971388600766659
0.54000002145767211900 0.00317985005676746368
0.55000001192092895500 0.00341877294704318047
0.56000000238418579100 0.00369327911175787449
0.56999999284744262700 0.00389007595367729664
0.57999998331069946300 0.00413695117458701134
0.58999997377395629900 0.00432927021756768227
0.60000002384185791000 0.00450304104015231133
0.61000001430511474600 0.00467921700328588486
0.62000000476837158200 0.00484212022274732590
0.62999999523162841800 0.00493078911677002907
0.63999998569488525400 0.00506486510857939720
0.64999997615814209000 0.00519160693511366844
0.66000002622604370100 0.00526648014783859253
0.67000001668930053700 0.00535782100632786751
0.68000000715255737300 0.00547156482934951782
0.68999999761581420900 0.00560358213260769844
0.69999998807907104500 0.00567637197673320770
0.70999997854232788100 0.00580938719213008881
0.72000002861022949200 0.00586448702961206436
0.73000001907348632800 0.00591518590226769448
0.74000000953674316400 0.00601234193891286850
0.75000000000000000000 0.00608089985325932503
0.75999999046325683600 0.00612388504669070244
0.76999998092651367200 0.00619654497131705284
0.77999997138977050800 0.00630162097513675690
0.79000002145767211900 0.00635652197524905205
0.80000001192092895500 0.00646630395203828812
0.81000000238418579100 0.00652423501014709473
0.81999999284744262700 0.00657998491078615189
0.82999998331069946300 0.00664022797718644142
0.83999997377395629900 0.00672789802774786949
0.85000002384185791000 0.00678175082430243492
0.86000001430511474600 0.00685960007831454277
0.87000000476837158200 0.00692801410332322121
0.87999999523162841800 0.00700037786737084389
0.88999998569488525400 0.00709639210253953934
0.89999997615814209000 0.00714205997064709664
0.91000002622604370100 0.00723535101860761643
0.92000001668930053700 0.00729153305292129517
0.93000000715255737300 0.00732772517949342728
0.93999999761581420900 0.00739186909049749375
0.94999998807907104500 0.00747293001040816307
0.95999997854232788100 0.00750754820182919502
0.97000002861022949200 0.00756247621029615402
0.98000001907348632800 0.00766528397798538208
0.99000000953674316400 0.00772129418328404427
1.00000000000000000000 0.00779062183573842049
