-1.00000000000000000000 -0.00626150798052549362
-0.99000000953674316400 -0.00627608504146337509
-0.98000001907348632800 -0.00627514394000172615
-0.97000002861022949200 -0.00625930493697524071
-0.95999997854232788100 -0.00625383621081709862
-0.94999998807907104500 -0.00625699199736118317
-0.93999999761581420900 -0.00623578997328877449
-0.93000000715255737300 -0.00623130379244685173
-0.92000001668930053700 -0.00623322697356343270
-0.91000002622604370100 -0.00624200003221631050
-0.89999997615814209000 -0.00625809794291853905
-0.88999998569488525400 -0.00625880481675267220
-0.87999999523162841800 -0.00625747116282582283
-0.87000000476837158200 -0.00624164380133152008
-0.86000001430511474600 -0.00624686805531382561
-0.85000002384185791000 -0.00624385522678494454
-0.83999997377395629900 -0.00622952915728092194
-0.82999998331069946300 -0.00622641900554299355
-0.81999999284744262700 -0.00623893318697810173
-0.81000000238418579100 -0.00626142323017120362
-0.80000001192092895500 -0.00626349914819002152
-0.79000002145767211900 -0.00627458095550537110
-0.77999997138977050800 -0.00627122586593031883
-0.76999998092651367200 -0.00624351715669035912
-0.75999999046325683600 -0.00625700503587722778
-0.75000000000000000000 -0.00625996990129351616
-0.74000000953674316400 -0.00622832495719194412
-0.73000001907348632800 -0.00622897408902645111
-0.72000002861022949200 -0.00624661287292838097
-0.70999997854232788100 -0.00624452112242579460
-0.69999998807907104500 -0.00625178590416908264
-0.68999999761581420900 -0.00625853007659316063
-0.68000000715255737300 -0.00622896896675229073
-0.67000001668930053700 -0.00620977999642491341
-0.66000002622604370100 -0.00622206507250666619
-0.64999997615814209000 -0.00619291514158248902
-0.63999998569488525400 -0.00618135510012507439
-0.62999999523162841800 -0.00619280477985739708
-0.62000000476837158200 -0.00618662498891353607
-0.61000001430511474600 -0.00620761001482605934
-0.60000002384185791000 -0.00621548620983958244
-0.58999997377395629900 -0.00620677601546049118
-0.57999998331069946300 -0.00620238715782761574
-0.56999999284744262700 -0.00620902096852660179
-0.56000000238418579100 -0.00619617709890007973
-0.55000001192092895500 -0.00618947902694344521
-0.54000002145767211900 -0.00619600806385278702
-0.52999997138977050800 -0.00618922477588057518
-0.51999998092651367200 -0.00621113087981939316
-0.50999999046325683600 -0.00622672401368618012
-0.50000000000000000000 -0.00622412422671914101
-0.49000000953674316400 -0.00622147088870406151
-0.47999998927116394000 -0.00621062703430652619
-0.46999999880790710400 -0.00620022322982549668
-0.46000000834465026800 -0.00620337016880512238
-0.44999998807907104500 -0.00619316892698407173
-0.43999999761581420900 -0.00617947289720177651
-0.43000000715255737300 -0.00619419384747743607
-0.41999998688697814900 -0.00620811898261308670
-0.40999999642372131300 -0.00620588986203074455
-0.40000000596046447700 -0.00621640076860785484
-0.38999998569488525400 -0.00620620790868997574
-0.37999999523162841800 -0.00617379322648048401
-0.37000000476837158200 -0.00619172910228371620
-0.36000001430511474600 -0.00618889089673757553
-0.34999999403953552200 -0.00615725107491016388
-0.34000000357627868600 -0.00616689585149288178
-0.33000001311302185100 -0.00617564795538783074
-0.31999999284744262700 -0.00617985101416707039
-0.31000000238418579100 -0.00619209697470068932
-0.30000001192092895500 -0.00620376877486705780
-0.28999999165534973100 -0.00618249410763382912
-0.28000000119209289500 -0.00617585098370909691
-0.27000001072883606000 -0.00619059288874268532
-0.25999999046325683600 -0.00617517810314893723
-0.25000000000000000000 -0.00616839202120900154
-0.23999999463558197000 -0.00617653410881757736
-0.23000000417232513400 -0.00618465896695852280
-0.21999999880790710400 -0.00619688909500837326
-0.20999999344348907500 -0.00620674993842840195
-0.20000000298023223900 -0.00619724020361900330
-0.18999999761581420900 -0.00618690811097621918
-0.18000000715255737300 -0.00618764106184244156
-0.17000000178813934300 -0.00617615180090069771
-0.15999999642372131300 -0.00615946296602487564
-0.15000000596046447800 -0.00615232298150658608
-0.14000000059604644800 -0.00614844309166073799
-0.12999999523162841800 -0.00615685200318694115
-0.11999999731779098500 -0.00616470212116837502
-0.10999999940395355200 -0.00616174517199397087
-0.10000000149011611900 -0.00615200214087963104
-0.09000000357627868650 -0.00612569879740476608
-0.07999999821186065670 -0.00612674606963992119
-0.07000000029802322390 -0.00612833816558122635
-0.05999999865889549260 -0.00610071001574397087
-0.05000000074505805970 -0.00609745085239410401
-0.03999999910593032840 -0.00610964000225067139
-0.02999999932944774630 -0.00612194091081619263
-0.01999999955296516420 -0.00612431811168789864
-0.00999999977648258210 -0.00614070799201726914
0.00000000000000000000 -0.00612630601972341538
0.00999999977648258210 -0.00611236318945884705
0.01999999955296516420 -0.00612217001616954804
0.02999999932944774630 -0.00613255798816680908
0.03999999910593032840 -0.00609713420271873474
0.05000000074505805970 -0.00610129395499825478
0.05999999865889549260 -0.00611504912376403809
0.07000000029802322390 -0.00611032079905271530
0.07999999821186065670 -0.00612528901547193527
0.09000000357627868650 -0.00613747583702206612
0.10000000149011611900 -0.00611349800601601601
0.10999999940395355200 -0.00609833095222711563
0.11999999731779098500 -0.00611384212970733643
0.12999999523162841800 -0.00609510904178023338
0.14000000059604644800 -0.00607617292553186417
0.15000000596046447800 -0.00608333712443709374
0.15999999642372131300 -0.00607349211350083351
0.17000000178813934300 -0.00609143590554594994
0.18000000715255737300 -0.00609333906322717667
0.18999999761581420900 -0.00609092786908149719
0.20000000298023223900 -0.00608232896775007248
0.20999999344348907500 -0.00606287596747279167
0.21999999880790710400 -0.00605883402749896050
0.23000000417232513400 -0.00605186587199568749
0.23999999463558197000 -0.00604095822200179100
0.25000000000000000000 -0.00603493815287947655
0.25999999046325683600 -0.00604842184111475945
0.27000001072883606000 -0.00605603912845253945
0.28000000119209289500 -0.00605595810338854790
0.28999999165534973100 -0.00605660211294889450
0.30000001192092895500 -0.00604279199615120888
0.31000000238418579100 -0.00602632621303200722
0.31999999284744262700 -0.00602653296664357186
0.33000001311302185100 -0.00600368017330765724
0.34000000357627868600 -0.00598158314824104309
0.34999999403953552200 -0.00598165998235344887
0.36000001430511474600 -0.00597720593214035034
0.37000000476837158200 -0.00596346519887447357
0.37999999523162841800 -0.00595013983547687531
0.38999998569488525400 -0.00592078920453786850
0.40000000596046447700 -0.00586438784375786782
0.40999999642372131300 -0.00583507306873798371
0.41999998688697814900 -0.00578012503683567047
0.43000000715255737300 -0.00569917587563395500
0.43999999761581420900 -0.00563627202063798905
0.44999998807907104500 -0.00555628584697842598
0.46000000834465026800 -0.00546626700088381767
0.46999999880790710400 -0.00536545412614941597
0.47999998927116394000 -0.00524479104205965996
0.49000000953674316400 -0.00509065017104148865
0.50000000000000000000 -0.00492999097332358360
0.50999999046325683600 -0.00476379413157701492
0.51999998092651367200 -0.00457437383010983467
0.52999997138977050800 -0.00437420979142189026
0.54000002145767211900 -0.00416408386081457138
0.55000001192092895500 -0.00394829502329230309
0.56000000238418579100 -0.00372480601072311402
0.56999999284744262700 -0.00348448194563388825
0.57999998331069946300 -0.00323710800148546696
0.58999997377395629900 -0.00297933793626725674
0.60000002384185791000 -0.00270929490216076374
0.61000001430511474600 -0.00244326889514923096
0.62000000476837158200 -0.00217029708437621594
0.62999999523162841800 -0.00188632099889218807
0.63999998569488525400 -0.00160605600103735924
0.64999997615814209000 -0.00132505001965910196
0.66000002622604370100 -0.00103610404767096043
0.67000001668930053700 -0.00071085942909121513
0.68000000715255737300 -0.00042796140769496560
0.68999999761581420900 -0.00014558270049747080
0.69999998807907104500 0.00013449070684146136
0.70999997854232788100 0.00042742601362988353
0.72000002861022949200 0.00071969447890296578
0.73000001907348632800 0.00101561797782778740
0.74000000953674316400 0.00136490201111882925
0.75000000000000000000 0.00167532102204859257
0.75999999046325683600 0.00199082493782043457
0.76999998092651367200 0.00230536400340497494
0.77999997138977050800 0.00262034498155117035
0.79000002145767211900 0.00293901190161705017
0.80000001192092895500 0.00325820897705852986
0.81000000238418579100 0.00357831292785704136
0.81999999284744262700 0.00390136800706386566
0.82999998331069946300 0.00422402517870068550
0.83999997377395629900 0.00454932078719139099
0.85000002384185791000 0.00487646413967013359
0.86000001430511474600 0.00520589202642440796
0.87000000476837158200 0.00553682120516896248
0.87999999523162841800 0.00586851919069886208
0.88999998569488525400 0.00620267307385802269
0.89999997615814209000 0.00653839018195867539
0.91000002622604370100 0.00687517318874597550
0.92000001668930053700 0.00721496110782027245
0.93000000715255737300 0.00755626102909445763
0.93999999761581420900 0.00789880938827991486
0.94999998807907104500 0.00824462436139583588
0.95999997854232788100 0.00858948193490505219
0.97000002861022949200 0.00893507618457078934
0.98000001907348632800 0.00928632821887731552
0.99000000953674316400 0.00963662192225456238
1.00000000000000000000 0.00998673029243946076
