-1.00000000000000000000 -0.00601998018100857735
-0.99000000953674316400 -0.00603184802457690239
-0.98000001907348632800 -0.00604542996734380722
-0.97000002861022949200 -0.00605178810656070709
-0.95999997854232788100 -0.00606014579534530640
-0.94999998807907104500 -0.00604230817407369614
-0.93999999761581420900 -0.00603220518678426743
-0.93000000715255737300 -0.00604229886084794998
-0.92000001668930053700 -0.00603352207690477371
-0.91000002622604370100 -0.00601616594940423966
-0.89999997615814209000 -0.00601892918348312378
-0.88999998569488525400 -0.00602664705365896225
-0.87999999523162841800 -0.00603414513170719147
-0.87000000476837158200 -0.00604201806709170342
-0.86000001430511474600 -0.00603810977190732956
-0.85000002384185791000 -0.00602450408041477204
-0.83999997377395629900 -0.00602630199864506722
-0.82999998331069946300 -0.00602504611015319824
-0.81999999284744262700 -0.00601100595667958260
-0.81000000238418579100 -0.00600882619619369507
-0.80000001192092895500 -0.00601710285991430283
-0.79000002145767211900 -0.00602957000955939293
-0.77999997138977050800 -0.00604263786226511002
-0.76999998092651367200 -0.00605097087100148201
-0.75999999046325683600 -0.00604655221104621887
-0.75000000000000000000 -0.00603015022352337837
-0.74000000953674316400 -0.00603266619145870209
-0.73000001907348632800 -0.00603440310806035996
-0.72000002861022949200 -0.00601701904088258744
-0.70999997854232788100 -0.00602176319807767868
-0.69999998807907104500 -0.00602884218096733093
-0.68999999761581420900 -0.00604191282764077187
-0.68000000715255737300 -0.00604767212644219399
-0.67000001668930053700 -0.00605676090344786644
-0.66000002622604370100 -0.00604620482772588730
-0.64999997615814209000 -0.00602158997207880020
-0.63999998569488525400 -0.00603028992190957070
-0.62999999523162841800 -0.00602162303403019905
-0.62000000476837158200 -0.00599780399352312088
-0.61000001430511474600 -0.00599012384191155434
-0.60000002384185791000 -0.00600264919921755791
-0.58999997377395629900 -0.00601114612072706223
-0.57999998331069946300 -0.00601396011188626290
-0.56999999284744262700 -0.00602131802588701248
-0.56000000238418579100 -0.00601268513128161431
-0.55000001192092895500 -0.00599820585921406746
-0.54000002145767211900 -0.00600467110052704811
-0.52999997138977050800 -0.00600462406873703003
-0.51999998092651367200 -0.00599438883364200592
-0.50999999046325683600 -0.00599890016019344330
-0.50000000000000000000 -0.00601257989183068276
-0.49000000953674316400 -0.00602655811235308647
-0.47999998927116394000 -0.00602655019611120224
-0.46999999880790710400 -0.00603892281651496887
-0.46000000834465026800 -0.00603166595101356507
-0.44999998807907104500 -0.00601003319025039673
-0.43999999761581420900 -0.00602460093796253205
-0.43000000715255737300 -0.00602350803092122078
-0.41999998688697814900 -0.00599565496668219567
-0.40999999642372131300 -0.00600918196141719818
-0.40000000596046447700 -0.00602205097675323486
-0.38999998569488525400 -0.00602588104084134102
-0.37999999523162841800 -0.00603369297459721565
-0.37000000476837158200 -0.00603700010105967522
-0.36000001430511474600 -0.00602224888280034065
-0.34999999403953552200 -0.00600385619327425957
-0.34000000357627868600 -0.00601182505488395691
-0.33000001311302185100 -0.00599638000130653382
-0.31999999284744262700 -0.00597959198057651520
-0.31000000238418579100 -0.00598712498322129250
-0.30000001192092895500 -0.00599185982719063759
-0.28999999165534973100 -0.00599996792152523995
-0.28000000119209289500 -0.00600907998159527779
-0.27000001072883606000 -0.00601025577634572983
-0.25999999046325683600 -0.00599471898749470711
-0.25000000000000000000 -0.00598979601636528969
-0.23999999463558197000 -0.00599815882742404938
-0.23000000417232513400 -0.00598898017778992653
-0.21999999880790710400 -0.00598127022385597229
-0.20999999344348907500 -0.00599227519705891609
-0.20000000298023223900 -0.00600580079481005669
-0.18999999761581420900 -0.00601475592702627182
-0.18000000715255737300 -0.00602787500247359276
-0.17000000178813934300 -0.00602211710065603256
-0.15999999642372131300 -0.00599686102941632271
-0.15000000596046447800 -0.00600311998277902603
-0.14000000059604644800 -0.00600824598222970963
-0.12999999523162841800 -0.00598044414073228836
-0.11999999731779098500 -0.00597884599119424820
-0.10999999940395355200 -0.00598850380629301071
-0.10000000149011611900 -0.00598994176834821701
-0.09000000357627868650 -0.00599789619445800781
-0.07999999821186065670 -0.00600182404741644860
-0.07000000029802322390 -0.00598917901515960694
-0.05999999865889549260 -0.00596318719908595085
-0.05000000074505805970 -0.00597211578860878945
-0.03999999910593032840 -0.00595933990553021431
-0.02999999932944774630 -0.00594014488160610199
-0.01999999955296516420 -0.00594090018421411514
-0.00999999977648258210 -0.00594769278541207314
0.00000000000000000000 -0.00596346100792288780
0.00999999977648258210 -0.00596804777160286904
0.01999999955296516420 -0.00597144197672605515
0.02999999932944774630 -0.00597791979089379311
0.03999999910593032840 -0.00597185594961047173
0.05000000074505805970 -0.00595105905085802078
0.05999999865889549260 -0.00596709176898002625
0.07000000029802322390 -0.00596037693321704865
0.07999999821186065670 -0.00593729503452777863
0.09000000357627868650 -0.00595069816336035729
0.10000000149011611900 -0.00595958484336733818
0.10999999940395355200 -0.00596571387723088265
0.11999999731779098500 -0.00597489997744560242
0.12999999523162841800 -0.00597875379025936127
0.14000000059604644800 -0.00595918809995055199
0.15000000596046447800 -0.00594978313893079758
0.15999999642372131300 -0.00595316709950566292
0.17000000178813934300 -0.00593641912564635277
0.18000000715255737300 -0.00592193892225623131
0.18999999761581420900 -0.00592190492898225784
0.20000000298023223900 -0.00592842604964971543
0.20999999344348907500 -0.00592639204114675522
0.21999999880790710400 -0.00592917390167713166
0.23000000417232513400 -0.00592019082978367806
0.23999999463558197000 -0.00589057011529803276
0.25000000000000000000 -0.00588297098875045777
0.25999999046325683600 -0.00588410999625921250
0.27000001072883606000 -0.00586245395243167877
0.28000000119209289500 -0.00584912206977605820
0.28999999165534973100 -0.00585225922986865044
0.30000001192092895500 -0.00585613492876291275
0.31000000238418579100 -0.00585547415539622307
0.31999999284744262700 -0.00585492420941591263
0.33000001311302185100 -0.00584246218204498291
0.34000000357627868600 -0.00580908590927720070
0.34999999403953552200 -0.00580086978152394295
0.36000001430511474600 -0.00579037796705961228
0.37000000476837158200 -0.00575270410627126694
0.37999999523162841800 -0.00573399988934397698
0.38999998569488525400 -0.00572449900209903717
0.40000000596046447700 -0.00571306981146335602
0.40999999642372131300 -0.00569376209750771523
0.41999998688697814900 -0.00568332104012370110
0.43000000715255737300 -0.00564076099544763565
0.43999999761581420900 -0.00559384608641266823
0.44999998807907104500 -0.00557002797722816467
0.46000000834465026800 -0.00552724394947290421
0.46999999880790710400 -0.00546885095536708832
0.47999998927116394000 -0.00543194590136408806
0.49000000953674316400 -0.00539464596658945084
0.50000000000000000000 -0.00534977810457348824
0.50999999046325683600 -0.00530727207660675049
0.51999998092651367200 -0.00525284418836236000
0.52999997138977050800 -0.00518090603873133660
0.54000002145767211900 -0.00509369093924760819
0.55000001192092895500 -0.00502076279371976853
0.56000000238418579100 -0.00491789588704705238
0.56999999284744262700 -0.00478891003876924515
0.57999998331069946300 -0.00466105015948414803
0.58999997377395629900 -0.00450343079864978790
0.60000002384185791000 -0.00432219915091991425
0.61000001430511474600 -0.00410621380433440209
0.62000000476837158200 -0.00385381793603301048
0.62999999523162841800 -0.00354129495099186897
0.63999998569488525400 -0.00319174909964203835
0.64999997615814209000 -0.00281294295564293861
0.66000002622604370100 -0.00237829703837633133
0.67000001668930053700 -0.00190281099639832974
0.68000000715255737300 -0.00139307801146060228
0.68999999761581420900 -0.00082936091348528862
0.69999998807907104500 -0.00027350790333002806
0.70999997854232788100 0.00028708140598610044
0.72000002861022949200 0.00093362847110256553
0.73000001907348632800 0.00164590799249708653
0.74000000953674316400 0.00235011102631688118
0.75000000000000000000 0.00307803088799118996
0.75999999046325683600 0.00382314599119126797
0.76999998092651367200 0.00458214711397886276
0.77999997138977050800 0.00536068202927708626
0.79000002145767211900 0.00615111319348216057
0.80000001192092895500 0.00695873191580176354
0.81000000238418579100 0.00777824316173791886
0.81999999284744262700 0.00860830117017030716
0.82999998331069946300 0.00944817531853914261
0.83999997377395629900 0.01029925979673862460
0.85000002384185791000 0.01060627028346061710
0.86000001430511474600 0.01143622025847435000
0.87000000476837158200 0.01228057034313678740
0.87999999523162841800 0.01312306988984346390
0.88999998569488525400 0.01397005002945661540
0.89999997615814209000 0.01483501959592103960
0.91000002622604370100 0.01570069044828414920
0.92000001668930053700 0.01657368056476116180
0.93000000715255737300 0.01745970919728279110
0.93999999761581420900 0.01834866032004356380
0.94999998807907104500 0.01923608966171741490
0.95999997854232788100 0.02012355066835880280
0.97000002861022949200 0.02103634923696517940
0.98000001907348632800 0.02193637937307357790
0.99000000953674316400 0.02284049987792968750
1.00000000000000000000 0.02375476062297821050
