-1.00000000000000000000 -0.00605676881968975067
-0.99000000953674316400 -0.00604218384250998497
-0.98000001907348632800 -0.00604841392487287522
-0.97000002861022949200 -0.00605489220470190048
-0.95999997854232788100 -0.00603536795824766159
-0.94999998807907104500 -0.00603844691067934036
-0.93999999761581420900 -0.00605437112972140312
-0.93000000715255737300 -0.00606389809399843216
-0.92000001668930053700 -0.00607335288077592850
-0.91000002622604370100 -0.00608426891267299652
-0.89999997615814209000 -0.00606928206980228424
-0.88999998569488525400 -0.00605704402551054955
-0.87999999523162841800 -0.00607025297358632088
-0.87000000476837158200 -0.00606038700789213181
-0.86000001430511474600 -0.00604558084160089493
-0.85000002384185791000 -0.00604922417551279068
-0.83999997377395629900 -0.00605841586366295815
-0.82999998331069946300 -0.00607000710442662239
-0.81999999284744262700 -0.00607600482180714607
-0.81000000238418579100 -0.00606830278411507607
-0.80000001192092895500 -0.00604623788967728615
-0.79000002145767211900 -0.00605885218828916550
-0.77999997138977050800 -0.00605023186653852463
-0.76999998092651367200 -0.00603296095505356789
-0.75999999046325683600 -0.00603787600994110108
-0.75000000000000000000 -0.00604159478098154068
-0.74000000953674316400 -0.00606323685497045517
-0.73000001907348632800 -0.00607137987390160561
-0.72000002861022949200 -0.00607845792546868324
-0.70999997854232788100 -0.00606523314490914345
-0.69999998807907104500 -0.00605067284777760506
-0.68999999761581420900 -0.00606508785858750344
-0.68000000715255737300 -0.00605922611430287361
-0.67000001668930053700 -0.00603989977389574051
-0.66000002622604370100 -0.00604532705619931221
-0.64999997615814209000 -0.00605859514325857163
-0.63999998569488525400 -0.00606461521238088608
-0.62999999523162841800 -0.00608035083860158920
-0.62000000476837158200 -0.00607102690264582634
-0.61000001430511474600 -0.00605166377499699593
-0.60000002384185791000 -0.00605630595237016678
-0.58999997377395629900 -0.00604893220588564873
-0.57999998331069946300 -0.00602655299007892609
-0.56999999284744262700 -0.00602101208642125130
-0.56000000238418579100 -0.00602661119773983956
-0.55000001192092895500 -0.00602980982512235642
-0.54000002145767211900 -0.00604163296520709992
-0.52999997138977050800 -0.00604133214801549912
-0.51999998092651367200 -0.00602719699963927269
-0.50999999046325683600 -0.00601246301084756851
-0.50000000000000000000 -0.00602476391941308975
-0.49000000953674316400 -0.00601895293220877648
-0.47999998927116394000 -0.00600595586001873017
-0.46999999880790710400 -0.00601259991526603699
-0.46000000834465026800 -0.00602051010355353356
-0.44999998807907104500 -0.00604279385879635811
-0.43999999761581420900 -0.00605216110125184059
-0.43000000715255737300 -0.00605522189289331436
-0.41999998688697814900 -0.00604305090382695198
-0.40999999642372131300 -0.00604404602199792862
-0.40000000596046447700 -0.00604543182998895645
-0.38999998569488525400 -0.00603282591328024864
-0.37999999523162841800 -0.00602940283715724945
-0.37000000476837158200 -0.00602740002796053887
-0.36000001430511474600 -0.00604888517409563065
-0.34999999403953552200 -0.00605462491512298584
-0.34000000357627868600 -0.00606096582487225533
-0.33000001311302185100 -0.00605467194691300392
-0.31999999284744262700 -0.00603047106415033341
-0.31000000238418579100 -0.00603718077763915062
-0.30000001192092895500 -0.00603151321411132813
-0.28999999165534973100 -0.00600883318111300469
-0.28000000119209289500 -0.00601113308221101761
-0.27000001072883606000 -0.00602030521258711815
-0.25999999046325683600 -0.00602656882256269455
-0.25000000000000000000 -0.00603820197284221649
-0.23999999463558197000 -0.00603979919105768204
-0.23000000417232513400 -0.00602475693449378014
-0.21999999880790710400 -0.00601797504350543022
-0.20999999344348907500 -0.00602436205372214318
-0.20000000298023223900 -0.00601213704794645310
-0.18999999761581420900 -0.00600701197981834412
-0.18000000715255737300 -0.00601037498563528061
-0.17000000178813934300 -0.00602352013811469078
-0.15999999642372131300 -0.00603918079286813736
-0.15000000596046447800 -0.00604523904621601105
-0.14000000059604644800 -0.00603728601709008217
-0.12999999523162841800 -0.00601983396336436272
-0.11999999731779098500 -0.00602111779153347016
-0.10999999940395355200 -0.00601908378303050995
-0.10000000149011611900 -0.00600458402186632157
-0.09000000357627868650 -0.00599927222356200218
-0.07999999821186065670 -0.00600383477285504341
-0.07000000029802322390 -0.00601595779880881310
-0.05999999865889549260 -0.00601881416514515877
-0.05000000074505805970 -0.00602204492315649986
-0.03999999910593032840 -0.00600465200841426850
-0.02999999932944774630 -0.00598497502505779267
-0.01999999955296516420 -0.00598648795858025551
-0.00999999977648258210 -0.00597563898190855980
0.00000000000000000000 -0.00595855480059981346
0.00999999977648258210 -0.00595742696896195412
0.01999999955296516420 -0.00597041891887784004
0.02999999932944774630 -0.00597527902573347092
0.03999999910593032840 -0.00598498806357383728
0.05000000074505805970 -0.00599340489134192467
0.05999999865889549260 -0.00598504487425088883
0.07000000029802322390 -0.00596556998789310456
0.07999999821186065670 -0.00598260713741183281
0.09000000357627868650 -0.00597279984503984452
0.10000000149011611900 -0.00595645001158118248
0.10999999940395355200 -0.00596818700432777405
0.11999999731779098500 -0.00597441801801323891
0.12999999523162841800 -0.00598098384216427803
0.14000000059604644800 -0.00599409500136971474
0.15000000596046447800 -0.00598719110712409020
0.15999999642372131300 -0.00595460599288344383
0.17000000178813934300 -0.00597046688199043274
0.18000000715255737300 -0.00596578605473041535
0.18999999761581420900 -0.00593295414000749588
0.20000000298023223900 -0.00593975000083446503
0.20999999344348907500 -0.00594049599021673203
0.21999999880790710400 -0.00594602804630994797
0.23000000417232513400 -0.00594842620193958283
0.23999999463558197000 -0.00594608718529343605
0.25000000000000000000 -0.00592449121177196503
0.25999999046325683600 -0.00589664699509739876
0.27000001072883606000 -0.00589551217854022980
0.28000000119209289500 -0.00588008202612400055
0.28999999165534973100 -0.00585590908303856850
0.30000001192092895500 -0.00584618281573057175
0.31000000238418579100 -0.00585071090608835220
0.31999999284744262700 -0.00584203191101551056
0.33000001311302185100 -0.00584339583292603493
0.34000000357627868600 -0.00582673121243715286
0.34999999403953552200 -0.00579066900536417961
0.36000001430511474600 -0.00578064098954200745
0.37000000476837158200 -0.00576653890311717987
0.37999999523162841800 -0.00572428805753588677
0.38999998569488525400 -0.00570978783071041107
0.40000000596046447700 -0.00569834699854254723
0.40999999642372131300 -0.00567712821066379547
0.41999998688697814900 -0.00566036486998200417
0.43000000715255737300 -0.00564004015177488327
0.43999999761581420900 -0.00559809477999806404
0.44999998807907104500 -0.00554500380530953407
0.46000000834465026800 -0.00552186602726578713
0.46999999880790710400 -0.00547194713726639748
0.47999998927116394000 -0.00540494592860341072
0.49000000953674316400 -0.00536513607949018479
0.50000000000000000000 -0.00531625794246792793
0.50999999046325683600 -0.00526161678135395050
0.51999998092651367200 -0.00520347990095615387
0.52999997138977050800 -0.00513319903984665871
0.54000002145767211900 -0.00503024598583579064
0.55000001192092895500 -0.00493422197178006172
0.56000000238418579100 -0.00482548587024211884
0.56999999284744262700 -0.00468116579577326775
0.57999998331069946300 -0.00452315015718340874
0.58999997377395629900 -0.00434601120650768280
0.60000002384185791000 -0.00413787411525845528
0.61000001430511474600 -0.00389261404052376747
0.62000000476837158200 -0.00360673409886658192
0.62999999523162841800 -0.00326384999789297581
0.63999998569488525400 -0.00288162101060152054
0.64999997615814209000 -0.00246679806150496006
0.66000002622604370100 -0.00200648908503353596
0.67000001668930053700 -0.00150039198342710733
0.68000000715255737300 -0.00094607338542118669
0.68999999761581420900 -0.00041140019311569631
0.69999998807907104500 0.00012229969433974475
0.70999997854232788100 0.00076960079604759812
0.72000002861022949200 0.00145556405186653137
0.73000001907348632800 0.00214210990816354752
0.74000000953674316400 0.00284824310801923275
0.75000000000000000000 0.00357621605508029461
0.75999999046325683600 0.00431736698374152184
0.76999998092651367200 0.00507263187319040299
0.77999997138977050800 0.00584488781169056893
0.79000002145767211900 0.00662894593551754952
0.80000001192092895500 0.00742540415376424790
0.81000000238418579100 0.00805197656154632569
0.81999999284744262700 0.00766503810882568360
0.82999998331069946300 0.00950127281248569489
0.83999997377395629900 0.01016006991267204280
0.85000002384185791000 0.01091661024838685990
0.86000001430511474600 0.01170992013067007060
0.87000000476837158200 0.01253974996507167820
0.87999999523162841800 0.01349752023816108700
0.88999998569488525400 0.01426369044929742810
0.89999997615814209000 0.01510643959045410160
0.91000002622604370100 0.01597072929143905640
0.92000001668930053700 0.01680007018148899080
0.93000000715255737300 0.01764841936528682710
0.93999999761581420900 0.01854470930993556980
0.94999998807907104500 0.01942724920809268950
0.95999997854232788100 0.02030096948146820070
0.97000002861022949200 0.02112706005573272710
0.98000001907348632800 0.02206733077764511110
0.99000000953674316400 0.02295364066958427430
1.00000000000000000000 0.02382862940430641170
