-1.00000000000000000000 -0.00598803209140896797
-0.99000000953674316400 -0.00602110801264643669
-0.98000001907348632800 -0.00600980082526803017
-0.97000002861022949200 -0.00598523579537868500
-0.95999997854232788100 -0.00600565876811742783
-0.94999998807907104500 -0.00600002380087971688
-0.93999999761581420900 -0.00597667507827281952
-0.93000000715255737300 -0.00599673623219132424
-0.92000001668930053700 -0.00599419977515935898
-0.91000002622604370100 -0.00600355584174394608
-0.89999997615814209000 -0.00602847198024392128
-0.88999998569488525400 -0.00602690596133470536
-0.87999999523162841800 -0.00601416220888495445
-0.87000000476837158200 -0.00600766297429800034
-0.86000001430511474600 -0.00600616680458188057
-0.85000002384185791000 -0.00600057002156972885
-0.83999997377395629900 -0.00599563680589199066
-0.82999998331069946300 -0.00598437199369072914
-0.81999999284744262700 -0.00599128287285566330
-0.81000000238418579100 -0.00601391401141881943
-0.80000001192092895500 -0.00600737379863858223
-0.79000002145767211900 -0.00601452495902776718
-0.77999997138977050800 -0.00601094495505094528
-0.76999998092651367200 -0.00597277283668518067
-0.75999999046325683600 -0.00598876504227519036
-0.75000000000000000000 -0.00599715998396277428
-0.74000000953674316400 -0.00596212409436702728
-0.73000001907348632800 -0.00597362499684095383
-0.72000002861022949200 -0.00599806290119886398
-0.70999997854232788100 -0.00598973501473665238
-0.69999998807907104500 -0.00600749207660555840
-0.68999999761581420900 -0.00602387497201561928
-0.68000000715255737300 -0.00599342817440629006
-0.67000001668930053700 -0.00597909698262810707
-0.66000002622604370100 -0.00600024918094277382
-0.64999997615814209000 -0.00597362499684095383
-0.63999998569488525400 -0.00597024103626608849
-0.62999999523162841800 -0.00598578993231058121
-0.62000000476837158200 -0.00598195614293217659
-0.61000001430511474600 -0.00599879212677478790
-0.60000002384185791000 -0.00601570680737495423
-0.58999997377395629900 -0.00600539101287722588
-0.57999998331069946300 -0.00599513994529843331
-0.56999999284744262700 -0.00598711287602782250
-0.56000000238418579100 -0.00598338898271322251
-0.55000001192092895500 -0.00597371906042098999
-0.54000002145767211900 -0.00596406683325767517
-0.52999997138977050800 -0.00595628609880805016
-0.51999998092651367200 -0.00597209297120571137
-0.50999999046325683600 -0.00598058011382818222
-0.50000000000000000000 -0.00597569812089204788
-0.49000000953674316400 -0.00598330097272992134
-0.47999998927116394000 -0.00596550898626446724
-0.46999999880790710400 -0.00595639087259769440
-0.46000000834465026800 -0.00596807198598980904
-0.44999998807907104500 -0.00595499109476804733
-0.43999999761581420900 -0.00594094023108482361
-0.43000000715255737300 -0.00596719887107610703
-0.41999998688697814900 -0.00597721803933382034
-0.40999999642372131300 -0.00598287489265203476
-0.40000000596046447700 -0.00600800383836030960
-0.38999998569488525400 -0.00599721213802695275
-0.37999999523162841800 -0.00597016513347625733
-0.37000000476837158200 -0.00599645683541893959
-0.36000001430511474600 -0.00597836496308445931
-0.34999999403953552200 -0.00595387676730751991
-0.34000000357627868600 -0.00597210321575403214
-0.33000001311302185100 -0.00596951087936758995
-0.31999999284744262700 -0.00598123203963041306
-0.31000000238418579100 -0.00599974207580089569
-0.30000001192092895500 -0.00600171322003006935
-0.28999999165534973100 -0.00598813593387603760
-0.28000000119209289500 -0.00597879802808165550
-0.27000001072883606000 -0.00597500614821910858
-0.25999999046325683600 -0.00596489896997809410
-0.25000000000000000000 -0.00596322491765022278
-0.23999999463558197000 -0.00594953820109367371
-0.23000000417232513400 -0.00595658319070935250
-0.21999999880790710400 -0.00597897311672568321
-0.20999999344348907500 -0.00596632994711399079
-0.20000000298023223900 -0.00597842782735824585
-0.18999999761581420900 -0.00597951700910925865
-0.18000000715255737300 -0.00593917490914463997
-0.17000000178813934300 -0.00595759088173508644
-0.15999999642372131300 -0.00595976505428552628
-0.15000000596046447800 -0.00592838693410158158
-0.14000000059604644800 -0.00593983009457588196
-0.12999999523162841800 -0.00596119603142142296
-0.11999999731779098500 -0.00595921697095036507
-0.10999999940395355200 -0.00597678497433662415
-0.10000000149011611900 -0.00598680181428790093
-0.09000000357627868650 -0.00595936877653002739
-0.07999999821186065670 -0.00595074892044067383
-0.07000000029802322390 -0.00596516113728284836
-0.05999999865889549260 -0.00594268599525094032
-0.05000000074505805970 -0.00594084104523062706
-0.03999999910593032840 -0.00594589812681078911
-0.02999999932944774630 -0.00594645878300070763
-0.01999999955296516420 -0.00595983304083347321
-0.00999999977648258210 -0.00597477285191416741
0.00000000000000000000 -0.00595938693732023239
0.00999999977648258210 -0.00594969885423779488
0.01999999955296516420 -0.00593687593936920166
0.02999999932944774630 -0.00592941185459494591
0.03999999910593032840 -0.00592317990958690644
0.05000000074505805970 -0.00591147178784012795
0.05999999865889549260 -0.00589689286425709725
0.07000000029802322390 -0.00590822799131274224
0.07999999821186065670 -0.00593180488795042038
0.09000000357627868650 -0.00591636914759874344
0.10000000149011611900 -0.00593856303021311760
0.10999999940395355200 -0.00593723496422171593
0.11999999731779098500 -0.00590060278773307800
0.12999999523162841800 -0.00592349097132682800
0.14000000059604644800 -0.00593031803146004677
0.15000000596046447800 -0.00589662510901689530
0.15999999642372131300 -0.00591420801356434822
0.17000000178813934300 -0.00593322003260254860
0.18000000715255737300 -0.00592753617092967034
0.18999999761581420900 -0.00594580499455332756
0.20000000298023223900 -0.00595886306837201119
0.20999999344348907500 -0.00592693500220775604
0.21999999880790710400 -0.00592028908431529999
0.23000000417232513400 -0.00593037717044353485
0.23999999463558197000 -0.00590443797409534455
0.25000000000000000000 -0.00589955598115921021
0.25999999046325683600 -0.00590256694704294205
0.27000001072883606000 -0.00589835597202181816
0.28000000119209289500 -0.00591595703735947609
0.28999999165534973100 -0.00591702619567513466
0.30000001192092895500 -0.00590180978178977966
0.31000000238418579100 -0.00588903296738862992
0.31999999284744262700 -0.00588031113147735596
0.33000001311302185100 -0.00586090423166751862
0.34000000357627868600 -0.00584588292986154556
0.34999999403953552200 -0.00582992518320679665
0.36000001430511474600 -0.00582213886082172394
0.37000000476837158200 -0.00583987310528755188
0.37999999523162841800 -0.00583215383812785149
0.38999998569488525400 -0.00583361508324742317
0.40000000596046447700 -0.00582794798538088799
0.40999999642372131300 -0.00579153979197144509
0.41999998688697814900 -0.00578022887930274010
0.43000000715255737300 -0.00578113319352269173
0.43999999761581420900 -0.00573330000042915344
0.44999998807907104500 -0.00571587681770324707
0.46000000834465026800 -0.00571575295180082321
0.46999999880790710400 -0.00569082377478480339
0.47999998927116394000 -0.00567248603329062462
0.49000000953674316400 -0.00566192995756864548
0.50000000000000000000 -0.00560488179326057434
0.50999999046325683600 -0.00553079880774021149
0.51999998092651367200 -0.00548921385779976845
0.52999997138977050800 -0.00539690582081675530
0.54000002145767211900 -0.00528433592990040779
0.55000001192092895500 -0.00518422015011310578
0.56000000238418579100 -0.00504296878352761269
0.56999999284744262700 -0.00488231703639030457
0.57999998331069946300 -0.00470245908945798874
0.58999997377395629900 -0.00446847593411803246
0.60000002384185791000 -0.00420014793053269386
0.61000001430511474600 -0.00390036799944937229
0.62000000476837158200 -0.00356784393079578877
0.62999999523162841800 -0.00321143702603876591
0.63999998569488525400 -0.00282776588574051857
0.64999997615814209000 -0.00240927399136126041
0.66000002622604370100 -0.00198368402197957039
0.67000001668930053700 -0.00153669703286141157
0.68000000715255737300 -0.00105997698847204447
0.68999999761581420900 -0.00055141438497230411
0.69999998807907104500 -0.00007882953650550917
0.70999997854232788100 0.00040674780029803514
0.72000002861022949200 0.00091279618209227920
0.73000001907348632800 0.00150175404269248247
0.74000000953674316400 0.00206001102924346924
0.75000000000000000000 0.00262766401283442974
0.75999999046325683600 0.00320419692434370518
0.76999998092651367200 0.00378873292356729508
0.77999997138977050800 0.00438319286331534386
0.79000002145767211900 0.00498470896854996681
0.80000001192092895500 0.00559941679239273071
0.81000000238418579100 0.00622068997472524643
0.81999999284744262700 0.00684880604967474938
0.82999998331069946300 0.00748637085780501366
0.83999997377395629900 0.00812559761106967926
0.85000002384185791000 0.00877437088638544083
0.86000001430511474600 0.00943821575492620468
0.87000000476837158200 0.01009796001017093660
0.87999999523162841800 0.01027423981577157970
0.88999998569488525400 0.01092564035207033160
0.89999997615814209000 0.01159012969583272930
0.91000002622604370100 0.01223696023225784300
0.92000001668930053700 0.01292335987091064450
0.93000000715255737300 0.01361893024295568470
0.93999999761581420900 0.01430235989391803740
0.94999998807907104500 0.01501634996384382250
0.95999997854232788100 0.01573703996837139130
0.97000002861022949200 0.01642565056681633000
0.98000001907348632800 0.01715042069554328920
0.99000000953674316400 0.01789245940744876860
1.00000000000000000000 0.01860366947948932650
