-1.00000000000000000000 -0.00614558393135666847
-0.99000000953674316400 -0.00615759287029504776
-0.98000001907348632800 -0.00616476498544216156
-0.97000002861022949200 -0.00618233205750584603
-0.95999997854232788100 -0.00619573891162872315
-0.94999998807907104500 -0.00618378492072224617
-0.93999999761581420900 -0.00616363296285271645
-0.93000000715255737300 -0.00617863377556204796
-0.92000001668930053700 -0.00617044884711503983
-0.91000002622604370100 -0.00615248922258615494
-0.89999997615814209000 -0.00616048183292150498
-0.88999998569488525400 -0.00616876780986785889
-0.87999999523162841800 -0.00617750314995646477
-0.87000000476837158200 -0.00618247594684362412
-0.86000001430511474600 -0.00618984177708625794
-0.85000002384185791000 -0.00616891589015722275
-0.83999997377395629900 -0.00614533806219696999
-0.82999998331069946300 -0.00615160400047898293
-0.81999999284744262700 -0.00613750610500574112
-0.81000000238418579100 -0.00612393720075488091
-0.80000001192092895500 -0.00612372206524014473
-0.79000002145767211900 -0.00613472191616892815
-0.77999997138977050800 -0.00614427914842963219
-0.76999998092651367200 -0.00615700799971818924
-0.75999999046325683600 -0.00615908391773700714
-0.75000000000000000000 -0.00614691013470292092
-0.74000000953674316400 -0.00613751914352178574
-0.73000001907348632800 -0.00615580519661307335
-0.72000002861022949200 -0.00614356296136975289
-0.70999997854232788100 -0.00613288814201951027
-0.69999998807907104500 -0.00614416087046265602
-0.68999999761581420900 -0.00615238677710294724
-0.68000000715255737300 -0.00616717105731368065
-0.67000001668930053700 -0.00617978209629654885
-0.66000002622604370100 -0.00617785798385739327
-0.64999997615814209000 -0.00616308301687240601
-0.63999998569488525400 -0.00616204598918557167
-0.62999999523162841800 -0.00615744013339281082
-0.62000000476837158200 -0.00614800583571195603
-0.61000001430511474600 -0.00614505400881171227
-0.60000002384185791000 -0.00614484678953886032
-0.58999997377395629900 -0.00616096612066030502
-0.57999998331069946300 -0.00616594683378934860
-0.56999999284744262700 -0.00616984395310282707
-0.56000000238418579100 -0.00616453215479850769
-0.55000001192092895500 -0.00614643888548016548
-0.54000002145767211900 -0.00614070007577538490
-0.52999997138977050800 -0.00614457577466964722
-0.51999998092651367200 -0.00612594885751605034
-0.50999999046325683600 -0.00612162798643112183
-0.50000000000000000000 -0.00613344693556427956
-0.49000000953674316400 -0.00613924209028482437
-0.47999998927116394000 -0.00615375908091664314
-0.46999999880790710400 -0.00616203714162111283
-0.46000000834465026800 -0.00615528086200356484
-0.44999998807907104500 -0.00613291794434189797
-0.43999999761581420900 -0.00614488916471600533
-0.43000000715255737300 -0.00613972917199134827
-0.41999998688697814900 -0.00612358609214425087
-0.40999999642372131300 -0.00613082479685544968
-0.40000000596046447700 -0.00614018691703677178
-0.38999998569488525400 -0.00615369481965899468
-0.37999999523162841800 -0.00615895679220557213
-0.37000000476837158200 -0.00617263605818152428
-0.36000001430511474600 -0.00616347696632146836
-0.34999999403953552200 -0.00614110194146633148
-0.34000000357627868600 -0.00615009106695652008
-0.33000001311302185100 -0.00614540698006749153
-0.31999999284744262700 -0.00612760987132787705
-0.31000000238418579100 -0.00612473301589488983
-0.30000001192092895500 -0.00613185018301010132
-0.28999999165534973100 -0.00614045420661568642
-0.28000000119209289500 -0.00613522110506892204
-0.27000001072883606000 -0.00614006817340850830
-0.25999999046325683600 -0.00612840289250016213
-0.25000000000000000000 -0.00610159616917371750
-0.23999999463558197000 -0.00611819978803396225
-0.23000000417232513400 -0.00610918691381812096
-0.21999999880790710400 -0.00608552480116486550
-0.20999999344348907500 -0.00610672077164053917
-0.20000000298023223900 -0.00611626915633678436
-0.18999999761581420900 -0.00612873677164316178
-0.18000000715255737300 -0.00614497298374772072
-0.17000000178813934300 -0.00614843890070915222
-0.15999999642372131300 -0.00612897798418998718
-0.15000000596046447800 -0.00612348783761262894
-0.14000000059604644800 -0.00612884806469082833
-0.12999999523162841800 -0.00611451221629977226
-0.11999999731779098500 -0.00610989378765225411
-0.10999999940395355200 -0.00611808709800243378
-0.10000000149011611900 -0.00613172398880124092
-0.09000000357627868650 -0.00613420503214001656
-0.07999999821186065670 -0.00614849803969264031
-0.07000000029802322390 -0.00613939389586448670
-0.05999999865889549260 -0.00611749012023210526
-0.05000000074505805970 -0.00612112414091825485
-0.03999999910593032840 -0.00611959118396043778
-0.02999999932944774630 -0.00609320821240544319
-0.01999999955296516420 -0.00609303917735815048
-0.00999999977648258210 -0.00609994400292634964
0.00000000000000000000 -0.00610671797767281532
0.00999999977648258210 -0.00610557012259960175
0.01999999955296516420 -0.00610895780846476555
0.02999999932944774630 -0.00611265981569886208
0.03999999910593032840 -0.00609677098691463471
0.05000000074505805970 -0.00608226191252470017
0.05999999865889549260 -0.00609024614095687866
0.07000000029802322390 -0.00608787592500448227
0.07999999821186065670 -0.00607443414628505707
0.09000000357627868650 -0.00607216311618685723
0.10000000149011611900 -0.00608773622661828995
0.10999999940395355200 -0.00609697401523590088
0.11999999731779098500 -0.00611279485747218132
0.12999999523162841800 -0.00610298197716474533
0.14000000059604644800 -0.00608697300776839256
0.15000000596046447800 -0.00609043287113308907
0.15999999642372131300 -0.00608607381582260132
0.17000000178813934300 -0.00606507994234561920
0.18000000715255737300 -0.00606167502701282501
0.18999999761581420900 -0.00606596190482378006
0.20000000298023223900 -0.00607325695455074310
0.20999999344348907500 -0.00608190987259149552
0.21999999880790710400 -0.00608157180249691010
0.23000000417232513400 -0.00606481777504086495
0.23999999463558197000 -0.00603746203705668450
0.25000000000000000000 -0.00603770278394222260
0.25999999046325683600 -0.00601838994771242142
0.27000001072883606000 -0.00599726615473628044
0.28000000119209289500 -0.00598664907738566399
0.28999999165534973100 -0.00598463322967290878
0.30000001192092895500 -0.00599282514303922653
0.31000000238418579100 -0.00598684977740049362
0.31999999284744262700 -0.00598823418840765953
0.33000001311302185100 -0.00596555788069963455
0.34000000357627868600 -0.00594082707539200783
0.34999999403953552200 -0.00594130298122763634
0.36000001430511474600 -0.00592678412795066834
0.37000000476837158200 -0.00589873222634196282
0.37999999523162841800 -0.00588876008987426758
0.38999998569488525400 -0.00588864693418145180
0.40000000596046447700 -0.00588601082563400269
0.40999999642372131300 -0.00587965687736868858
0.41999998688697814900 -0.00585316214710474014
0.43000000715255737300 -0.00582030601799488068
0.43999999761581420900 -0.00579151185229420662
0.44999998807907104500 -0.00576712097972631455
0.46000000834465026800 -0.00572695303708314896
0.46999999880790710400 -0.00568984402343630791
0.47999998927116394000 -0.00565378507599234581
0.49000000953674316400 -0.00562169309705495835
0.50000000000000000000 -0.00558750703930854798
0.50999999046325683600 -0.00553118903189897537
0.51999998092651367200 -0.00546417711302638054
0.52999997138977050800 -0.00537039479240775108
0.54000002145767211900 -0.00528162578120827675
0.55000001192092895500 -0.00517737213522195816
0.56000000238418579100 -0.00504111312329769135
0.56999999284744262700 -0.00489113479852676392
0.57999998331069946300 -0.00471989903599023819
0.58999997377395629900 -0.00452143792062997818
0.60000002384185791000 -0.00428657000884413719
0.61000001430511474600 -0.00401522498577833176
0.62000000476837158200 -0.00368997803889214993
0.62999999523162841800 -0.00331949791871011257
0.63999998569488525400 -0.00292538292706012726
0.64999997615814209000 -0.00248842895962297916
0.66000002622604370100 -0.00201009097509086132
0.67000001668930053700 -0.00150262098759412766
0.68000000715255737300 -0.00094611640088260174
0.68999999761581420900 -0.00040913390694186091
0.69999998807907104500 0.00011890140012837946
0.70999997854232788100 0.00074656232027336955
0.72000002861022949200 0.00141353497747331858
0.73000001907348632800 0.00208036601543426514
0.74000000953674316400 0.00275928294286131859
0.75000000000000000000 0.00345209497027099133
0.75999999046325683600 0.00415941607207059860
0.76999998092651367200 0.00487537402659654617
0.77999997138977050800 0.00559830619022250176
0.79000002145767211900 0.00634028390049934387
0.80000001192092895500 0.00709331315010786057
0.81000000238418579100 0.00786261912435293198
0.81999999284744262700 0.00863592233508825302
0.82999998331069946300 0.00940686743706464768
0.83999997377395629900 0.01018621027469635010
0.85000002384185791000 0.01043787039816379550
0.86000001430511474600 0.01119794975966215130
0.87000000476837158200 0.01195861026644706730
0.87999999523162841800 0.01272238045930862430
0.88999998569488525400 0.01350258011370897290
0.89999997615814209000 0.01428935024887323380
0.91000002622604370100 0.01507643982768058780
0.92000001668930053700 0.01587565056979656220
0.93000000715255737300 0.01667799986898899080
0.93999999761581420900 0.01746693067252635960
0.94999998807907104500 0.01827638968825340270
0.95999997854232788100 0.01908802986145019530
0.97000002861022949200 0.01989864930510520940
0.98000001907348632800 0.02071788907051086430
0.99000000953674316400 0.02154668979346752170
1.00000000000000000000 0.02239154092967510220
