-1.00000000000000000000 -0.00629452522844076157
-0.99000000953674316400 -0.00627211481332778931
-0.98000001907348632800 -0.00629561301320791245
-0.97000002861022949200 -0.00627956679090857506
-0.95999997854232788100 -0.00627298792824149132
-0.94999998807907104500 -0.00628715800121426583
-0.93999999761581420900 -0.00628060894086956978
-0.93000000715255737300 -0.00630083307623863220
-0.92000001668930053700 -0.00631554098799824715
-0.91000002622604370100 -0.00630975421518087387
-0.89999997615814209000 -0.00629975181072950363
-0.88999998569488525400 -0.00628966186195611954
-0.87999999523162841800 -0.00628730701282620430
-0.87000000476837158200 -0.00627995189279317856
-0.86000001430511474600 -0.00627378001809120178
-0.85000002384185791000 -0.00626449519768357277
-0.83999997377395629900 -0.00628012605011463166
-0.82999998331069946300 -0.00628659920766949654
-0.81999999284744262700 -0.00628214702010154724
-0.81000000238418579100 -0.00628001987934112549
-0.80000001192092895500 -0.00626950990408658982
-0.79000002145767211900 -0.00625178217887878418
-0.77999997138977050800 -0.00625566206872463226
-0.76999998092651367200 -0.00623646797612309456
-0.75999999046325683600 -0.00622571213170886040
-0.75000000000000000000 -0.00623730197548866272
-0.74000000953674316400 -0.00624676188454031944
-0.73000001907348632800 -0.00625202292576432228
-0.72000002861022949200 -0.00626846821978688240
-0.70999997854232788100 -0.00626586703583598137
-0.69999998807907104500 -0.00623958092182874680
-0.68999999761581420900 -0.00625876709818840027
-0.68000000715255737300 -0.00625974079594016075
-0.67000001668930053700 -0.00622917292639613152
-0.66000002622604370100 -0.00624332204461097718
-0.64999997615814209000 -0.00624696118757128716
-0.63999998569488525400 -0.00625518290325999260
-0.62999999523162841800 -0.00627109920606017113
-0.62000000476837158200 -0.00627732183784246445
-0.61000001430511474600 -0.00625706790015101433
-0.60000002384185791000 -0.00624558795243501663
-0.58999997377395629900 -0.00625825393944978714
-0.57999998331069946300 -0.00624149199575185776
-0.56999999284744262700 -0.00623057503253221512
-0.56000000238418579100 -0.00623099878430366516
-0.55000001192092895500 -0.00623656110838055611
-0.54000002145767211900 -0.00625090021640062332
-0.52999997138977050800 -0.00625321315601468086
-0.51999998092651367200 -0.00625168904662132263
-0.50999999046325683600 -0.00623940397053956986
-0.50000000000000000000 -0.00622414797544479370
-0.49000000953674316400 -0.00622558919712901116
-0.47999998927116394000 -0.00621413020417094231
-0.46999999880790710400 -0.00620428891852498055
-0.46000000834465026800 -0.00620558578521013260
-0.44999998807907104500 -0.00622292887419462204
-0.43999999761581420900 -0.00623224908486008644
-0.43000000715255737300 -0.00623684888705611229
-0.41999998688697814900 -0.00624371599406003952
-0.40999999642372131300 -0.00622269976884126663
-0.40000000596046447700 -0.00622822018340229988
-0.38999998569488525400 -0.00623144814744591713
-0.37999999523162841800 -0.00620803888887166977
-0.37000000476837158200 -0.00620713597163558006
-0.36000001430511474600 -0.00621773488819599152
-0.34999999403953552200 -0.00622859178110957146
-0.34000000357627868600 -0.00623765820637345314
-0.33000001311302185100 -0.00625217985361814499
-0.31999999284744262700 -0.00623239995911717415
-0.31000000238418579100 -0.00620933901518583298
-0.30000001192092895500 -0.00622074678540229798
-0.28999999165534973100 -0.00621035089716315270
-0.28000000119209289500 -0.00618760706856846810
-0.27000001072883606000 -0.00619300780817866326
-0.25999999046325683600 -0.00618871301412582398
-0.25000000000000000000 -0.00619524996727705002
-0.23999999463558197000 -0.00620889803394675255
-0.23000000417232513400 -0.00619651190936565399
-0.21999999880790710400 -0.00618416722863912583
-0.20999999344348907500 -0.00617187796160578728
-0.20000000298023223900 -0.00616972194984555245
-0.18999999761581420900 -0.00616410793736577034
-0.18000000715255737300 -0.00615644920617341995
-0.17000000178813934300 -0.00615417910739779473
-0.15999999642372131300 -0.00616460479795932770
-0.15000000596046447800 -0.00618695514276623726
-0.14000000059604644800 -0.00618198094889521599
-0.12999999523162841800 -0.00618834793567657471
-0.11999999731779098500 -0.00618296908214688301
-0.10999999940395355200 -0.00616490095853805542
-0.10000000149011611900 -0.00616725580766797066
-0.09000000357627868650 -0.00616044411435723305
-0.07999999821186065670 -0.00614183908328413964
-0.07000000029802322390 -0.00615538191050291062
-0.05999999865889549260 -0.00617697415873408318
-0.05000000074505805970 -0.00616767583414912224
-0.03999999910593032840 -0.00618349807336926460
-0.02999999932944774630 -0.00618149386718869210
-0.01999999955296516420 -0.00614672806113958359
-0.00999999977648258210 -0.00616357102990150452
0.00000000000000000000 -0.00616679899394512177
0.00999999977648258210 -0.00614861678332090378
0.01999999955296516420 -0.00612602895125746727
0.02999999932944774630 -0.00613694591447710991
0.03999999910593032840 -0.00613952102139592171
0.05000000074505805970 -0.00614739302545785904
0.05999999865889549260 -0.00615303078666329384
0.07000000029802322390 -0.00614850595593452454
0.07999999821186065670 -0.00613045180216431618
0.09000000357627868650 -0.00612999405711889267
0.10000000149011611900 -0.00612084381282329560
0.10999999940395355200 -0.00610132794827222824
0.11999999731779098500 -0.00610479712486267090
0.12999999523162841800 -0.00610578013584017754
0.14000000059604644800 -0.00611995020881295204
0.15000000596046447800 -0.00613615801557898522
0.15999999642372131300 -0.00613647978752851486
0.17000000178813934300 -0.00612807180732488632
0.18000000715255737300 -0.00611847592517733574
0.18999999761581420900 -0.00611753994598984718
0.20000000298023223900 -0.00610831798985600472
0.20999999344348907500 -0.00609376700595021248
0.21999999880790710400 -0.00608366681262850762
0.23000000417232513400 -0.00608883099630475044
0.23999999463558197000 -0.00609980290755629540
0.25000000000000000000 -0.00609844410791993141
0.25999999046325683600 -0.00609982898458838463
0.27000001072883606000 -0.00609326502308249474
0.28000000119209289500 -0.00605682609602808952
0.28999999165534973100 -0.00606010202318429947
0.30000001192092895500 -0.00605028122663497925
0.31000000238418579100 -0.00600887695327401161
0.31999999284744262700 -0.00599885080009698868
0.33000001311302185100 -0.00600109901279211044
0.34000000357627868600 -0.00598648795858025551
0.34999999403953552200 -0.00598022295162081719
0.36000001430511474600 -0.00597700383514165878
0.37000000476837158200 -0.00593118881806731224
0.37999999523162841800 -0.00589923514053225517
0.38999998569488525400 -0.00588625622913241387
0.40000000596046447700 -0.00582647696137428284
0.40999999642372131300 -0.00578226801007986069
0.41999998688697814900 -0.00574162416160106659
0.43000000715255737300 -0.00567856989800930023
0.43999999761581420900 -0.00561627792194485665
0.44999998807907104500 -0.00553944287821650505
0.46000000834465026800 -0.00542231788858771324
0.46999999880790710400 -0.00530130323022603989
0.47999998927116394000 -0.00517369294539093971
0.49000000953674316400 -0.00501586496829986572
0.50000000000000000000 -0.00484743481501936913
0.50999999046325683600 -0.00467799697071313858
0.51999998092651367200 -0.00448998808860778809
0.52999997138977050800 -0.00430208817124366760
0.54000002145767211900 -0.00409993622452020645
0.55000001192092895500 -0.00388090009801089764
0.56000000238418579100 -0.00365277193486690521
0.56999999284744262700 -0.00341130001470446587
0.57999998331069946300 -0.00316850794479250908
0.58999997377395629900 -0.00291954888962209225
0.60000002384185791000 -0.00266083097085356712
0.61000001430511474600 -0.00239991792477667332
0.62000000476837158200 -0.00213734200224280357
0.62999999523162841800 -0.00187207199633121491
0.63999998569488525400 -0.00159734894987195730
0.64999997615814209000 -0.00132342195138335228
0.66000002622604370100 -0.00104116194415837526
0.67000001668930053700 -0.00072487030411139131
0.68000000715255737300 -0.00045275210868567228
0.68999999761581420900 -0.00017873839533422142
0.69999998807907104500 0.00010135099728358909
0.70999997854232788100 0.00037634870386682451
0.72000002861022949200 0.00065668887691572309
0.73000001907348632800 0.00094087998149916530
0.74000000953674316400 0.00128598697483539581
0.75000000000000000000 0.00158761104103177786
0.75999999046325683600 0.00188901496585458517
0.76999998092651367200 0.00219410401768982410
0.77999997138977050800 0.00250054802745580673
0.79000002145767211900 0.00280890194699168205
0.80000001192092895500 0.00311706704087555409
0.81000000238418579100 0.00342668499797582626
0.81999999284744262700 0.00373777700588107109
0.82999998331069946300 0.00404944922775030136
0.83999997377395629900 0.00436189491301774979
0.85000002384185791000 0.00467424001544713974
0.86000001430511474600 0.00498986802995204926
0.87000000476837158200 0.00530554400756955147
0.87999999523162841800 0.00562175782397389412
0.88999998569488525400 0.00594008015468716622
0.89999997615814209000 0.00625939993187785149
0.91000002622604370100 0.00657847896218299866
0.92000001668930053700 0.00689904112368822098
0.93000000715255737300 0.00722012296319007874
0.93999999761581420900 0.00754388282075524330
0.94999998807907104500 0.00786688644438982010
0.95999997854232788100 0.00819162838160991669
0.97000002861022949200 0.00851808488368988037
0.98000001907348632800 0.00884271133691072464
0.99000000953674316400 0.00917004980146884918
1.00000000000000000000 0.00949937105178833008
