-1.00000000000000000000 -0.00608688406646251679
-0.99000000953674316400 -0.00607822788879275322
-0.98000001907348632800 -0.00609712488949298859
-0.97000002861022949200 -0.00608063396066427231
-0.95999997854232788100 -0.00607373006641864777
-0.94999998807907104500 -0.00607900321483612061
-0.93999999761581420900 -0.00608293898403644562
-0.93000000715255737300 -0.00611004093661904335
-0.92000001668930053700 -0.00611483212560415268
-0.91000002622604370100 -0.00611311709508299828
-0.89999997615814209000 -0.00610904581844806671
-0.88999998569488525400 -0.00609167013317346573
-0.87999999523162841800 -0.00609356211498379708
-0.87000000476837158200 -0.00609611300751566887
-0.86000001430511474600 -0.00607439782470464707
-0.85000002384185791000 -0.00607999507337808609
-0.83999997377395629900 -0.00610433518886566162
-0.82999998331069946300 -0.00610665697604417801
-0.81999999284744262700 -0.00611493410542607308
-0.81000000238418579100 -0.00611704401671886444
-0.80000001192092895500 -0.00608391314744949341
-0.79000002145767211900 -0.00609499402344226837
-0.77999997138977050800 -0.00610342016443610192
-0.76999998092651367200 -0.00606594001874327660
-0.75999999046325683600 -0.00606758194044232369
-0.75000000000000000000 -0.00609185919165611267
-0.74000000953674316400 -0.00608007609844207764
-0.73000001907348632800 -0.00609754910692572594
-0.72000002861022949200 -0.00610971078276634216
-0.70999997854232788100 -0.00607731379568576813
-0.69999998807907104500 -0.00607192888855934143
-0.68999999761581420900 -0.00609030807390809059
-0.68000000715255737300 -0.00606649415567517281
-0.67000001668930053700 -0.00606039306148886681
-0.66000002622604370100 -0.00607586512342095375
-0.64999997615814209000 -0.00607569096609950066
-0.63999998569488525400 -0.00609708717092871666
-0.62999999523162841800 -0.00611170521005988121
-0.62000000476837158200 -0.00609482079744338989
-0.61000001430511474600 -0.00608007609844207764
-0.60000002384185791000 -0.00609245710074901581
-0.58999997377395629900 -0.00607758900150656700
-0.57999998331069946300 -0.00606476981192827225
-0.56999999284744262700 -0.00607137801125645638
-0.56000000238418579100 -0.00606910791248083115
-0.55000001192092895500 -0.00608740281313657761
-0.54000002145767211900 -0.00609333394095301628
-0.52999997138977050800 -0.00609015999361872673
-0.51999998092651367200 -0.00608146796002984047
-0.50999999046325683600 -0.00606260821223258972
-0.50000000000000000000 -0.00606163078919053078
-0.49000000953674316400 -0.00606369413435459137
-0.47999998927116394000 -0.00604164879769086838
-0.46999999880790710400 -0.00604003388434648514
-0.46000000834465026800 -0.00606313906610012055
-0.44999998807907104500 -0.00606289179995656014
-0.43999999761581420900 -0.00607382180169224739
-0.43000000715255737300 -0.00608484121039509773
-0.41999998688697814900 -0.00604646606370806694
-0.40999999642372131300 -0.00606094999238848686
-0.40000000596046447700 -0.00607671122997999192
-0.38999998569488525400 -0.00603900104761123657
-0.37999999523162841800 -0.00604733405634760857
-0.37000000476837158200 -0.00607328396290540695
-0.36000001430511474600 -0.00606495607644319534
-0.34999999403953552200 -0.00608363281935453415
-0.34000000357627868600 -0.00610514916479587555
-0.33000001311302185100 -0.00607211515307426453
-0.31999999284744262700 -0.00606349902227520943
-0.31000000238418579100 -0.00608438719063997269
-0.30000001192092895500 -0.00606022123247385025
-0.28999999165534973100 -0.00605199299752712250
-0.28000000119209289500 -0.00606688717380166054
-0.27000001072883606000 -0.00606031809002161026
-0.25999999046325683600 -0.00608335016295313835
-0.25000000000000000000 -0.00609609996899962425
-0.23999999463558197000 -0.00607515685260295868
-0.23000000417232513400 -0.00606008898466825485
-0.21999999880790710400 -0.00607153400778770447
-0.20999999344348907500 -0.00605622492730617523
-0.20000000298023223900 -0.00604154681786894798
-0.18999999761581420900 -0.00604267418384552002
-0.18000000715255737300 -0.00604128092527389527
-0.17000000178813934300 -0.00606496911495923996
-0.15999999642372131300 -0.00606315582990646362
-0.15000000596046447800 -0.00606439309194684029
-0.14000000059604644800 -0.00606086291372776032
-0.12999999523162841800 -0.00603862479329109192
-0.11999999731779098500 -0.00604371586814522743
-0.10999999940395355200 -0.00604405812919139862
-0.10000000149011611900 -0.00601735105738043785
-0.09000000357627868650 -0.00603335909545421601
-0.07999999821186065670 -0.00605739885941147804
-0.07000000029802322390 -0.00604787888005375862
-0.05999999865889549260 -0.00606858683750033379
-0.05000000074505805970 -0.00606868881732225418
-0.03999999910593032840 -0.00602952484041452408
-0.02999999932944774630 -0.00605199020355939865
-0.01999999955296516420 -0.00605780119076371193
-0.00999999977648258210 -0.00601748982444405556
0.00000000000000000000 -0.00602854089811444283
0.00999999977648258210 -0.00604184297844767571
0.01999999955296516420 -0.00604018382728099823
0.02999999932944774630 -0.00604799017310142517
0.03999999910593032840 -0.00607133982703089714
0.05000000074505805970 -0.00604038592427968979
0.05999999865889549260 -0.00601964583620429039
0.07000000029802322390 -0.00604175683110952378
0.07999999821186065670 -0.00601452495902776718
0.09000000357627868650 -0.00599818583577871323
0.10000000149011611900 -0.00601437408477067948
0.10999999940395355200 -0.00600231206044554711
0.11999999731779098500 -0.00602142885327339173
0.12999999523162841800 -0.00603647204115986824
0.14000000059604644800 -0.00602310290560126305
0.15000000596046447800 -0.00601652404293417931
0.15999999642372131300 -0.00601357594132423401
0.17000000178813934300 -0.00600602990016341210
0.18000000715255737300 -0.00600378587841987610
0.18999999761581420900 -0.00599930807948112488
0.20000000298023223900 -0.00599398789927363396
0.20999999344348907500 -0.00601778598502278328
0.21999999880790710400 -0.00602566078305244446
0.23000000417232513400 -0.00602435600012540817
0.23999999463558197000 -0.00602449709549546242
0.25000000000000000000 -0.00600357819348573685
0.25999999046325683600 -0.00600107014179229736
0.27000001072883606000 -0.00600100401788949967
0.28000000119209289500 -0.00597630999982357025
0.28999999165534973100 -0.00596684683114290238
0.30000001192092895500 -0.00597826810553669930
0.31000000238418579100 -0.00598232494667172432
0.31999999284744262700 -0.00597682083025574684
0.33000001311302185100 -0.00598656991496682167
0.34000000357627868600 -0.00596933811902999878
0.34999999403953552200 -0.00593362608924508095
0.36000001430511474600 -0.00594872096553444863
0.37000000476837158200 -0.00593138579279184342
0.37999999523162841800 -0.00589603977277874947
0.38999998569488525400 -0.00589863723143935204
0.40000000596046447700 -0.00589605187997221947
0.40999999642372131300 -0.00588719500228762627
0.41999998688697814900 -0.00588996987789869309
0.43000000715255737300 -0.00587348407134413719
0.43999999761581420900 -0.00583548797294497490
0.44999998807907104500 -0.00581688201054930687
0.46000000834465026800 -0.00579463597387075424
0.46999999880790710400 -0.00574851222336292267
0.47999998927116394000 -0.00572482822462916374
0.49000000953674316400 -0.00569260679185390473
0.50000000000000000000 -0.00565663399174809456
0.50999999046325683600 -0.00562313292175531388
0.51999998092651367200 -0.00556360092014074326
0.52999997138977050800 -0.00546647794544696808
0.54000002145767211900 -0.00536463689059019089
0.55000001192092895500 -0.00524613494053483010
0.56000000238418579100 -0.00508828787133097649
0.56999999284744262700 -0.00490813422948122025
0.57999998331069946300 -0.00469343177974224091
0.58999997377395629900 -0.00445835711434483528
0.60000002384185791000 -0.00419740006327629090
0.61000001430511474600 -0.00388202001340687275
0.62000000476837158200 -0.00354586611501872540
0.62999999523162841800 -0.00317171891219913960
0.63999998569488525400 -0.00275325588881969452
0.64999997615814209000 -0.00233252998441457748
0.66000002622604370100 -0.00188431201968342066
0.67000001668930053700 -0.00139983894769102335
0.68000000715255737300 -0.00089040381135419011
0.68999999761581420900 -0.00041841648635454476
0.69999998807907104500 0.00007156815991038457
0.70999997854232788100 0.00056700210552662611
0.72000002861022949200 0.00112165499012917280
0.73000001907348632800 0.00166697800159454346
0.74000000953674316400 0.00221844599582254887
0.75000000000000000000 0.00277709192596375942
0.75999999046325683600 0.00334233604371547699
0.76999998092651367200 0.00390724511817097664
0.77999997138977050800 0.00447623990476131439
0.79000002145767211900 0.00505498191341757774
0.80000001192092895500 0.00562907289713621140
0.81000000238418579100 0.00621266709640622139
0.81999999284744262700 0.00681159878149628639
0.82999998331069946300 0.00740039721131324768
0.83999997377395629900 0.00799488741904497147
0.85000002384185791000 0.00859716255217790604
0.86000001430511474600 0.00919688213616609574
0.87000000476837158200 0.00980889145284891129
0.87999999523162841800 0.01042630989104509350
0.88999998569488525400 0.01055519003421068190
0.89999997615814209000 0.01112531032413244250
0.91000002622604370100 0.01173704955726861950
0.92000001668930053700 0.01234043017029762270
0.93000000715255737300 0.01293610967695713040
0.93999999761581420900 0.01357469987124204640
0.94999998807907104500 0.01422127988189458850
0.95999997854232788100 0.01484571024775505070
0.97000002861022949200 0.01551488973200321200
0.98000001907348632800 0.01616300083696842190
0.99000000953674316400 0.01678192988038063050
1.00000000000000000000 0.01747963018715381620
