-1.00000000000000000000 -0.00620811618864536286
-0.99000000953674316400 -0.00617987010627985001
-0.98000001907348632800 -0.00617858301848173142
-0.97000002861022949200 -0.00618927506729960442
-0.95999997854232788100 -0.00617030495777726174
-0.94999998807907104500 -0.00615840591490268708
-0.93999999761581420900 -0.00616816990077495575
-0.93000000715255737300 -0.00617391895502805710
-0.92000001668930053700 -0.00617763400077819824
-0.91000002622604370100 -0.00619129883125424385
-0.89999997615814209000 -0.00617387192323803902
-0.88999998569488525400 -0.00614907406270503998
-0.87999999523162841800 -0.00616170978173613548
-0.87000000476837158200 -0.00615517003461718559
-0.86000001430511474600 -0.00613374309614300728
-0.85000002384185791000 -0.00613624323159456253
-0.83999997377395629900 -0.00614746008068323136
-0.82999998331069946300 -0.00615300098434090614
-0.81999999284744262700 -0.00617157714441418648
-0.81000000238418579100 -0.00618092902004718781
-0.80000001192092895500 -0.00616546301171183586
-0.79000002145767211900 -0.00615791883319616318
-0.77999997138977050800 -0.00617064908146858216
-0.76999998092651367200 -0.00616182899102568627
-0.75999999046325683600 -0.00615197001025080681
-0.75000000000000000000 -0.00615848181769251824
-0.74000000953674316400 -0.00616735313087701798
-0.73000001907348632800 -0.00618925690650939942
-0.72000002861022949200 -0.00618711812421679497
-0.70999997854232788100 -0.00619491282850503922
-0.69999998807907104500 -0.00618153112009167671
-0.68999999761581420900 -0.00616772612556815148
-0.68000000715255737300 -0.00618000980466604233
-0.67000001668930053700 -0.00616841996088624001
-0.66000002622604370100 -0.00615110294893383980
-0.64999997615814209000 -0.00616116821765899658
-0.63999998569488525400 -0.00617212196812033653
-0.62999999523162841800 -0.00616953009739518166
-0.62000000476837158200 -0.00618839683011174202
-0.61000001430511474600 -0.00617439718917012215
-0.60000002384185791000 -0.00614830199629068375
-0.58999997377395629900 -0.00616399012506008148
-0.57999998331069946300 -0.00615985877811908722
-0.56999999284744262700 -0.00614196201786398888
-0.56000000238418579100 -0.00614572316408157349
-0.55000001192092895500 -0.00615783408284187317
-0.54000002145767211900 -0.00616132095456123352
-0.52999997138977050800 -0.00618053087964653969
-0.51999998092651367200 -0.00618556002154946327
-0.50999999046325683600 -0.00617340207099914551
-0.50000000000000000000 -0.00615772418677806854
-0.49000000953674316400 -0.00617272499948740006
-0.47999998927116394000 -0.00616314215585589409
-0.46999999880790710400 -0.00614874297752976418
-0.46000000834465026800 -0.00615360587835311890
-0.44999998807907104500 -0.00615542009472846985
-0.43999999761581420900 -0.00617189798504114151
-0.43000000715255737300 -0.00617607915773987770
-0.41999998688697814900 -0.00617526192218065262
-0.40999999642372131300 -0.00615850696340203285
-0.40000000596046447700 -0.00614105910062789917
-0.38999998569488525400 -0.00614765007048845291
-0.37999999523162841800 -0.00613322714343667030
-0.37000000476837158200 -0.00611757021397352219
-0.36000001430511474600 -0.00611619278788566590
-0.34999999403953552200 -0.00613071909174323082
-0.34000000357627868600 -0.00613170582801103592
-0.33000001311302185100 -0.00614876393228769303
-0.31999999284744262700 -0.00613975897431373596
-0.31000000238418579100 -0.00611797720193862915
-0.30000001192092895500 -0.00613024784252047539
-0.28999999165534973100 -0.00613216683268547058
-0.28000000119209289500 -0.00611485401168465614
-0.27000001072883606000 -0.00611996697261929512
-0.25999999046325683600 -0.00613007089123129845
-0.25000000000000000000 -0.00613878294825553894
-0.23999999463558197000 -0.00615458888933062554
-0.23000000417232513400 -0.00616188393905758858
-0.21999999880790710400 -0.00615227222442626953
-0.20999999344348907500 -0.00613964907824993134
-0.20000000298023223900 -0.00615377211943268776
-0.18999999761581420900 -0.00614334596320986748
-0.18000000715255737300 -0.00612968113273382187
-0.17000000178813934300 -0.00613714102655649185
-0.15999999642372131300 -0.00614104280248284340
-0.15000000596046447800 -0.00615606410428881645
-0.14000000059604644800 -0.00615916913375258446
-0.12999999523162841800 -0.00615951092913746834
-0.11999999731779098500 -0.00614427914842963219
-0.10999999940395355200 -0.00612844806164503098
-0.10000000149011611900 -0.00613116798922419548
-0.09000000357627868650 -0.00612334720790386200
-0.07999999821186065670 -0.00610685208812355995
-0.07000000029802322390 -0.00610801810398697853
-0.05999999865889549260 -0.00612568715587258339
-0.05000000074505805970 -0.00613124016672372818
-0.03999999910593032840 -0.00614184699952602387
-0.02999999932944774630 -0.00613680994138121605
-0.01999999955296516420 -0.00611798511818051338
-0.00999999977648258210 -0.00612937100231647492
0.00000000000000000000 -0.00612651184201240540
0.00999999977648258210 -0.00611805683001875878
0.01999999955296516420 -0.00609818100929260254
0.02999999932944774630 -0.00611287681385874748
0.03999999910593032840 -0.00611599907279014588
0.05000000074505805970 -0.00612579984590411186
0.05999999865889549260 -0.00613540783524513245
0.07000000029802322390 -0.00613168394193053246
0.07999999821186065670 -0.00611073710024356842
0.09000000357627868650 -0.00610835198312997818
0.10000000149011611900 -0.00610687397420406342
0.10999999940395355200 -0.00609078491106629372
0.11999999731779098500 -0.00608203280717134476
0.12999999523162841800 -0.00607683090493083000
0.14000000059604644800 -0.00608987919986248017
0.15000000596046447800 -0.00608919607475399971
0.15999999642372131300 -0.00608908198773860932
0.17000000178813934300 -0.00607648678123950958
0.18000000715255737300 -0.00605061789974570275
0.18999999761581420900 -0.00605268497020006180
0.20000000298023223900 -0.00605140579864382744
0.20999999344348907500 -0.00602960214018821716
0.21999999880790710400 -0.00602518394589424134
0.23000000417232513400 -0.00604194309562444687
0.23999999463558197000 -0.00604714779183268547
0.25000000000000000000 -0.00604913616552948952
0.25999999046325683600 -0.00605467101559042931
0.27000001072883606000 -0.00604163203388452530
0.28000000119209289500 -0.00601311493664979935
0.28999999165534973100 -0.00602544285356998444
0.30000001192092895500 -0.00601034890860319138
0.31000000238418579100 -0.00597677519544959068
0.31999999284744262700 -0.00598836783319711685
0.33000001311302185100 -0.00598705513402819634
0.34000000357627868600 -0.00598077289760112763
0.34999999403953552200 -0.00598716083914041519
0.36000001430511474600 -0.00596799282357096672
0.37000000476837158200 -0.00592851219698786736
0.37999999523162841800 -0.00592341087758541107
0.38999998569488525400 -0.00590738980099558830
0.40000000596046447700 -0.00586585607379674912
0.40999999642372131300 -0.00584604777395725250
0.41999998688697814900 -0.00582979386672377587
0.43000000715255737300 -0.00581775000318884850
0.43999999761581420900 -0.00579676404595375061
0.44999998807907104500 -0.00577297108247876168
0.46000000834465026800 -0.00572953186929225922
0.46999999880790710400 -0.00567775592207908631
0.47999998927116394000 -0.00564891099929809570
0.49000000953674316400 -0.00560600217431783676
0.50000000000000000000 -0.00553489197045564652
0.50999999046325683600 -0.00548053300008177757
0.51999998092651367200 -0.00542393978685140610
0.52999997138977050800 -0.00534405000507831574
0.54000002145767211900 -0.00525935785844922066
0.55000001192092895500 -0.00514971511438488960
0.56000000238418579100 -0.00500045111402869225
0.56999999284744262700 -0.00482971314340829849
0.57999998331069946300 -0.00464606797322630882
0.58999997377395629900 -0.00441102311015129090
0.60000002384185791000 -0.00414598407223820686
0.61000001430511474600 -0.00385415693745017052
0.62000000476837158200 -0.00352230598218739033
0.62999999523162841800 -0.00314914691261947155
0.63999998569488525400 -0.00274165696464478970
0.64999997615814209000 -0.00228637596592307091
0.66000002622604370100 -0.00179453101009130478
0.67000001668930053700 -0.00128501502331346273
0.68000000715255737300 -0.00072743988130241632
0.68999999761581420900 -0.00018794280185829848
0.69999998807907104500 0.00035665609175339341
0.70999997854232788100 0.00096008327091112733
0.72000002861022949200 0.00162691902369260788
0.73000001907348632800 0.00228326511569321156
0.74000000953674316400 0.00294807809405028820
0.75000000000000000000 0.00362631701864302158
0.75999999046325683600 0.00431858608499169350
0.76999998092651367200 0.00501570384949445725
0.77999997138977050800 0.00572932278737425804
0.79000002145767211900 0.00645035598427057266
0.80000001192092895500 0.00717152189463376999
0.81000000238418579100 0.00791810639202594757
0.81999999284744262700 0.00867000222206115723
0.82999998331069946300 0.00941426213830709458
0.83999997377395629900 0.01017828006297349930
0.85000002384185791000 0.01042045000940561290
0.86000001430511474600 0.01116107963025569920
0.87000000476837158200 0.01190607994794845580
0.87999999523162841800 0.01264720037579536440
0.88999998569488525400 0.01341218035668134690
0.89999997615814209000 0.01416685990989208220
0.91000002622604370100 0.01492565963417291640
0.92000001668930053700 0.01569253951311111450
0.93000000715255737300 0.01648253947496414180
0.93999999761581420900 0.01725854910910129550
0.94999998807907104500 0.01804205961525440220
0.95999997854232788100 0.01885252073407173160
0.97000002861022949200 0.01969295926392078400
0.98000001907348632800 0.02043199911713600160
0.99000000953674316400 0.02123630978167057040
1.00000000000000000000 0.02204458042979240420
