-1.00000000000000000000 -0.00622802181169390679
-0.99000000953674316400 -0.00623843492940068245
-0.98000001907348632800 -0.00624988507479429245
-0.97000002861022949200 -0.00624694488942623139
-0.95999997854232788100 -0.00623002182692289353
-0.94999998807907104500 -0.00623900722712278366
-0.93999999761581420900 -0.00624417513608932495
-0.93000000715255737300 -0.00622801296412944794
-0.92000001668930053700 -0.00623196596279740334
-0.91000002622604370100 -0.00624730484560132027
-0.89999997615814209000 -0.00625864509493112564
-0.88999998569488525400 -0.00626413896679878235
-0.87999999523162841800 -0.00627397978678345680
-0.87000000476837158200 -0.00626667682081460953
-0.86000001430511474600 -0.00624475488439202309
-0.85000002384185791000 -0.00626516900956630707
-0.83999997377395629900 -0.00625842902809381485
-0.82999998331069946300 -0.00623316504061222077
-0.81999999284744262700 -0.00624939287081360817
-0.81000000238418579100 -0.00625609885901212692
-0.80000001192092895500 -0.00626035593450069428
-0.79000002145767211900 -0.00627420516684651375
-0.77999997138977050800 -0.00626172497868537903
-0.76999998092651367200 -0.00623630406334996224
-0.75999999046325683600 -0.00625166390091180802
-0.75000000000000000000 -0.00624197209253907204
-0.74000000953674316400 -0.00622170604765415192
-0.73000001907348632800 -0.00622815405949950218
-0.72000002861022949200 -0.00623422814533114434
-0.70999997854232788100 -0.00625390093773603440
-0.69999998807907104500 -0.00625910190865397454
-0.68999999761581420900 -0.00626651989296078682
-0.68000000715255737300 -0.00625545997172594071
-0.67000001668930053700 -0.00623629102483391762
-0.66000002622604370100 -0.00624795677140355110
-0.64999997615814209000 -0.00623854482546448708
-0.63999998569488525400 -0.00622276496142148972
-0.62999999523162841800 -0.00622844183817505837
-0.62000000476837158200 -0.00624737283214926720
-0.61000001430511474600 -0.00625178683549165726
-0.60000002384185791000 -0.00625968677923083306
-0.58999997377395629900 -0.00625448115170001984
-0.57999998331069946300 -0.00623174197971820832
-0.56999999284744262700 -0.00623438088223338127
-0.56000000238418579100 -0.00623368984088301659
-0.55000001192092895500 -0.00620972691103816033
-0.54000002145767211900 -0.00620091101154685021
-0.52999997138977050800 -0.00621529296040534973
-0.51999998092651367200 -0.00622045295313000679
-0.50999999046325683600 -0.00622319290414452553
-0.50000000000000000000 -0.00623319018632173538
-0.49000000953674316400 -0.00621372601017355919
-0.47999998927116394000 -0.00619104877114295960
-0.46999999880790710400 -0.00621416186913847924
-0.46000000834465026800 -0.00620691385120153427
-0.44999998807907104500 -0.00618542777374386788
-0.43999999761581420900 -0.00620348192751407624
-0.43000000715255737300 -0.00621272483840584755
-0.41999998688697814900 -0.00622334610670804978
-0.40999999642372131300 -0.00623980676755309105
-0.40000000596046447700 -0.00623964192345738411
-0.38999998569488525400 -0.00622141407802700997
-0.37999999523162841800 -0.00622913194820284844
-0.37000000476837158200 -0.00622561993077397347
-0.36000001430511474600 -0.00621132412925362587
-0.34999999403953552200 -0.00621039606630802155
-0.34000000357627868600 -0.00621554721146821976
-0.33000001311302185100 -0.00623479206115007401
-0.31999999284744262700 -0.00624358095228672028
-0.31000000238418579100 -0.00624907622113823891
-0.30000001192092895500 -0.00624027289450168610
-0.28999999165534973100 -0.00622036820277571678
-0.28000000119209289500 -0.00622475193813443184
-0.27000001072883606000 -0.00622348999604582787
-0.25999999046325683600 -0.00619775103405117989
-0.25000000000000000000 -0.00619774684309959412
-0.23999999463558197000 -0.00621153600513935089
-0.23000000417232513400 -0.00622096098959445954
-0.21999999880790710400 -0.00622435798868536949
-0.20999999344348907500 -0.00622903881594538689
-0.20000000298023223900 -0.00621562311425805092
-0.18999999761581420900 -0.00619889888912439346
-0.18000000715255737300 -0.00621335301548242569
-0.17000000178813934300 -0.00620101718232035637
-0.15999999642372131300 -0.00618739379569888115
-0.15000000596046447800 -0.00619917782023549080
-0.14000000059604644800 -0.00620674015954136849
-0.12999999523162841800 -0.00621461495757102966
-0.11999999731779098500 -0.00623280508443713188
-0.10999999940395355200 -0.00622292980551719666
-0.10000000149011611900 -0.00619871681556105614
-0.09000000357627868650 -0.00621336093172430992
-0.07999999821186065670 -0.00620689196512103081
-0.07000000029802322390 -0.00617891410365700722
-0.05999999865889549260 -0.00618512416258454323
-0.05000000074505805970 -0.00618812721222639084
-0.03999999910593032840 -0.00619792100042104721
-0.02999999932944774630 -0.00620497809723019600
-0.01999999955296516420 -0.00620977813377976418
-0.00999999977648258210 -0.00619304506108164788
0.00000000000000000000 -0.00617186818271875382
0.00999999977648258210 -0.00617804098874330521
0.01999999955296516420 -0.00616646185517311096
0.02999999932944774630 -0.00614865496754646301
0.03999999910593032840 -0.00614380883052945137
0.05000000074505805970 -0.00614302884787321091
0.05999999865889549260 -0.00616438686847686768
0.07000000029802322390 -0.00617613410577178002
0.07999999821186065670 -0.00617355387657880783
0.09000000357627868650 -0.00617677392438054085
0.10000000149011611900 -0.00615638494491577149
0.10999999940395355200 -0.00616429001092910767
0.11999999731779098500 -0.00616565393283963204
0.12999999523162841800 -0.00614914996549487114
0.14000000059604644800 -0.00615303078666329384
0.15000000596046447800 -0.00616935221478343010
0.15999999642372131300 -0.00617735786363482476
0.17000000178813934300 -0.00618122098967432976
0.18000000715255737300 -0.00618904596194624901
0.18999999761581420900 -0.00616545090451836586
0.20000000298023223900 -0.00615327479317784310
0.20999999344348907500 -0.00616343412548303604
0.21999999880790710400 -0.00614053802564740181
0.23000000417232513400 -0.00613409513607621193
0.23999999463558197000 -0.00613562483340501786
0.25000000000000000000 -0.00613775476813316345
0.25999999046325683600 -0.00614457204937934876
0.27000001072883606000 -0.00615164497867226601
0.28000000119209289500 -0.00612944411113858223
0.28999999165534973100 -0.00610525021329522133
0.30000001192092895500 -0.00610590819269418717
0.31000000238418579100 -0.00609070481732487679
0.31999999284744262700 -0.00607100315392017365
0.33000001311302185100 -0.00606555491685867310
0.34000000357627868600 -0.00606621894985437393
0.34999999403953552200 -0.00607284018769860268
0.36000001430511474600 -0.00606942176818847656
0.37000000476837158200 -0.00605661701411008835
0.37999999523162841800 -0.00603913422673940659
0.38999998569488525400 -0.00601380597800016403
0.40000000596046447700 -0.00600132206454873085
0.40999999642372131300 -0.00597413117066025734
0.41999998688697814900 -0.00594810908660292626
0.43000000715255737300 -0.00593858491629362106
0.43999999761581420900 -0.00592463184148073197
0.44999998807907104500 -0.00590717513114213944
0.46000000834465026800 -0.00588925695046782494
0.46999999880790710400 -0.00584643380716443062
0.47999998927116394000 -0.00578380608931183815
0.49000000953674316400 -0.00575117720291018486
0.50000000000000000000 -0.00569412391632795334
0.50999999046325683600 -0.00560957798734307289
0.51999998092651367200 -0.00553862098604440689
0.52999997138977050800 -0.00545517494902014733
0.54000002145767211900 -0.00535481609404087067
0.55000001192092895500 -0.00523638306185603142
0.56000000238418579100 -0.00508749997243285179
0.56999999284744262700 -0.00489378813654184342
0.57999998331069946300 -0.00467638298869132996
0.58999997377395629900 -0.00443847617134451866
0.60000002384185791000 -0.00414898991584777832
0.61000001430511474600 -0.00382567406632006168
0.62000000476837158200 -0.00347339804284274578
0.62999999523162841800 -0.00308612990193068981
0.63999998569488525400 -0.00266909203492105007
0.64999997615814209000 -0.00221878592856228352
0.66000002622604370100 -0.00172860804013907909
0.67000001668930053700 -0.00121235998813062906
0.68000000715255737300 -0.00066815118771046400
0.68999999761581420900 -0.00014763939543627203
0.69999998807907104500 0.00038461558870039880
0.70999997854232788100 0.00097075517987832427
0.72000002861022949200 0.00161851395387202501
0.73000001907348632800 0.00224265898577868939
0.74000000953674316400 0.00287567195482552052
0.75000000000000000000 0.00352172809652984142
0.75999999046325683600 0.00417533097788691521
0.76999998092651367200 0.00482653779909014702
0.77999997138977050800 0.00551486713811755181
0.79000002145767211900 0.00616695918142795563
0.80000001192092895500 0.00685985293239355088
0.81000000238418579100 0.00755847897380590439
0.81999999284744262700 0.00826321169734001160
0.82999998331069946300 0.00896253436803817749
0.83999997377395629900 0.00966769270598888398
0.85000002384185791000 0.01038106996566057210
0.86000001430511474600 0.01057429984211921690
0.87000000476837158200 0.01126264967024326320
0.87999999523162841800 0.01195286959409713750
0.88999998569488525400 0.01265996042639017110
0.89999997615814209000 0.01337730046361684800
0.91000002622604370100 0.01408664975315332410
0.92000001668930053700 0.01480414997786283490
0.93000000715255737300 0.01553772017359733580
0.93999999761581420900 0.01628449000418186190
0.94999998807907104500 0.01703039929270744320
0.95999997854232788100 0.01779026910662651060
0.97000002861022949200 0.01854176074266433720
0.98000001907348632800 0.01928195916116237640
0.99000000953674316400 0.02006201073527336120
1.00000000000000000000 0.02083721943199634550
