-1.00000000000000000000 -0.00610635895282030106
-0.99000000953674316400 -0.00609906902536749840
-0.98000001907348632800 -0.00612084800377488136
-0.97000002861022949200 -0.00614052498713135720
-0.95999997854232788100 -0.00612872419878840447
-0.94999998807907104500 -0.00611486192792654038
-0.93999999761581420900 -0.00612615980207920075
-0.93000000715255737300 -0.00611251499503850937
-0.92000001668930053700 -0.00610624998807907105
-0.91000002622604370100 -0.00611220207065343857
-0.89999997615814209000 -0.00610249210149049759
-0.88999998569488525400 -0.00612703198567032814
-0.87999999523162841800 -0.00613664276897907257
-0.87000000476837158200 -0.00613402202725410462
-0.86000001430511474600 -0.00612964201718568802
-0.85000002384185791000 -0.00611530710011720658
-0.83999997377395629900 -0.00611373502761125565
-0.82999998331069946300 -0.00611703516915440560
-0.81999999284744262700 -0.00609961617738008499
-0.81000000238418579100 -0.00608847010880708695
-0.80000001192092895500 -0.00610956689342856407
-0.79000002145767211900 -0.00612021703273057938
-0.77999997138977050800 -0.00611575599759817124
-0.76999998092651367200 -0.00612926483154296875
-0.75999999046325683600 -0.00611375691369175911
-0.75000000000000000000 -0.00609158119186758995
-0.74000000953674316400 -0.00611977977678179741
-0.73000001907348632800 -0.00609441008418798447
-0.72000002861022949200 -0.00607795687392354012
-0.70999997854232788100 -0.00610336521640419960
-0.69999998807907104500 -0.00610278919339179993
-0.68999999761581420900 -0.00610665697604417801
-0.68000000715255737300 -0.00613995688036084175
-0.67000001668930053700 -0.00611496018245816231
-0.66000002622604370100 -0.00608906382694840431
-0.64999997615814209000 -0.00612032599747180939
-0.63999998569488525400 -0.00609897682443261147
-0.62999999523162841800 -0.00607511401176452637
-0.62000000476837158200 -0.00610006507486104965
-0.61000001430511474600 -0.00608776276931166649
-0.60000002384185791000 -0.00610024295747280121
-0.58999997377395629900 -0.00612785015255212784
-0.57999998331069946300 -0.00611379509791731835
-0.56999999284744262700 -0.00610076403245329857
-0.56000000238418579100 -0.00610115285962820053
-0.55000001192092895500 -0.00609397701919078827
-0.54000002145767211900 -0.00608766218647360802
-0.52999997138977050800 -0.00608454784378409386
-0.51999998092651367200 -0.00607034889981150627
-0.50999999046325683600 -0.00608942285180091858
-0.50000000000000000000 -0.00610850378870964050
-0.49000000953674316400 -0.00610511098057031632
-0.47999998927116394000 -0.00610097078606486321
-0.46999999880790710400 -0.00608744518831372261
-0.46000000834465026800 -0.00608485285192728043
-0.44999998807907104500 -0.00608630198985338211
-0.43999999761581420900 -0.00607183016836643219
-0.43000000715255737300 -0.00606345711275935173
-0.41999998688697814900 -0.00608895812183618546
-0.40999999642372131300 -0.00610038684681057930
-0.40000000596046447700 -0.00609984900802373886
-0.38999998569488525400 -0.00611672177910804749
-0.37999999523162841800 -0.00609847297891974449
-0.37000000476837158200 -0.00607986701652407646
-0.36000001430511474600 -0.00611064396798610687
-0.34999999403953552200 -0.00608702190220355988
-0.34000000357627868600 -0.00606818497180938721
-0.33000001311302185100 -0.00609521009027957916
-0.31999999284744262700 -0.00609088176861405373
-0.31000000238418579100 -0.00609662896022200585
-0.30000001192092895500 -0.00612434698268771172
-0.28999999165534973100 -0.00610212003812193871
-0.28000000119209289500 -0.00607669400051236153
-0.27000001072883606000 -0.00610733497887849808
-0.25999999046325683600 -0.00608130404725670815
-0.25000000000000000000 -0.00606188923120498657
-0.23999999463558197000 -0.00608268799260258675
-0.23000000417232513400 -0.00607139384374022484
-0.21999999880790710400 -0.00608651014044880867
-0.20999999344348907500 -0.00610956689342856407
-0.20000000298023223900 -0.00609387503936886788
-0.18999999761581420900 -0.00608226889744400978
-0.18000000715255737300 -0.00608210917562246323
-0.17000000178813934300 -0.00607263622805476189
-0.15999999642372131300 -0.00606474420055747032
-0.15000000596046447800 -0.00606259703636169434
-0.14000000059604644800 -0.00605484005063772202
-0.12999999523162841800 -0.00607436010614037514
-0.11999999731779098500 -0.00608514994382858277
-0.10999999940395355200 -0.00608371803537011147
-0.10000000149011611900 -0.00608216691762208939
-0.09000000357627868650 -0.00606434606015682221
-0.07999999821186065670 -0.00606326200067996979
-0.07000000029802322390 -0.00606821011751890183
-0.05999999865889549260 -0.00604330608621239662
-0.05000000074505805970 -0.00603979779407382012
-0.03999999910593032840 -0.00605898723006248474
-0.02999999932944774630 -0.00606602802872657776
-0.01999999955296516420 -0.00606717122718691826
-0.00999999977648258210 -0.00608671596273779869
0.00000000000000000000 -0.00605769222602248192
0.00999999977648258210 -0.00604077195748686791
0.01999999955296516420 -0.00606174906715750694
0.02999999932944774630 -0.00605453597381711006
0.03999999910593032840 -0.00602037878707051277
0.05000000074505805970 -0.00603175302967429161
0.05999999865889549260 -0.00604098103940486908
0.07000000029802322390 -0.00604445580393075943
0.07999999821186065670 -0.00606033112853765488
0.09000000357627868650 -0.00605852482840418816
0.10000000149011611900 -0.00602757697924971581
0.10999999940395355200 -0.00604079291224479676
0.11999999731779098500 -0.00603589089587330818
0.12999999523162841800 -0.00601286813616752625
0.14000000059604644800 -0.00602587312459945679
0.15000000596046447800 -0.00602146284654736519
0.15999999642372131300 -0.00603191787376999855
0.17000000178813934300 -0.00605577183887362480
0.18000000715255737300 -0.00604980811476707459
0.18999999761581420900 -0.00603031320497393608
0.20000000298023223900 -0.00602574180811643601
0.20999999344348907500 -0.00602348102256655693
0.21999999880790710400 -0.00601229676976799965
0.23000000417232513400 -0.00600490393117070198
0.23999999463558197000 -0.00598889309912919998
0.25000000000000000000 -0.00599405402317643166
0.25999999046325683600 -0.00601626187562942505
0.27000001072883606000 -0.00600256584584712982
0.28000000119209289500 -0.00600266596302390099
0.28999999165534973100 -0.00600470090284943581
0.30000001192092895500 -0.00596569199115037918
0.31000000238418579100 -0.00597361614927649498
0.31999999284744262700 -0.00597094278782606125
0.33000001311302185100 -0.00592980580404400826
0.34000000357627868600 -0.00593626592308282852
0.34999999403953552200 -0.00594962807372212410
0.36000001430511474600 -0.00593356415629386902
0.37000000476837158200 -0.00593350501731038094
0.37999999523162841800 -0.00593355484306812287
0.38999998569488525400 -0.00588375609368085861
0.40000000596046447700 -0.00588512793183326721
0.40999999642372131300 -0.00587058486416935921
0.41999998688697814900 -0.00582376681268215180
0.43000000715255737300 -0.00581370620056986809
0.43999999761581420900 -0.00581176206469535828
0.44999998807907104500 -0.00578997610136866570
0.46000000834465026800 -0.00577904703095555306
0.46999999880790710400 -0.00577009888365864754
0.47999998927116394000 -0.00571106886491179466
0.49000000953674316400 -0.00566188618540763855
0.50000000000000000000 -0.00563876191154122353
0.50999999046325683600 -0.00557488203048706055
0.51999998092651367200 -0.00550729595124721527
0.52999997138977050800 -0.00544260116294026375
0.54000002145767211900 -0.00535864289849996567
0.55000001192092895500 -0.00526805594563484192
0.56000000238418579100 -0.00514657422900199890
0.56999999284744262700 -0.00498503679409623146
0.57999998331069946300 -0.00479502603411674500
0.58999997377395629900 -0.00457365391775965691
0.60000002384185791000 -0.00431259907782077789
0.61000001430511474600 -0.00401986995711922646
0.62000000476837158200 -0.00368411606177687645
0.62999999523162841800 -0.00332072307355701923
0.63999998569488525400 -0.00293463305570185185
0.64999997615814209000 -0.00249402900226414204
0.66000002622604370100 -0.00202982407063245773
0.67000001668930053700 -0.00153525604400783777
0.68000000715255737300 -0.00100142101291567087
0.68999999761581420900 -0.00045799490180797875
0.69999998807907104500 0.00007418497261824086
0.70999997854232788100 0.00061999389436095953
0.72000002861022949200 0.00123949500266462565
0.73000001907348632800 0.00186233595013618469
0.74000000953674316400 0.00248613907024264336
0.75000000000000000000 0.00312480097636580467
0.75999999046325683600 0.00377083104103803635
0.76999998092651367200 0.00442733010277152062
0.77999997138977050800 0.00509293377399444580
0.79000002145767211900 0.00576104922220110893
0.80000001192092895500 0.00643922109156847000
0.81000000238418579100 0.00712483981624245644
0.81999999284744262700 0.00780827179551124573
0.82999998331069946300 0.00850475579500198364
0.83999997377395629900 0.00920144468545913697
0.85000002384185791000 0.00990498997271060944
0.86000001430511474600 0.01012455020099878310
0.87000000476837158200 0.01080533023923635480
0.87999999523162841800 0.01148124039173126220
0.88999998569488525400 0.01218493003398180010
0.89999997615814209000 0.01290426030755043030
0.91000002622604370100 0.01359662041068077090
0.92000001668930053700 0.01431559026241302490
0.93000000715255737300 0.01503589004278182980
0.93999999761581420900 0.01573684066534042360
0.94999998807907104500 0.01648000068962574010
0.95999997854232788100 0.01721088029444217680
0.97000002861022949200 0.01792738959193229680
0.98000001907348632800 0.01868977956473827360
0.99000000953674316400 0.01946718990802764890
1.00000000000000000000 0.02021026983857154850
