-1.00000000000000000000 -0.00620021717622876168
-0.99000000953674316400 -0.00617728987708687782
-0.98000001907348632800 -0.00617303792387247086
-0.97000002861022949200 -0.00618703011423349381
-0.95999997854232788100 -0.00619873404502868653
-0.94999998807907104500 -0.00620754109695553780
-0.93999999761581420900 -0.00622421503067016602
-0.93000000715255737300 -0.00621645804494619370
-0.92000001668930053700 -0.00620310101658105850
-0.91000002622604370100 -0.00621303077787160874
-0.89999997615814209000 -0.00621128594502806664
-0.88999998569488525400 -0.00619838200509548187
-0.87999999523162841800 -0.00619055004790425301
-0.87000000476837158200 -0.00621392903849482536
-0.86000001430511474600 -0.00622707791626453400
-0.85000002384185791000 -0.00622961902990937233
-0.83999997377395629900 -0.00624517397955060005
-0.82999998331069946300 -0.00623886194080114365
-0.81999999284744262700 -0.00620970083400607109
-0.81000000238418579100 -0.00622932286933064461
-0.80000001192092895500 -0.00622518919408321381
-0.79000002145767211900 -0.00620114011690020561
-0.77999997138977050800 -0.00620777392759919167
-0.76999998092651367200 -0.00621273415163159371
-0.75999999046325683600 -0.00622385879978537560
-0.75000000000000000000 -0.00622454890981316567
-0.74000000953674316400 -0.00623304583132266998
-0.73000001907348632800 -0.00621310295537114144
-0.72000002861022949200 -0.00619494309648871422
-0.70999997854232788100 -0.00620842212811112404
-0.69999998807907104500 -0.00619846722111105919
-0.68999999761581420900 -0.00618174299597740174
-0.68000000715255737300 -0.00618778401985764504
-0.67000001668930053700 -0.00620258878916501999
-0.66000002622604370100 -0.00620887987315654755
-0.64999997615814209000 -0.00622341409325599671
-0.63999998569488525400 -0.00622932706028223038
-0.62999999523162841800 -0.00621034484356641770
-0.62000000476837158200 -0.00620013987645506859
-0.61000001430511474600 -0.00621596211567521096
-0.60000002384185791000 -0.00620797695592045784
-0.58999997377395629900 -0.00619853520765900612
-0.57999998331069946300 -0.00620474107563495636
-0.56999999284744262700 -0.00621556397527456284
-0.56000000238418579100 -0.00622898386791348458
-0.55000001192092895500 -0.00623156409710645676
-0.54000002145767211900 -0.00623535877093672753
-0.52999997138977050800 -0.00620537204667925835
-0.51999998092651367200 -0.00620401185005903244
-0.50999999046325683600 -0.00620603282004594803
-0.50000000000000000000 -0.00618279818445444107
-0.49000000953674316400 -0.00617443211376667023
-0.47999998927116394000 -0.00617752783000469208
-0.46999999880790710400 -0.00618787715211510658
-0.46000000834465026800 -0.00619357917457818985
-0.44999998807907104500 -0.00620222883298993111
-0.43999999761581420900 -0.00618979986757040024
-0.43000000715255737300 -0.00617197109386324883
-0.41999998688697814900 -0.00617649918422102928
-0.40999999642372131300 -0.00617828220129013062
-0.40000000596046447700 -0.00616473099216818810
-0.38999998569488525400 -0.00616279104724526406
-0.37999999523162841800 -0.00617742212489247322
-0.37000000476837158200 -0.00618501380085945130
-0.36000001430511474600 -0.00619987817481160164
-0.34999999403953552200 -0.00621185684576630593
-0.34000000357627868600 -0.00620361417531967163
-0.33000001311302185100 -0.00618541194126009941
-0.31999999284744262700 -0.00620067911222577095
-0.31000000238418579100 -0.00619745021685957909
-0.30000001192092895500 -0.00617641396820545197
-0.28999999165534973100 -0.00618112878873944283
-0.28000000119209289500 -0.00619483180344104767
-0.27000001072883606000 -0.00620292406529188156
-0.25999999046325683600 -0.00621070479974150658
-0.25000000000000000000 -0.00622469279915094376
-0.23999999463558197000 -0.00620144512504339218
-0.23000000417232513400 -0.00618480984121561051
-0.21999999880790710400 -0.00619607791304588318
-0.20999999344348907500 -0.00618425104767084122
-0.20000000298023223900 -0.00616332422941923142
-0.18999999761581420900 -0.00616750493645668030
-0.18000000715255737300 -0.00616996688768267632
-0.17000000178813934300 -0.00618050619959831238
-0.15999999642372131300 -0.00619197683408856392
-0.15000000596046447800 -0.00619136402383446694
-0.14000000059604644800 -0.00618435721844434738
-0.12999999523162841800 -0.00617050100117921829
-0.11999999731779098500 -0.00618051504716277123
-0.10999999940395355200 -0.00617705378681421280
-0.10000000149011611900 -0.00615911418572068215
-0.09000000357627868650 -0.00616614520549774170
-0.07999999821186065670 -0.00617367820814251900
-0.07000000029802322390 -0.00618755118921399117
-0.05999999865889549260 -0.00619513401761651039
-0.05000000074505805970 -0.00619785720482468605
-0.03999999910593032840 -0.00618672510609030724
-0.02999999932944774630 -0.00617476599290966988
-0.01999999955296516420 -0.00618187896907329560
-0.00999999977648258210 -0.00617621513083577156
0.00000000000000000000 -0.00615900382399559021
0.00999999977648258210 -0.00614996394142508507
0.01999999955296516420 -0.00616368418559432030
0.02999999932944774630 -0.00617102999240159989
0.03999999910593032840 -0.00617532106116414070
0.05000000074505805970 -0.00617654109373688698
0.05999999865889549260 -0.00616099499166011810
0.07000000029802322390 -0.00613466696813702584
0.07999999821186065670 -0.00614267401397228241
0.09000000357627868650 -0.00613416312262415886
0.10000000149011611900 -0.00610720878466963768
0.10999999940395355200 -0.00611068308353424072
0.11999999731779098500 -0.00611806195229291916
0.12999999523162841800 -0.00612801592797040940
0.14000000059604644800 -0.00613467209041118622
0.15000000596046447800 -0.00613997085019946098
0.15999999642372131300 -0.00613127788528800011
0.17000000178813934300 -0.00611071195453405380
0.18000000715255737300 -0.00612364104017615318
0.18999999761581420900 -0.00612135184928774834
0.20000000298023223900 -0.00610058289021253586
0.20999999344348907500 -0.00610567489638924599
0.21999999880790710400 -0.00611694296821951866
0.23000000417232513400 -0.00611591897904872894
0.23999999463558197000 -0.00612545805051922798
0.25000000000000000000 -0.00612503523007035256
0.25999999046325683600 -0.00609978800639510155
0.27000001072883606000 -0.00609459402039647103
0.28000000119209289500 -0.00609795795753598213
0.28999999165534973100 -0.00607167184352874756
0.30000001192092895500 -0.00605943007394671440
0.31000000238418579100 -0.00606203498318791390
0.31999999284744262700 -0.00606094580143690109
0.33000001311302185100 -0.00606135698035359383
0.34000000357627868600 -0.00605981610715389252
0.34999999403953552200 -0.00604254100471735001
0.36000001430511474600 -0.00600255979225039482
0.37000000476837158200 -0.00600316980853676796
0.37999999523162841800 -0.00598555710166692734
0.38999998569488525400 -0.00594650022685527802
0.40000000596046447700 -0.00593738397583365441
0.40999999642372131300 -0.00592807587236166001
0.41999998688697814900 -0.00591989699751138687
0.43000000715255737300 -0.00590854091569781304
0.43999999761581420900 -0.00589970778673887253
0.44999998807907104500 -0.00586502579972147942
0.46000000834465026800 -0.00582009088248014450
0.46999999880790710400 -0.00580368796363472939
0.47999998927116394000 -0.00577015103772282601
0.49000000953674316400 -0.00571196293458342552
0.50000000000000000000 -0.00567002594470977783
0.50999999046325683600 -0.00563230691477656365
0.51999998092651367200 -0.00557441310957074166
0.52999997138977050800 -0.00551584782078862190
0.54000002145767211900 -0.00543713709339499474
0.55000001192092895500 -0.00531846983358263970
0.56000000238418579100 -0.00518246414139866829
0.56999999284744262700 -0.00504594808444380760
0.57999998331069946300 -0.00485864607617259026
0.58999997377395629900 -0.00463972892612218857
0.60000002384185791000 -0.00440387520939111710
0.61000001430511474600 -0.00412877881899476051
0.62000000476837158200 -0.00381601694971323013
0.62999999523162841800 -0.00346836308017373085
0.63999998569488525400 -0.00307949190028011799
0.64999997615814209000 -0.00264657801017165184
0.66000002622604370100 -0.00218996196053922176
0.67000001668930053700 -0.00170873699244111776
0.68000000715255737300 -0.00119429500773549080
0.68999999761581420900 -0.00064767291769385338
0.69999998807907104500 -0.00012409000191837549
0.70999997854232788100 0.00041155330836772919
0.72000002861022949200 0.00099572387989610434
0.73000001907348632800 0.00164716702420264483
0.74000000953674316400 0.00227621896192431450
0.75000000000000000000 0.00291593209840357304
0.75999999046325683600 0.00356575497426092625
0.76999998092651367200 0.00422555021941661835
0.77999997138977050800 0.00489775696769356728
0.79000002145767211900 0.00557696307078003884
0.80000001192092895500 0.00626131612807512284
0.81000000238418579100 0.00696239201352000237
0.81999999284744262700 0.00766208395361900330
0.82999998331069946300 0.00836781132966279984
0.83999997377395629900 0.00909085199236869812
0.85000002384185791000 0.00981195736676454544
0.86000001430511474600 0.01004518009722232820
0.87000000476837158200 0.01073560025542974470
0.87999999523162841800 0.01143813971430063250
0.88999998569488525400 0.01215426996350288390
0.89999997615814209000 0.01286485046148300170
0.91000002622604370100 0.01358074042946100240
0.92000001668930053700 0.01431175973266363140
0.93000000715255737300 0.01505220029503107070
0.93999999761581420900 0.01578963920474052430
0.94999998807907104500 0.01654797047376632690
0.95999997854232788100 0.01729723066091537480
0.97000002861022949200 0.01803725026547908780
0.98000001907348632800 0.01880897954106330870
0.99000000953674316400 0.01958492025732994080
1.00000000000000000000 0.02034096047282218930
