-1.00000000000000000000 -0.00628695497289299965
-0.99000000953674316400 -0.00630406523123383522
-0.98000001907348632800 -0.00632394105195999146
-0.97000002861022949200 -0.00630029896274209023
-0.95999997854232788100 -0.00629214802756905556
-0.94999998807907104500 -0.00630697514861822128
-0.93999999761581420900 -0.00629193196073174477
-0.93000000715255737300 -0.00628270581364631653
-0.92000001668930053700 -0.00628878083080053330
-0.91000002622604370100 -0.00628951378166675568
-0.89999997615814209000 -0.00630429806187748909
-0.88999998569488525400 -0.00631687883287668228
-0.87999999523162841800 -0.00631662597879767418
-0.87000000476837158200 -0.00630916096270084381
-0.86000001430511474600 -0.00629165302962064743
-0.85000002384185791000 -0.00629099179059267044
-0.83999997377395629900 -0.00629014894366264343
-0.82999998331069946300 -0.00627311505377292633
-0.81999999284744262700 -0.00627341214567422867
-0.81000000238418579100 -0.00628539221361279488
-0.80000001192092895500 -0.00629399111494421959
-0.79000002145767211900 -0.00629180483520030976
-0.77999997138977050800 -0.00630062120035290718
-0.76999998092651367200 -0.00628395611420273781
-0.75999999046325683600 -0.00626984890550374985
-0.75000000000000000000 -0.00627904199063777924
-0.74000000953674316400 -0.00626431591808795929
-0.73000001907348632800 -0.00625538686290383339
-0.72000002861022949200 -0.00626759091392159462
-0.70999997854232788100 -0.00627829600125551224
-0.69999998807907104500 -0.00628842879086732865
-0.68999999761581420900 -0.00630583101883530617
-0.68000000715255737300 -0.00629610894247889519
-0.67000001668930053700 -0.00627733394503593445
-0.66000002622604370100 -0.00628893310204148293
-0.64999997615814209000 -0.00628090091049671173
-0.63999998569488525400 -0.00626041507348418236
-0.62999999523162841800 -0.00626687891781330109
-0.62000000476837158200 -0.00627317000180482865
-0.61000001430511474600 -0.00628196401521563530
-0.60000002384185791000 -0.00629458390176296234
-0.58999997377395629900 -0.00629552500322461128
-0.57999998331069946300 -0.00628090091049671173
-0.56999999284744262700 -0.00626316899433732033
-0.56000000238418579100 -0.00626449007540941239
-0.55000001192092895500 -0.00625448906794190407
-0.54000002145767211900 -0.00624269898980855942
-0.52999997138977050800 -0.00622949516400694847
-0.51999998092651367200 -0.00623475993052124977
-0.50999999046325683600 -0.00625415006652474404
-0.50000000000000000000 -0.00624097092077136040
-0.49000000953674316400 -0.00624614721164107323
-0.47999998927116394000 -0.00623650616034865380
-0.46999999880790710400 -0.00621740520000457764
-0.46000000834465026800 -0.00622641481459140778
-0.44999998807907104500 -0.00622290000319480896
-0.43999999761581420900 -0.00620143394917249680
-0.43000000715255737300 -0.00621477421373128891
-0.41999998688697814900 -0.00623893318697810173
-0.40999999642372131300 -0.00623284094035625458
-0.40000000596046447700 -0.00625586882233619690
-0.38999998569488525400 -0.00625689513981342316
-0.37999999523162841800 -0.00622170418500900269
-0.37000000476837158200 -0.00623746821656823158
-0.36000001430511474600 -0.00624409690499305725
-0.34999999403953552200 -0.00620398018509149552
-0.34000000357627868600 -0.00621645199134945870
-0.33000001311302185100 -0.00622945278882980347
-0.31999999284744262700 -0.00622477987781167031
-0.31000000238418579100 -0.00624297000467777252
-0.30000001192092895500 -0.00625476799905300141
-0.28999999165534973100 -0.00622860901057720184
-0.28000000119209289500 -0.00621192296966910362
-0.27000001072883606000 -0.00623078318312764168
-0.25999999046325683600 -0.00620969105511903763
-0.25000000000000000000 -0.00619389396160840988
-0.23999999463558197000 -0.00619858317077159882
-0.23000000417232513400 -0.00619311910122632981
-0.21999999880790710400 -0.00620922399684786797
-0.20999999344348907500 -0.00621787505224347115
-0.20000000298023223900 -0.00621236814185976982
-0.18999999761581420900 -0.00620331894606351853
-0.18000000715255737300 -0.00619432982057332993
-0.17000000178813934300 -0.00619778595864772797
-0.15999999642372131300 -0.00619425904005765915
-0.15000000596046447800 -0.00618376908823847771
-0.14000000059604644800 -0.00618444290012121201
-0.12999999523162841800 -0.00620253197848796845
-0.11999999731779098500 -0.00621173297986388207
-0.10999999940395355200 -0.00621536280959844589
-0.10000000149011611900 -0.00621832394972443581
-0.09000000357627868650 -0.00620129797607660294
-0.07999999821186065670 -0.00619902415201067925
-0.07000000029802322390 -0.00620185304433107376
-0.05999999865889549260 -0.00618121912702918053
-0.05000000074505805970 -0.00617061601951718331
-0.03999999910593032840 -0.00618089223280549050
-0.02999999932944774630 -0.00618693279102444649
-0.01999999955296516420 -0.00618835305795073509
-0.00999999977648258210 -0.00619929889217019081
0.00000000000000000000 -0.00618523079901933670
0.00999999977648258210 -0.00616218894720077515
0.01999999955296516420 -0.00615258701145648956
0.02999999932944774630 -0.00615366594865918160
0.03999999910593032840 -0.00612304313108325005
0.05000000074505805970 -0.00611760420724749565
0.05999999865889549260 -0.00612718518823385239
0.07000000029802322390 -0.00612015416845679283
0.07999999821186065670 -0.00613333284854888916
0.09000000357627868650 -0.00614829920232295990
0.10000000149011611900 -0.00613225298002362252
0.10999999940395355200 -0.00612619007006287575
0.11999999731779098500 -0.00613470515236258507
0.12999999523162841800 -0.00611818023025989533
0.14000000059604644800 -0.00610772799700498581
0.15000000596046447800 -0.00611607404425740242
0.15999999642372131300 -0.00611093081533908844
0.17000000178813934300 -0.00612748600542545319
0.18000000715255737300 -0.00614219484850764275
0.18999999761581420900 -0.00613909913226962090
0.20000000298023223900 -0.00612886808812618256
0.20999999344348907500 -0.00611045304685831070
0.21999999880790710400 -0.00610544998198747635
0.23000000417232513400 -0.00610510306432843208
0.23999999463558197000 -0.00608755182474851608
0.25000000000000000000 -0.00607504695653915405
0.25999999046325683600 -0.00608346797525882721
0.27000001072883606000 -0.00609560078009963036
0.28000000119209289500 -0.00608554808422923088
0.28999999165534973100 -0.00609117001295089722
0.30000001192092895500 -0.00607459386810660362
0.31000000238418579100 -0.00604159617796540260
0.31999999284744262700 -0.00603841897100210190
0.33000001311302185100 -0.00602466892451047898
0.34000000357627868600 -0.00598775502294301987
0.34999999403953552200 -0.00598264718428254128
0.36000001430511474600 -0.00597192114219069481
0.37000000476837158200 -0.00594778498634696007
0.37999999523162841800 -0.00593212107196450234
0.38999998569488525400 -0.00589769799262285233
0.40000000596046447700 -0.00583913689479231835
0.40999999642372131300 -0.00578585406765341759
0.41999998688697814900 -0.00572498003020882607
0.43000000715255737300 -0.00563399400562047959
0.43999999761581420900 -0.00554847298189997673
0.44999998807907104500 -0.00545366993173956871
0.46000000834465026800 -0.00534271309152245522
0.46999999880790710400 -0.00522411707788705826
0.47999998927116394000 -0.00508708506822586060
0.49000000953674316400 -0.00492594810202717781
0.50000000000000000000 -0.00475269509479403496
0.50999999046325683600 -0.00458067981526255608
0.51999998092651367200 -0.00438681710511445999
0.52999997138977050800 -0.00418462697416543961
0.54000002145767211900 -0.00397944916039705277
0.55000001192092895500 -0.00376826501451432705
0.56000000238418579100 -0.00355549110099673271
0.56999999284744262700 -0.00332883303053677082
0.57999998331069946300 -0.00309916608966886997
0.58999997377395629900 -0.00286032911390066147
0.60000002384185791000 -0.00261024199426174164
0.61000001430511474600 -0.00236792000941932201
0.62000000476837158200 -0.00211893697269260883
0.62999999523162841800 -0.00185968296136707068
0.63999998569488525400 -0.00160417496226727963
0.64999997615814209000 -0.00134984601754695177
0.66000002622604370100 -0.00108947302214801312
0.67000001668930053700 -0.00078735442366451025
0.68000000715255737300 -0.00053541117813438177
0.68999999761581420900 -0.00028115548775531352
0.69999998807907104500 -0.00002625273918965831
0.70999997854232788100 0.00023340919869951904
0.72000002861022949200 0.00049140647752210498
0.73000001907348632800 0.00075488281436264515
0.74000000953674316400 0.00101546605583280325
0.75000000000000000000 0.00134343001991510391
0.75999999046325683600 0.00162164994981139898
0.76999998092651367200 0.00190143601503223181
0.77999997138977050800 0.00218038493767380714
0.79000002145767211900 0.00246116402558982372
0.80000001192092895500 0.00274290004745125771
0.81000000238418579100 0.00302717392332851887
0.81999999284744262700 0.00331234303303062916
0.82999998331069946300 0.00359629793092608452
0.83999997377395629900 0.00388174690306186676
0.85000002384185791000 0.00416747108101844788
0.86000001430511474600 0.00445418292656540871
0.87000000476837158200 0.00474116019904613495
0.87999999523162841800 0.00502804201096296311
0.88999998569488525400 0.00531636085361242294
0.89999997615814209000 0.00560626806691288948
0.91000002622604370100 0.00589531799778342247
0.92000001668930053700 0.00618484802544116974
0.93000000715255737300 0.00647571589797735214
0.93999999761581420900 0.00676728785037994385
0.94999998807907104500 0.00705797690898180008
0.95999997854232788100 0.00735061801970005036
0.97000002861022949200 0.00764469290152192116
0.98000001907348632800 0.00793841667473316193
0.99000000953674316400 0.00823375396430492401
1.00000000000000000000 0.00852886773645877838
