-1.00000000000000000000 -0.00624980311840772629
-0.99000000953674316400 -0.00624858820810914040
-0.98000001907348632800 -0.00627268711104989052
-0.97000002861022949200 -0.00628262897953391075
-0.95999997854232788100 -0.00628550210967659950
-0.94999998807907104500 -0.00628677709028124809
-0.93999999761581420900 -0.00626765098422765732
-0.93000000715255737300 -0.00627080211415886879
-0.92000001668930053700 -0.00628222292289137840
-0.91000002622604370100 -0.00626335898414254189
-0.89999997615814209000 -0.00625861482694745064
-0.88999998569488525400 -0.00628157518804073334
-0.87999999523162841800 -0.00628850888460874558
-0.87000000476837158200 -0.00629360601305961609
-0.86000001430511474600 -0.00630635302513837815
-0.85000002384185791000 -0.00629173684865236283
-0.83999997377395629900 -0.00626862095668911934
-0.82999998331069946300 -0.00628768280148506165
-0.81999999284744262700 -0.00627344986423850060
-0.81000000238418579100 -0.00625436101108789444
-0.80000001192092895500 -0.00626826100051403046
-0.79000002145767211900 -0.00626956112682819367
-0.77999997138977050800 -0.00627532601356506348
-0.76999998092651367200 -0.00628773914650082588
-0.75999999046325683600 -0.00628496007993817330
-0.75000000000000000000 -0.00626915879547595978
-0.74000000953674316400 -0.00626241415739059448
-0.73000001907348632800 -0.00626066513359546662
-0.72000002861022949200 -0.00624246615916490555
-0.70999997854232788100 -0.00623954320326447487
-0.69999998807907104500 -0.00623934017494320870
-0.68999999761581420900 -0.00625174399465322495
-0.68000000715255737300 -0.00626434618607163429
-0.67000001668930053700 -0.00627165380865335465
-0.66000002622604370100 -0.00626855297014117241
-0.64999997615814209000 -0.00625899620354175568
-0.63999998569488525400 -0.00626196479424834252
-0.62999999523162841800 -0.00626273220404982567
-0.62000000476837158200 -0.00624947296455502510
-0.61000001430511474600 -0.00624424498528242111
-0.60000002384185791000 -0.00625748699530959130
-0.58999997377395629900 -0.00627567386254668236
-0.57999998331069946300 -0.00627741916105151177
-0.56999999284744262700 -0.00628232909366488457
-0.56000000238418579100 -0.00627709319815039635
-0.55000001192092895500 -0.00624580914154648781
-0.54000002145767211900 -0.00626103812828660012
-0.52999997138977050800 -0.00625716987997293472
-0.51999998092651367200 -0.00622078077867627144
-0.50999999046325683600 -0.00623211311176419258
-0.50000000000000000000 -0.00623755203559994698
-0.49000000953674316400 -0.00622994778677821160
-0.47999998927116394000 -0.00623792922124266625
-0.46999999880790710400 -0.00624114507809281349
-0.46000000834465026800 -0.00620421301573514939
-0.44999998807907104500 -0.00620066700503230095
-0.43999999761581420900 -0.00620827078819274903
-0.43000000715255737300 -0.00618338398635387421
-0.41999998688697814900 -0.00618503615260124207
-0.40999999642372131300 -0.00619682110846042633
-0.40000000596046447700 -0.00619883183389902115
-0.38999998569488525400 -0.00621519004926085472
-0.37999999523162841800 -0.00623232498764991760
-0.37000000476837158200 -0.00621500192210078240
-0.36000001430511474600 -0.00620991922914981842
-0.34999999403953552200 -0.00621948903426527977
-0.34000000357627868600 -0.00620748009532690048
-0.33000001311302185100 -0.00619298685342073441
-0.31999999284744262700 -0.00619577895849943161
-0.31000000238418579100 -0.00619642296805977822
-0.30000001192092895500 -0.00621323613449931145
-0.28999999165534973100 -0.00622399616986513138
-0.28000000119209289500 -0.00622024293988943100
-0.27000001072883606000 -0.00621796818450093270
-0.25999999046325683600 -0.00619692681357264519
-0.25000000000000000000 -0.00619935803115367890
-0.23999999463558197000 -0.00619688397273421288
-0.23000000417232513400 -0.00617663096636533737
-0.21999999880790710400 -0.00617302581667900086
-0.20999999344348907500 -0.00618572207167744637
-0.20000000298023223900 -0.00619502505287528038
-0.18999999761581420900 -0.00619478803128004074
-0.18000000715255737300 -0.00620789406821131706
-0.17000000178813934300 -0.00619022501632571221
-0.15999999642372131300 -0.00616651913151144982
-0.15000000596046447800 -0.00618384499102830887
-0.14000000059604644800 -0.00617123022675514221
-0.12999999523162841800 -0.00615350482985377312
-0.11999999731779098500 -0.00616181688383221626
-0.10999999940395355200 -0.00617214478552341461
-0.10000000149011611900 -0.00618004100397229195
-0.09000000357627868650 -0.00619590980932116509
-0.07999999821186065670 -0.00619273306801915169
-0.07000000029802322390 -0.00617627101019024849
-0.05999999865889549260 -0.00617706682533025742
-0.05000000074505805970 -0.00617876602336764336
-0.03999999910593032840 -0.00616377498954534531
-0.02999999932944774630 -0.00616058800369501114
-0.01999999955296516420 -0.00616228720173239708
-0.00999999977648258210 -0.00617063697427511215
0.00000000000000000000 -0.00618335790932178498
0.00999999977648258210 -0.00618242193013429642
0.01999999955296516420 -0.00617745285853743553
0.02999999932944774630 -0.00616454519331455231
0.03999999910593032840 -0.00614241510629653931
0.05000000074505805970 -0.00613729795441031456
0.05999999865889549260 -0.00612705480307340622
0.07000000029802322390 -0.00610832311213016510
0.07999999821186065670 -0.00609308900311589241
0.09000000357627868650 -0.00610739504918456078
0.10000000149011611900 -0.00610985979437828064
0.10999999940395355200 -0.00610568281263113022
0.11999999731779098500 -0.00611099088564515114
0.12999999523162841800 -0.00609990907832980156
0.14000000059604644800 -0.00607998622581362724
0.15000000596046447800 -0.00609533814713358879
0.15999999642372131300 -0.00607868982478976250
0.17000000178813934300 -0.00606483686715364456
0.18000000715255737300 -0.00607990100979804993
0.18999999761581420900 -0.00608750106766819954
0.20000000298023223900 -0.00609166081994771958
0.20999999344348907500 -0.00610806792974472046
0.21999999880790710400 -0.00609458796679973602
0.23000000417232513400 -0.00606631208211183548
0.23999999463558197000 -0.00608254084363579750
0.25000000000000000000 -0.00606659986078739166
0.25999999046325683600 -0.00603997008875012398
0.27000001072883606000 -0.00604620203375816345
0.28000000119209289500 -0.00604502484202384949
0.28999999165534973100 -0.00604316499084234238
0.30000001192092895500 -0.00604959577322006226
0.31000000238418579100 -0.00604709703475236893
0.31999999284744262700 -0.00601610308513045311
0.33000001311302185100 -0.00598908122628927231
0.34000000357627868600 -0.00597894284874200821
0.34999999403953552200 -0.00594749813899397850
0.36000001430511474600 -0.00590889202430844307
0.37000000476837158200 -0.00587688293308019638
0.37999999523162841800 -0.00584443891420960426
0.38999998569488525400 -0.00581087218597531319
0.40000000596046447700 -0.00576046621426939964
0.40999999642372131300 -0.00569542311131954193
0.41999998688697814900 -0.00561918783932924271
0.43000000715255737300 -0.00551628507673740387
0.43999999761581420900 -0.00542311416938900948
0.44999998807907104500 -0.00531248701736330986
0.46000000834465026800 -0.00517584197223186493
0.46999999880790710400 -0.00504649104550480843
0.47999998927116394000 -0.00490677217021584511
0.49000000953674316400 -0.00475098099559545517
0.50000000000000000000 -0.00458548218011856079
0.50999999046325683600 -0.00441175187006592751
0.51999998092651367200 -0.00421476922929286957
0.52999997138977050800 -0.00401944201439619064
0.54000002145767211900 -0.00382214295677840710
0.55000001192092895500 -0.00360576901584863663
0.56000000238418579100 -0.00339063000865280628
0.56999999284744262700 -0.00317562907002866268
0.57999998331069946300 -0.00295165809802711010
0.58999997377395629900 -0.00272516999393701553
0.60000002384185791000 -0.00249778293073177338
0.61000001430511474600 -0.00225527095608413220
0.62000000476837158200 -0.00201081088744103909
0.62999999523162841800 -0.00177235598675906658
0.63999998569488525400 -0.00152259902097284794
0.64999997615814209000 -0.00126980699133127928
0.66000002622604370100 -0.00102248205803334713
0.67000001668930053700 -0.00073812482878565788
0.68000000715255737300 -0.00049178051995113492
0.68999999761581420900 -0.00024749539443291724
0.69999998807907104500 -0.00000339824896400387
0.70999997854232788100 0.00023740899632684886
0.72000002861022949200 0.00048657148727215827
0.73000001907348632800 0.00073706329567357898
0.74000000953674316400 0.00099149812012910843
0.75000000000000000000 0.00130187300965189934
0.75999999046325683600 0.00156772998161613941
0.76999998092651367200 0.00183383002877235413
0.77999997138977050800 0.00210661790333688259
0.79000002145767211900 0.00237494194880127907
0.80000001192092895500 0.00264385901391506195
0.81000000238418579100 0.00291795097291469574
0.81999999284744262700 0.00318964198231697083
0.82999998331069946300 0.00346068502403795719
0.83999997377395629900 0.00373436510562896729
0.85000002384185791000 0.00400681095197796822
0.86000001430511474600 0.00428118184208869934
0.87000000476837158200 0.00455744517967104912
0.87999999523162841800 0.00483257696032524109
0.88999998569488525400 0.00510877277702093125
0.89999997615814209000 0.00538564287126064301
0.91000002622604370100 0.00566222891211509705
0.92000001668930053700 0.00594002380967140198
0.93000000715255737300 0.00621682079508900643
0.93999999761581420900 0.00649584410712122917
0.94999998807907104500 0.00677570281550288201
0.95999997854232788100 0.00705372821539640427
0.97000002861022949200 0.00733403395861387253
0.98000001907348632800 0.00761473178863525391
0.99000000953674316400 0.00789387524127960205
1.00000000000000000000 0.00817521754652261734
