-1.00000000000000000000 -0.00612022494897246361
-0.99000000953674316400 -0.00611984822899103165
-0.98000001907348632800 -0.00613116612657904625
-0.97000002861022949200 -0.00615491485223174095
-0.95999997854232788100 -0.00613952102139592171
-0.94999998807907104500 -0.00612895097583532334
-0.93999999761581420900 -0.00612806994467973709
-0.93000000715255737300 -0.00612697703763842583
-0.92000001668930053700 -0.00611716601997613907
-0.91000002622604370100 -0.00611087121069431305
-0.89999997615814209000 -0.00610978808254003525
-0.88999998569488525400 -0.00612276699393987656
-0.87999999523162841800 -0.00613952893763780594
-0.87000000476837158200 -0.00613846117630600929
-0.86000001430511474600 -0.00613994896411895752
-0.85000002384185791000 -0.00612505897879600525
-0.83999997377395629900 -0.00612643500789999962
-0.82999998331069946300 -0.00612850300967693329
-0.81999999284744262700 -0.00611141417175531388
-0.81000000238418579100 -0.00610334100201725960
-0.80000001192092895500 -0.00611811596900224686
-0.79000002145767211900 -0.00613259384408593178
-0.77999997138977050800 -0.00613055704161524773
-0.76999998092651367200 -0.00615120818838477135
-0.75999999046325683600 -0.00613685697317123413
-0.75000000000000000000 -0.00610829098150134087
-0.74000000953674316400 -0.00613451795652508736
-0.73000001907348632800 -0.00611764518544077873
-0.72000002861022949200 -0.00609134696424007416
-0.70999997854232788100 -0.00611171498894691468
-0.69999998807907104500 -0.00611212896183133126
-0.68999999761581420900 -0.00612075021490454674
-0.68000000715255737300 -0.00614518998190760613
-0.67000001668930053700 -0.00613373797386884690
-0.66000002622604370100 -0.00611203722655773163
-0.64999997615814209000 -0.00612620683386921883
-0.63999998569488525400 -0.00611237110570073128
-0.62999999523162841800 -0.00609538890421390534
-0.62000000476837158200 -0.00610506394878029824
-0.61000001430511474600 -0.00609933305531740189
-0.60000002384185791000 -0.00610996503382921219
-0.58999997377395629900 -0.00613861111924052239
-0.57999998331069946300 -0.00613185716792941094
-0.56999999284744262700 -0.00612383382394909859
-0.56000000238418579100 -0.00611658208072185517
-0.55000001192092895500 -0.00611103698611259461
-0.54000002145767211900 -0.00610896479338407517
-0.52999997138977050800 -0.00609949789941310883
-0.51999998092651367200 -0.00609238492324948311
-0.50999999046325683600 -0.00610192492604255676
-0.50000000000000000000 -0.00612377002835273743
-0.49000000953674316400 -0.00611914787441492081
-0.47999998927116394000 -0.00613313214853405953
-0.46999999880790710400 -0.00612307200208306313
-0.46000000834465026800 -0.00610034121200442314
-0.44999998807907104500 -0.00611747615039348602
-0.43999999761581420900 -0.00611076597124338150
-0.43000000715255737300 -0.00608268892392516136
-0.41999998688697814900 -0.00609822710976004601
-0.40999999642372131300 -0.00611091405153274536
-0.40000000596046447700 -0.00610943185165524483
-0.38999998569488525400 -0.00613374216482043266
-0.37999999523162841800 -0.00612190691754221916
-0.37000000476837158200 -0.00609449809417128563
-0.36000001430511474600 -0.00611952180042862892
-0.34999999403953552200 -0.00610603019595146179
-0.34000000357627868600 -0.00607569608837366104
-0.33000001311302185100 -0.00609841290861368180
-0.31999999284744262700 -0.00609795516356825829
-0.31000000238418579100 -0.00609957799315452576
-0.30000001192092895500 -0.00612664688378572464
-0.28999999165534973100 -0.00611652294173836708
-0.28000000119209289500 -0.00610018800944089890
-0.27000001072883606000 -0.00610033283010125160
-0.25999999046325683600 -0.00609502801671624184
-0.25000000000000000000 -0.00608213385567069054
-0.23999999463558197000 -0.00608573900535702706
-0.23000000417232513400 -0.00607943581417202950
-0.21999999880790710400 -0.00609088921919465065
-0.20999999344348907500 -0.00611258717253804207
-0.20000000298023223900 -0.00611024908721446991
-0.18999999761581420900 -0.00610663508996367455
-0.18000000715255737300 -0.00609173299744725228
-0.17000000178813934300 -0.00609197001904249192
-0.15999999642372131300 -0.00609338423237204552
-0.15000000596046447800 -0.00607523415237665177
-0.14000000059604644800 -0.00606855284422636032
-0.12999999523162841800 -0.00608477694913744927
-0.11999999731779098500 -0.00609650323167443276
-0.10999999940395355200 -0.00609252089634537697
-0.10000000149011611900 -0.00610901601612567902
-0.09000000357627868650 -0.00609119096770882607
-0.07999999821186065670 -0.00607315590605139733
-0.07000000029802322390 -0.00609701219946146012
-0.05999999865889549260 -0.00607169978320598602
-0.05000000074505805970 -0.00605714414268732071
-0.03999999910593032840 -0.00607790192589163780
-0.02999999932944774630 -0.00608232198283076286
-0.01999999955296516420 -0.00608494598418474198
-0.00999999977648258210 -0.00611533690243959427
0.00000000000000000000 -0.00609242310747504234
0.00999999977648258210 -0.00607874477282166481
0.01999999955296516420 -0.00607286114245653153
0.02999999932944774630 -0.00608722306787967682
0.03999999910593032840 -0.00606285501271486283
0.05000000074505805970 -0.00605597998946905136
0.05999999865889549260 -0.00606257515028119087
0.07000000029802322390 -0.00606362102553248406
0.07999999821186065670 -0.00608639093115925789
0.09000000357627868650 -0.00608650594949722290
0.10000000149011611900 -0.00607267115265130997
0.10999999940395355200 -0.00606386177241802216
0.11999999731779098500 -0.00606868788599967957
0.12999999523162841800 -0.00605260301381349564
0.14000000059604644800 -0.00604573497548699379
0.15000000596046447800 -0.00603861594572663307
0.15999999642372131300 -0.00603895913809537888
0.17000000178813934300 -0.00606395211070775986
0.18000000715255737300 -0.00605223421007394791
0.18999999761581420900 -0.00605660676956176758
0.20000000298023223900 -0.00605567498132586479
0.20999999344348907500 -0.00602220976725220680
0.21999999880790710400 -0.00602953787893056870
0.23000000417232513400 -0.00603077793493866921
0.23999999463558197000 -0.00599628314375877381
0.25000000000000000000 -0.00600140215829014778
0.25999999046325683600 -0.00602067215368151665
0.27000001072883606000 -0.00601043691858649254
0.28000000119209289500 -0.00602044817060232163
0.28999999165534973100 -0.00602298509329557419
0.30000001192092895500 -0.00598452892154455185
0.31000000238418579100 -0.00597944483160972595
0.31999999284744262700 -0.00598360877484083176
0.33000001311302185100 -0.00594503991305828095
0.34000000357627868600 -0.00593882612884044647
0.34999999403953552200 -0.00594760105013847351
0.36000001430511474600 -0.00593368988484144211
0.37000000476837158200 -0.00593810202553868294
0.37999999523162841800 -0.00594195211306214333
0.38999998569488525400 -0.00590527802705764771
0.40000000596046447700 -0.00587554089725017548
0.40999999642372131300 -0.00587844196707010269
0.41999998688697814900 -0.00584015203639864922
0.43000000715255737300 -0.00580915482714772225
0.43999999761581420900 -0.00579647114500403404
0.44999998807907104500 -0.00577030796557664871
0.46000000834465026800 -0.00576173281297087670
0.46999999880790710400 -0.00573887117207050324
0.47999998927116394000 -0.00569770112633705139
0.49000000953674316400 -0.00565422000363469124
0.50000000000000000000 -0.00559443002566695214
0.50999999046325683600 -0.00553995417430996895
0.51999998092651367200 -0.00547506706789135933
0.52999997138977050800 -0.00537803396582603455
0.54000002145767211900 -0.00528803607448935509
0.55000001192092895500 -0.00519471522420644760
0.56000000238418579100 -0.00505503406748175621
0.56999999284744262700 -0.00489472085610032082
0.57999998331069946300 -0.00470665097236633301
0.58999997377395629900 -0.00445642601698637009
0.60000002384185791000 -0.00419452879577875137
0.61000001430511474600 -0.00390147208236157894
0.62000000476837158200 -0.00353667698800563812
0.62999999523162841800 -0.00315927690826356411
0.63999998569488525400 -0.00275749503634870052
0.64999997615814209000 -0.00230210809968411923
0.66000002622604370100 -0.00182401994243264198
0.67000001668930053700 -0.00131905998568981886
0.68000000715255737300 -0.00074689468601718545
0.68999999761581420900 -0.00021525050397031009
0.69999998807907104500 0.00031450189999304712
0.70999997854232788100 0.00092199089704081416
0.72000002861022949200 0.00159077299758791924
0.73000001907348632800 0.00223480397835373879
0.74000000953674316400 0.00289009511470794678
0.75000000000000000000 0.00356083596125245094
0.75999999046325683600 0.00424354290589690209
0.76999998092651367200 0.00493471417576074600
0.77999997138977050800 0.00563203496858477593
0.79000002145767211900 0.00634108902886509896
0.80000001192092895500 0.00705655897036194802
0.81000000238418579100 0.00777441496029496193
0.81999999284744262700 0.00850823428481817246
0.82999998331069946300 0.00924960616976022721
0.83999997377395629900 0.00998663902282714844
0.85000002384185791000 0.01020971965044736860
0.86000001430511474600 0.01093779969960451130
0.87000000476837158200 0.01165604963898658750
0.87999999523162841800 0.01238340046256780620
0.88999998569488525400 0.01313600037246942520
0.89999997615814209000 0.01385771017521619800
0.91000002622604370100 0.01459581032395362850
0.92000001668930053700 0.01536870002746582030
0.93000000715255737300 0.01609129086136817930
0.93999999761581420900 0.01684420928359031680
0.94999998807907104500 0.01763564907014369960
0.95999997854232788100 0.01838612928986549380
0.97000002861022949200 0.01916809007525444030
0.98000001907348632800 0.01998323015868663790
0.99000000953674316400 0.02073786035180091860
1.00000000000000000000 0.02151012979447841640
