-1.00000000000000000000 -0.00618110410869121552
-0.99000000953674316400 -0.00618994003161787987
-0.98000001907348632800 -0.00620917184278368950
-0.97000002861022949200 -0.00621130177751183510
-0.95999997854232788100 -0.00618768204003572464
-0.94999998807907104500 -0.00620119506493210793
-0.93999999761581420900 -0.00619758618995547295
-0.93000000715255737300 -0.00617852015420794487
-0.92000001668930053700 -0.00618672883138060570
-0.91000002622604370100 -0.00619343901053071022
-0.89999997615814209000 -0.00620541023090481758
-0.88999998569488525400 -0.00621793698519468308
-0.87999999523162841800 -0.00623022485524415970
-0.87000000476837158200 -0.00622111279517412186
-0.86000001430511474600 -0.00619692495092749596
-0.85000002384185791000 -0.00621136184781789780
-0.83999997377395629900 -0.00620627403259277344
-0.82999998331069946300 -0.00618304684758186340
-0.81999999284744262700 -0.00618427107110619545
-0.81000000238418579100 -0.00619427813217043877
-0.80000001192092895500 -0.00620066188275814057
-0.79000002145767211900 -0.00620901118963956833
-0.77999997138977050800 -0.00621256092563271523
-0.76999998092651367200 -0.00619688816368579865
-0.75999999046325683600 -0.00617816811427474022
-0.75000000000000000000 -0.00619074515998363495
-0.74000000953674316400 -0.00618427200242877007
-0.73000001907348632800 -0.00616082083433866501
-0.72000002861022949200 -0.00617418112233281136
-0.70999997854232788100 -0.00618527177721261978
-0.69999998807907104500 -0.00619375193491578102
-0.68999999761581420900 -0.00620620185509324074
-0.68000000715255737300 -0.00621230620890855789
-0.67000001668930053700 -0.00618893094360828400
-0.66000002622604370100 -0.00618504313752055168
-0.64999997615814209000 -0.00619727699086070061
-0.63999998569488525400 -0.00618229014798998833
-0.62999999523162841800 -0.00617755716666579247
-0.62000000476837158200 -0.00618633115664124489
-0.61000001430511474600 -0.00619946699589490891
-0.60000002384185791000 -0.00620718486607074738
-0.58999997377395629900 -0.00621907599270343781
-0.57999998331069946300 -0.00620608404278755188
-0.56999999284744262700 -0.00617953995242714882
-0.56000000238418579100 -0.00618916517123579979
-0.55000001192092895500 -0.00618330622091889382
-0.54000002145767211900 -0.00615318818017840386
-0.52999997138977050800 -0.00615461077541112900
-0.51999998092651367200 -0.00615910114720463753
-0.50999999046325683600 -0.00616250699386000633
-0.50000000000000000000 -0.00617498299106955528
-0.49000000953674316400 -0.00617936300113797188
-0.47999998927116394000 -0.00617136480286717415
-0.46999999880790710400 -0.00614618510007858277
-0.46000000834465026800 -0.00616395985707640648
-0.44999998807907104500 -0.00616240501403808594
-0.43999999761581420900 -0.00613852590322494507
-0.43000000715255737300 -0.00614850595593452454
-0.41999998688697814900 -0.00616184202954173088
-0.40999999642372131300 -0.00617247913032770157
-0.40000000596046447700 -0.00618388177827000618
-0.38999998569488525400 -0.00619861204177141190
-0.37999999523162841800 -0.00617617601528763771
-0.37000000476837158200 -0.00616857316344976425
-0.36000001430511474600 -0.00618260307237505913
-0.34999999403953552200 -0.00616479478776454926
-0.34000000357627868600 -0.00615718588232994080
-0.33000001311302185100 -0.00616648513823747635
-0.31999999284744262700 -0.00617141090333461762
-0.31000000238418579100 -0.00618916889652609825
-0.30000001192092895500 -0.00619697617366909981
-0.28999999165534973100 -0.00619573891162872315
-0.28000000119209289500 -0.00617202091962099076
-0.27000001072883606000 -0.00617143185809254646
-0.25999999046325683600 -0.00616953382268548012
-0.25000000000000000000 -0.00615098513662815094
-0.23999999463558197000 -0.00614165700972080231
-0.23000000417232513400 -0.00615014089271426201
-0.21999999880790710400 -0.00615378003567457199
-0.20999999344348907500 -0.00616822112351655960
-0.20000000298023223900 -0.00617656996473670006
-0.18999999761581420900 -0.00616738293319940567
-0.18000000715255737300 -0.00614645192399621010
-0.17000000178813934300 -0.00616046506911516190
-0.15999999642372131300 -0.00615268293768167496
-0.15000000596046447800 -0.00613562902435660362
-0.14000000059604644800 -0.00613966211676597595
-0.12999999523162841800 -0.00615456886589527130
-0.11999999731779098500 -0.00616489583626389504
-0.10999999940395355200 -0.00617170799523591995
-0.10000000149011611900 -0.00618541613221168518
-0.09000000357627868650 -0.00617230916395783425
-0.07999999821186065670 -0.00615372089669108391
-0.07000000029802322390 -0.00616501504555344582
-0.05999999865889549260 -0.00615485990419983864
-0.05000000074505805970 -0.00613877596333622933
-0.03999999910593032840 -0.00614683795720338822
-0.02999999932944774630 -0.00615280587226152420
-0.01999999955296516420 -0.00616315519437193871
-0.00999999977648258210 -0.00617024581879377365
0.00000000000000000000 -0.00616528093814849854
0.00999999977648258210 -0.00615591090172529221
0.01999999955296516420 -0.00612857099622488022
0.02999999932944774630 -0.00613581482321023941
0.03999999910593032840 -0.00612578401342034340
0.05000000074505805970 -0.00610568281263113022
0.05999999865889549260 -0.00610271794721484184
0.07000000029802322390 -0.00610804697498679161
0.07999999821186065670 -0.00612517818808555603
0.09000000357627868650 -0.00612383615225553513
0.10000000149011611900 -0.00614082301035523415
0.10999999940395355200 -0.00613046903163194657
0.11999999731779098500 -0.00610719993710517884
0.12999999523162841800 -0.00612538214772939682
0.14000000059604644800 -0.00612120516598224640
0.15000000596046447800 -0.00609919801354408264
0.15999999642372131300 -0.00610815314576029778
0.17000000178813934300 -0.00612188689410686493
0.18000000715255737300 -0.00612617004662752152
0.18999999761581420900 -0.00613768305629491806
0.20000000298023223900 -0.00613845000043511391
0.20999999344348907500 -0.00612309388816356659
0.21999999880790710400 -0.00610778108239173889
0.23000000417232513400 -0.00611313106492161751
0.23999999463558197000 -0.00609854515641927719
0.25000000000000000000 -0.00608570594340562821
0.25999999046325683600 -0.00609087012708187103
0.27000001072883606000 -0.00609228480607271195
0.28000000119209289500 -0.00609359377995133400
0.28999999165534973100 -0.00609689811244606972
0.30000001192092895500 -0.00608785916119813919
0.31000000238418579100 -0.00605520699173212052
0.31999999284744262700 -0.00605503702536225319
0.33000001311302185100 -0.00604701414704322815
0.34000000357627868600 -0.00602249894291162491
0.34999999403953552200 -0.00601416779682040215
0.36000001430511474600 -0.00601609889417886734
0.37000000476837158200 -0.00602139811962842942
0.37999999523162841800 -0.00601575616747140885
0.38999998569488525400 -0.00601958995684981346
0.40000000596046447700 -0.00599646894261240959
0.40999999642372131300 -0.00595955178141593933
0.41999998688697814900 -0.00596091477200388909
0.43000000715255737300 -0.00594181893393397331
0.43999999761581420900 -0.00590055389329791069
0.44999998807907104500 -0.00588426319882273674
0.46000000834465026800 -0.00587272783741354942
0.46999999880790710400 -0.00585143407806754112
0.47999998927116394000 -0.00583018083125352860
0.49000000953674316400 -0.00580376014113426209
0.50000000000000000000 -0.00574328610673546791
0.50999999046325683600 -0.00567692192271351814
0.51999998092651367200 -0.00562666403129696846
0.52999997138977050800 -0.00553688593208789826
0.54000002145767211900 -0.00543134286999702454
0.55000001192092895500 -0.00532482517883181572
0.56000000238418579100 -0.00519138900563120842
0.56999999284744262700 -0.00503200618550181389
0.57999998331069946300 -0.00484305899590253830
0.58999997377395629900 -0.00462033087387681008
0.60000002384185791000 -0.00434800889343023300
0.61000001430511474600 -0.00404579192399978638
0.62000000476837158200 -0.00372107909061014652
0.62999999523162841800 -0.00335083599202334881
0.63999998569488525400 -0.00295684090815484524
0.64999997615814209000 -0.00253941304981708527
0.66000002622604370100 -0.00209843204356729984
0.67000001668930053700 -0.00162999494932591915
0.68000000715255737300 -0.00114188098814338446
0.68999999761581420900 -0.00061034201644361019
0.69999998807907104500 -0.00011577430268516764
0.70999997854232788100 0.00038803389179520309
0.72000002861022949200 0.00092096172738820314
0.73000001907348632800 0.00152996904216706753
0.74000000953674316400 0.00210216501727700234
0.75000000000000000000 0.00268439692445099354
0.75999999046325683600 0.00327295507304370403
0.76999998092651367200 0.00386855495162308216
0.77999997138977050800 0.00447025895118713379
0.79000002145767211900 0.00507945520803332329
0.80000001192092895500 0.00569009687751531601
0.81000000238418579100 0.00630619004368782044
0.81999999284744262700 0.00692888302728533745
0.82999998331069946300 0.00755858607590198517
0.83999997377395629900 0.00819257553666830063
0.85000002384185791000 0.00883245654404163361
0.86000001430511474600 0.00947973597794771195
0.87000000476837158200 0.01013857033103704450
0.87999999523162841800 0.01026672963052988050
0.88999998569488525400 0.01088336016982793810
0.89999997615814209000 0.01152544002979993820
0.91000002622604370100 0.01215974986553192140
0.92000001668930053700 0.01279085967689752580
0.93000000715255737300 0.01345270965248346330
0.93999999761581420900 0.01411436963826417920
0.94999998807907104500 0.01475919038057327270
0.95999997854232788100 0.01543311029672622680
0.97000002861022949200 0.01612392999231815340
0.98000001907348632800 0.01681281998753547670
0.99000000953674316400 0.01751684024930000310
1.00000000000000000000 0.01823412068188190460
