-1.00000000000000000000 -0.00620928220450878144
-0.99000000953674316400 -0.00622380292043089867
-0.98000001907348632800 -0.00623882003128528595
-0.97000002861022949200 -0.00622422201558947563
-0.95999997854232788100 -0.00621464103460311890
-0.94999998807907104500 -0.00623422814533114434
-0.93999999761581420900 -0.00622043479233980179
-0.93000000715255737300 -0.00621120491996407509
-0.92000001668930053700 -0.00621854979544878006
-0.91000002622604370100 -0.00622030021622776985
-0.89999997615814209000 -0.00624066311866044998
-0.88999998569488525400 -0.00625378591939806938
-0.87999999523162841800 -0.00623607495799660683
-0.87000000476837158200 -0.00622598081827163696
-0.86000001430511474600 -0.00622905185446143150
-0.85000002384185791000 -0.00622023222967982292
-0.83999997377395629900 -0.00620234711095690727
-0.82999998331069946300 -0.00619816221296787262
-0.81999999284744262700 -0.00620411382988095284
-0.81000000238418579100 -0.00621887203305959702
-0.80000001192092895500 -0.00622809911146759987
-0.79000002145767211900 -0.00623735412955284119
-0.77999997138977050800 -0.00622703088447451592
-0.76999998092651367200 -0.00620473595336079598
-0.75999999046325683600 -0.00622256984934210778
-0.75000000000000000000 -0.00621743593364953995
-0.74000000953674316400 -0.00619704416021704674
-0.73000001907348632800 -0.00620886310935020447
-0.72000002861022949200 -0.00621349317952990532
-0.70999997854232788100 -0.00622762413695454598
-0.69999998807907104500 -0.00623771920800209046
-0.68999999761581420900 -0.00623217783868312836
-0.68000000715255737300 -0.00621514907106757164
-0.67000001668930053700 -0.00622217589989304543
-0.66000002622604370100 -0.00621611392125487328
-0.64999997615814209000 -0.00619835685938596726
-0.63999998569488525400 -0.00620095804333686829
-0.62999999523162841800 -0.00620476994663476944
-0.62000000476837158200 -0.00621438678354024887
-0.61000001430511474600 -0.00622001616284251213
-0.60000002384185791000 -0.00622828491032123566
-0.58999997377395629900 -0.00620443979278206825
-0.57999998331069946300 -0.00618751998990774155
-0.56999999284744262700 -0.00619436195120215416
-0.56000000238418579100 -0.00617558322846889496
-0.55000001192092895500 -0.00616518408060073853
-0.54000002145767211900 -0.00616808095946907997
-0.52999997138977050800 -0.00617404608055949211
-0.51999998092651367200 -0.00619656499475240708
-0.50999999046325683600 -0.00620649894699454308
-0.50000000000000000000 -0.00619709119200706482
-0.49000000953674316400 -0.00619283318519592285
-0.47999998927116394000 -0.00619121501222252846
-0.46999999880790710400 -0.00619198102504014969
-0.46000000834465026800 -0.00618414394557476044
-0.44999998807907104500 -0.00617832411080598831
-0.43999999761581420900 -0.00618876982480287552
-0.43000000715255737300 -0.00619976781308650971
-0.41999998688697814900 -0.00620870199054479599
-0.40999999642372131300 -0.00622212188318371773
-0.40000000596046447700 -0.00621205614879727364
-0.38999998569488525400 -0.00619177380576729775
-0.37999999523162841800 -0.00620687613263726235
-0.37000000476837158200 -0.00620206817984580994
-0.36000001430511474600 -0.00618124287575483322
-0.34999999403953552200 -0.00618950277566909790
-0.34000000357627868600 -0.00619543017819523812
-0.33000001311302185100 -0.00620424514636397362
-0.31999999284744262700 -0.00621295021846890450
-0.31000000238418579100 -0.00621339492499828339
-0.30000001192092895500 -0.00618785992264747620
-0.28999999165534973100 -0.00618977891281247139
-0.28000000119209289500 -0.00619768304750323296
-0.27000001072883606000 -0.00617579510435461998
-0.25999999046325683600 -0.00617444422096014023
-0.25000000000000000000 -0.00618106080219149590
-0.23999999463558197000 -0.00619176495820283890
-0.23000000417232513400 -0.00620455387979745865
-0.21999999880790710400 -0.00621810602024197579
-0.20999999344348907500 -0.00619774684309959412
-0.20000000298023223900 -0.00618576304987072945
-0.18999999761581420900 -0.00619883881881833077
-0.18000000715255737300 -0.00619006203487515450
-0.17000000178813934300 -0.00617376621812582016
-0.15999999642372131300 -0.00617347005754709244
-0.15000000596046447800 -0.00618392881006002426
-0.14000000059604644800 -0.00619575986638665200
-0.12999999523162841800 -0.00620116107165813446
-0.11999999731779098500 -0.00620222510769963265
-0.10999999940395355200 -0.00618179282173514366
-0.10000000149011611900 -0.00617043720558285713
-0.09000000357627868650 -0.00618020491674542427
-0.07999999821186065670 -0.00615890603512525559
-0.07000000029802322390 -0.00614427495747804642
-0.05999999865889549260 -0.00615329714491963387
-0.05000000074505805970 -0.00615309411659836769
-0.03999999910593032840 -0.00615921104326844216
-0.02999999932944774630 -0.00617076689377427101
-0.01999999955296516420 -0.00615885481238365174
-0.00999999977648258210 -0.00613286718726158142
0.00000000000000000000 -0.00615177210420370102
0.00999999977648258210 -0.00615240680053830147
0.01999999955296516420 -0.00614193314686417580
0.02999999932944774630 -0.00612582312896847725
0.03999999910593032840 -0.00613940600305795670
0.05000000074505805970 -0.00615427084267139435
0.05999999865889549260 -0.00616102013736963272
0.07000000029802322390 -0.00618246290832757950
0.07999999821186065670 -0.00616810191422700882
0.09000000357627868650 -0.00614855205640196800
0.10000000149011611900 -0.00616922881454229355
0.10999999940395355200 -0.00615615677088499069
0.11999999731779098500 -0.00613757688552141190
0.12999999523162841800 -0.00614500697702169419
0.14000000059604644800 -0.00615029409527778626
0.15000000596046447800 -0.00615918496623635292
0.15999999642372131300 -0.00616744486615061760
0.17000000178813934300 -0.00616320082917809487
0.18000000715255737300 -0.00615397887304425240
0.18999999761581420900 -0.00613541202619671822
0.20000000298023223900 -0.00613756803795695305
0.20999999344348907500 -0.00612378399819135666
0.21999999880790710400 -0.00611258810386061669
0.23000000417232513400 -0.00611322792246937752
0.23999999463558197000 -0.00612256396561861038
0.25000000000000000000 -0.00613000709563493729
0.25999999046325683600 -0.00612970208749175072
0.27000001072883606000 -0.00612535513937473297
0.28000000119209289500 -0.00609922688454389572
0.28999999165534973100 -0.00610254378989338875
0.30000001192092895500 -0.00609616423025727272
0.31000000238418579100 -0.00607526814565062523
0.31999999284744262700 -0.00607199314981698990
0.33000001311302185100 -0.00607922906056046486
0.34000000357627868600 -0.00608304981142282486
0.34999999403953552200 -0.00608503585681319237
0.36000001430511474600 -0.00607893709093332291
0.37000000476837158200 -0.00604692380875349045
0.37999999523162841800 -0.00603970978409051895
0.38999998569488525400 -0.00602818606421351433
0.40000000596046447700 -0.00599835300818085671
0.40999999642372131300 -0.00598105695098638535
0.41999998688697814900 -0.00596644589677453041
0.43000000715255737300 -0.00596521189436316490
0.43999999761581420900 -0.00595531379804015160
0.44999998807907104500 -0.00593517487868666649
0.46000000834465026800 -0.00588966719806194306
0.46999999880790710400 -0.00584458699449896813
0.47999998927116394000 -0.00581876188516616822
0.49000000953674316400 -0.00576247507706284523
0.50000000000000000000 -0.00570079497992992401
0.50999999046325683600 -0.00564533285796642304
0.51999998092651367200 -0.00557572022080421448
0.52999997138977050800 -0.00550099182873964310
0.54000002145767211900 -0.00539885787293314934
0.55000001192092895500 -0.00526090105995535851
0.56000000238418579100 -0.00509703299030661583
0.56999999284744262700 -0.00490869581699371338
0.57999998331069946300 -0.00468274205923080444
0.58999997377395629900 -0.00442108185961842537
0.60000002384185791000 -0.00412928219884634018
0.61000001430511474600 -0.00381157896481454373
0.62000000476837158200 -0.00346362311393022537
0.62999999523162841800 -0.00307842507027089596
0.63999998569488525400 -0.00266690505668520928
0.64999997615814209000 -0.00222165789455175400
0.66000002622604370100 -0.00175043800845742226
0.67000001668930053700 -0.00127225404139608145
0.68000000715255737300 -0.00075199047569185495
0.68999999761581420900 -0.00026060020900331438
0.69999998807907104500 0.00021274440223351121
0.70999997854232788100 0.00075794511940330267
0.72000002861022949200 0.00134318298660218716
0.73000001907348632800 0.00190703803673386574
0.74000000953674316400 0.00247182999737560749
0.75000000000000000000 0.00304194400086998940
0.75999999046325683600 0.00361518701538443565
0.76999998092651367200 0.00420712213963270188
0.77999997138977050800 0.00480643380433320999
0.79000002145767211900 0.00538618303835391998
0.80000001192092895500 0.00598636409267783165
0.81000000238418579100 0.00658739218488335610
0.81999999284744262700 0.00719774886965751648
0.82999998331069946300 0.00779274292290210724
0.83999997377395629900 0.00842168461531400681
0.85000002384185791000 0.00903819315135478974
0.86000001430511474600 0.00965628586709499359
0.87000000476837158200 0.01029072981327772140
0.87999999523162841800 0.01044776011258363720
0.88999998569488525400 0.01105561014264822010
0.89999997615814209000 0.01166502013802528380
0.91000002622604370100 0.01229896023869514470
0.92000001668930053700 0.01294597983360290530
0.93000000715255737300 0.01359437033534049990
0.93999999761581420900 0.01425305008888244630
0.94999998807907104500 0.01491522043943405150
0.95999997854232788100 0.01556347031146287920
0.97000002861022949200 0.01622140966355800630
0.98000001907348632800 0.01691100001335144040
0.99000000953674316400 0.01756360009312629700
1.00000000000000000000 0.01823767088353633880
