-1.00000000000000000000 -0.00615927111357450485
-0.99000000953674316400 -0.00614675600081682205
-0.98000001907348632800 -0.00614499393850564957
-0.97000002861022949200 -0.00615837983787059784
-0.95999997854232788100 -0.00617486285045742989
-0.94999998807907104500 -0.00617614202201366425
-0.93999999761581420900 -0.00618145102635025978
-0.93000000715255737300 -0.00617058016359806061
-0.92000001668930053700 -0.00615949509665369988
-0.91000002622604370100 -0.00616716220974922180
-0.89999997615814209000 -0.00615140423178672791
-0.88999998569488525400 -0.00614603189751505852
-0.87999999523162841800 -0.00615055719390511513
-0.87000000476837158200 -0.00616396404802799225
-0.86000001430511474600 -0.00616251910105347634
-0.85000002384185791000 -0.00616971217095851898
-0.83999997377395629900 -0.00615714816376566887
-0.82999998331069946300 -0.00613309489563107491
-0.81999999284744262700 -0.00613868702203035355
-0.81000000238418579100 -0.00613606907427310944
-0.80000001192092895500 -0.00611109705641865730
-0.79000002145767211900 -0.00611291918903589249
-0.77999997138977050800 -0.00612831721082329750
-0.76999998092651367200 -0.00613855617120862007
-0.75999999046325683600 -0.00614440999925136566
-0.75000000000000000000 -0.00616001198068261147
-0.74000000953674316400 -0.00614767614752054215
-0.73000001907348632800 -0.00613734684884548187
-0.72000002861022949200 -0.00615251809358596802
-0.70999997854232788100 -0.00614166911691427231
-0.69999998807907104500 -0.00612964713945984841
-0.68999999761581420900 -0.00613813987001776695
-0.68000000715255737300 -0.00614737113937735558
-0.67000001668930053700 -0.00616174517199397087
-0.66000002622604370100 -0.00617420580238103867
-0.64999997615814209000 -0.00617030495777726174
-0.63999998569488525400 -0.00615117885172367096
-0.62999999523162841800 -0.00615297118201851845
-0.62000000476837158200 -0.00615346198901534081
-0.61000001430511474600 -0.00613681413233280182
-0.60000002384185791000 -0.00613287789747118950
-0.58999997377395629900 -0.00613818177953362465
-0.57999998331069946300 -0.00615493999794125557
-0.56999999284744262700 -0.00615835096687078476
-0.56000000238418579100 -0.00616491213440895081
-0.55000001192092895500 -0.00615341123193502426
-0.54000002145767211900 -0.00612892722710967064
-0.52999997138977050800 -0.00614242721349000931
-0.51999998092651367200 -0.00613906420767307282
-0.50999999046325683600 -0.00611993297934532166
-0.50000000000000000000 -0.00612592697143554688
-0.49000000953674316400 -0.00614142417907714844
-0.47999998927116394000 -0.00614637508988380432
-0.46999999880790710400 -0.00615693582221865654
-0.46000000834465026800 -0.00616406882181763649
-0.44999998807907104500 -0.00614895112812519074
-0.43999999761581420900 -0.00613779714331030846
-0.43000000715255737300 -0.00615421216934919358
-0.41999998688697814900 -0.00613876385614275932
-0.40999999642372131300 -0.00612524617463350296
-0.40000000596046447700 -0.00613645883277058602
-0.38999998569488525400 -0.00614543119445443154
-0.37999999523162841800 -0.00615633279085159302
-0.37000000476837158200 -0.00616778107360005379
-0.36000001430511474600 -0.00615393277257680893
-0.34999999403953552200 -0.00613115914165973664
-0.34000000357627868600 -0.00613742880523204804
-0.33000001311302185100 -0.00612528296187520027
-0.31999999284744262700 -0.00610667001456022263
-0.31000000238418579100 -0.00610161200165748596
-0.30000001192092895500 -0.00610260386019945145
-0.28999999165534973100 -0.00611733179539442063
-0.28000000119209289500 -0.00611626915633678436
-0.27000001072883606000 -0.00612374208867549896
-0.25999999046325683600 -0.00611084280535578728
-0.25000000000000000000 -0.00610232213512063027
-0.23999999463558197000 -0.00610848795622587204
-0.23000000417232513400 -0.00610609399154782295
-0.21999999880790710400 -0.00610141688957810402
-0.20999999344348907500 -0.00610458990558981896
-0.20000000298023223900 -0.00612498680129647255
-0.18999999761581420900 -0.00613719178363680840
-0.18000000715255737300 -0.00614516297355294228
-0.17000000178813934300 -0.00614658277481794358
-0.15999999642372131300 -0.00612365314736962319
-0.15000000596046447800 -0.00612953584641218186
-0.14000000059604644800 -0.00613364111632108689
-0.12999999523162841800 -0.00611341279000043869
-0.11999999731779098500 -0.00611228402704000473
-0.10999999940395355200 -0.00612918101251125336
-0.10000000149011611900 -0.00613259105011820793
-0.09000000357627868650 -0.00613715313374996186
-0.07999999821186065670 -0.00614821398630738259
-0.07000000029802322390 -0.00612956704571843148
-0.05999999865889549260 -0.00611630687490105629
-0.05000000074505805970 -0.00612824782729148865
-0.03999999910593032840 -0.00611102906987071038
-0.02999999932944774630 -0.00609595188871026039
-0.01999999955296516420 -0.00609943084418773651
-0.00999999977648258210 -0.00610393006354570389
0.00000000000000000000 -0.00612216582521796227
0.00999999977648258210 -0.00612305989488959313
0.01999999955296516420 -0.00612695189192891121
0.02999999932944774630 -0.00611582119017839432
0.03999999910593032840 -0.00609850697219371796
0.05000000074505805970 -0.00610753102228045464
0.05999999865889549260 -0.00609971396625041962
0.07000000029802322390 -0.00608270615339279175
0.07999999821186065670 -0.00608616322278976441
0.09000000357627868650 -0.00610564881935715676
0.10000000149011611900 -0.00610566977411508560
0.10999999940395355200 -0.00612038280814886093
0.11999999731779098500 -0.00611658999696373940
0.12999999523162841800 -0.00608543399721384049
0.14000000059604644800 -0.00609430018812417984
0.15000000596046447800 -0.00609671091660857201
0.15999999642372131300 -0.00606567319482564926
0.17000000178813934300 -0.00606556283310055733
0.18000000715255737300 -0.00607520015910267830
0.18999999761581420900 -0.00607316708192229271
0.20000000298023223900 -0.00607458502054214478
0.20999999344348907500 -0.00608041882514953614
0.21999999880790710400 -0.00606154277920722962
0.23000000417232513400 -0.00603537308052182198
0.23999999463558197000 -0.00604962185025215149
0.25000000000000000000 -0.00603249995037913323
0.25999999046325683600 -0.00600806577131152153
0.27000001072883606000 -0.00601843977347016335
0.28000000119209289500 -0.00602271081879734993
0.28999999165534973100 -0.00603122916072607041
0.30000001192092895500 -0.00604299316182732582
0.31000000238418579100 -0.00603508297353982926
0.31999999284744262700 -0.00601135287433862686
0.33000001311302185100 -0.00601631402969360352
0.34000000357627868600 -0.00600782781839370728
0.34999999403953552200 -0.00598256522789597512
0.36000001430511474600 -0.00597872678190469742
0.37000000476837158200 -0.00597517890855669976
0.37999999523162841800 -0.00598383322358131409
0.38999998569488525400 -0.00598183088004589081
0.40000000596046447700 -0.00598008604720234871
0.40999999642372131300 -0.00595876481384038925
0.41999998688697814900 -0.00592293310910463333
0.43000000715255737300 -0.00591894099488854408
0.43999999761581420900 -0.00590242119506001473
0.44999998807907104500 -0.00585921294987201691
0.46000000834465026800 -0.00584465079009532929
0.46999999880790710400 -0.00583047792315483093
0.47999998927116394000 -0.00581116788089275360
0.49000000953674316400 -0.00578475417569279671
0.50000000000000000000 -0.00575052620843052864
0.50999999046325683600 -0.00569193018600344658
0.51999998092651367200 -0.00563309714198112488
0.52999997138977050800 -0.00558318989351391792
0.54000002145767211900 -0.00549490703269839287
0.55000001192092895500 -0.00540136592462658882
0.56000000238418579100 -0.00530605576932430268
0.56999999284744262700 -0.00518161104992032051
0.57999998331069946300 -0.00503527978435158730
0.58999997377395629900 -0.00485572079196572304
0.60000002384185791000 -0.00462446501478552818
0.61000001430511474600 -0.00435653701424598694
0.62000000476837158200 -0.00407376512885093689
0.62999999523162841800 -0.00374146900139749050
0.63999998569488525400 -0.00337152997963130474
0.64999997615814209000 -0.00297764199785888195
0.66000002622604370100 -0.00255908397957682610
0.67000001668930053700 -0.00211418094113469124
0.68000000715255737300 -0.00163635495118796825
0.68999999761581420900 -0.00114088202826678753
0.69999998807907104500 -0.00059861992485821247
0.70999997854232788100 -0.00008126412285491824
0.72000002861022949200 0.00044090789742767811
0.73000001907348632800 0.00098136626183986664
0.74000000953674316400 0.00161322101484984160
0.75000000000000000000 0.00221870699897408485
0.75999999046325683600 0.00283946399576961994
0.76999998092651367200 0.00346917309798300266
0.77999997138977050800 0.00411343714222311974
0.79000002145767211900 0.00477474089711904526
0.80000001192092895500 0.00544771319255232811
0.81000000238418579100 0.00613373611122369766
0.81999999284744262700 0.00683329999446868897
0.82999998331069946300 0.00754716293886303902
0.83999997377395629900 0.00827219896018505097
0.85000002384185791000 0.00900700781494379044
0.86000001430511474600 0.00975916162133216858
0.87000000476837158200 0.01003090012818574910
0.87999999523162841800 0.01076635997742414470
0.88999998569488525400 0.01151498965919017790
0.89999997615814209000 0.01227363012731075290
0.91000002622604370100 0.01305203977972269060
0.92000001668930053700 0.01384043041616678240
0.93000000715255737300 0.01463249046355485920
0.93999999761581420900 0.01544576045125722890
0.94999998807907104500 0.01625440083444118500
0.95999997854232788100 0.01705724932253360750
0.97000002861022949200 0.01789947040379047390
0.98000001907348632800 0.01873856037855148320
0.99000000953674316400 0.01956422068178653720
1.00000000000000000000 0.02042778022587299350
