-1.00000000000000000000 -0.00613787816837430000
-0.99000000953674316400 -0.00614389404654502869
-0.98000001907348632800 -0.00615958822891116142
-0.97000002861022949200 -0.00617138203233480454
-0.95999997854232788100 -0.00618047593161463738
-0.94999998807907104500 -0.00619268883019685745
-0.93999999761581420900 -0.00617202976718544960
-0.93000000715255737300 -0.00616034585982561112
-0.92000001668930053700 -0.00617101788520812988
-0.91000002622604370100 -0.00615832582116127014
-0.89999997615814209000 -0.00614745588973164559
-0.88999998569488525400 -0.00615388201549649239
-0.87999999523162841800 -0.00616261688992381096
-0.87000000476837158200 -0.00616747606545686722
-0.86000001430511474600 -0.00617042509838938713
-0.85000002384185791000 -0.00616899598389863968
-0.83999997377395629900 -0.00614144513383507729
-0.82999998331069946300 -0.00614212313666939736
-0.81999999284744262700 -0.00614169891923666001
-0.81000000238418579100 -0.00611635809764266014
-0.80000001192092895500 -0.00611509196460247040
-0.79000002145767211900 -0.00612626317888498306
-0.77999997138977050800 -0.00613008020445704460
-0.76999998092651367200 -0.00614917604252696038
-0.75999999046325683600 -0.00616261316463351250
-0.75000000000000000000 -0.00614682119339704514
-0.74000000953674316400 -0.00613596709445118904
-0.73000001907348632800 -0.00615006498992443085
-0.72000002861022949200 -0.00614495715126395226
-0.70999997854232788100 -0.00613055005669593811
-0.69999998807907104500 -0.00613143481314182282
-0.68999999761581420900 -0.00614335201680660248
-0.68000000715255737300 -0.00615865178406238556
-0.67000001668930053700 -0.00616556499153375626
-0.66000002622604370100 -0.00617462210357189179
-0.64999997615814209000 -0.00616257917135953903
-0.63999998569488525400 -0.00614479091018438339
-0.62999999523162841800 -0.00615778006613254547
-0.62000000476837158200 -0.00615295395255088806
-0.61000001430511474600 -0.00613299896940588951
-0.60000002384185791000 -0.00614200020208954811
-0.58999997377395629900 -0.00614827778190374375
-0.57999998331069946300 -0.00615517422556877136
-0.56999999284744262700 -0.00616147415712475777
-0.56000000238418579100 -0.00616554822772741318
-0.55000001192092895500 -0.00613893289119005203
-0.54000002145767211900 -0.00613457011058926583
-0.52999997138977050800 -0.00614454597234725952
-0.51999998092651367200 -0.00612649088725447655
-0.50999999046325683600 -0.00611553201451897621
-0.50000000000000000000 -0.00612971605733036995
-0.49000000953674316400 -0.00613528210669755936
-0.47999998927116394000 -0.00614734087139368057
-0.46999999880790710400 -0.00616427697241306305
-0.46000000834465026800 -0.00615433091297745705
-0.44999998807907104500 -0.00613635685294866562
-0.43999999761581420900 -0.00615044217556715012
-0.43000000715255737300 -0.00613951822742819786
-0.41999998688697814900 -0.00612244615331292153
-0.40999999642372131300 -0.00612541614100337029
-0.40000000596046447700 -0.00613533705472946167
-0.38999998569488525400 -0.00614954391494393349
-0.37999999523162841800 -0.00616121105849742890
-0.37000000476837158200 -0.00616856385022401810
-0.36000001430511474600 -0.00615295022726058960
-0.34999999403953552200 -0.00613412121310830116
-0.34000000357627868600 -0.00613600201904773712
-0.33000001311302185100 -0.00612463708966970444
-0.31999999284744262700 -0.00611031381413340569
-0.31000000238418579100 -0.00611105980351567269
-0.30000001192092895500 -0.00611268589273095131
-0.28999999165534973100 -0.00612055184319615364
-0.28000000119209289500 -0.00612570904195308686
-0.27000001072883606000 -0.00612870696932077408
-0.25999999046325683600 -0.00611085584387183190
-0.25000000000000000000 -0.00609721522778272629
-0.23999999463558197000 -0.00610997481271624565
-0.23000000417232513400 -0.00609363196417689324
-0.21999999880790710400 -0.00608632899820804596
-0.20999999344348907500 -0.00609536888077855110
-0.20000000298023223900 -0.00610634917393326760
-0.18999999761581420900 -0.00612244615331292153
-0.18000000715255737300 -0.00614033499732613564
-0.17000000178813934300 -0.00612300122156739235
-0.15999999642372131300 -0.00610928516834974289
-0.15000000596046447800 -0.00612394092604517937
-0.14000000059604644800 -0.00611572200432419777
-0.12999999523162841800 -0.00609976612031459809
-0.11999999731779098500 -0.00610188301652669907
-0.10999999940395355200 -0.00610812380909919739
-0.10000000149011611900 -0.00612269993871450424
-0.09000000357627868650 -0.00613285414874553681
-0.07999999821186065670 -0.00613860692828893662
-0.07000000029802322390 -0.00612752512097358704
-0.05999999865889549260 -0.00610747188329696656
-0.05000000074505805970 -0.00611567310988903046
-0.03999999910593032840 -0.00610827701166272164
-0.02999999932944774630 -0.00608818884938955307
-0.01999999955296516420 -0.00609196722507476807
-0.00999999977648258210 -0.00609500380232930184
0.00000000000000000000 -0.00610681110993027687
0.00999999977648258210 -0.00609983783215284348
0.01999999955296516420 -0.00612069712951779366
0.02999999932944774630 -0.00611021602526307106
0.03999999910593032840 -0.00608250405639410019
0.05000000074505805970 -0.00609491392970085144
0.05999999865889549260 -0.00609495304524898529
0.07000000029802322390 -0.00607355311512947083
0.07999999821186065670 -0.00607567606493830681
0.09000000357627868650 -0.00608906522393226624
0.10000000149011611900 -0.00609821500256657601
0.10999999940395355200 -0.00610497221350669861
0.11999999731779098500 -0.00611456297338008881
0.12999999523162841800 -0.00610054098069667816
0.14000000059604644800 -0.00608355877920985222
0.15000000596046447800 -0.00609526690095663071
0.15999999642372131300 -0.00608595600351691246
0.17000000178813934300 -0.00607206113636493683
0.18000000715255737300 -0.00607854686677455902
0.18999999761581420900 -0.00608960399404168129
0.20000000298023223900 -0.00609992304816842079
0.20999999344348907500 -0.00609916914254426956
0.21999999880790710400 -0.00609280494973063469
0.23000000417232513400 -0.00606333883479237557
0.23999999463558197000 -0.00605767220258712769
0.25000000000000000000 -0.00605054711923003197
0.25999999046325683600 -0.00603055208921432495
0.27000001072883606000 -0.00602539302781224251
0.28000000119209289500 -0.00602824799716472626
0.28999999165534973100 -0.00603412277996540070
0.30000001192092895500 -0.00603342801332473755
0.31000000238418579100 -0.00604350585490465164
0.31999999284744262700 -0.00602524913847446442
0.33000001311302185100 -0.00600237678736448288
0.34000000357627868600 -0.00601522298529744148
0.34999999403953552200 -0.00600482989102602005
0.36000001430511474600 -0.00598209910094738007
0.37000000476837158200 -0.00598021084442734718
0.37999999523162841800 -0.00598868215456604958
0.38999998569488525400 -0.00599328195676207543
0.40000000596046447700 -0.00599298998713493347
0.40999999642372131300 -0.00598379410803318024
0.41999998688697814900 -0.00596316391602158547
0.43000000715255737300 -0.00593691179528832436
0.43999999761581420900 -0.00592725910246372223
0.44999998807907104500 -0.00590205006301403046
0.46000000834465026800 -0.00587047403678297997
0.46999999880790710400 -0.00585469789803028107
0.47999998927116394000 -0.00583364721387624741
0.49000000953674316400 -0.00580656807869672775
0.50000000000000000000 -0.00576842902228236199
0.50999999046325683600 -0.00570945208892226219
0.51999998092651367200 -0.00561945885419845581
0.52999997138977050800 -0.00553590292111039162
0.54000002145767211900 -0.00543462997302412987
0.55000001192092895500 -0.00529344193637371063
0.56000000238418579100 -0.00513741699978709221
0.56999999284744262700 -0.00496346782892942429
0.57999998331069946300 -0.00476037478074431420
0.58999997377395629900 -0.00451538618654012680
0.60000002384185791000 -0.00423665577545762062
0.61000001430511474600 -0.00391375506296753884
0.62000000476837158200 -0.00354953203350305557
0.62999999523162841800 -0.00317558902315795422
0.63999998569488525400 -0.00276410998776555061
0.64999997615814209000 -0.00231603905558586121
0.66000002622604370100 -0.00185380596667528153
0.67000001668930053700 -0.00137540698051452637
0.68000000715255737300 -0.00084026128752157092
0.68999999761581420900 -0.00034018699079751968
0.69999998807907104500 0.00013270850467961282
0.70999997854232788100 0.00069955328945070505
0.72000002861022949200 0.00129832897800952196
0.73000001907348632800 0.00188783195335417986
0.74000000953674316400 0.00248021096922457218
0.75000000000000000000 0.00309367803856730461
0.75999999046325683600 0.00371043803170323372
0.76999998092651367200 0.00433702813461422920
0.77999997138977050800 0.00498074386268854141
0.79000002145767211900 0.00562397390604019165
0.80000001192092895500 0.00627951696515083313
0.81000000238418579100 0.00694713322445750237
0.81999999284744262700 0.00761786988005042076
0.82999998331069946300 0.00829134043306112290
0.83999997377395629900 0.00899032410234212876
0.85000002384185791000 0.00968888401985168457
0.86000001430511474600 0.01039745006710290910
0.87000000476837158200 0.01057507004588842390
0.87999999523162841800 0.01125997025519609450
0.88999998569488525400 0.01196211017668247220
0.89999997615814209000 0.01267523039132356640
0.91000002622604370100 0.01338784024119377140
0.92000001668930053700 0.01410629041492939000
0.93000000715255737300 0.01482961978763341900
0.93999999761581420900 0.01556397974491119380
0.94999998807907104500 0.01630887016654014590
0.95999997854232788100 0.01704492978751659390
0.97000002861022949200 0.01780069060623645780
0.98000001907348632800 0.01856433972716331480
0.99000000953674316400 0.01934115961194038390
1.00000000000000000000 0.02011978067457675930
