-1.00000000000000000000 -0.00622669002041220665
-0.99000000953674316400 -0.00621723104268312454
-0.98000001907348632800 -0.00620939396321773529
-0.97000002861022949200 -0.00621830718591809273
-0.95999997854232788100 -0.00623843399807810784
-0.94999998807907104500 -0.00622390303760766983
-0.93999999761581420900 -0.00622713891789317131
-0.93000000715255737300 -0.00621494790539145470
-0.92000001668930053700 -0.00618542591109871864
-0.91000002622604370100 -0.00619407696649432182
-0.89999997615814209000 -0.00618591299280524254
-0.88999998569488525400 -0.00616054609417915344
-0.87999999523162841800 -0.00617073103785514832
-0.87000000476837158200 -0.00619098776951432228
-0.86000001430511474600 -0.00618480285629630089
-0.85000002384185791000 -0.00620424700900912285
-0.83999997377395629900 -0.00621011899784207344
-0.82999998331069946300 -0.00617979094386100769
-0.81999999284744262700 -0.00619123317301273346
-0.81000000238418579100 -0.00620323512703180313
-0.80000001192092895500 -0.00616878084838390351
-0.79000002145767211900 -0.00617533503100275994
-0.77999997138977050800 -0.00619500782340765000
-0.76999998092651367200 -0.00618815422058105469
-0.75999999046325683600 -0.00620694598183035851
-0.75000000000000000000 -0.00622431421652436257
-0.74000000953674316400 -0.00620244722813367844
-0.73000001907348632800 -0.00618866598233580590
-0.72000002861022949200 -0.00620815297588706017
-0.70999997854232788100 -0.00618568807840347290
-0.69999998807907104500 -0.00617051916196942330
-0.68999999761581420900 -0.00617850385606288910
-0.68000000715255737300 -0.00617215409874916077
-0.67000001668930053700 -0.00619185203686356545
-0.66000002622604370100 -0.00619954103603959084
-0.64999997615814209000 -0.00619906978681683541
-0.63999998569488525400 -0.00618949718773365021
-0.62999999523162841800 -0.00617400603368878365
-0.62000000476837158200 -0.00616883719339966774
-0.61000001430511474600 -0.00617003999650478363
-0.60000002384185791000 -0.00615537399426102638
-0.58999997377395629900 -0.00614594807848334313
-0.57999998331069946300 -0.00616549002006649971
-0.56999999284744262700 -0.00617770291864871979
-0.56000000238418579100 -0.00617850013077259064
-0.55000001192092895500 -0.00619278801605105400
-0.54000002145767211900 -0.00618584081530570984
-0.52999997138977050800 -0.00615991512313485146
-0.51999998092651367200 -0.00618021888658404350
-0.50999999046325683600 -0.00617596600204706192
-0.50000000000000000000 -0.00614828709512948990
-0.49000000953674316400 -0.00615833513438701630
-0.47999998927116394000 -0.00617179414257407189
-0.46999999880790710400 -0.00618015090003609658
-0.46000000834465026800 -0.00618913583457469940
-0.44999998807907104500 -0.00619613006711006165
-0.43999999761581420900 -0.00617525400593876839
-0.43000000715255737300 -0.00616207998245954514
-0.41999998688697814900 -0.00616957293823361397
-0.40999999642372131300 -0.00614845706149935723
-0.40000000596046447700 -0.00613749306648969650
-0.38999998569488525400 -0.00613817106932401657
-0.37999999523162841800 -0.00613585300743579865
-0.37000000476837158200 -0.00614558020606637001
-0.36000001430511474600 -0.00614856183528900147
-0.34999999403953552200 -0.00613727699965238571
-0.34000000357627868600 -0.00612364802509546280
-0.33000001311302185100 -0.00611604889854788780
-0.31999999284744262700 -0.00611248705536127091
-0.31000000238418579100 -0.00610740203410387039
-0.30000001192092895500 -0.00609929580241441727
-0.28999999165534973100 -0.00610277196392416954
-0.28000000119209289500 -0.00612213183194398880
-0.27000001072883606000 -0.00612989300861954689
-0.25999999046325683600 -0.00613113818690180779
-0.25000000000000000000 -0.00613941578194499016
-0.23999999463558197000 -0.00611932296305894852
-0.23000000417232513400 -0.00612187013030052185
-0.21999999880790710400 -0.00612499611452221871
-0.20999999344348907500 -0.00610139220952987671
-0.20000000298023223900 -0.00609358912333846092
-0.18999999761581420900 -0.00610570097342133522
-0.18000000715255737300 -0.00611642608419060707
-0.17000000178813934300 -0.00611607404425740242
-0.15999999642372131300 -0.00613642111420631409
-0.15000000596046447800 -0.00611959910020232201
-0.14000000059604644800 -0.00609418982639908791
-0.12999999523162841800 -0.00611268496140837670
-0.11999999731779098500 -0.00610131211578845978
-0.10999999940395355200 -0.00607626279816031456
-0.10000000149011611900 -0.00608128309249877930
-0.09000000357627868650 -0.00608721282333135605
-0.07999999821186065670 -0.00609270809218287468
-0.07000000029802322390 -0.00610407814383506775
-0.05999999865889549260 -0.00610129395499825478
-0.05000000074505805970 -0.00608678115531802178
-0.03999999910593032840 -0.00607768911868333817
-0.02999999932944774630 -0.00607569515705108643
-0.01999999955296516420 -0.00606709485873579979
-0.00999999977648258210 -0.00606439309194684029
0.00000000000000000000 -0.00606318516656756401
0.00999999977648258210 -0.00606773886829614640
0.01999999955296516420 -0.00608828803524374962
0.02999999932944774630 -0.00609578005969524384
0.03999999910593032840 -0.00610134890303015709
0.05000000074505805970 -0.00609666295349597931
0.05999999865889549260 -0.00607673684135079384
0.07000000029802322390 -0.00607951078563928604
0.07999999821186065670 -0.00608015898615121842
0.09000000357627868650 -0.00605965219438076020
0.10000000149011611900 -0.00605656020343303681
0.10999999940395355200 -0.00607023015618324280
0.11999999731779098500 -0.00607455102726817131
0.12999999523162841800 -0.00607413193210959435
0.14000000059604644800 -0.00607855012640357018
0.15000000596046447800 -0.00605754693970084191
0.15999999642372131300 -0.00603413302451372147
0.17000000178813934300 -0.00604028906673192978
0.18000000715255737300 -0.00601969705894589424
0.18999999761581420900 -0.00599239813163876534
0.20000000298023223900 -0.00599456392228603363
0.20999999344348907500 -0.00599296391010284424
0.21999999880790710400 -0.00599624402821063996
0.23000000417232513400 -0.00600268784910440445
0.23999999463558197000 -0.00599857792258262634
0.25000000000000000000 -0.00597398402169346810
0.25999999046325683600 -0.00596890412271022797
0.27000001072883606000 -0.00596754392609000206
0.28000000119209289500 -0.00594731187447905541
0.28999999165534973100 -0.00593670923262834549
0.30000001192092895500 -0.00592874921858310700
0.31000000238418579100 -0.00592599017545580864
0.31999999284744262700 -0.00592814199626445770
0.33000001311302185100 -0.00591094698756933212
0.34000000357627868600 -0.00588801316916942597
0.34999999403953552200 -0.00585561990737915039
0.36000001430511474600 -0.00581321120262145996
0.37000000476837158200 -0.00577485887333750725
0.37999999523162841800 -0.00572243286296725273
0.38999998569488525400 -0.00565834296867251396
0.40000000596046447700 -0.00560015114024281502
0.40999999642372131300 -0.00553778419271111489
0.41999998688697814900 -0.00545467622578144074
0.43000000715255737300 -0.00536239519715309143
0.43999999761581420900 -0.00525798788294196129
0.44999998807907104500 -0.00511771906167268753
0.46000000834465026800 -0.00499210692942142487
0.46999999880790710400 -0.00485533894971013069
0.47999998927116394000 -0.00468707596883177757
0.49000000953674316400 -0.00452653411775827408
0.50000000000000000000 -0.00436673313379287720
0.50999999046325683600 -0.00418889196589589119
0.51999998092651367200 -0.00400687893852591515
0.52999997138977050800 -0.00382523704320192337
0.54000002145767211900 -0.00361802009865641594
0.55000001192092895500 -0.00341070001013576984
0.56000000238418579100 -0.00320930103771388531
0.56999999284744262700 -0.00299088610336184502
0.57999998331069946300 -0.00276994495652616024
0.58999997377395629900 -0.00255165505222976208
0.60000002384185791000 -0.00232590408995747566
0.61000001430511474600 -0.00210015894845128059
0.62000000476837158200 -0.00187251705210655928
0.62999999523162841800 -0.00163480697665363550
0.63999998569488525400 -0.00139645196031779051
0.64999997615814209000 -0.00115535303484648466
0.66000002622604370100 -0.00087595568038523197
0.67000001668930053700 -0.00064246112015098333
0.68000000715255737300 -0.00040544138755649328
0.68999999761581420900 -0.00016749869973864406
0.69999998807907104500 0.00007215610821731389
0.70999997854232788100 0.00030675908783450723
0.72000002861022949200 0.00054902618285268545
0.73000001907348632800 0.00079590099630877376
0.74000000953674316400 0.00103570101782679558
0.75000000000000000000 0.00133842404466122389
0.75999999046325683600 0.00159919098950922489
0.76999998092651367200 0.00186008797027170658
0.77999997138977050800 0.00211800099350512028
0.79000002145767211900 0.00238026003353297710
0.80000001192092895500 0.00264322198927402496
0.81000000238418579100 0.00290483701974153519
0.81999999284744262700 0.00316829909570515156
0.82999998331069946300 0.00343123893253505230
0.83999997377395629900 0.00369520508684217930
0.85000002384185791000 0.00396073004230856896
0.86000001430511474600 0.00422782218083739281
0.87000000476837158200 0.00449540093541145325
0.87999999523162841800 0.00476232822984457016
0.88999998569488525400 0.00503085507079958916
0.89999997615814209000 0.00530007621273398400
0.91000002622604370100 0.00556875113397836685
0.92000001668930053700 0.00583854410797357559
0.93000000715255737300 0.00610773311927914620
0.93999999761581420900 0.00637867487967014313
0.94999998807907104500 0.00665001105517148972
0.95999997854232788100 0.00692117819562554360
0.97000002861022949200 0.00719293113797903061
0.98000001907348632800 0.00746534299105405808
0.99000000953674316400 0.00773759884759783745
1.00000000000000000000 0.00800999253988265991
