-1.00000000000000000000 -0.00606118189170956612
-0.99000000953674316400 -0.00606706505641341210
-0.98000001907348632800 -0.00605271384119987488
-0.97000002861022949200 -0.00604718877002596855
-0.95999997854232788100 -0.00605075806379318238
-0.94999998807907104500 -0.00605675484985113144
-0.93999999761581420900 -0.00607942696660757065
-0.93000000715255737300 -0.00608177715912461281
-0.92000001668930053700 -0.00607363507151603699
-0.91000002622604370100 -0.00607015797868371010
-0.89999997615814209000 -0.00606473209336400032
-0.88999998569488525400 -0.00605497602373361588
-0.87999999523162841800 -0.00605400092899799347
-0.87000000476837158200 -0.00603813817724585533
-0.86000001430511474600 -0.00604448188096284866
-0.85000002384185791000 -0.00607681693509221077
-0.83999997377395629900 -0.00607320014387369156
-0.82999998331069946300 -0.00607978180050849915
-0.81999999284744262700 -0.00608665402978658676
-0.81000000238418579100 -0.00605448009446263314
-0.80000001192092895500 -0.00606687599793076515
-0.79000002145767211900 -0.00607391586527228356
-0.77999997138977050800 -0.00603683711960911751
-0.76999998092651367200 -0.00604827096685767174
-0.75999999046325683600 -0.00607017008587718010
-0.75000000000000000000 -0.00606313580647110939
-0.74000000953674316400 -0.00607134914025664330
-0.73000001907348632800 -0.00609392719343304634
-0.72000002861022949200 -0.00605490012094378472
-0.70999997854232788100 -0.00605120789259672165
-0.69999998807907104500 -0.00607009790837764740
-0.68999999761581420900 -0.00603301497176289559
-0.68000000715255737300 -0.00603615911677479744
-0.67000001668930053700 -0.00604694196954369545
-0.66000002622604370100 -0.00604453589767217636
-0.64999997615814209000 -0.00606064405292272568
-0.63999998569488525400 -0.00607959600165486336
-0.62999999523162841800 -0.00605469197034835816
-0.62000000476837158200 -0.00603919988498091698
-0.61000001430511474600 -0.00605707801878452301
-0.60000002384185791000 -0.00603852188214659691
-0.58999997377395629900 -0.00602787313982844353
-0.57999998331069946300 -0.00603413907811045647
-0.56999999284744262700 -0.00603588297963142395
-0.56000000238418579100 -0.00605675904080271721
-0.55000001192092895500 -0.00607092306017875672
-0.54000002145767211900 -0.00606726016849279404
-0.52999997138977050800 -0.00606350321322679520
-0.51999998092651367200 -0.00604740204289555550
-0.50999999046325683600 -0.00604655919596552849
-0.50000000000000000000 -0.00605145702138543129
-0.49000000953674316400 -0.00603595608845353127
-0.47999998927116394000 -0.00603031320497393608
-0.46999999880790710400 -0.00605193013325333596
-0.46000000834465026800 -0.00606394791975617409
-0.44999998807907104500 -0.00605764891952276230
-0.43999999761581420900 -0.00607201410457491875
-0.43000000715255737300 -0.00604906212538480759
-0.41999998688697814900 -0.00604285020381212235
-0.40999999642372131300 -0.00605651503428816796
-0.40000000596046447700 -0.00602940702810883522
-0.38999998569488525400 -0.00601579621434211731
-0.37999999523162841800 -0.00604178383946418762
-0.37000000476837158200 -0.00604408094659447670
-0.36000001430511474600 -0.00604657083749771118
-0.34999999403953552200 -0.00607509398832917214
-0.34000000357627868600 -0.00604827422648668289
-0.33000001311302185100 -0.00602082815021276474
-0.31999999284744262700 -0.00604724884033203125
-0.31000000238418579100 -0.00602923287078738213
-0.30000001192092895500 -0.00600717402994632721
-0.28999999165534973100 -0.00602748291566967964
-0.28000000119209289500 -0.00602647522464394570
-0.27000001072883606000 -0.00603823503479361534
-0.25999999046325683600 -0.00606119912117719650
-0.25000000000000000000 -0.00604194914922118187
-0.23999999463558197000 -0.00603414978832006455
-0.23000000417232513400 -0.00604017497971653938
-0.21999999880790710400 -0.00602980004623532295
-0.20999999344348907500 -0.00602227216586470604
-0.20000000298023223900 -0.00602533202618360520
-0.18999999761581420900 -0.00601420085877180100
-0.18000000715255737300 -0.00603010086342692375
-0.17000000178813934300 -0.00605129497125744820
-0.15999999642372131300 -0.00604067090898752213
-0.15000000596046447800 -0.00603877287358045578
-0.14000000059604644800 -0.00602342002093791962
-0.12999999523162841800 -0.00602098088711500168
-0.11999999731779098500 -0.00602232804521918297
-0.10999999940395355200 -0.00600620592013001442
-0.10000000149011611900 -0.00599926616996526718
-0.09000000357627868650 -0.00601537711918354035
-0.07999999821186065670 -0.00602903682738542557
-0.07000000029802322390 -0.00601901113986968994
-0.05999999865889549260 -0.00603609997779130936
-0.05000000074505805970 -0.00602203188464045525
-0.03999999910593032840 -0.00599561119452118874
-0.02999999932944774630 -0.00601588003337383270
-0.01999999955296516420 -0.00600339705124497414
-0.00999999977648258210 -0.00597835192456841469
0.00000000000000000000 -0.00599582679569721222
0.00999999977648258210 -0.00600617518648505211
0.01999999955296516420 -0.00599922006949782372
0.02999999932944774630 -0.00601770216599106789
0.03999999910593032840 -0.00602649990469217301
0.05000000074505805970 -0.00600043218582868576
0.05999999865889549260 -0.00599853321909904480
0.07000000029802322390 -0.00601227208971977234
0.07999999821186065670 -0.00598340202122926712
0.09000000357627868650 -0.00598213495686650276
0.10000000149011611900 -0.00599095877259969712
0.10999999940395355200 -0.00598663417622447014
0.11999999731779098500 -0.00600607786327600479
0.12999999523162841800 -0.00601413287222385407
0.14000000059604644800 -0.00599355204030871392
0.15000000596046447800 -0.00597992818802595139
0.15999999642372131300 -0.00598193705081939697
0.17000000178813934300 -0.00596644915640354157
0.18000000715255737300 -0.00595177710056304932
0.18999999761581420900 -0.00594981387257575989
0.20000000298023223900 -0.00594486994668841362
0.20999999344348907500 -0.00596931576728820801
0.21999999880790710400 -0.00595727004110813141
0.23000000417232513400 -0.00595365511253476143
0.23999999463558197000 -0.00595030887052416802
0.25000000000000000000 -0.00591736380010843277
0.25999999046325683600 -0.00591780804097652436
0.27000001072883606000 -0.00591915799304842949
0.28000000119209289500 -0.00588473398238420487
0.28999999165534973100 -0.00587430084124207497
0.30000001192092895500 -0.00589739112183451653
0.31000000238418579100 -0.00587730901315808296
0.31999999284744262700 -0.00588185293599963188
0.33000001311302185100 -0.00588021101430058480
0.34000000357627868600 -0.00583586096763610840
0.34999999403953552200 -0.00582911213859915734
0.36000001430511474600 -0.00582834193482995033
0.37000000476837158200 -0.00577642489224672318
0.37999999523162841800 -0.00576700689271092415
0.38999998569488525400 -0.00576765090227127075
0.40000000596046447700 -0.00574251916259527207
0.40999999642372131300 -0.00573317194357514382
0.41999998688697814900 -0.00573097681626677513
0.43000000715255737300 -0.00567955384030938149
0.43999999761581420900 -0.00564126996323466301
0.44999998807907104500 -0.00563006382435560227
0.46000000834465026800 -0.00557713815942406655
0.46999999880790710400 -0.00553324492648243904
0.47999998927116394000 -0.00549932196736335755
0.49000000953674316400 -0.00545196421444416046
0.50000000000000000000 -0.00541776791214942932
0.50999999046325683600 -0.00536102382466197014
0.51999998092651367200 -0.00528935994952917099
0.52999997138977050800 -0.00520324381068348885
0.54000002145767211900 -0.00510764401406049729
0.55000001192092895500 -0.00499433185905218125
0.56000000238418579100 -0.00486288499087095261
0.56999999284744262700 -0.00470322603359818459
0.57999998331069946300 -0.00452443584799766541
0.58999997377395629900 -0.00433134986087679863
0.60000002384185791000 -0.00408807490020990372
0.61000001430511474600 -0.00381307792849838734
0.62000000476837158200 -0.00349778006784617901
0.62999999523162841800 -0.00313188903965055943
0.63999998569488525400 -0.00275049405172467232
0.64999997615814209000 -0.00233291694894433022
0.66000002622604370100 -0.00186907895840704441
0.67000001668930053700 -0.00138746597804129124
0.68000000715255737300 -0.00086488708620890975
0.68999999761581420900 -0.00035948198637925088
0.69999998807907104500 0.00013891649723518640
0.70999997854232788100 0.00072622462175786495
0.72000002861022949200 0.00134972704108804464
0.73000001907348632800 0.00197491189464926720
0.74000000953674316400 0.00260920799337327480
0.75000000000000000000 0.00325336004607379437
0.75999999046325683600 0.00391265004873275757
0.76999998092651367200 0.00458060298115015030
0.77999997138977050800 0.00526485918089747429
0.79000002145767211900 0.00595558900386095047
0.80000001192092895500 0.00665478594601154328
0.81000000238418579100 0.00736980000510811806
0.81999999284744262700 0.00808326434344053269
0.82999998331069946300 0.00880517438054084778
0.83999997377395629900 0.00954081770032644272
0.85000002384185791000 0.01026930008083581920
0.86000001430511474600 0.01049240026623010640
0.87000000476837158200 0.01121031027287244800
0.87999999523162841800 0.01192769967019557950
0.88999998569488525400 0.01265336014330387120
0.89999997615814209000 0.01340586040169000630
0.91000002622604370100 0.01414098031818866730
0.92000001668930053700 0.01488536968827247620
0.93000000715255737300 0.01564355008304119110
0.93999999761581420900 0.01638090051710605620
0.94999998807907104500 0.01713838055729866030
0.95999997854232788100 0.01791137084364891050
0.97000002861022949200 0.01865106076002120970
0.98000001907348632800 0.01941189914941787720
0.99000000953674316400 0.02020302042365074160
1.00000000000000000000 0.02097235061228275300
