-1.00000000000000000000 -0.00588372582569718361
-0.99000000953674316400 -0.00588929187506437302
-0.98000001907348632800 -0.00589473592117428780
-0.97000002861022949200 -0.00592108489945530892
-0.95999997854232788100 -0.00591416889801621437
-0.94999998807907104500 -0.00589690497145056725
-0.93999999761581420900 -0.00589205790311098099
-0.93000000715255737300 -0.00589193217456340790
-0.92000001668930053700 -0.00588063616305589676
-0.91000002622604370100 -0.00588098494336009026
-0.89999997615814209000 -0.00587413692846894264
-0.88999998569488525400 -0.00587928621098399162
-0.87999999523162841800 -0.00590664288029074669
-0.87000000476837158200 -0.00589432008564472199
-0.86000001430511474600 -0.00589668005704879761
-0.85000002384185791000 -0.00589044019579887390
-0.83999997377395629900 -0.00587606197223067284
-0.82999998331069946300 -0.00588264781981706619
-0.81999999284744262700 -0.00587398186326026917
-0.81000000238418579100 -0.00585875287652015686
-0.80000001192092895500 -0.00587141001597046852
-0.79000002145767211900 -0.00589327700436115265
-0.77999997138977050800 -0.00588380591943860054
-0.76999998092651367200 -0.00590217020362615586
-0.75999999046325683600 -0.00589158805087208748
-0.75000000000000000000 -0.00586002413183450699
-0.74000000953674316400 -0.00588134117424488068
-0.73000001907348632800 -0.00587727781385183335
-0.72000002861022949200 -0.00584179302677512169
-0.70999997854232788100 -0.00585534097626805306
-0.69999998807907104500 -0.00586766609922051430
-0.68999999761581420900 -0.00586381182074546814
-0.68000000715255737300 -0.00587772112339735031
-0.67000001668930053700 -0.00587762519717216492
-0.66000002622604370100 -0.00585193699225783348
-0.64999997615814209000 -0.00585516821593046189
-0.63999998569488525400 -0.00585797196254134178
-0.62999999523162841800 -0.00583371520042419434
-0.62000000476837158200 -0.00583959277719259262
-0.61000001430511474600 -0.00584348710253834725
-0.60000002384185791000 -0.00585191696882247925
-0.58999997377395629900 -0.00587454717606306076
-0.57999998331069946300 -0.00588073488324880600
-0.56999999284744262700 -0.00586358178406953812
-0.56000000238418579100 -0.00586168281733989716
-0.55000001192092895500 -0.00586675200611352921
-0.54000002145767211900 -0.00585622014477849007
-0.52999997138977050800 -0.00585187505930662155
-0.51999998092651367200 -0.00584375392645597458
-0.50999999046325683600 -0.00585389276966452599
-0.50000000000000000000 -0.00587906409054994583
-0.49000000953674316400 -0.00586466817185282707
-0.47999998927116394000 -0.00587497418746352196
-0.46999999880790710400 -0.00586940813809633255
-0.46000000834465026800 -0.00584409805014729500
-0.44999998807907104500 -0.00585275888442993164
-0.43999999761581420900 -0.00584692507982254028
-0.43000000715255737300 -0.00582645321264863014
-0.41999998688697814900 -0.00583642721176147461
-0.40999999642372131300 -0.00585000915452837944
-0.40000000596046447700 -0.00584450177848339081
-0.38999998569488525400 -0.00586204603314399719
-0.37999999523162841800 -0.00586082879453897476
-0.37000000476837158200 -0.00582400383427739144
-0.36000001430511474600 -0.00584059022367000580
-0.34999999403953552200 -0.00584172504022717476
-0.34000000357627868600 -0.00580590683966875076
-0.33000001311302185100 -0.00581490481272339821
-0.31999999284744262700 -0.00582539383322000504
-0.31000000238418579100 -0.00582493282854557038
-0.30000001192092895500 -0.00584371993318200112
-0.28999999165534973100 -0.00584655022248625756
-0.28000000119209289500 -0.00582207180559635163
-0.27000001072883606000 -0.00581624684855341912
-0.25999999046325683600 -0.00582877080887556076
-0.25000000000000000000 -0.00580991478636860848
-0.23999999463558197000 -0.00580241996794939041
-0.23000000417232513400 -0.00580883491784334183
-0.21999999880790710400 -0.00581037113443017006
-0.20999999344348907500 -0.00582975009456276894
-0.20000000298023223900 -0.00582981389015913010
-0.18999999761581420900 -0.00581981893628835678
-0.18000000715255737300 -0.00581034598872065544
-0.17000000178813934300 -0.00580686610192060471
-0.15999999642372131300 -0.00579651817679405213
-0.15000000596046447800 -0.00578328222036361694
-0.14000000059604644800 -0.00577770778909325600
-0.12999999523162841800 -0.00577777205035090447
-0.11999999731779098500 -0.00580371823161840439
-0.10999999940395355200 -0.00579496519640088082
-0.10000000149011611900 -0.00579984486103057862
-0.09000000357627868650 -0.00579782482236623764
-0.07999999821186065670 -0.00576722901314496994
-0.07000000029802322390 -0.00577556109055876732
-0.05999999865889549260 -0.00578131992369890213
-0.05000000074505805970 -0.00574491592124104500
-0.03999999910593032840 -0.00574719998985528946
-0.02999999932944774630 -0.00577389588579535484
-0.01999999955296516420 -0.00576451281085610390
-0.00999999977648258210 -0.00577734503895044327
0.00000000000000000000 -0.00579182012006640434
0.00999999977648258210 -0.00577420881018042565
0.01999999955296516420 -0.00574332987889647484
0.02999999932944774630 -0.00576936220750212670
0.03999999910593032840 -0.00574720697477459908
0.05000000074505805970 -0.00572274019941687584
0.05999999865889549260 -0.00574080180376768112
0.07000000029802322390 -0.00573111977428197861
0.07999999821186065670 -0.00573519291356205940
0.09000000357627868650 -0.00575435906648635864
0.10000000149011611900 -0.00574292102828621864
0.10999999940395355200 -0.00571580789983272553
0.11999999731779098500 -0.00571920722723007202
0.12999999523162841800 -0.00569750787690281868
0.14000000059604644800 -0.00567663181573152542
0.15000000596046447800 -0.00567999482154846192
0.15999999642372131300 -0.00566314905881881714
0.17000000178813934300 -0.00567108299583196640
0.18000000715255737300 -0.00568333081901073456
0.18999999761581420900 -0.00566989323124289513
0.20000000298023223900 -0.00565171102061867714
0.20999999344348907500 -0.00563630787655711174
0.21999999880790710400 -0.00561814801767468453
0.23000000417232513400 -0.00560362497344613075
0.23999999463558197000 -0.00558638898655772209
0.25000000000000000000 -0.00556396879255771637
0.25999999046325683600 -0.00556361302733421326
0.27000001072883606000 -0.00556615507230162621
0.28000000119209289500 -0.00554839707911014557
0.28999999165534973100 -0.00554222892969846726
0.30000001192092895500 -0.00552529096603393555
0.31000000238418579100 -0.00548006780445575714
0.31999999284744262700 -0.00548088923096656800
0.33000001311302185100 -0.00545620592311024666
0.34000000357627868600 -0.00541344098746776581
0.34999999403953552200 -0.00540610216557979584
0.36000001430511474600 -0.00539593910798430443
0.37000000476837158200 -0.00537233799695968628
0.37999999523162841800 -0.00536062614992260933
0.38999998569488525400 -0.00533225294202566147
0.40000000596046447700 -0.00527605880051851273
0.40999999642372131300 -0.00525249121710658074
0.41999998688697814900 -0.00521992612630128861
0.43000000715255737300 -0.00516293384134769440
0.43999999761581420900 -0.00513345794752240181
0.44999998807907104500 -0.00509577896445989609
0.46000000834465026800 -0.00505569810047745705
0.46999999880790710400 -0.00502508506178855896
0.47999998927116394000 -0.00497917504981160164
0.49000000953674316400 -0.00490935193374752998
0.50000000000000000000 -0.00484609883278608322
0.50999999046325683600 -0.00477909483015537262
0.51999998092651367200 -0.00470046512782573700
0.52999997138977050800 -0.00461771013215184212
0.54000002145767211900 -0.00451981695368885994
0.55000001192092895500 -0.00442047603428363800
0.56000000238418579100 -0.00431458419188857079
0.56999999284744262700 -0.00416695186868309975
0.57999998331069946300 -0.00399877317249774933
0.58999997377395629900 -0.00380809605121612549
0.60000002384185791000 -0.00356998411007225514
0.61000001430511474600 -0.00331947603262960911
0.62000000476837158200 -0.00303276092745363712
0.62999999523162841800 -0.00269415206275880337
0.63999998569488525400 -0.00234091700986027718
0.64999997615814209000 -0.00195731408894062042
0.66000002622604370100 -0.00152415898628532887
0.67000001668930053700 -0.00106815900653600693
0.68000000715255737300 -0.00056309840874746442
0.68999999761581420900 -0.00007482733781216666
0.69999998807907104500 0.00043571239802986383
0.70999997854232788100 0.00096755917184054852
0.72000002861022949200 0.00160549301654100418
0.73000001907348632800 0.00222867191769182682
0.74000000953674316400 0.00286858691833913326
0.75000000000000000000 0.00351920910179615021
0.75999999046325683600 0.00418833689764142037
0.76999998092651367200 0.00486828293651342392
0.77999997138977050800 0.00556598603725433350
0.79000002145767211900 0.00627409899607300759
0.80000001192092895500 0.00699191307649016381
0.81000000238418579100 0.00772398104891180992
0.81999999284744262700 0.00846169143915176392
0.82999998331069946300 0.00921004731208086014
0.83999997377395629900 0.00997047685086727143
0.85000002384185791000 0.01021353993564844130
0.86000001430511474600 0.01095254998654127120
0.87000000476837158200 0.01170796994119882580
0.87999999523162841800 0.01246349979192018510
0.88999998569488525400 0.01322382036596536640
0.89999997615814209000 0.01400171034038066860
0.91000002622604370100 0.01477525010704994200
0.92000001668930053700 0.01555152982473373410
0.93000000715255737300 0.01635462045669555660
0.93999999761581420900 0.01716268062591552730
0.94999998807907104500 0.01794224046170711520
0.95999997854232788100 0.01876660063862800600
0.97000002861022949200 0.01957052014768123630
0.98000001907348632800 0.02039407007396221160
0.99000000953674316400 0.02120991982519626620
1.00000000000000000000 0.02203999087214469910
