-1.00000000000000000000 -0.00610992405563592911
-0.99000000953674316400 -0.00610668398439884186
-0.98000001907348632800 -0.00608569383621215820
-0.97000002861022949200 -0.00609240494668483734
-0.95999997854232788100 -0.00609999801963567734
-0.94999998807907104500 -0.00607897480949759484
-0.93999999761581420900 -0.00607509119436144829
-0.93000000715255737300 -0.00609025219455361366
-0.92000001668930053700 -0.00609055208042263985
-0.91000002622604370100 -0.00610540900379419327
-0.89999997615814209000 -0.00611086422577500344
-0.88999998569488525400 -0.00609660195186734200
-0.87999999523162841800 -0.00607527187094092369
-0.87000000476837158200 -0.00608713412657380104
-0.86000001430511474600 -0.00607889518141746521
-0.85000002384185791000 -0.00605703704059123993
-0.83999997377395629900 -0.00606064079329371452
-0.82999998331069946300 -0.00606873678043484688
-0.81999999284744262700 -0.00608398299664258957
-0.81000000238418579100 -0.00608864286914467812
-0.80000001192092895500 -0.00610366789624094963
-0.79000002145767211900 -0.00608761608600616455
-0.77999997138977050800 -0.00607539201155304909
-0.76999998092651367200 -0.00608758721500635147
-0.75999999046325683600 -0.00608368497341871262
-0.75000000000000000000 -0.00606762710958719254
-0.74000000953674316400 -0.00607051700353622437
-0.73000001907348632800 -0.00608607102185487747
-0.72000002861022949200 -0.00609541591256856918
-0.70999997854232788100 -0.00610391702502965927
-0.69999998807907104500 -0.00611776998266577721
-0.68999999761581420900 -0.00609506899490952492
-0.68000000715255737300 -0.00607819203287363053
-0.67000001668930053700 -0.00609339121729135514
-0.66000002622604370100 -0.00608225818723440170
-0.64999997615814209000 -0.00606067106127738953
-0.63999998569488525400 -0.00607175286859273911
-0.62999999523162841800 -0.00607478618621826172
-0.62000000476837158200 -0.00608012778684496880
-0.61000001430511474600 -0.00608614319935441017
-0.60000002384185791000 -0.00608421489596366882
-0.58999997377395629900 -0.00606174720451235771
-0.57999998331069946300 -0.00605486799031496048
-0.56999999284744262700 -0.00605646893382072449
-0.56000000238418579100 -0.00604233378544449806
-0.55000001192092895500 -0.00603741081431508064
-0.54000002145767211900 -0.00604656292125582695
-0.52999997138977050800 -0.00605817884206771851
-0.51999998092651367200 -0.00606905017048120499
-0.50999999046325683600 -0.00608464796096086502
-0.50000000000000000000 -0.00608392292633652687
-0.49000000953674316400 -0.00606521684676408768
-0.47999998927116394000 -0.00606613187119364739
-0.46999999880790710400 -0.00607026601210236550
-0.46000000834465026800 -0.00604412285611033440
-0.44999998807907104500 -0.00604440597817301750
-0.43999999761581420900 -0.00605499511584639549
-0.43000000715255737300 -0.00605807919055223465
-0.41999998688697814900 -0.00607605697587132454
-0.40999999642372131300 -0.00608789222314953804
-0.40000000596046447700 -0.00608030194416642189
-0.38999998569488525400 -0.00606476282700896263
-0.37999999523162841800 -0.00607548002153635025
-0.37000000476837158200 -0.00607168208807706833
-0.36000001430511474600 -0.00604983093217015267
-0.34999999403953552200 -0.00604487909004092217
-0.34000000357627868600 -0.00605348218232393265
-0.33000001311302185100 -0.00606176815927028656
-0.31999999284744262700 -0.00606217514723539353
-0.31000000238418579100 -0.00607508700340986252
-0.30000001192092895500 -0.00605748221278190613
-0.28999999165534973100 -0.00603889394551515579
-0.28000000119209289500 -0.00604987796396017075
-0.27000001072883606000 -0.00604439992457628250
-0.25999999046325683600 -0.00602816790342330933
-0.25000000000000000000 -0.00603128923103213310
-0.23999999463558197000 -0.00604545092210173607
-0.23000000417232513400 -0.00605583377182483673
-0.21999999880790710400 -0.00606873305514454842
-0.20999999344348907500 -0.00608189916238188744
-0.20000000298023223900 -0.00606486480683088303
-0.18999999761581420900 -0.00604926003143191338
-0.18000000715255737300 -0.00606607599183917046
-0.17000000178813934300 -0.00605208799242973328
-0.15999999642372131300 -0.00603731581941246987
-0.15000000596046447800 -0.00605061883106827736
-0.14000000059604644800 -0.00605060998350381851
-0.12999999523162841800 -0.00606207689270377159
-0.11999999731779098500 -0.00606851698830723763
-0.10999999940395355200 -0.00607402808964252472
-0.10000000149011611900 -0.00604872498661279679
-0.09000000357627868650 -0.00603900803253054619
-0.07999999821186065670 -0.00604459922760725022
-0.07000000029802322390 -0.00602741306647658348
-0.05999999865889549260 -0.00601112283766269684
-0.05000000074505805970 -0.00601381994783878327
-0.03999999910593032840 -0.00601795502007007599
-0.02999999932944774630 -0.00602751085534691811
-0.01999999955296516420 -0.00603308202698826790
-0.00999999977648258210 -0.00603645015507936478
0.00000000000000000000 -0.00602282583713531494
0.00999999977648258210 -0.00601053284481167793
0.01999999955296516420 -0.00602777302265167236
0.02999999932944774630 -0.00602363003417849541
0.03999999910593032840 -0.00600615702569484711
0.05000000074505805970 -0.00601359084248542786
0.05999999865889549260 -0.00602351501584053040
0.07000000029802322390 -0.00603476306423544884
0.07999999821186065670 -0.00604177080094814301
0.09000000357627868650 -0.00604879809543490410
0.10000000149011611900 -0.00603815307840704918
0.10999999940395355200 -0.00601452682167291641
0.11999999731779098500 -0.00602654507383704186
0.12999999523162841800 -0.00602402398362755776
0.14000000059604644800 -0.00600706320255994797
0.15000000596046447800 -0.00600521313026547432
0.15999999642372131300 -0.00601421389728784561
0.17000000178813934300 -0.00602425588294863701
0.18000000715255737300 -0.00602811016142368317
0.18999999761581420900 -0.00603222986683249474
0.20000000298023223900 -0.00601847516372799874
0.20999999344348907500 -0.00598815502598881722
0.21999999880790710400 -0.00600175978615880013
0.23000000417232513400 -0.00599267287179827690
0.23999999463558197000 -0.00596249010413885117
0.25000000000000000000 -0.00596895813941955567
0.25999999046325683600 -0.00597652606666088104
0.27000001072883606000 -0.00598276499658823014
0.28000000119209289500 -0.00598799576982855797
0.28999999165534973100 -0.00599859189242124558
0.30000001192092895500 -0.00598186720162630081
0.31000000238418579100 -0.00596332596614956856
0.31999999284744262700 -0.00597091717645525932
0.33000001311302185100 -0.00595997087657451630
0.34000000357627868600 -0.00593847222626209259
0.34999999403953552200 -0.00593765499070286751
0.36000001430511474600 -0.00594103801995515824
0.37000000476837158200 -0.00593997677788138390
0.37999999523162841800 -0.00594310183078050614
0.38999998569488525400 -0.00594255980104207993
0.40000000596046447700 -0.00591736612841486931
0.40999999642372131300 -0.00589097198098897934
0.41999998688697814900 -0.00589116103947162628
0.43000000715255737300 -0.00586600322276353836
0.43999999761581420900 -0.00583275686949491501
0.44999998807907104500 -0.00581805221736431122
0.46000000834465026800 -0.00580575177446007729
0.46999999880790710400 -0.00579036818817257881
0.47999998927116394000 -0.00576410302892327309
0.49000000953674316400 -0.00574006885290145874
0.50000000000000000000 -0.00568460486829280853
0.50999999046325683600 -0.00562111800536513329
0.51999998092651367200 -0.00557541102170944214
0.52999997138977050800 -0.00549463694915175438
0.54000002145767211900 -0.00540188094601035118
0.55000001192092895500 -0.00530715100467205048
0.56000000238418579100 -0.00518494611606001854
0.56999999284744262700 -0.00504861585795879364
0.57999998331069946300 -0.00487857079133391380
0.58999997377395629900 -0.00466779014095664024
0.60000002384185791000 -0.00442402297630906105
0.61000001430511474600 -0.00414852704852819443
0.62000000476837158200 -0.00385216809809207916
0.62999999523162841800 -0.00352265196852385998
0.63999998569488525400 -0.00316729699261486530
0.64999997615814209000 -0.00279500009492039681
0.66000002622604370100 -0.00240529910661280155
0.67000001668930053700 -0.00199836096726357937
0.68000000715255737300 -0.00157095503527671099
0.68999999761581420900 -0.00113173399586230516
0.69999998807907104500 -0.00065500737400725484
0.70999997854232788100 -0.00021496460249181837
0.72000002861022949200 0.00021116019343025982
0.73000001907348632800 0.00068267062306404114
0.74000000953674316400 0.00119686895050108433
0.75000000000000000000 0.00168704101815819740
0.75999999046325683600 0.00217890110798180103
0.76999998092651367200 0.00267341104336082935
0.77999997138977050800 0.00317515595816075802
0.79000002145767211900 0.00367469293996691704
0.80000001192092895500 0.00418365094810724259
0.81000000238418579100 0.00469108391553163529
0.81999999284744262700 0.00520521495491266251
0.82999998331069946300 0.00572280818596482277
0.83999997377395629900 0.00625155679881572724
0.85000002384185791000 0.00678459880873560906
0.86000001430511474600 0.00732274213805794716
0.87000000476837158200 0.00786912068724632263
0.87999999523162841800 0.00841156672686338425
0.88999998569488525400 0.00896484963595867157
0.89999997615814209000 0.00952766835689544678
0.91000002622604370100 0.01009627990424633030
0.92000001668930053700 0.01020765025168657300
0.93000000715255737300 0.01074223034083843230
0.93999999761581420900 0.01131314970552921300
0.94999998807907104500 0.01188847981393337250
0.95999997854232788100 0.01245856005698442460
0.97000002861022949200 0.01305202953517436980
0.98000001907348632800 0.01364826969802379610
0.99000000953674316400 0.01426324993371963500
1.00000000000000000000 0.01487991027534008030
