-1.00000000000000000000 -0.00610648514702916146
-0.99000000953674316400 -0.00611039390787482262
-0.98000001907348632800 -0.00609599612653255463
-0.97000002861022949200 -0.00610346021130681038
-0.95999997854232788100 -0.00611801492050290108
-0.94999998807907104500 -0.00613556895405054093
-0.93999999761581420900 -0.00614848500117659569
-0.93000000715255737300 -0.00615497911348938942
-0.92000001668930053700 -0.00614851107820868492
-0.91000002622604370100 -0.00612848578020930290
-0.89999997615814209000 -0.00614212593063712120
-0.88999998569488525400 -0.00614055106416344643
-0.87999999523162841800 -0.00611934904009103775
-0.87000000476837158200 -0.00612210715189576149
-0.86000001430511474600 -0.00613784510642290116
-0.85000002384185791000 -0.00614858185872435570
-0.83999997377395629900 -0.00614887801930308342
-0.82999998331069946300 -0.00615499587729573250
-0.81999999284744262700 -0.00612570811063051224
-0.81000000238418579100 -0.00611717998981475830
-0.80000001192092895500 -0.00612673582509160042
-0.79000002145767211900 -0.00611037202179431916
-0.77999997138977050800 -0.00609617820009589195
-0.76999998092651367200 -0.00610957201570272446
-0.75999999046325683600 -0.00612147198989987374
-0.75000000000000000000 -0.00612830882892012596
-0.74000000953674316400 -0.00614483794197440148
-0.73000001907348632800 -0.00613168487325310707
-0.72000002861022949200 -0.00611322000622749329
-0.70999997854232788100 -0.00612905388697981835
-0.69999998807907104500 -0.00612428784370422364
-0.68999999761581420900 -0.00610463880002498627
-0.68000000715255737300 -0.00610923022031784058
-0.67000001668930053700 -0.00612106919288635254
-0.66000002622604370100 -0.00613106181845068932
-0.64999997615814209000 -0.00614057201892137528
-0.63999998569488525400 -0.00614501582458615303
-0.62999999523162841800 -0.00613466184586286545
-0.62000000476837158200 -0.00611410103738307953
-0.61000001430511474600 -0.00612682616338133812
-0.60000002384185791000 -0.00611313013359904289
-0.58999997377395629900 -0.00609540706500411034
-0.57999998331069946300 -0.00610368000343441963
-0.56999999284744262700 -0.00611447310075163841
-0.56000000238418579100 -0.00611952692270278931
-0.55000001192092895500 -0.00612278003245592118
-0.54000002145767211900 -0.00611342396587133408
-0.52999997138977050800 -0.00608613388612866402
-0.51999998092651367200 -0.00609331903979182244
-0.50999999046325683600 -0.00608790991827845574
-0.50000000000000000000 -0.00606760522350668907
-0.49000000953674316400 -0.00606130203232169152
-0.47999998927116394000 -0.00608161417767405510
-0.46999999880790710400 -0.00609528413042426110
-0.46000000834465026800 -0.00609544990584254265
-0.44999998807907104500 -0.00611048191785812378
-0.43999999761581420900 -0.00609830394387245178
-0.43000000715255737300 -0.00609152298420667648
-0.41999998688697814900 -0.00610559014603495598
-0.40999999642372131300 -0.00608952296897768974
-0.40000000596046447700 -0.00608051195740699768
-0.38999998569488525400 -0.00609428901225328446
-0.37999999523162841800 -0.00610250979661941528
-0.37000000476837158200 -0.00611795205622911453
-0.36000001430511474600 -0.00613185390830039978
-0.34999999403953552200 -0.00611562095582485199
-0.34000000357627868600 -0.00610292982310056687
-0.33000001311302185100 -0.00611363910138607025
-0.31999999284744262700 -0.00610467977821826935
-0.31000000238418579100 -0.00608904799446463585
-0.30000001192092895500 -0.00609046313911676407
-0.28999999165534973100 -0.00609774002805352211
-0.28000000119209289500 -0.00610942393541336060
-0.27000001072883606000 -0.00611252477392554283
-0.25999999046325683600 -0.00611316505819559098
-0.25000000000000000000 -0.00610060384497046471
-0.23999999463558197000 -0.00608466798439621926
-0.23000000417232513400 -0.00609068013727664948
-0.21999999880790710400 -0.00608267309144139290
-0.20999999344348907500 -0.00607322482392191887
-0.20000000298023223900 -0.00607501389458775520
-0.18999999761581420900 -0.00608939584344625473
-0.18000000715255737300 -0.00610279012471437454
-0.17000000178813934300 -0.00611428311094641686
-0.15999999642372131300 -0.00610718317329883576
-0.15000000596046447800 -0.00608222000300884247
-0.14000000059604644800 -0.00609990581870079041
-0.12999999523162841800 -0.00608920399099588394
-0.11999999731779098500 -0.00606882898136973381
-0.10999999940395355200 -0.00608035176992416382
-0.10000000149011611900 -0.00608048308640718460
-0.09000000357627868650 -0.00609169621020555496
-0.07999999821186065670 -0.00610344717279076576
-0.07000000029802322390 -0.00610318407416343689
-0.05999999865889549260 -0.00608832389116287232
-0.05000000074505805970 -0.00607222178950905800
-0.03999999910593032840 -0.00607482716441154480
-0.02999999932944774630 -0.00606079399585723877
-0.01999999955296516420 -0.00604703510180115700
-0.00999999977648258210 -0.00604872498661279679
0.00000000000000000000 -0.00605539279058575630
0.00999999977648258210 -0.00605649780482053757
0.01999999955296516420 -0.00606556702405214310
0.02999999932944774630 -0.00606044614687561989
0.03999999910593032840 -0.00605202000588178635
0.05000000074505805970 -0.00603034812957048416
0.05999999865889549260 -0.00604076497256755829
0.07000000029802322390 -0.00604023598134517670
0.07999999821186065670 -0.00602297810837626457
0.09000000357627868650 -0.00603115186095237732
0.10000000149011611900 -0.00604977877810597420
0.10999999940395355200 -0.00606683781370520592
0.11999999731779098500 -0.00607000198215246201
0.12999999523162841800 -0.00607398897409439087
0.14000000059604644800 -0.00605291407555341721
0.15000000596046447800 -0.00605536298826336861
0.15999999642372131300 -0.00606005219742655754
0.17000000178813934300 -0.00604039290919899941
0.18000000715255737300 -0.00603626994416117668
0.18999999761581420900 -0.00604989007115364075
0.20000000298023223900 -0.00606269622221589089
0.20999999344348907500 -0.00606266222894191742
0.21999999880790710400 -0.00607774220407009125
0.23000000417232513400 -0.00605950178578495980
0.23999999463558197000 -0.00603819778189063072
0.25000000000000000000 -0.00604991521686315537
0.25999999046325683600 -0.00604128092527389527
0.27000001072883606000 -0.00601396290585398674
0.28000000119209289500 -0.00601455988362431526
0.28999999165534973100 -0.00601983303204178810
0.30000001192092895500 -0.00602978980168700218
0.31000000238418579100 -0.00603255210444331169
0.31999999284744262700 -0.00602325610816478729
0.33000001311302185100 -0.00600484292954206467
0.34000000357627868600 -0.00599465984851121903
0.34999999403953552200 -0.00599635718390345574
0.36000001430511474600 -0.00598486885428428650
0.37000000476837158200 -0.00596877699717879296
0.37999999523162841800 -0.00596919190138578415
0.38999998569488525400 -0.00598007300868630409
0.40000000596046447700 -0.00597938382998108864
0.40999999642372131300 -0.00597992585971951485
0.41999998688697814900 -0.00595947820693254471
0.43000000715255737300 -0.00592330610379576683
0.43999999761581420900 -0.00592171400785446167
0.44999998807907104500 -0.00589701300486922264
0.46000000834465026800 -0.00584750622510910034
0.46999999880790710400 -0.00582459708675742150
0.47999998927116394000 -0.00579428579658269882
0.49000000953674316400 -0.00576066691428422928
0.50000000000000000000 -0.00570178311318159104
0.50999999046325683600 -0.00563869392499327660
0.51999998092651367200 -0.00553798489272594452
0.52999997138977050800 -0.00541967712342739105
0.54000002145767211900 -0.00530474120751023293
0.55000001192092895500 -0.00514189805835485459
0.56000000238418579100 -0.00495343189686536789
0.56999999284744262700 -0.00475345691666007042
0.57999998331069946300 -0.00452734110876917839
0.58999997377395629900 -0.00426714401692152023
0.60000002384185791000 -0.00398411881178617478
0.61000001430511474600 -0.00366144999861717224
0.62000000476837158200 -0.00330869294703006744
0.62999999523162841800 -0.00295230490155518055
0.63999998569488525400 -0.00257362704724073410
0.64999997615814209000 -0.00217260792851448059
0.66000002622604370100 -0.00176666001789271832
0.67000001668930053700 -0.00135310494806617498
0.68000000715255737300 -0.00089486170327290893
0.68999999761581420900 -0.00047679030103608966
0.69999998807907104500 -0.00006462200690293685
0.70999997854232788100 0.00035772740375250578
0.72000002861022949200 0.00078418728662654758
0.73000001907348632800 0.00128058402333408594
0.74000000953674316400 0.00173665699549019337
0.75000000000000000000 0.00219869497232139111
0.75999999046325683600 0.00265945889987051487
0.76999998092651367200 0.00312271690927445889
0.77999997138977050800 0.00358935911208391190
0.79000002145767211900 0.00405904883518815041
0.80000001192092895500 0.00453498214483261109
0.81000000238418579100 0.00501506682485342026
0.81999999284744262700 0.00549712916836142540
0.82999998331069946300 0.00597956590354442597
0.83999997377395629900 0.00646883202716708184
0.85000002384185791000 0.00696453312411904335
0.86000001430511474600 0.00746557582169771195
0.87000000476837158200 0.00796684343367815018
0.87999999523162841800 0.00848073698580265045
0.88999998569488525400 0.00900792609900236130
0.89999997615814209000 0.00954469479620456696
0.91000002622604370100 0.01008880045264959340
0.92000001668930053700 0.01014969963580369950
0.93000000715255737300 0.01066671032458543780
0.93999999761581420900 0.01119827013462781910
0.94999998807907104500 0.01174905989319086070
0.95999997854232788100 0.01229203958064317700
0.97000002861022949200 0.01282091997563838960
0.98000001907348632800 0.01338288001716136930
0.99000000953674316400 0.01395092997699975970
1.00000000000000000000 0.01448880974203348160
