-1.00000000000000000000 -0.00606486806645989418
-0.99000000953674316400 -0.00606491696089506150
-0.98000001907348632800 -0.00608413806185126305
-0.97000002861022949200 -0.00610075704753398895
-0.95999997854232788100 -0.00610041385516524315
-0.94999998807907104500 -0.00611634086817502976
-0.93999999761581420900 -0.00610972009599208832
-0.93000000715255737300 -0.00608493387699127197
-0.92000001668930053700 -0.00610251398757100106
-0.91000002622604370100 -0.00609930697828531265
-0.89999997615814209000 -0.00607589399442076683
-0.88999998569488525400 -0.00608814880251884461
-0.87999999523162841800 -0.00609771581366658211
-0.87000000476837158200 -0.00610239617526531220
-0.86000001430511474600 -0.00611566798761487007
-0.85000002384185791000 -0.00611635902896523476
-0.83999997377395629900 -0.00609300099313259125
-0.82999998331069946300 -0.00609253393486142159
-0.81999999284744262700 -0.00609003892168402672
-0.81000000238418579100 -0.00607270002365112305
-0.80000001192092895500 -0.00606902595609426499
-0.79000002145767211900 -0.00607228511944413185
-0.77999997138977050800 -0.00608121091499924660
-0.76999998092651367200 -0.00608951784670352936
-0.75999999046325683600 -0.00610035797581076622
-0.75000000000000000000 -0.00609021214768290520
-0.74000000953674316400 -0.00607657618820667267
-0.73000001907348632800 -0.00608382001519203186
-0.72000002861022949200 -0.00608151499181985855
-0.70999997854232788100 -0.00606839498504996300
-0.69999998807907104500 -0.00607048394158482552
-0.68999999761581420900 -0.00607888493686914444
-0.68000000715255737300 -0.00609548995271325112
-0.67000001668930053700 -0.00610130280256271362
-0.66000002622604370100 -0.00611174991354346276
-0.64999997615814209000 -0.00610721483826637268
-0.63999998569488525400 -0.00608216319233179093
-0.62999999523162841800 -0.00609502010047435761
-0.62000000476837158200 -0.00609497912228107453
-0.61000001430511474600 -0.00606586690992116928
-0.60000002384185791000 -0.00606818916276097298
-0.58999997377395629900 -0.00608088402077555657
-0.57999998331069946300 -0.00608232477679848671
-0.56999999284744262700 -0.00608275691047310829
-0.56000000238418579100 -0.00609366782009601593
-0.55000001192092895500 -0.00606527412310242653
-0.54000002145767211900 -0.00604706723242998123
-0.52999997138977050800 -0.00605486985296010971
-0.51999998092651367200 -0.00602602213621139527
-0.50999999046325683600 -0.00601890496909618378
-0.50000000000000000000 -0.00602946104481816292
-0.49000000953674316400 -0.00602576322853565216
-0.47999998927116394000 -0.00603975914418697357
-0.46999999880790710400 -0.00605547195300459862
-0.46000000834465026800 -0.00604031002148985863
-0.44999998807907104500 -0.00603876402601599694
-0.43999999761581420900 -0.00604580808430910111
-0.43000000715255737300 -0.00603161798790097237
-0.41999998688697814900 -0.00602280581369996071
-0.40999999642372131300 -0.00602864380925893784
-0.40000000596046447700 -0.00602598302066326142
-0.38999998569488525400 -0.00604087300598621369
-0.37999999523162841800 -0.00606084195896983147
-0.37000000476837158200 -0.00605202792212367058
-0.36000001430511474600 -0.00605627102777361870
-0.34999999403953552200 -0.00603870907798409462
-0.34000000357627868600 -0.00603374000638723374
-0.33000001311302185100 -0.00603423500433564186
-0.31999999284744262700 -0.00602082815021276474
-0.31000000238418579100 -0.00601130118593573570
-0.30000001192092895500 -0.00602460699155926705
-0.28999999165534973100 -0.00604149093851447106
-0.28000000119209289500 -0.00603542197495698929
-0.27000001072883606000 -0.00605221698060631752
-0.25999999046325683600 -0.00603903923183679581
-0.25000000000000000000 -0.00600900920107960701
-0.23999999463558197000 -0.00602346193045377732
-0.23000000417232513400 -0.00601967098191380501
-0.21999999880790710400 -0.00599418301135301590
-0.20999999344348907500 -0.00599574111402034760
-0.20000000298023223900 -0.00600859383121132851
-0.18999999761581420900 -0.00601373706012964249
-0.18000000715255737300 -0.00603105919435620308
-0.17000000178813934300 -0.00603204080834984780
-0.15999999642372131300 -0.00602001510560512543
-0.15000000596046447800 -0.00601058313623070717
-0.14000000059604644800 -0.00602314108982682228
-0.12999999523162841800 -0.00600905111059546471
-0.11999999731779098500 -0.00600237119942903519
-0.10999999940395355200 -0.00600616587325930596
-0.10000000149011611900 -0.00601081689819693566
-0.09000000357627868650 -0.00602849898859858513
-0.07999999821186065670 -0.00602746987715363503
-0.07000000029802322390 -0.00602778419852256775
-0.05999999865889549260 -0.00601887097582221031
-0.05000000074505805970 -0.00600672513246536255
-0.03999999910593032840 -0.00600344222038984299
-0.02999999932944774630 -0.00598986120894551277
-0.01999999955296516420 -0.00598422717303037644
-0.00999999977648258210 -0.00597933819517493248
0.00000000000000000000 -0.00599120603874325752
0.00999999977648258210 -0.00599034689366817475
0.01999999955296516420 -0.00598100293427705765
0.02999999932944774630 -0.00598889496177434921
0.03999999910593032840 -0.00597460987046360970
0.05000000074505805970 -0.00593947898596525192
0.05999999865889549260 -0.00595026509836316109
0.07000000029802322390 -0.00594564806669950485
0.07999999821186065670 -0.00591686600819230080
0.09000000357627868650 -0.00592847820371389389
0.10000000149011611900 -0.00594083685427904129
0.10999999940395355200 -0.00594064500182867050
0.11999999731779098500 -0.00595607701689004898
0.12999999523162841800 -0.00596903590485453606
0.14000000059604644800 -0.00594036793336272240
0.15000000596046447800 -0.00593490106984972954
0.15999999642372131300 -0.00594205921515822411
0.17000000178813934300 -0.00591751094907522202
0.18000000715255737300 -0.00591216981410980225
0.18999999761581420900 -0.00591936521232128144
0.20000000298023223900 -0.00591505784541368485
0.20999999344348907500 -0.00592311890795826912
0.21999999880790710400 -0.00592959206551313400
0.23000000417232513400 -0.00591055396944284439
0.23999999463558197000 -0.00589225487783551216
0.25000000000000000000 -0.00588440010324120522
0.25999999046325683600 -0.00586717715486884117
0.27000001072883606000 -0.00584599003195762634
0.28000000119209289500 -0.00583099899813532830
0.28999999165534973100 -0.00581580679863691330
0.30000001192092895500 -0.00580884702503681183
0.31000000238418579100 -0.00579970190301537514
0.31999999284744262700 -0.00577199598774313927
0.33000001311302185100 -0.00574165722355246544
0.34000000357627868600 -0.00569055508822202683
0.34999999403953552200 -0.00565257016569375992
0.36000001430511474600 -0.00560939917340874672
0.37000000476837158200 -0.00554096186533570290
0.37999999523162841800 -0.00547939399257302284
0.38999998569488525400 -0.00541966408491134644
0.40000000596046447700 -0.00534577108919620514
0.40999999642372131300 -0.00525854807347059250
0.41999998688697814900 -0.00517134601250290871
0.43000000715255737300 -0.00505303498357534409
0.43999999761581420900 -0.00492050312459468842
0.44999998807907104500 -0.00480062607675790787
0.46000000834465026800 -0.00465810392051935196
0.46999999880790710400 -0.00449890922755002976
0.47999998927116394000 -0.00434556277468800545
0.49000000953674316400 -0.00418677786365151405
0.50000000000000000000 -0.00401811301708221436
0.50999999046325683600 -0.00384526094421744347
0.51999998092651367200 -0.00366146303713321686
0.52999997138977050800 -0.00346496305428445339
0.54000002145767211900 -0.00326589308679103851
0.55000001192092895500 -0.00306770810857415199
0.56000000238418579100 -0.00285953399725258350
0.56999999284744262700 -0.00264748791232705116
0.57999998331069946300 -0.00243545393459498882
0.58999997377395629900 -0.00222067791037261486
0.60000002384185791000 -0.00200573401525616646
0.61000001430511474600 -0.00178347202017903328
0.62000000476837158200 -0.00155943399295210838
0.62999999523162841800 -0.00132997601758688688
0.63999998569488525400 -0.00109858100768178701
0.64999997615814209000 -0.00083318311953917146
0.66000002622604370100 -0.00061054108664393425
0.67000001668930053700 -0.00038271708763204515
0.68000000715255737300 -0.00015712660388089716
0.68999999761581420900 0.00006897078856127337
0.69999998807907104500 0.00029156409436836839
0.70999997854232788100 0.00052683678222820163
0.72000002861022949200 0.00076033262303099036
0.73000001907348632800 0.00099207530729472637
0.74000000953674316400 0.00128236005548387766
0.75000000000000000000 0.00153347395826131105
0.75999999046325683600 0.00178417598363012075
0.76999998092651367200 0.00203225109726190567
0.77999997138977050800 0.00228497898206114769
0.79000002145767211900 0.00253822701051831246
0.80000001192092895500 0.00278975605033338070
0.81000000238418579100 0.00304333702661097050
0.81999999284744262700 0.00329671707004308701
0.82999998331069946300 0.00355091597884893417
0.83999997377395629900 0.00380668090656399727
0.85000002384185791000 0.00406379392370581627
0.86000001430511474600 0.00432196585461497307
0.87000000476837158200 0.00457943277433514595
0.87999999523162841800 0.00483755301684141159
0.88999998569488525400 0.00509741902351379395
0.89999997615814209000 0.00535704800859093666
0.91000002622604370100 0.00561621412634849549
0.92000001668930053700 0.00587715487927198410
0.93000000715255737300 0.00613742321729660034
0.93999999761581420900 0.00639963895082473755
0.94999998807907104500 0.00666254200041294098
0.95999997854232788100 0.00692423107102513314
0.97000002861022949200 0.00718779582530260086
0.98000001907348632800 0.00745195196941494942
0.99000000953674316400 0.00771473906934261322
1.00000000000000000000 0.00797969754785299301
