-1.00000000000000000000 -0.00599116319790482521
-0.99000000953674316400 -0.00599794089794158936
-0.98000001907348632800 -0.00601511495187878609
-0.97000002861022949200 -0.00600032601505517960
-0.95999997854232788100 -0.00598129909485578537
-0.94999998807907104500 -0.00600599078461527825
-0.93999999761581420900 -0.00600182684138417244
-0.93000000715255737300 -0.00597643619403243065
-0.92000001668930053700 -0.00598675897344946861
-0.91000002622604370100 -0.00599613180384039879
-0.89999997615814209000 -0.00599890016019344330
-0.88999998569488525400 -0.00601590191945433617
-0.87999999523162841800 -0.00601811520755290985
-0.87000000476837158200 -0.00599629012867808342
-0.86000001430511474600 -0.00598256196826696396
-0.85000002384185791000 -0.00599381607025861740
-0.83999997377395629900 -0.00597661919891834259
-0.82999998331069946300 -0.00596826383844017983
-0.81999999284744262700 -0.00597398588433861733
-0.81000000238418579100 -0.00597906718030571938
-0.80000001192092895500 -0.00599897000938653946
-0.79000002145767211900 -0.00600451603531837464
-0.77999997138977050800 -0.00600632606074213982
-0.76999998092651367200 -0.00598646281287074089
-0.75999999046325683600 -0.00598564883694052696
-0.75000000000000000000 -0.00599689595401287079
-0.74000000953674316400 -0.00598073983564972878
-0.73000001907348632800 -0.00597063219174742699
-0.72000002861022949200 -0.00598106114193797112
-0.70999997854232788100 -0.00599052105098962784
-0.69999998807907104500 -0.00600011087954044342
-0.68999999761581420900 -0.00601692404597997666
-0.68000000715255737300 -0.00600053882226347924
-0.67000001668930053700 -0.00598033703863620758
-0.66000002622604370100 -0.00599446380510926247
-0.64999997615814209000 -0.00598254008218646050
-0.63999998569488525400 -0.00596153317019343376
-0.62999999523162841800 -0.00596065120771527291
-0.62000000476837158200 -0.00596593879163265228
-0.61000001430511474600 -0.00596716487780213356
-0.60000002384185791000 -0.00598117103800177574
-0.58999997377395629900 -0.00598324695602059364
-0.57999998331069946300 -0.00596457906067371369
-0.56999999284744262700 -0.00594616401940584183
-0.56000000238418579100 -0.00595898693427443504
-0.55000001192092895500 -0.00594490580260753632
-0.54000002145767211900 -0.00593459699302911759
-0.52999997138977050800 -0.00594565086066722870
-0.51999998092651367200 -0.00594509718939661980
-0.50999999046325683600 -0.00596892414614558220
-0.50000000000000000000 -0.00597644317895174027
-0.49000000953674316400 -0.00597956590354442597
-0.47999998927116394000 -0.00596934603527188301
-0.46999999880790710400 -0.00596028100699186325
-0.46000000834465026800 -0.00596987502649426460
-0.44999998807907104500 -0.00596310012042522431
-0.43999999761581420900 -0.00594898220151662827
-0.43000000715255737300 -0.00595870707184076309
-0.41999998688697814900 -0.00597425783053040505
-0.40999999642372131300 -0.00597715983167290688
-0.40000000596046447700 -0.00599304912611842156
-0.38999998569488525400 -0.00598233193159103394
-0.37999999523162841800 -0.00595961790531873703
-0.37000000476837158200 -0.00596628198400139809
-0.36000001430511474600 -0.00596904521808028221
-0.34999999403953552200 -0.00594857009127736092
-0.34000000357627868600 -0.00594607600942254067
-0.33000001311302185100 -0.00595568213611841202
-0.31999999284744262700 -0.00595889799296855927
-0.31000000238418579100 -0.00597442314028739929
-0.30000001192092895500 -0.00597989279776811600
-0.28999999165534973100 -0.00596758117899298668
-0.28000000119209289500 -0.00595005601644515991
-0.27000001072883606000 -0.00596209894865751267
-0.25999999046325683600 -0.00595592008903622627
-0.25000000000000000000 -0.00594007316976785660
-0.23999999463558197000 -0.00594671489670872688
-0.23000000417232513400 -0.00595049606636166573
-0.21999999880790710400 -0.00596918212249875069
-0.20999999344348907500 -0.00597701082006096840
-0.20000000298023223900 -0.00597814703360199928
-0.18999999761581420900 -0.00596453202888369560
-0.18000000715255737300 -0.00595255708321928978
-0.17000000178813934300 -0.00596309592947363854
-0.15999999642372131300 -0.00595260318368673325
-0.15000000596046447800 -0.00593435112386941910
-0.14000000059604644800 -0.00594267388805747032
-0.12999999523162841800 -0.00594961317256093025
-0.11999999731779098500 -0.00595427118241786957
-0.10999999940395355200 -0.00596569292247295380
-0.10000000149011611900 -0.00594914378598332405
-0.09000000357627868650 -0.00593125820159912110
-0.07999999821186065670 -0.00592986401170492172
-0.07000000029802322390 -0.00592621183022856712
-0.05999999865889549260 -0.00590709783136844635
-0.05000000074505805970 -0.00590059999376535416
-0.03999999910593032840 -0.00590573018416762352
-0.02999999932944774630 -0.00591312721371650696
-0.01999999955296516420 -0.00592783605679869652
-0.00999999977648258210 -0.00593762798234820366
0.00000000000000000000 -0.00592341599985957146
0.00999999977648258210 -0.00591879384592175484
0.01999999955296516420 -0.00591640919446945191
0.02999999932944774630 -0.00591801386326551438
0.03999999910593032840 -0.00590977305546402931
0.05000000074505805970 -0.00590446684509515762
0.05999999865889549260 -0.00591099495068192482
0.07000000029802322390 -0.00592867285013198853
0.07999999821186065670 -0.00593326101079583168
0.09000000357627868650 -0.00594610394909977913
0.10000000149011611900 -0.00593886477872729302
0.10999999940395355200 -0.00592133076861500740
0.11999999731779098500 -0.00592228397727012634
0.12999999523162841800 -0.00592620996758341789
0.14000000059604644800 -0.00590980611741542816
0.15000000596046447800 -0.00590403983369469643
0.15999999642372131300 -0.00591405481100082398
0.17000000178813934300 -0.00592104019597172737
0.18000000715255737300 -0.00591995986178517342
0.18999999761581420900 -0.00592779600992798805
0.20000000298023223900 -0.00591424293816089630
0.20999999344348907500 -0.00588455377146601677
0.21999999880790710400 -0.00590225216001272202
0.23000000417232513400 -0.00589015195146203041
0.23999999463558197000 -0.00586685212329030037
0.25000000000000000000 -0.00587119720876216889
0.25999999046325683600 -0.00587740680202841759
0.27000001072883606000 -0.00588952982798218727
0.28000000119209289500 -0.00589427584782242775
0.28999999165534973100 -0.00588656309992074967
0.30000001192092895500 -0.00586701603606343270
0.31000000238418579100 -0.00585936289280653000
0.31999999284744262700 -0.00585403712466359139
0.33000001311302185100 -0.00583758903667330742
0.34000000357627868600 -0.00581970298662781716
0.34999999403953552200 -0.00581836514174938202
0.36000001430511474600 -0.00582545623183250427
0.37000000476837158200 -0.00582032091915607453
0.37999999523162841800 -0.00581823615357279778
0.38999998569488525400 -0.00579260988160967827
0.40000000596046447700 -0.00575375789776444435
0.40999999642372131300 -0.00574422301724553108
0.41999998688697814900 -0.00572081189602613449
0.43000000715255737300 -0.00566772511228919029
0.43999999761581420900 -0.00563320890069007874
0.44999998807907104500 -0.00560984713956713677
0.46000000834465026800 -0.00556982820853590965
0.46999999880790710400 -0.00551417795941233635
0.47999998927116394000 -0.00545895192772150040
0.49000000953674316400 -0.00536479800939559937
0.50000000000000000000 -0.00524931121617555618
0.50999999046325683600 -0.00514842802658677101
0.51999998092651367200 -0.00500782718881964684
0.52999997138977050800 -0.00482881721109151840
0.54000002145767211900 -0.00465866504237055779
0.55000001192092895500 -0.00445680506527423859
0.56000000238418579100 -0.00423847511410713196
0.56999999284744262700 -0.00399793777614831925
0.57999998331069946300 -0.00373230595141649246
0.58999997377395629900 -0.00344010605476796627
0.60000002384185791000 -0.00314396410249173641
0.61000001430511474600 -0.00284281605854630470
0.62000000476837158200 -0.00252530304715037346
0.62999999523162841800 -0.00220286706462502480
0.63999998569488525400 -0.00188321399036794901
0.64999997615814209000 -0.00156525801867246628
0.66000002622604370100 -0.00123979803174734116
0.67000001668930053700 -0.00087449391139671206
0.68000000715255737300 -0.00055938458535820246
0.68999999761581420900 -0.00024898620904423296
0.69999998807907104500 0.00006087930159992538
0.70999997854232788100 0.00037150140269659460
0.72000002861022949200 0.00067817588569596410
0.73000001907348632800 0.00098608911503106356
0.74000000953674316400 0.00135919195599853993
0.75000000000000000000 0.00167974899522960186
0.75999999046325683600 0.00200315704569220543
0.76999998092651367200 0.00233061308972537518
0.77999997138977050800 0.00266333599574863911
0.79000002145767211900 0.00299603189341723919
0.80000001192092895500 0.00333485403098165989
0.81000000238418579100 0.00367480306886136532
0.81999999284744262700 0.00401918683201074600
0.82999998331069946300 0.00437265122309327126
0.83999997377395629900 0.00472910283133387566
0.85000002384185791000 0.00508892815560102463
0.86000001430511474600 0.00546153821051120758
0.87000000476837158200 0.00585127808153629303
0.87999999523162841800 0.00623906077817082405
0.88999998569488525400 0.00663568591699004174
0.89999997615814209000 0.00703903799876570702
0.91000002622604370100 0.00742942607030272484
0.92000001668930053700 0.00785005558282136917
0.93000000715255737300 0.00827029254287481308
0.93999999761581420900 0.00867817178368568421
0.94999998807907104500 0.00911122933030128479
0.95999997854232788100 0.00955479964613914490
0.97000002861022949200 0.00999931432306766510
0.98000001907348632800 0.01046252995729446410
0.99000000953674316400 0.01039361953735351560
1.00000000000000000000 0.01082753017544746400
