-1.00000000000000000000 -0.00584124214947223664
-0.99000000953674316400 -0.00585583504289388657
-0.98000001907348632800 -0.00586610706523060799
-0.97000002861022949200 -0.00582951214164495468
-0.95999997854232788100 -0.00583358621224761009
-0.94999998807907104500 -0.00585606507956981659
-0.93999999761581420900 -0.00585021404549479485
-0.93000000715255737300 -0.00586709100753068924
-0.92000001668930053700 -0.00587785989046096802
-0.91000002622604370100 -0.00585314910858869553
-0.89999997615814209000 -0.00584026286378502846
-0.88999998569488525400 -0.00585634401068091393
-0.87999999523162841800 -0.00583300879225134850
-0.87000000476837158200 -0.00582352699711918831
-0.86000001430511474600 -0.00583089003339409828
-0.85000002384185791000 -0.00582503387704491616
-0.83999997377395629900 -0.00584796909242868424
-0.82999998331069946300 -0.00585525901988148689
-0.81999999284744262700 -0.00585183314979076386
-0.81000000238418579100 -0.00584762683138251305
-0.80000001192092895500 -0.00584186380729079247
-0.79000002145767211900 -0.00583989080041646958
-0.77999997138977050800 -0.00584220886230468750
-0.76999998092651367200 -0.00583408586680889130
-0.75999999046325683600 -0.00583253102377057076
-0.75000000000000000000 -0.00585606694221496582
-0.74000000953674316400 -0.00586509378626942635
-0.73000001907348632800 -0.00587028916925191879
-0.72000002861022949200 -0.00587678700685501099
-0.70999997854232788100 -0.00585278216749429703
-0.69999998807907104500 -0.00586139177903532982
-0.68999999761581420900 -0.00586646795272827149
-0.68000000715255737300 -0.00584030617028474808
-0.67000001668930053700 -0.00583827821537852288
-0.66000002622604370100 -0.00586369819939136505
-0.64999997615814209000 -0.00586286699399352074
-0.63999998569488525400 -0.00586778903380036354
-0.62999999523162841800 -0.00589120294898748398
-0.62000000476837158200 -0.00586886703968048096
-0.61000001430511474600 -0.00584524497389793396
-0.60000002384185791000 -0.00587060721591114998
-0.58999997377395629900 -0.00584341119974851608
-0.57999998331069946300 -0.00582970678806304932
-0.56999999284744262700 -0.00585070205852389336
-0.56000000238418579100 -0.00583988195285201073
-0.55000001192092895500 -0.00585245480760931969
-0.54000002145767211900 -0.00586967915296554566
-0.52999997138977050800 -0.00585132790729403496
-0.51999998092651367200 -0.00583875086158514023
-0.50999999046325683600 -0.00585073698312044144
-0.50000000000000000000 -0.00583163788542151451
-0.49000000953674316400 -0.00581807922571897507
-0.47999998927116394000 -0.00582866510376334191
-0.46999999880790710400 -0.00582605181261897087
-0.46000000834465026800 -0.00584549922496080399
-0.44999998807907104500 -0.00586080783978104592
-0.43999999761581420900 -0.00586059596389532089
-0.43000000715255737300 -0.00585413118824362755
-0.41999998688697814900 -0.00584165519103407860
-0.40999999642372131300 -0.00583817204460501671
-0.40000000596046447700 -0.00583965098485350609
-0.38999998569488525400 -0.00582778686657547951
-0.37999999523162841800 -0.00581860402598977089
-0.37000000476837158200 -0.00583726400509476662
-0.36000001430511474600 -0.00584782008081674576
-0.34999999403953552200 -0.00584635511040687561
-0.34000000357627868600 -0.00585403013974428177
-0.33000001311302185100 -0.00584009708836674690
-0.31999999284744262700 -0.00581782218068838120
-0.31000000238418579100 -0.00583369797095656395
-0.30000001192092895500 -0.00581669015809893608
-0.28999999165534973100 -0.00579599896445870400
-0.28000000119209289500 -0.00582308880984783173
-0.27000001072883606000 -0.00581887084990739823
-0.25999999046325683600 -0.00582508509978652001
-0.25000000000000000000 -0.00584997702389955521
-0.23999999463558197000 -0.00583056081086397171
-0.23000000417232513400 -0.00580788496881723404
-0.21999999880790710400 -0.00583678111433982849
-0.20999999344348907500 -0.00582008203491568566
-0.20000000298023223900 -0.00580301880836486817
-0.18999999761581420900 -0.00582387717440724373
-0.18000000715255737300 -0.00581722194328904152
-0.17000000178813934300 -0.00583402393385767937
-0.15999999642372131300 -0.00585479987785220146
-0.15000000596046447800 -0.00584411295130848885
-0.14000000059604644800 -0.00583140598610043526
-0.12999999523162841800 -0.00583164999261498451
-0.11999999731779098500 -0.00582273816689848900
-0.10999999940395355200 -0.00582084711641073227
-0.10000000149011611900 -0.00581647688522934914
-0.09000000357627868650 -0.00580645399168133736
-0.07999999821186065670 -0.00581964105367660523
-0.07000000029802322390 -0.00583529518917202950
-0.05999999865889549260 -0.00582685880362987518
-0.05000000074505805970 -0.00583053193986415863
-0.03999999910593032840 -0.00582043780013918877
-0.02999999932944774630 -0.00580761488527059555
-0.01999999955296516420 -0.00581193622201681137
-0.00999999977648258210 -0.00579836498945951462
0.00000000000000000000 -0.00577929615974426270
0.00999999977648258210 -0.00578455813229084015
0.01999999955296516420 -0.00580439018085598946
0.02999999932944774630 -0.00580123998224735260
0.03999999910593032840 -0.00579865090548992157
0.05000000074505805970 -0.00581759493798017502
0.05999999865889549260 -0.00578582799062132836
0.07000000029802322390 -0.00577269401401281357
0.07999999821186065670 -0.00579462898895144463
0.09000000357627868650 -0.00576758198440074921
0.10000000149011611900 -0.00575982779264450073
0.10999999940395355200 -0.00577460322529077530
0.11999999731779098500 -0.00576740503311157227
0.12999999523162841800 -0.00577661581337451935
0.14000000059604644800 -0.00579993985593318939
0.15000000596046447800 -0.00577391916885972023
0.15999999642372131300 -0.00575508782640099526
0.17000000178813934300 -0.00576562620699405670
0.18000000715255737300 -0.00574246607720851898
0.18999999761581420900 -0.00572194578126072884
0.20000000298023223900 -0.00572787784039974213
0.20999999344348907500 -0.00571316992864012718
0.21999999880790710400 -0.00571805005893111229
0.23000000417232513400 -0.00572769204154610634
0.23999999463558197000 -0.00571230705827474594
0.25000000000000000000 -0.00569679494947195053
0.25999999046325683600 -0.00567417312413454056
0.27000001072883606000 -0.00565849710255861283
0.28000000119209289500 -0.00564234377816319466
0.28999999165534973100 -0.00561577919870615006
0.30000001192092895500 -0.00559753086417913437
0.31000000238418579100 -0.00559803005307912827
0.31999999284744262700 -0.00559249799698591232
0.33000001311302185100 -0.00557324895635247231
0.34000000357627868600 -0.00556442281231284142
0.34999999403953552200 -0.00552820321172475815
0.36000001430511474600 -0.00549904210492968559
0.37000000476837158200 -0.00548590812832117081
0.37999999523162841800 -0.00543896807357668877
0.38999998569488525400 -0.00540738087147474289
0.40000000596046447700 -0.00539465481415390968
0.40999999642372131300 -0.00536975311115384102
0.41999998688697814900 -0.00534068513661623001
0.43000000715255737300 -0.00532988086342811585
0.43999999761581420900 -0.00527050718665122986
0.44999998807907104500 -0.00520943198353052139
0.46000000834465026800 -0.00518502900376915932
0.46999999880790710400 -0.00512603484094142914
0.47999998927116394000 -0.00506062107160687447
0.49000000953674316400 -0.00501842610538005829
0.50000000000000000000 -0.00495833717286586762
0.50999999046325683600 -0.00490044802427291870
0.51999998092651367200 -0.00484729604795575142
0.52999997138977050800 -0.00475815497338771820
0.54000002145767211900 -0.00465761311352252960
0.55000001192092895500 -0.00455563003197312355
0.56000000238418579100 -0.00443308521062135697
0.56999999284744262700 -0.00428890483453869820
0.57999998331069946300 -0.00413110293447971344
0.58999997377395629900 -0.00394171802327036858
0.60000002384185791000 -0.00373651389963924885
0.61000001430511474600 -0.00350297708064317703
0.62000000476837158200 -0.00321801402606070042
0.62999999523162841800 -0.00290062511339783669
0.63999998569488525400 -0.00254096998833119869
0.64999997615814209000 -0.00214685103856027126
0.66000002622604370100 -0.00172059400938451290
0.67000001668930053700 -0.00125068705528974533
0.68000000715255737300 -0.00074160547228530049
0.68999999761581420900 -0.00025214129709638655
0.69999998807907104500 0.00024839388788677752
0.70999997854232788100 0.00084014452295377851
0.72000002861022949200 0.00147968705277889967
0.73000001907348632800 0.00211381306871771812
0.74000000953674316400 0.00276936800219118595
0.75000000000000000000 0.00344456802122294903
0.75999999046325683600 0.00413488782942295075
0.76999998092651367200 0.00483749108389019966
0.77999997138977050800 0.00555898388847708702
0.79000002145767211900 0.00629467191174626351
0.80000001192092895500 0.00703941704705357552
0.81000000238418579100 0.00779809290543198586
0.81999999284744262700 0.00857069157063961029
0.82999998331069946300 0.00935585796833038330
0.83999997377395629900 0.01013978011906147000
0.85000002384185791000 0.01039210986346006390
0.86000001430511474600 0.01116914022713899610
0.87000000476837158200 0.01194726955145597460
0.87999999523162841800 0.01273516006767749790
0.88999998569488525400 0.01353457011282444000
0.89999997615814209000 0.01433570031076669690
0.91000002622604370100 0.01515085995197296140
0.92000001668930053700 0.01596911996603012090
0.93000000715255737300 0.01676765084266662600
0.93999999761581420900 0.01759359054267406460
0.94999998807907104500 0.01841194927692413330
0.95999997854232788100 0.01927937939763069150
0.97000002861022949200 0.02013104036450386050
0.98000001907348632800 0.02096115984022617340
0.99000000953674316400 0.02147413045167922970
1.00000000000000000000 0.02192329056560993190
