-1.00000000000000000000 -0.00597146712243556976
-0.99000000953674316400 -0.00598419597372412682
-0.98000001907348632800 -0.00596974696964025498
-0.97000002861022949200 -0.00595487514510750771
-0.95999997854232788100 -0.00596068194136023522
-0.94999998807907104500 -0.00596811203286051750
-0.93999999761581420900 -0.00597498798742890358
-0.93000000715255737300 -0.00598516222089529038
-0.92000001668930053700 -0.00598540389910340309
-0.91000002622604370100 -0.00596668291836977005
-0.89999997615814209000 -0.00596693903207778931
-0.88999998569488525400 -0.00596998492255806923
-0.87999999523162841800 -0.00595583813264966011
-0.87000000476837158200 -0.00595890404656529427
-0.86000001430511474600 -0.00596086401492357254
-0.85000002384185791000 -0.00597947696223855019
-0.83999997377395629900 -0.00598800415173172951
-0.82999998331069946300 -0.00599919585511088372
-0.81999999284744262700 -0.00598201807588338852
-0.81000000238418579100 -0.00597012415528297424
-0.80000001192092895500 -0.00598064204677939415
-0.79000002145767211900 -0.00597471091896295548
-0.77999997138977050800 -0.00595805980265140534
-0.76999998092651367200 -0.00596007704734802246
-0.75999999046325683600 -0.00597200589254498482
-0.75000000000000000000 -0.00598095217719674111
-0.74000000953674316400 -0.00598634500056505203
-0.73000001907348632800 -0.00598745420575141907
-0.72000002861022949200 -0.00597409298643469811
-0.70999997854232788100 -0.00595730496570467949
-0.69999998807907104500 -0.00596263492479920387
-0.68999999761581420900 -0.00595045089721679688
-0.68000000715255737300 -0.00592905795201659203
-0.67000001668930053700 -0.00594247085973620415
-0.66000002622604370100 -0.00594783481210470200
-0.64999997615814209000 -0.00595940602943301201
-0.63999998569488525400 -0.00596932787448167801
-0.62999999523162841800 -0.00596601702272891998
-0.62000000476837158200 -0.00594808021560311318
-0.61000001430511474600 -0.00595444301143288613
-0.60000002384185791000 -0.00595556898042559624
-0.58999997377395629900 -0.00594234000891447067
-0.57999998331069946300 -0.00594203779473900795
-0.56999999284744262700 -0.00594972819089889527
-0.56000000238418579100 -0.00596640910953283310
-0.55000001192092895500 -0.00597385084256529808
-0.54000002145767211900 -0.00598584301769733429
-0.52999997138977050800 -0.00597591977566480637
-0.51999998092651367200 -0.00595955085009336472
-0.50999999046325683600 -0.00596406683325767517
-0.50000000000000000000 -0.00596367707476019860
-0.49000000953674316400 -0.00594802480190992356
-0.47999998927116394000 -0.00594571977853775025
-0.46999999880790710400 -0.00595802208408713341
-0.46000000834465026800 -0.00596388382837176323
-0.44999998807907104500 -0.00596596812829375267
-0.43999999761581420900 -0.00597198819741606713
-0.43000000715255737300 -0.00596032198518514633
-0.41999998688697814900 -0.00593726616352796555
-0.40999999642372131300 -0.00595340691506862641
-0.40000000596046447700 -0.00593935698270797730
-0.38999998569488525400 -0.00592142995446920395
-0.37999999523162841800 -0.00593717722222208977
-0.37000000476837158200 -0.00594113580882549286
-0.36000001430511474600 -0.00595065485686063767
-0.34999999403953552200 -0.00596659583970904350
-0.34000000357627868600 -0.00596267078071832657
-0.33000001311302185100 -0.00593942496925592423
-0.31999999284744262700 -0.00594878196716308594
-0.31000000238418579100 -0.00594763085246086121
-0.30000001192092895500 -0.00592861510813236237
-0.28999999165534973100 -0.00592974200844764710
-0.28000000119209289500 -0.00594274606555700302
-0.27000001072883606000 -0.00595537899062037468
-0.25999999046325683600 -0.00595767376944422722
-0.25000000000000000000 -0.00597757892683148384
-0.23999999463558197000 -0.00596568780019879341
-0.23000000417232513400 -0.00594047922641038895
-0.21999999880790710400 -0.00595619995146989823
-0.20999999344348907500 -0.00594878708943724632
-0.20000000298023223900 -0.00592455221340060234
-0.18999999761581420900 -0.00592831009998917580
-0.18000000715255737300 -0.00593428686261177063
-0.17000000178813934300 -0.00594274187460541725
-0.15999999642372131300 -0.00594059797003865242
-0.15000000596046447800 -0.00594293186441063881
-0.14000000059604644800 -0.00593103701248764992
-0.12999999523162841800 -0.00590706616640090943
-0.11999999731779098500 -0.00591635983437299729
-0.10999999940395355200 -0.00590572319924831391
-0.10000000149011611900 -0.00588562618941068650
-0.09000000357627868650 -0.00590247288346290589
-0.07999999821186065670 -0.00591231416910886765
-0.07000000029802322390 -0.00591696193441748619
-0.05999999865889549260 -0.00593059090897440910
-0.05000000074505805970 -0.00592945702373981476
-0.03999999910593032840 -0.00590352015569806099
-0.02999999932944774630 -0.00592041900381445885
-0.01999999955296516420 -0.00591902015730738640
-0.00999999977648258210 -0.00589703116565942764
0.00000000000000000000 -0.00590353785082697869
0.00999999977648258210 -0.00591321196407079697
0.01999999955296516420 -0.00591701222583651543
0.02999999932944774630 -0.00592943187803030014
0.03999999910593032840 -0.00594074791297316551
0.05000000074505805970 -0.00592797109857201576
0.05999999865889549260 -0.00591965112835168839
0.07000000029802322390 -0.00592407817021012306
0.07999999821186065670 -0.00591431418433785439
0.09000000357627868650 -0.00589707400649785996
0.10000000149011611900 -0.00589472102001309395
0.10999999940395355200 -0.00590283283963799477
0.11999999731779098500 -0.00591161800548434258
0.12999999523162841800 -0.00591928977519273758
0.14000000059604644800 -0.00591964693740010262
0.15000000596046447800 -0.00590529199689626694
0.15999999642372131300 -0.00588409788906574249
0.17000000178813934300 -0.00589033821597695351
0.18000000715255737300 -0.00587854813784360886
0.18999999761581420900 -0.00586684420704841614
0.20000000298023223900 -0.00587448105216026306
0.20999999344348907500 -0.00587910320609807968
0.21999999880790710400 -0.00588795682415366173
0.23000000417232513400 -0.00589561881497502327
0.23999999463558197000 -0.00589637691155076027
0.25000000000000000000 -0.00587162980809807778
0.25999999046325683600 -0.00587390502914786339
0.27000001072883606000 -0.00587211688980460167
0.28000000119209289500 -0.00585138797760009766
0.28999999165534973100 -0.00584312109276652336
0.30000001192092895500 -0.00585006503388285637
0.31000000238418579100 -0.00585405901074409485
0.31999999284744262700 -0.00585745600983500481
0.33000001311302185100 -0.00586297502741217613
0.34000000357627868600 -0.00583522487431764603
0.34999999403953552200 -0.00581028684973716736
0.36000001430511474600 -0.00581417977809906006
0.37000000476837158200 -0.00578888598829507828
0.37999999523162841800 -0.00575524521991610527
0.38999998569488525400 -0.00574313616380095482
0.40000000596046447700 -0.00573210604488849640
0.40999999642372131300 -0.00571739813312888146
0.41999998688697814900 -0.00570338591933250427
0.43000000715255737300 -0.00567509094253182411
0.43999999761581420900 -0.00563161307945847511
0.44999998807907104500 -0.00558539992198348046
0.46000000834465026800 -0.00554934097453951836
0.46999999880790710400 -0.00548211997374892235
0.47999998927116394000 -0.00541340792551636696
0.49000000953674316400 -0.00535022979602217674
0.50000000000000000000 -0.00526522891595959664
0.50999999046325683600 -0.00515516800805926323
0.51999998092651367200 -0.00502973096445202828
0.52999997138977050800 -0.00487079611048102379
0.54000002145767211900 -0.00467038294300436974
0.55000001192092895500 -0.00448392797261476517
0.56000000238418579100 -0.00425943080335855484
0.56999999284744262700 -0.00399903720244765282
0.57999998331069946300 -0.00374824996106326580
0.58999997377395629900 -0.00347689096815884113
0.60000002384185791000 -0.00319172209128737450
0.61000001430511474600 -0.00289899599738419056
0.62000000476837158200 -0.00259598810225725174
0.62999999523162841800 -0.00227195606566965580
0.63999998569488525400 -0.00194780901074409485
0.64999997615814209000 -0.00162793498020619154
0.66000002622604370100 -0.00129661301616579294
0.67000001668930053700 -0.00093377829762175679
0.68000000715255737300 -0.00061733438633382320
0.68999999761581420900 -0.00029963560518808663
0.69999998807907104500 0.00000609029802944860
0.70999997854232788100 0.00032044950057752430
0.72000002861022949200 0.00063152599614113569
0.73000001907348632800 0.00094539491692557931
0.74000000953674316400 0.00132116803433746100
0.75000000000000000000 0.00164494104683399200
0.75999999046325683600 0.00197523506358265877
0.76999998092651367200 0.00230947905220091343
0.77999997138977050800 0.00264272303320467472
0.79000002145767211900 0.00297673000022768974
0.80000001192092895500 0.00331719499081373215
0.81000000238418579100 0.00366357294842600823
0.81999999284744262700 0.00400411197915673256
0.82999998331069946300 0.00435754377394914627
0.83999997377395629900 0.00471870601177215576
0.85000002384185791000 0.00508228084072470665
0.86000001430511474600 0.00545547017827630043
0.87000000476837158200 0.00583446491509675980
0.87999999523162841800 0.00620551407337188721
0.88999998569488525400 0.00657437182962894440
0.89999997615814209000 0.00696983886882662773
0.91000002622604370100 0.00735393585637211800
0.92000001668930053700 0.00773397414013743401
0.93000000715255737300 0.00813779607415199280
0.93999999761581420900 0.00855128001421689987
0.94999998807907104500 0.00896252505481243134
0.95999997854232788100 0.00938899721950292588
0.97000002861022949200 0.00982175953686237336
0.98000001907348632800 0.01022765040397644040
0.99000000953674316400 0.01019540987908840180
1.00000000000000000000 0.01060906983911991120
