-1.00000000000000000000 -0.00598760694265365601
-0.99000000953674316400 -0.00598847586661577225
-0.98000001907348632800 -0.00600231578573584557
-0.97000002861022949200 -0.00601405790075659752
-0.95999997854232788100 -0.00601684581488370896
-0.94999998807907104500 -0.00602475879713892937
-0.93999999761581420900 -0.00602048123255372048
-0.93000000715255737300 -0.00600887415930628777
-0.92000001668930053700 -0.00601908983662724495
-0.91000002622604370100 -0.00601154612377285958
-0.89999997615814209000 -0.00599621608853340149
-0.88999998569488525400 -0.00601184181869029999
-0.87999999523162841800 -0.00602093804627656937
-0.87000000476837158200 -0.00602802587673068047
-0.86000001430511474600 -0.00604020012542605400
-0.85000002384185791000 -0.00603924691677093506
-0.83999997377395629900 -0.00601340876892209053
-0.82999998331069946300 -0.00601867213845252991
-0.81999999284744262700 -0.00601632380858063698
-0.81000000238418579100 -0.00599237810820341110
-0.80000001192092895500 -0.00599298300221562386
-0.79000002145767211900 -0.00599235994741320610
-0.77999997138977050800 -0.00599622400477528572
-0.76999998092651367200 -0.00600580498576164246
-0.75999999046325683600 -0.00600592093542218208
-0.75000000000000000000 -0.00598850613459944725
-0.74000000953674316400 -0.00597028620541095734
-0.73000001907348632800 -0.00597117887809872627
-0.72000002861022949200 -0.00596343120560050011
-0.70999997854232788100 -0.00595347722992300987
-0.69999998807907104500 -0.00594867719337344170
-0.68999999761581420900 -0.00595874991267919541
-0.68000000715255737300 -0.00597727019339799881
-0.67000001668930053700 -0.00598416291177272797
-0.66000002622604370100 -0.00599416485056281090
-0.64999997615814209000 -0.00599252106621861458
-0.63999998569488525400 -0.00596954813227057457
-0.62999999523162841800 -0.00598298618569970131
-0.62000000476837158200 -0.00598393892869353295
-0.61000001430511474600 -0.00595978321507573128
-0.60000002384185791000 -0.00596407102420926094
-0.58999997377395629900 -0.00597614282742142678
-0.57999998331069946300 -0.00598281715065240860
-0.56999999284744262700 -0.00598783092573285103
-0.56000000238418579100 -0.00600442802533507347
-0.55000001192092895500 -0.00598385417833924294
-0.54000002145767211900 -0.00596544379368424416
-0.52999997138977050800 -0.00597916916012763977
-0.51999998092651367200 -0.00596557511016726494
-0.50999999046325683600 -0.00594937102869153023
-0.50000000000000000000 -0.00596247008070349694
-0.49000000953674316400 -0.00596119882538914681
-0.47999998927116394000 -0.00596756115555763245
-0.46999999880790710400 -0.00598383508622646332
-0.46000000834465026800 -0.00597168784588575363
-0.44999998807907104500 -0.00596225820481777191
-0.43999999761581420900 -0.00595520017668604851
-0.43000000715255737300 -0.00595064694061875344
-0.41999998688697814900 -0.00594241684302687645
-0.40999999642372131300 -0.00593400280922651291
-0.40000000596046447700 -0.00593829294666647911
-0.38999998569488525400 -0.00595034100115299225
-0.37999999523162841800 -0.00597056979313492775
-0.37000000476837158200 -0.00596749410033226013
-0.36000001430511474600 -0.00597534608095884323
-0.34999999403953552200 -0.00597177213057875633
-0.34000000357627868600 -0.00595531985163688660
-0.33000001311302185100 -0.00595892407000064850
-0.31999999284744262700 -0.00595478201285004616
-0.31000000238418579100 -0.00593880889937281609
-0.30000001192092895500 -0.00594802014529705048
-0.28999999165534973100 -0.00596607383340597153
-0.28000000119209289500 -0.00596052082255482674
-0.27000001072883606000 -0.00597118679434061051
-0.25999999046325683600 -0.00597104011103510857
-0.25000000000000000000 -0.00593758700415492058
-0.23999999463558197000 -0.00594206200912594795
-0.23000000417232513400 -0.00594330998137593270
-0.21999999880790710400 -0.00590921984985470772
-0.20999999344348907500 -0.00590812880545854569
-0.20000000298023223900 -0.00591386016458272934
-0.18999999761581420900 -0.00590769201517105103
-0.18000000715255737300 -0.00591931585222482681
-0.17000000178813934300 -0.00593019509688019753
-0.15999999642372131300 -0.00590983917936682701
-0.15000000596046447800 -0.00589481694623827934
-0.14000000059604644800 -0.00590910995379090309
-0.12999999523162841800 -0.00589266186580061913
-0.11999999731779098500 -0.00588225806131958962
-0.10999999940395355200 -0.00588914100080728531
-0.10000000149011611900 -0.00589048117399215698
-0.09000000357627868650 -0.00591232208535075188
-0.07999999821186065670 -0.00592218479141592980
-0.07000000029802322390 -0.00592667283490300179
-0.05999999865889549260 -0.00591833889484405518
-0.05000000074505805970 -0.00589932501316070557
-0.03999999910593032840 -0.00590274389833211899
-0.02999999932944774630 -0.00590196391567587853
-0.01999999955296516420 -0.00588517077267169953
-0.00999999977648258210 -0.00587933883070945740
0.00000000000000000000 -0.00589502789080142975
0.00999999977648258210 -0.00590516207739710808
0.01999999955296516420 -0.00589810591191053391
0.02999999932944774630 -0.00591049110516905785
0.03999999910593032840 -0.00590880587697029114
0.05000000074505805970 -0.00587635580450296402
0.05999999865889549260 -0.00588696310296654701
0.07000000029802322390 -0.00588701898232102394
0.07999999821186065670 -0.00585167109966278076
0.09000000357627868650 -0.00585782295092940331
0.10000000149011611900 -0.00586520601063966751
0.10999999940395355200 -0.00586380809545516968
0.11999999731779098500 -0.00587488990277051926
0.12999999523162841800 -0.00588793680071830750
0.14000000059604644800 -0.00586317200213670731
0.15000000596046447800 -0.00585003616288304329
0.15999999642372131300 -0.00586395990103483200
0.17000000178813934300 -0.00584956677630543709
0.18000000715255737300 -0.00583732593804597855
0.18999999761581420900 -0.00584047986194491387
0.20000000298023223900 -0.00584000023081898689
0.20999999344348907500 -0.00584794394671916962
0.21999999880790710400 -0.00585959292948246002
0.23000000417232513400 -0.00585389090701937676
0.23999999463558197000 -0.00584128778427839279
0.25000000000000000000 -0.00581684522330760956
0.25999999046325683600 -0.00580719998106360436
0.27000001072883606000 -0.00579393608495593071
0.28000000119209289500 -0.00576544180512428284
0.28999999165534973100 -0.00574997300282120705
0.30000001192092895500 -0.00573926884680986405
0.31000000238418579100 -0.00572429597377777100
0.31999999284744262700 -0.00569483218714594841
0.33000001311302185100 -0.00566921383142471314
0.34000000357627868600 -0.00561707606539130211
0.34999999403953552200 -0.00555495079606771469
0.36000001430511474600 -0.00551512883976101875
0.37000000476837158200 -0.00544817280024290085
0.37999999523162841800 -0.00536936195567250252
0.38999998569488525400 -0.00530237192288041115
0.40000000596046447700 -0.00522586191073060036
0.40999999642372131300 -0.00513870501890778542
0.41999998688697814900 -0.00504942797124385834
0.43000000715255737300 -0.00493926880881190300
0.43999999761581420900 -0.00481192395091056824
0.44999998807907104500 -0.00468509783968329430
0.46000000834465026800 -0.00455164583399891853
0.46999999880790710400 -0.00440271105617284775
0.47999998927116394000 -0.00425172783434391022
0.49000000953674316400 -0.00409500906243920326
0.50000000000000000000 -0.00393348513171076775
0.50999999046325683600 -0.00377024407498538494
0.51999998092651367200 -0.00359247205778956413
0.52999997138977050800 -0.00341124110855162144
0.54000002145767211900 -0.00322114909067749977
0.55000001192092895500 -0.00302896089851856232
0.56000000238418579100 -0.00283233891241252422
0.56999999284744262700 -0.00263158394955098629
0.57999998331069946300 -0.00242821895517408848
0.58999997377395629900 -0.00222326093353331089
0.60000002384185791000 -0.00201845401898026466
0.61000001430511474600 -0.00180765800178050995
0.62000000476837158200 -0.00159485801123082638
0.62999999523162841800 -0.00137754995375871658
0.63999998569488525400 -0.00115351402200758457
0.64999997615814209000 -0.00089329731417819858
0.66000002622604370100 -0.00068249210016801953
0.67000001668930053700 -0.00046544108772650361
0.68000000715255737300 -0.00024560021120123565
0.68999999761581420900 -0.00003048084909096360
0.69999998807907104500 0.00018076160631608218
0.70999997854232788100 0.00040325548616237938
0.72000002861022949200 0.00062651338521391153
0.73000001907348632800 0.00084904022514820099
0.74000000953674316400 0.00112317304592579603
0.75000000000000000000 0.00136073003523051739
0.75999999046325683600 0.00160018296446651220
0.76999998092651367200 0.00184025801718235016
0.77999997138977050800 0.00208059488795697689
0.79000002145767211900 0.00232247309759259224
0.80000001192092895500 0.00256490707397460938
0.81000000238418579100 0.00280789192765951157
0.81999999284744262700 0.00304997689090669155
0.82999998331069946300 0.00329341692849993706
0.83999997377395629900 0.00353781296871602535
0.85000002384185791000 0.00378265092149376869
0.86000001430511474600 0.00403037900105118752
0.87000000476837158200 0.00427720695734024048
0.87999999523162841800 0.00452337507158517838
0.88999998569488525400 0.00477279396727681160
0.89999997615814209000 0.00502112181857228279
0.91000002622604370100 0.00526885688304901123
0.92000001668930053700 0.00551813887432217598
0.93000000715255737300 0.00576683320105075836
0.93999999761581420900 0.00601706188172101975
0.94999998807907104500 0.00626872805878520012
0.95999997854232788100 0.00651985919103026390
0.97000002861022949200 0.00677176378667354584
0.98000001907348632800 0.00702450284734368324
0.99000000953674316400 0.00727633107453584671
1.00000000000000000000 0.00752962613478302956
