-1.00000000000000000000 -0.00590085797011852265
-0.99000000953674316400 -0.00591737311333417893
-0.98000001907348632800 -0.00592816900461912155
-0.97000002861022949200 -0.00594014115631580353
-0.95999997854232788100 -0.00594127597287297249
-0.94999998807907104500 -0.00593381701037287712
-0.93999999761581420900 -0.00592765677720308304
-0.93000000715255737300 -0.00593599397689104080
-0.92000001668930053700 -0.00593205122277140618
-0.91000002622604370100 -0.00592520879581570626
-0.89999997615814209000 -0.00592916598543524742
-0.88999998569488525400 -0.00593921402469277382
-0.87999999523162841800 -0.00595653103664517403
-0.87000000476837158200 -0.00595575617626309395
-0.86000001430511474600 -0.00596209289506077767
-0.85000002384185791000 -0.00594285316765308380
-0.83999997377395629900 -0.00593557907268404961
-0.82999998331069946300 -0.00594598799943923950
-0.81999999284744262700 -0.00593016901984810829
-0.81000000238418579100 -0.00591805903241038323
-0.80000001192092895500 -0.00592538714408874512
-0.79000002145767211900 -0.00593870412558317185
-0.77999997138977050800 -0.00594295701012015343
-0.76999998092651367200 -0.00595547584816813469
-0.75999999046325683600 -0.00594445783644914627
-0.75000000000000000000 -0.00592318503186106682
-0.74000000953674316400 -0.00593124516308307648
-0.73000001907348632800 -0.00592597713693976402
-0.72000002861022949200 -0.00590601796284317970
-0.70999997854232788100 -0.00590576883405447006
-0.69999998807907104500 -0.00591970980167388916
-0.68999999761581420900 -0.00593054294586181641
-0.68000000715255737300 -0.00593904405832290650
-0.67000001668930053700 -0.00595202809199690819
-0.66000002622604370100 -0.00594375096261501312
-0.64999997615814209000 -0.00591974379494786263
-0.63999998569488525400 -0.00593747198581695557
-0.62999999523162841800 -0.00593154504895210266
-0.62000000476837158200 -0.00591394118964672089
-0.61000001430511474600 -0.00591985089704394341
-0.60000002384185791000 -0.00593036599457263947
-0.58999997377395629900 -0.00594519916921854019
-0.57999998331069946300 -0.00594731420278549194
-0.56999999284744262700 -0.00595655618235468865
-0.56000000238418579100 -0.00594214582815766335
-0.55000001192092895500 -0.00591929117217659950
-0.54000002145767211900 -0.00592912081629037857
-0.52999997138977050800 -0.00592282414436340332
-0.51999998092651367200 -0.00589873781427741051
-0.50999999046325683600 -0.00590111315250396729
-0.50000000000000000000 -0.00591217493638396263
-0.49000000953674316400 -0.00591359008103609085
-0.47999998927116394000 -0.00591871887445449829
-0.46999999880790710400 -0.00591745600104331970
-0.46000000834465026800 -0.00589685980230569840
-0.44999998807907104500 -0.00589257013052701950
-0.43999999761581420900 -0.00589841976761817932
-0.43000000715255737300 -0.00588329602032899857
-0.41999998688697814900 -0.00587720610201358795
-0.40999999642372131300 -0.00589026091620326042
-0.40000000596046447700 -0.00590275507420301438
-0.38999998569488525400 -0.00591542897745966912
-0.37999999523162841800 -0.00592690706253051758
-0.37000000476837158200 -0.00591824902221560478
-0.36000001430511474600 -0.00590127892792224884
-0.34999999403953552200 -0.00591393280774354935
-0.34000000357627868600 -0.00590982101857662201
-0.33000001311302185100 -0.00588885787874460220
-0.31999999284744262700 -0.00589347304776310921
-0.31000000238418579100 -0.00590201979503035546
-0.30000001192092895500 -0.00591962598264217377
-0.28999999165534973100 -0.00591907091438770294
-0.28000000119209289500 -0.00593409314751625061
-0.27000001072883606000 -0.00592226022854447365
-0.25999999046325683600 -0.00589802814647555351
-0.25000000000000000000 -0.00591193279251456261
-0.23999999463558197000 -0.00590569013729691506
-0.23000000417232513400 -0.00587742077186703682
-0.21999999880790710400 -0.00588276516646146774
-0.20999999344348907500 -0.00589201506227254868
-0.20000000298023223900 -0.00589426793158054352
-0.18999999761581420900 -0.00590337580069899559
-0.18000000715255737300 -0.00590296601876616478
-0.17000000178813934300 -0.00588966906070709229
-0.15999999642372131300 -0.00587283913046121598
-0.15000000596046447800 -0.00588313583284616470
-0.14000000059604644800 -0.00587092619389295578
-0.12999999523162841800 -0.00585381500422954560
-0.11999999731779098500 -0.00586455687880516052
-0.10999999940395355200 -0.00587364984676241875
-0.10000000149011611900 -0.00588080799207091332
-0.09000000357627868650 -0.00589498504996299744
-0.07999999821186065670 -0.00589211285114288330
-0.07000000029802322390 -0.00587383285164833069
-0.05999999865889549260 -0.00587903987616300583
-0.05000000074505805970 -0.00587366102263331413
-0.03999999910593032840 -0.00585479196161031723
-0.02999999932944774630 -0.00584988715127110481
-0.01999999955296516420 -0.00585993612185120583
-0.00999999977648258210 -0.00586987286806106568
0.00000000000000000000 -0.00586608611047267914
0.00999999977648258210 -0.00586973316967487335
0.01999999955296516420 -0.00585989188402891159
0.02999999932944774630 -0.00583897111937403679
0.03999999910593032840 -0.00582599500194191933
0.05000000074505805970 -0.00582234421744942665
0.05999999865889549260 -0.00579396123066544533
0.07000000029802322390 -0.00577885983511805535
0.07999999821186065670 -0.00578046217560768128
0.09000000357627868650 -0.00577755784615874291
0.10000000149011611900 -0.00578606501221656800
0.10999999940395355200 -0.00578808318823575974
0.11999999731779098500 -0.00576539617031812668
0.12999999523162841800 -0.00574625004082918167
0.14000000059604644800 -0.00574869988486170769
0.15000000596046447800 -0.00572990300133824349
0.15999999642372131300 -0.00570616498589515686
0.17000000178813934300 -0.00569931278005242348
0.18000000715255737300 -0.00569524802267551422
0.18999999761581420900 -0.00569448620080947876
0.20000000298023223900 -0.00568285677582025528
0.20999999344348907500 -0.00567762507125735283
0.21999999880790710400 -0.00564297381788492203
0.23000000417232513400 -0.00560697400942444802
0.23999999463558197000 -0.00559516996145248413
0.25000000000000000000 -0.00556359998881816864
0.25999999046325683600 -0.00552212819457054138
0.27000001072883606000 -0.00549052609130740166
0.28000000119209289500 -0.00545946694910526276
0.28999999165534973100 -0.00542737217620015145
0.30000001192092895500 -0.00538849597796797753
0.31000000238418579100 -0.00533654913306236267
0.31999999284744262700 -0.00527063477784395218
0.33000001311302185100 -0.00519848614931106568
0.34000000357627868600 -0.00513866217806935311
0.34999999403953552200 -0.00505240680649876595
0.36000001430511474600 -0.00496309017762541771
0.37000000476837158200 -0.00488227186724543572
0.37999999523162841800 -0.00479419389739632607
0.38999998569488525400 -0.00470612477511167526
0.40000000596046447700 -0.00461342977359890938
0.40999999642372131300 -0.00449478207156062126
0.41999998688697814900 -0.00436423718929290772
0.43000000715255737300 -0.00424691382795572281
0.43999999761581420900 -0.00411604996770620346
0.44999998807907104500 -0.00396941695362329483
0.46000000834465026800 -0.00383372209034860134
0.46999999880790710400 -0.00369299598969519138
0.47999998927116394000 -0.00355348689481616020
0.49000000953674316400 -0.00340779102407395840
0.50000000000000000000 -0.00326130795292556286
0.50999999046325683600 -0.00309415208175778389
0.51999998092651367200 -0.00292834290303289890
0.52999997138977050800 -0.00277351401746273041
0.54000002145767211900 -0.00260743009857833386
0.55000001192092895500 -0.00243970588780939579
0.56000000238418579100 -0.00227916194126009941
0.56999999284744262700 -0.00211919611319899559
0.57999998331069946300 -0.00196535000577569008
0.58999997377395629900 -0.00180801795795559883
0.60000002384185791000 -0.00164760800544172525
0.61000001430511474600 -0.00148599199019372463
0.62000000476837158200 -0.00132029398810118437
0.62999999523162841800 -0.00116217997856438160
0.63999998569488525400 -0.00096637767273932695
0.64999997615814209000 -0.00080093630822375417
0.66000002622604370100 -0.00064108712831512094
0.67000001668930053700 -0.00048196408897638321
0.68000000715255737300 -0.00031737779499962926
0.68999999761581420900 -0.00014796090545132756
0.69999998807907104500 0.00001950192927324679
0.70999997854232788100 0.00019799020083155483
0.72000002861022949200 0.00038727140054106712
0.73000001907348632800 0.00058695382904261351
0.74000000953674316400 0.00079555378761142492
0.75000000000000000000 0.00101575104054063559
0.75999999046325683600 0.00130862998776137829
0.76999998092651367200 0.00156747701112180948
0.77999997138977050800 0.00184330902993679047
0.79000002145767211900 0.00213437411002814770
0.80000001192092895500 0.00244132895022630692
0.81000000238418579100 0.00276613398455083370
0.81999999284744262700 0.00310613797046244145
0.82999998331069946300 0.00345765589736402035
0.83999997377395629900 0.00382436695508658886
0.85000002384185791000 0.00421264814212918282
0.86000001430511474600 0.00461088400334119797
0.87000000476837158200 0.00501983193680644036
0.87999999523162841800 0.00544916093349456787
0.88999998569488525400 0.00589279690757393837
0.89999997615814209000 0.00635024206712841988
0.91000002622604370100 0.00682228896766901016
0.92000001668930053700 0.00730622978881001473
0.93000000715255737300 0.00779012590646743775
0.93999999761581420900 0.00829335954040288925
0.94999998807907104500 0.00881323218345642090
0.95999997854232788100 0.00933150388300418854
0.97000002861022949200 0.00986801087856292725
0.98000001907348632800 0.01041707023978233340
0.99000000953674316400 0.01045268960297107700
1.00000000000000000000 0.01099983975291252140
