-1.00000000000000000000 -0.00594603316858410835
-0.99000000953674316400 -0.00592852476984262467
-0.98000001907348632800 -0.00593308312818408013
-0.97000002861022949200 -0.00593640422448515892
-0.95999997854232788100 -0.00594851421192288399
-0.94999998807907104500 -0.00595281878486275673
-0.93999999761581420900 -0.00594320194795727730
-0.93000000715255737300 -0.00593329500406980515
-0.92000001668930053700 -0.00593169312924146652
-0.91000002622604370100 -0.00593240093439817429
-0.89999997615814209000 -0.00592825422063469887
-0.88999998569488525400 -0.00591873889788985253
-0.87999999523162841800 -0.00592680089175701142
-0.87000000476837158200 -0.00594483688473701477
-0.86000001430511474600 -0.00595491705462336540
-0.85000002384185791000 -0.00596705684438347817
-0.83999997377395629900 -0.00595908006653189659
-0.82999998331069946300 -0.00594021705910563469
-0.81999999284744262700 -0.00595633499324321747
-0.81000000238418579100 -0.00595711497589945793
-0.80000001192092895500 -0.00593350082635879517
-0.79000002145767211900 -0.00594251090660691262
-0.77999997138977050800 -0.00595491612330079079
-0.76999998092651367200 -0.00596629409119486809
-0.75999999046325683600 -0.00597275793552398682
-0.75000000000000000000 -0.00597814191132783890
-0.74000000953674316400 -0.00596289196982979775
-0.73000001907348632800 -0.00595094682648777962
-0.72000002861022949200 -0.00596346799284219742
-0.70999997854232788100 -0.00594814307987689972
-0.69999998807907104500 -0.00593334203585982323
-0.68999999761581420900 -0.00593864079564809799
-0.68000000715255737300 -0.00594534212723374367
-0.67000001668930053700 -0.00595475500449538231
-0.66000002622604370100 -0.00596947502344846726
-0.64999997615814209000 -0.00595293007791042328
-0.63999998569488525400 -0.00594105105847120285
-0.62999999523162841800 -0.00595293380320072174
-0.62000000476837158200 -0.00594328297302126885
-0.61000001430511474600 -0.00592765305191278458
-0.60000002384185791000 -0.00592863513156771660
-0.58999997377395629900 -0.00593790318816900254
-0.57999998331069946300 -0.00594847602769732476
-0.56999999284744262700 -0.00595876621082425118
-0.56000000238418579100 -0.00596511503681540489
-0.55000001192092895500 -0.00595569889992475510
-0.54000002145767211900 -0.00593642517924308777
-0.52999997138977050800 -0.00595187116414308548
-0.51999998092651367200 -0.00593915209174156189
-0.50999999046325683600 -0.00592136802151799202
-0.50000000000000000000 -0.00593038415536284447
-0.49000000953674316400 -0.00593268498778343201
-0.47999998927116394000 -0.00594218820333480835
-0.46999999880790710400 -0.00595046905800700188
-0.46000000834465026800 -0.00594748416915535927
-0.44999998807907104500 -0.00592477200552821160
-0.43999999761581420900 -0.00591514911502599716
-0.43000000715255737300 -0.00591576611623167992
-0.41999998688697814900 -0.00589946703985333443
-0.40999999642372131300 -0.00589272892102599144
-0.40000000596046447700 -0.00589561788365244866
-0.38999998569488525400 -0.00590860983356833458
-0.37999999523162841800 -0.00592310307547450066
-0.37000000476837158200 -0.00593532295897603035
-0.36000001430511474600 -0.00592346722260117531
-0.34999999403953552200 -0.00590961985290050507
-0.34000000357627868600 -0.00592025602236390114
-0.33000001311302185100 -0.00591666297987103462
-0.31999999284744262700 -0.00590426987037062645
-0.31000000238418579100 -0.00590757001191377640
-0.30000001192092895500 -0.00591440917924046517
-0.28999999165534973100 -0.00593236694112420082
-0.28000000119209289500 -0.00594358891248703003
-0.27000001072883606000 -0.00594476191326975823
-0.25999999046325683600 -0.00593618815764784813
-0.25000000000000000000 -0.00592062016949057579
-0.23999999463558197000 -0.00593404099345207215
-0.23000000417232513400 -0.00592914316803216934
-0.21999999880790710400 -0.00590744102373719216
-0.20999999344348907500 -0.00591299496591091156
-0.20000000298023223900 -0.00592478085309267044
-0.18999999761581420900 -0.00593071896582841873
-0.18000000715255737300 -0.00593413319438695908
-0.17000000178813934300 -0.00593223189935088158
-0.15999999642372131300 -0.00590641284361481667
-0.15000000596046447800 -0.00590979587286710739
-0.14000000059604644800 -0.00590739212930202484
-0.12999999523162841800 -0.00589123088866472244
-0.11999999731779098500 -0.00588819710537791252
-0.10999999940395355200 -0.00588563410565257073
-0.10000000149011611900 -0.00590269500389695168
-0.09000000357627868650 -0.00591179588809609413
-0.07999999821186065670 -0.00591595703735947609
-0.07000000029802322390 -0.00590276997536420822
-0.05999999865889549260 -0.00588655797764658928
-0.05000000074505805970 -0.00589415291324257851
-0.03999999910593032840 -0.00588264688849449158
-0.02999999932944774630 -0.00586535083130002022
-0.01999999955296516420 -0.00586694385856390000
-0.00999999977648258210 -0.00587317114695906639
0.00000000000000000000 -0.00587831111624836922
0.00999999977648258210 -0.00587340909987688065
0.01999999955296516420 -0.00587651785463094712
0.02999999932944774630 -0.00586626585572957993
0.03999999910593032840 -0.00582926301285624504
0.05000000074505805970 -0.00583510799333453179
0.05999999865889549260 -0.00582558987662196160
0.07000000029802322390 -0.00579437194392085076
0.07999999821186065670 -0.00578852184116840363
0.09000000357627868650 -0.00579047389328479767
0.10000000149011611900 -0.00579082919284701348
0.10999999940395355200 -0.00578507781028747559
0.11999999731779098500 -0.00578264193609356880
0.12999999523162841800 -0.00575630506500601769
0.14000000059604644800 -0.00573483482003211975
0.15000000596046447800 -0.00573630118742585182
0.15999999642372131300 -0.00571199599653482437
0.17000000178813934300 -0.00568609591573476792
0.18000000715255737300 -0.00568393804132938385
0.18999999761581420900 -0.00567871378734707833
0.20000000298023223900 -0.00566683476790785790
0.20999999344348907500 -0.00566255114972591400
0.21999999880790710400 -0.00562282511964440346
0.23000000417232513400 -0.00558182504028081894
0.23999999463558197000 -0.00556781003251671791
0.25000000000000000000 -0.00552465720102190972
0.25999999046325683600 -0.00547566590830683708
0.27000001072883606000 -0.00543931312859058380
0.28000000119209289500 -0.00540211610496044159
0.28999999165534973100 -0.00536455819383263588
0.30000001192092895500 -0.00531328003853559494
0.31000000238418579100 -0.00524770980700850487
0.31999999284744262700 -0.00517518399283289910
0.33000001311302185100 -0.00510020088404417038
0.34000000357627868600 -0.00502627715468406677
0.34999999403953552200 -0.00493407016620039940
0.36000001430511474600 -0.00483976118266582489
0.37000000476837158200 -0.00474811112508177757
0.37999999523162841800 -0.00465433392673730850
0.38999998569488525400 -0.00455660605803132057
0.40000000596046447700 -0.00444836402311921120
0.40999999642372131300 -0.00432953285053372383
0.41999998688697814900 -0.00418756809085607529
0.43000000715255737300 -0.00406531011685729027
0.43999999761581420900 -0.00393147021532058716
0.44999998807907104500 -0.00378133403137326241
0.46000000834465026800 -0.00364262098446488381
0.46999999880790710400 -0.00350182899273931980
0.47999998927116394000 -0.00335790310055017471
0.49000000953674316400 -0.00321075692772865296
0.50000000000000000000 -0.00306067895144224167
0.50999999046325683600 -0.00289718806743621826
0.51999998092651367200 -0.00273688905872404575
0.52999997138977050800 -0.00258402107283473015
0.54000002145767211900 -0.00242595607414841652
0.55000001192092895500 -0.00226387497968971729
0.56000000238418579100 -0.00211061211302876473
0.56999999284744262700 -0.00196102401241660118
0.57999998331069946300 -0.00181301299016922712
0.58999997377395629900 -0.00166203198023140430
0.60000002384185791000 -0.00150950101669877768
0.61000001430511474600 -0.00135516596492379904
0.62000000476837158200 -0.00120228703599423170
0.62999999523162841800 -0.00104940903838723898
0.63999998569488525400 -0.00086527498206123710
0.64999997615814209000 -0.00070676230825483799
0.66000002622604370100 -0.00055757572408765554
0.67000001668930053700 -0.00040290120523422956
0.68000000715255737300 -0.00024244929954875261
0.68999999761581420900 -0.00008601767331128940
0.69999998807907104500 0.00004107828863197938
0.70999997854232788100 0.00026061761309392750
0.72000002861022949200 0.00044853740837424994
0.73000001907348632800 0.00064667651895433664
0.74000000953674316400 0.00085455068619921804
0.75000000000000000000 0.00112623104359954596
0.75999999046325683600 0.00137372699100524187
0.76999998092651367200 0.00163609499577432871
0.77999997138977050800 0.00191305403131991625
0.79000002145767211900 0.00220841192640364170
0.80000001192092895500 0.00251958309672772884
0.81000000238418579100 0.00284614507108926773
0.81999999284744262700 0.00318662892095744610
0.82999998331069946300 0.00354216992855072022
0.83999997377395629900 0.00391746079549193382
0.85000002384185791000 0.00430430704727768898
0.86000001430511474600 0.00470576994121074677
0.87000000476837158200 0.00512464717030525208
0.87999999523162841800 0.00555910822004079819
0.88999998569488525400 0.00602008216083049774
0.89999997615814209000 0.00647617410868406296
0.91000002622604370100 0.00695168599486351013
0.92000001668930053700 0.00743152480572462082
0.93000000715255737300 0.00792971719056367874
0.93999999761581420900 0.00844429712742567063
0.94999998807907104500 0.00895723607391119004
0.95999997854232788100 0.00948555022478103638
0.97000002861022949200 0.01003454998135566710
0.98000001907348632800 0.01008168980479240420
0.99000000953674316400 0.01061285007745027540
1.00000000000000000000 0.01115730963647365570
