-1.00000000000000000000 -0.00567845115438103676
-0.99000000953674316400 -0.00569035811349749565
-0.98000001907348632800 -0.00570897199213504791
-0.97000002861022949200 -0.00571063999086618424
-0.95999997854232788100 -0.00573197985067963600
-0.94999998807907104500 -0.00574153196066617966
-0.93999999761581420900 -0.00571504794061183930
-0.93000000715255737300 -0.00571484910324215889
-0.92000001668930053700 -0.00572641286998987198
-0.91000002622604370100 -0.00570500409230589867
-0.89999997615814209000 -0.00570280011743307114
-0.88999998569488525400 -0.00571723422035574913
-0.87999999523162841800 -0.00571641605347394943
-0.87000000476837158200 -0.00573740480467677117
-0.86000001430511474600 -0.00574877904728055000
-0.85000002384185791000 -0.00573603296652436257
-0.83999997377395629900 -0.00571811012923717499
-0.82999998331069946300 -0.00572941498830914498
-0.81999999284744262700 -0.00571691896766424179
-0.81000000238418579100 -0.00570304598659276962
-0.80000001192092895500 -0.00570667581632733345
-0.79000002145767211900 -0.00570931611582636833
-0.77999997138977050800 -0.00572641286998987198
-0.76999998092651367200 -0.00572570506483316422
-0.75999999046325683600 -0.00573451817035675049
-0.75000000000000000000 -0.00572516908869147301
-0.74000000953674316400 -0.00569820497184991837
-0.73000001907348632800 -0.00570738315582275391
-0.72000002861022949200 -0.00571320904418826103
-0.70999997854232788100 -0.00568177178502082825
-0.69999998807907104500 -0.00568940816447138786
-0.68999999761581420900 -0.00571374502032995224
-0.68000000715255737300 -0.00570900179445743561
-0.67000001668930053700 -0.00572439096868038178
-0.66000002622604370100 -0.00573666812852025032
-0.64999997615814209000 -0.00571218598634004593
-0.63999998569488525400 -0.00569963408634066582
-0.62999999523162841800 -0.00571858510375022888
-0.62000000476837158200 -0.00568882422521710396
-0.61000001430511474600 -0.00568677997216582298
-0.60000002384185791000 -0.00570562900975346565
-0.58999997377395629900 -0.00570003408938646317
-0.57999998331069946300 -0.00571921095252037049
-0.56999999284744262700 -0.00573877710849046707
-0.56000000238418579100 -0.00571959605440497399
-0.55000001192092895500 -0.00569685315713286400
-0.54000002145767211900 -0.00571264419704675675
-0.52999997138977050800 -0.00569465197622776032
-0.51999998092651367200 -0.00568192498758435250
-0.50999999046325683600 -0.00568585516884922981
-0.50000000000000000000 -0.00568096479400992394
-0.49000000953674316400 -0.00569956377148628235
-0.47999998927116394000 -0.00570363504812121391
-0.46999999880790710400 -0.00570451514795422554
-0.46000000834465026800 -0.00568820210173726082
-0.44999998807907104500 -0.00567185413092374802
-0.43999999761581420900 -0.00567829003557562828
-0.43000000715255737300 -0.00567995291203260422
-0.41999998688697814900 -0.00566555000841617584
-0.40999999642372131300 -0.00566804315894842148
-0.40000000596046447700 -0.00569257419556379318
-0.38999998569488525400 -0.00569701287895441055
-0.37999999523162841800 -0.00570645509287714958
-0.37000000476837158200 -0.00572167383506894112
-0.36000001430511474600 -0.00570030696690082550
-0.34999999403953552200 -0.00569811603054404259
-0.34000000357627868600 -0.00571414409205317497
-0.33000001311302185100 -0.00568284280598163605
-0.31999999284744262700 -0.00567873986437916756
-0.31000000238418579100 -0.00570114515721797943
-0.30000001192092895500 -0.00569442193955183029
-0.28999999165534973100 -0.00570980506017804146
-0.28000000119209289500 -0.00572808086872100830
-0.27000001072883606000 -0.00570092815905809403
-0.25999999046325683600 -0.00568488286808133126
-0.25000000000000000000 -0.00570595497265458107
-0.23999999463558197000 -0.00568370521068572998
-0.23000000417232513400 -0.00567151792347431183
-0.21999999880790710400 -0.00568395713344216347
-0.20999999344348907500 -0.00567459221929311752
-0.20000000298023223900 -0.00569040188565850258
-0.18999999761581420900 -0.00570185994729399681
-0.18000000715255737300 -0.00569628877565264702
-0.17000000178813934300 -0.00568554177880287171
-0.15999999642372131300 -0.00567544810473918915
-0.15000000596046447800 -0.00567334098741412163
-0.14000000059604644800 -0.00566552206873893738
-0.12999999523162841800 -0.00566058186814188957
-0.11999999731779098500 -0.00565814878791570664
-0.10999999940395355200 -0.00567980716004967690
-0.10000000149011611900 -0.00568721909075975418
-0.09000000357627868650 -0.00569327315315604210
-0.07999999821186065670 -0.00569207500666379929
-0.07000000029802322390 -0.00567152304574847222
-0.05999999865889549260 -0.00567667698487639427
-0.05000000074505805970 -0.00568340392783284188
-0.03999999910593032840 -0.00565456598997116089
-0.02999999932944774630 -0.00565165700390934944
-0.01999999955296516420 -0.00567190721631050110
-0.00999999977648258210 -0.00567026482895016670
0.00000000000000000000 -0.00567920086905360222
0.00999999977648258210 -0.00568719115108251572
0.01999999955296516420 -0.00568224210292100907
0.02999999932944774630 -0.00564841879531741142
0.03999999910593032840 -0.00565664609894156456
0.05000000074505805970 -0.00564872520044445992
0.05999999865889549260 -0.00562394084408879280
0.07000000029802322390 -0.00562744494527578354
0.07999999821186065670 -0.00562585191801190376
0.09000000357627868650 -0.00563096301630139351
0.10000000149011611900 -0.00564061896875500679
0.10999999940395355200 -0.00564354099333286286
0.11999999731779098500 -0.00562548218294978142
0.12999999523162841800 -0.00561584997922182083
0.14000000059604644800 -0.00561559200286865235
0.15000000596046447800 -0.00560617819428443909
0.15999999642372131300 -0.00560083193704485893
0.17000000178813934300 -0.00559009797871112824
0.18000000715255737300 -0.00559776509180665016
0.18999999761581420900 -0.00561452377587556839
0.20000000298023223900 -0.00560943176969885826
0.20999999344348907500 -0.00560635980218648911
0.21999999880790710400 -0.00560197792947292328
0.23000000417232513400 -0.00556534994393587113
0.23999999463558197000 -0.00556725822389125824
0.25000000000000000000 -0.00555928889662027359
0.25999999046325683600 -0.00551775284111499787
0.27000001072883606000 -0.00551620312035083771
0.28000000119209289500 -0.00552143389359116554
0.28999999165534973100 -0.00549715384840965271
0.30000001192092895500 -0.00549075100570917130
0.31000000238418579100 -0.00548371579498052597
0.31999999284744262700 -0.00543003994971513748
0.33000001311302185100 -0.00541391177102923393
0.34000000357627868600 -0.00539541710168123245
0.34999999403953552200 -0.00534539110958576203
0.36000001430511474600 -0.00532177789136767388
0.37000000476837158200 -0.00530580291524529457
0.37999999523162841800 -0.00527536915615200997
0.38999998569488525400 -0.00525366002693772316
0.40000000596046447700 -0.00523249711841344834
0.40999999642372131300 -0.00517331296578049660
0.41999998688697814900 -0.00512442691251635552
0.43000000715255737300 -0.00509449094533920288
0.43999999761581420900 -0.00503879878669977188
0.44999998807907104500 -0.00498222000896930695
0.46000000834465026800 -0.00493805715814232826
0.46999999880790710400 -0.00488844281062483788
0.47999998927116394000 -0.00484806485474109650
0.49000000953674316400 -0.00479787122458219528
0.50000000000000000000 -0.00473428005352616310
0.50999999046325683600 -0.00466067995876073837
0.51999998092651367200 -0.00457341596484184265
0.52999997138977050800 -0.00449415203183889389
0.54000002145767211900 -0.00440292013809084892
0.55000001192092895500 -0.00428903894498944283
0.56000000238418579100 -0.00417344691231846810
0.56999999284744262700 -0.00405109208077192307
0.57999998331069946300 -0.00390345999039709568
0.58999997377395629900 -0.00372946611605584622
0.60000002384185791000 -0.00353417801670730114
0.61000001430511474600 -0.00328689604066312313
0.62000000476837158200 -0.00301446090452373028
0.62999999523162841800 -0.00272135809063911438
0.63999998569488525400 -0.00237592798657715321
0.64999997615814209000 -0.00200080592185258865
0.66000002622604370100 -0.00160096795298159123
0.67000001668930053700 -0.00116080103907734156
0.68000000715255737300 -0.00067007879260927439
0.68999999761581420900 -0.00021300600201357156
0.69999998807907104500 0.00025870901299640536
0.70999997854232788100 0.00081507052527740598
0.72000002861022949200 0.00144327001180499792
0.73000001907348632800 0.00205082795582711697
0.74000000953674316400 0.00267766392789781094
0.75000000000000000000 0.00332304206676781178
0.75999999046325683600 0.00399317778646945954
0.76999998092651367200 0.00474447710439562798
0.77999997138977050800 0.00547540700063109398
0.79000002145767211900 0.00621371297165751457
0.80000001192092895500 0.00699963187798857689
0.81000000238418579100 0.00784535799175500870
0.81999999284744262700 0.00862896814942359925
0.82999998331069946300 0.00942491833120584488
0.83999997377395629900 0.01016695983707904820
0.85000002384185791000 0.01045823004096746440
0.86000001430511474600 0.01137153990566730500
0.87000000476837158200 0.01226382981985807420
0.87999999523162841800 0.01313847023993730550
0.88999998569488525400 0.01395327970385551450
0.89999997615814209000 0.01456324011087417600
0.91000002622604370100 0.01385654043406248090
0.92000001668930053700 0.01402128953486680980
0.93000000715255737300 0.01408713031560182570
0.93999999761581420900 0.01370131969451904300
0.94999998807907104500 0.01376065984368324280
0.95999997854232788100 0.01393180992454290390
0.97000002861022949200 0.01375402975827455520
0.98000001907348632800 0.01427302043884992600
0.99000000953674316400 0.01436084974557161330
1.00000000000000000000 0.01445483975112438200
