-1.00000000000000000000 -0.00585120078176259995
-0.99000000953674316400 -0.00586194498464465142
-0.98000001907348632800 -0.00587682286277413368
-0.97000002861022949200 -0.00586810708045959473
-0.95999997854232788100 -0.00585117703303694725
-0.94999998807907104500 -0.00586191983893513680
-0.93999999761581420900 -0.00585190905258059502
-0.93000000715255737300 -0.00583736412227153778
-0.92000001668930053700 -0.00584426196292042732
-0.91000002622604370100 -0.00584333483129739762
-0.89999997615814209000 -0.00585409114137291908
-0.88999998569488525400 -0.00586635479703545571
-0.87999999523162841800 -0.00586947705596685410
-0.87000000476837158200 -0.00585472676903009415
-0.86000001430511474600 -0.00584455579519271851
-0.85000002384185791000 -0.00584026798605918884
-0.83999997377395629900 -0.00583710288628935814
-0.82999998331069946300 -0.00582830095663666725
-0.81999999284744262700 -0.00582079682499170304
-0.81000000238418579100 -0.00583179714158177376
-0.80000001192092895500 -0.00584816513583064080
-0.79000002145767211900 -0.00585000216960906983
-0.77999997138977050800 -0.00586005393415689469
-0.76999998092651367200 -0.00585810095071792603
-0.75999999046325683600 -0.00583493476733565331
-0.75000000000000000000 -0.00585018098354339600
-0.74000000953674316400 -0.00585246877744793892
-0.73000001907348632800 -0.00583068607375025749
-0.72000002861022949200 -0.00583897391334176064
-0.70999997854232788100 -0.00585334096103906632
-0.69999998807907104500 -0.00585690978914499283
-0.68999999761581420900 -0.00586374895647168160
-0.68000000715255737300 -0.00587511993944644928
-0.67000001668930053700 -0.00585187878459692002
-0.66000002622604370100 -0.00583928916603326798
-0.64999997615814209000 -0.00584899494424462319
-0.63999998569488525400 -0.00582568487152457237
-0.62999999523162841800 -0.00581652019172906876
-0.62000000476837158200 -0.00582306599244475365
-0.61000001430511474600 -0.00581943523138761521
-0.60000002384185791000 -0.00582916801795363426
-0.58999997377395629900 -0.00583771895617246628
-0.57999998331069946300 -0.00581931089982390404
-0.56999999284744262700 -0.00580625981092453003
-0.56000000238418579100 -0.00580624677240848541
-0.55000001192092895500 -0.00579343689605593682
-0.54000002145767211900 -0.00578396487981081009
-0.52999997138977050800 -0.00578659493476152420
-0.51999998092651367200 -0.00578298280015587807
-0.50999999046325683600 -0.00580434501171112061
-0.50000000000000000000 -0.00582297984510660172
-0.49000000953674316400 -0.00581787992268800736
-0.47999998927116394000 -0.00582160381600260735
-0.46999999880790710400 -0.00580884423106908798
-0.46000000834465026800 -0.00580485304817557335
-0.44999998807907104500 -0.00580974714830517769
-0.43999999761581420900 -0.00579576287418603897
-0.43000000715255737300 -0.00578898284584283829
-0.41999998688697814900 -0.00580103322863578797
-0.40999999642372131300 -0.00581377511844038964
-0.40000000596046447700 -0.00581370387226343155
-0.38999998569488525400 -0.00583131378516554833
-0.37999999523162841800 -0.00581610109657049179
-0.37000000476837158200 -0.00579285016283392906
-0.36000001430511474600 -0.00580703001469373703
-0.34999999403953552200 -0.00580059783533215523
-0.34000000357627868600 -0.00577571010217070580
-0.33000001311302185100 -0.00578299397602677345
-0.31999999284744262700 -0.00579135213047266007
-0.31000000238418579100 -0.00579192396253347397
-0.30000001192092895500 -0.00580515898764133454
-0.28999999165534973100 -0.00580291589722037316
-0.28000000119209289500 -0.00578780192881822586
-0.27000001072883606000 -0.00577661022543907166
-0.25999999046325683600 -0.00578252319246530533
-0.25000000000000000000 -0.00577263301238417626
-0.23999999463558197000 -0.00576582504436373711
-0.23000000417232513400 -0.00577194988727569580
-0.21999999880790710400 -0.00577828614041209221
-0.20999999344348907500 -0.00579484505578875542
-0.20000000298023223900 -0.00579929398372769356
-0.18999999761581420900 -0.00580329122021794319
-0.18000000715255737300 -0.00579733308404684067
-0.17000000178813934300 -0.00578420981764793396
-0.15999999642372131300 -0.00578761985525488854
-0.15000000596046447800 -0.00577888218685984612
-0.14000000059604644800 -0.00576893985271453858
-0.12999999523162841800 -0.00576978502795100212
-0.11999999731779098500 -0.00578521890565752983
-0.10999999940395355200 -0.00578942708671092987
-0.10000000149011611900 -0.00579454610124230385
-0.09000000357627868650 -0.00579039519652724266
-0.07999999821186065670 -0.00576892215758562088
-0.07000000029802322390 -0.00576103013008832932
-0.05999999865889549260 -0.00576112605631351471
-0.05000000074505805970 -0.00573289999738335610
-0.03999999910593032840 -0.00572451809421181679
-0.02999999932944774630 -0.00573466299101710320
-0.01999999955296516420 -0.00573169393464922905
-0.00999999977648258210 -0.00574013311415910721
0.00000000000000000000 -0.00574910687282681465
0.00999999977648258210 -0.00574357202276587486
0.01999999955296516420 -0.00572471413761377335
0.02999999932944774630 -0.00572384381666779518
0.03999999910593032840 -0.00572570320218801499
0.05000000074505805970 -0.00571086909621953964
0.05999999865889549260 -0.00571370404213666916
0.07000000029802322390 -0.00572007894515991211
0.07999999821186065670 -0.00572775909677147865
0.09000000357627868650 -0.00574221787974238396
0.10000000149011611900 -0.00574716087430715561
0.10999999940395355200 -0.00573831889778375626
0.11999999731779098500 -0.00572475092485547066
0.12999999523162841800 -0.00572678400203585625
0.14000000059604644800 -0.00571766914799809456
0.15000000596046447800 -0.00570499803870916367
0.15999999642372131300 -0.00569727597758173943
0.17000000178813934300 -0.00570126390084624291
0.18000000715255737300 -0.00571382185444235802
0.18999999761581420900 -0.00571205513551831246
0.20000000298023223900 -0.00571282580494880676
0.20999999344348907500 -0.00570411980152130127
0.21999999880790710400 -0.00567352585494518280
0.23000000417232513400 -0.00567559292539954186
0.23999999463558197000 -0.00566683709621429444
0.25000000000000000000 -0.00563090108335018158
0.25999999046325683600 -0.00562357017770409584
0.27000001072883606000 -0.00561728281900286675
0.28000000119209289500 -0.00560312811285257340
0.28999999165534973100 -0.00558822089806199074
0.30000001192092895500 -0.00557893514633178711
0.31000000238418579100 -0.00553729617968201637
0.31999999284744262700 -0.00549450796097517014
0.33000001311302185100 -0.00547443702816963196
0.34000000357627868600 -0.00542317517101764679
0.34999999403953552200 -0.00536547601222991944
0.36000001430511474600 -0.00531709194183349610
0.37000000476837158200 -0.00525803677737712860
0.37999999523162841800 -0.00519289309158921242
0.38999998569488525400 -0.00512477196753025055
0.40000000596046447700 -0.00502906879410147667
0.40999999642372131300 -0.00492377998307347298
0.41999998688697814900 -0.00481277797371149063
0.43000000715255737300 -0.00469705322757363320
0.43999999761581420900 -0.00456855213269591332
0.44999998807907104500 -0.00443602493032813072
0.46000000834465026800 -0.00429785018786787987
0.46999999880790710400 -0.00415684422478079796
0.47999998927116394000 -0.00401190388947725296
0.49000000953674316400 -0.00385106890462338925
0.50000000000000000000 -0.00368861807510256767
0.50999999046325683600 -0.00351640395820140839
0.51999998092651367200 -0.00333713111467659474
0.52999997138977050800 -0.00316198007203638554
0.54000002145767211900 -0.00297780707478523254
0.55000001192092895500 -0.00278932088986039162
0.56000000238418579100 -0.00260525709018111229
0.56999999284744262700 -0.00241848500445485115
0.57999998331069946300 -0.00222396804019808769
0.58999997377395629900 -0.00203120405785739422
0.60000002384185791000 -0.00183048599865287542
0.61000001430511474600 -0.00162276101764291525
0.62000000476837158200 -0.00142193399369716644
0.62999999523162841800 -0.00121611298527568579
0.63999998569488525400 -0.00100336596369743347
0.64999997615814209000 -0.00076031679054722190
0.66000002622604370100 -0.00056097871856763959
0.67000001668930053700 -0.00035404559457674623
0.68000000715255737300 -0.00014629270299337804
0.68999999761581420900 0.00005414128099801019
0.69999998807907104500 0.00026183290174230933
0.70999997854232788100 0.00047336748684756458
0.72000002861022949200 0.00068521912908181548
0.73000001907348632800 0.00089704978745430708
0.74000000953674316400 0.00116161396726965904
0.75000000000000000000 0.00138592405710369349
0.75999999046325683600 0.00161215104162693024
0.76999998092651367200 0.00183875905349850655
0.77999997138977050800 0.00206549908034503460
0.79000002145767211900 0.00229194597341120243
0.80000001192092895500 0.00252014002762734890
0.81000000238418579100 0.00274863210506737232
0.81999999284744262700 0.00297916308045387268
0.82999998331069946300 0.00321151409298181534
0.83999997377395629900 0.00344302691519260407
0.85000002384185791000 0.00367494090460240841
0.86000001430511474600 0.00390955200418829918
0.87000000476837158200 0.00414322922006249428
0.87999999523162841800 0.00437638815492391586
0.88999998569488525400 0.00461096921935677529
0.89999997615814209000 0.00484623713418841362
0.91000002622604370100 0.00508133415132761002
0.92000001668930053700 0.00531861698254942894
0.93000000715255737300 0.00555565208196640015
0.93999999761581420900 0.00579295121133327484
0.94999998807907104500 0.00603130878880620003
0.95999997854232788100 0.00626919791102409363
0.97000002861022949200 0.00650792988017201424
0.98000001907348632800 0.00674707209691405297
0.99000000953674316400 0.00698557402938604355
1.00000000000000000000 0.00722576398402452469
