-1.00000000000000000000 -0.00561637012287974358
-0.99000000953674316400 -0.00561175402253866196
-0.98000001907348632800 -0.00562805682420730591
-0.97000002861022949200 -0.00564562482759356499
-0.95999997854232788100 -0.00563815003260970116
-0.94999998807907104500 -0.00565842678770422936
-0.93999999761581420900 -0.00565537298098206520
-0.93000000715255737300 -0.00561772193759679794
-0.92000001668930053700 -0.00563796097412705422
-0.91000002622604370100 -0.00564094493165612221
-0.89999997615814209000 -0.00560243800282478333
-0.88999998569488525400 -0.00561537919566035271
-0.87999999523162841800 -0.00563255185261368752
-0.87000000476837158200 -0.00562092103064060211
-0.86000001430511474600 -0.00563749996945261955
-0.85000002384185791000 -0.00564956478774547577
-0.83999997377395629900 -0.00561749003827571869
-0.82999998331069946300 -0.00560814794152975083
-0.81999999284744262700 -0.00562397716566920281
-0.81000000238418579100 -0.00560173299163579941
-0.80000001192092895500 -0.00559971900656819344
-0.79000002145767211900 -0.00561138894408941269
-0.77999997138977050800 -0.00560822291299700737
-0.76999998092651367200 -0.00563017977401614189
-0.75999999046325683600 -0.00564383901655673981
-0.75000000000000000000 -0.00563446292653679848
-0.74000000953674316400 -0.00562101602554321289
-0.73000001907348632800 -0.00562459602952003479
-0.72000002861022949200 -0.00561462016776204109
-0.70999997854232788100 -0.00560637097805738449
-0.69999998807907104500 -0.00560763990506529808
-0.68999999761581420900 -0.00560314487665891648
-0.68000000715255737300 -0.00562600418925285340
-0.67000001668930053700 -0.00563160702586174011
-0.66000002622604370100 -0.00563572393730282784
-0.64999997615814209000 -0.00563110783696174622
-0.63999998569488525400 -0.00560621684417128563
-0.62999999523162841800 -0.00560361193493008614
-0.62000000476837158200 -0.00560690509155392647
-0.61000001430511474600 -0.00558819901198148728
-0.60000002384185791000 -0.00557809090241789818
-0.58999997377395629900 -0.00559495901688933373
-0.57999998331069946300 -0.00559735996648669243
-0.56999999284744262700 -0.00559932412579655647
-0.56000000238418579100 -0.00561138382181525231
-0.55000001192092895500 -0.00560216978192329407
-0.54000002145767211900 -0.00557943386957049370
-0.52999997138977050800 -0.00560392020270228386
-0.51999998092651367200 -0.00559894321486353874
-0.50999999046325683600 -0.00558042991906404495
-0.50000000000000000000 -0.00559941306710243225
-0.49000000953674316400 -0.00560548109933733940
-0.47999998927116394000 -0.00561592914164066315
-0.46999999880790710400 -0.00563365593552589417
-0.46000000834465026800 -0.00563836190849542618
-0.44999998807907104500 -0.00561680318787693978
-0.43999999761581420900 -0.00562353711575269699
-0.43000000715255737300 -0.00561925489455461502
-0.41999998688697814900 -0.00560279004275798798
-0.40999999642372131300 -0.00560732418671250344
-0.40000000596046447700 -0.00560635188594460488
-0.38999998569488525400 -0.00561763718724250794
-0.37999999523162841800 -0.00563414581120014191
-0.37000000476837158200 -0.00563826318830251694
-0.36000001430511474600 -0.00562406703829765320
-0.34999999403953552200 -0.00561493821442127228
-0.34000000357627868600 -0.00560755096375942230
-0.33000001311302185100 -0.00560192298144102097
-0.31999999284744262700 -0.00559238577261567116
-0.31000000238418579100 -0.00558215100318193436
-0.30000001192092895500 -0.00558883277699351311
-0.28999999165534973100 -0.00560711091384291649
-0.28000000119209289500 -0.00560102611780166626
-0.27000001072883606000 -0.00560491299256682396
-0.25999999046325683600 -0.00560901081189513207
-0.25000000000000000000 -0.00557658402249217034
-0.23999999463558197000 -0.00559247704222798348
-0.23000000417232513400 -0.00559863913804292679
-0.21999999880790710400 -0.00557072414085268974
-0.20999999344348907500 -0.00557397399097681046
-0.20000000298023223900 -0.00559861911460757256
-0.18999999761581420900 -0.00559785310178995133
-0.18000000715255737300 -0.00560431415215134621
-0.17000000178813934300 -0.00562516180798411370
-0.15999999642372131300 -0.00559782888740301132
-0.15000000596046447800 -0.00559096597135066986
-0.14000000059604644800 -0.00560271600261330605
-0.12999999523162841800 -0.00558035308495163918
-0.11999999731779098500 -0.00557484710589051247
-0.10999999940395355200 -0.00558830099180340767
-0.10000000149011611900 -0.00558501109480857849
-0.09000000357627868650 -0.00559911178424954415
-0.07999999821186065670 -0.00561421411111950874
-0.07000000029802322390 -0.00558782089501619339
-0.05999999865889549260 -0.00557455886155366898
-0.05000000074505805970 -0.00558279501274228096
-0.03999999910593032840 -0.00555763393640518189
-0.02999999932944774630 -0.00554282497614622116
-0.01999999955296516420 -0.00554705504328012467
-0.00999999977648258210 -0.00554445199668407440
0.00000000000000000000 -0.00555943092331290245
0.00999999977648258210 -0.00556860212236642838
0.01999999955296516420 -0.00556432502344250679
0.02999999932944774630 -0.00556493597105145455
0.03999999910593032840 -0.00554832490161061287
0.05000000074505805970 -0.00554175302386283875
0.05999999865889549260 -0.00554361799731850624
0.07000000029802322390 -0.00553358718752861023
0.07999999821186065670 -0.00552456313744187355
0.09000000357627868650 -0.00553850689902901650
0.10000000149011611900 -0.00555643811821937561
0.10999999940395355200 -0.00554209714755415917
0.11999999731779098500 -0.00555649213492870331
0.12999999523162841800 -0.00554787088185548783
0.14000000059604644800 -0.00550703098997473717
0.15000000596046447800 -0.00552101898938417435
0.15999999642372131300 -0.00551111577078700066
0.17000000178813934300 -0.00547100789844989777
0.18000000715255737300 -0.00547976605594158173
0.18999999761581420900 -0.00548644922673702240
0.20000000298023223900 -0.00546877598389983177
0.20999999344348907500 -0.00547657907009124756
0.21999999880790710400 -0.00547003699466586113
0.23000000417232513400 -0.00542665692046284676
0.23999999463558197000 -0.00541165983304381371
0.25000000000000000000 -0.00539858080446720123
0.25999999046325683600 -0.00535849202424287796
0.27000001072883606000 -0.00533924298360943794
0.28000000119209289500 -0.00532657792791724205
0.28999999165534973100 -0.00530256517231464386
0.30000001192092895500 -0.00529700890183448792
0.31000000238418579100 -0.00528109911829233170
0.31999999284744262700 -0.00523947086185216904
0.33000001311302185100 -0.00520235486328601837
0.34000000357627868600 -0.00517947087064385414
0.34999999403953552200 -0.00513795111328363419
0.36000001430511474600 -0.00509982416406273842
0.37000000476837158200 -0.00506428396329283714
0.37999999523162841800 -0.00503096310421824455
0.38999998569488525400 -0.00500903185456991196
0.40000000596046447700 -0.00496727507561445236
0.40999999642372131300 -0.00492657208815217018
0.41999998688697814900 -0.00487526506185531616
0.43000000715255737300 -0.00481322780251502991
0.43999999761581420900 -0.00476921116933226586
0.44999998807907104500 -0.00471842614933848381
0.46000000834465026800 -0.00464671477675437927
0.46999999880790710400 -0.00459603406488895416
0.47999998927116394000 -0.00454809702932834625
0.49000000953674316400 -0.00448011001572012901
0.50000000000000000000 -0.00442240200936794281
0.50999999046325683600 -0.00435506785288453102
0.51999998092651367200 -0.00425582798197865486
0.52999997138977050800 -0.00418000482022762299
0.54000002145767211900 -0.00409915205091238022
0.55000001192092895500 -0.00398507714271545410
0.56000000238418579100 -0.00388743495568633080
0.56999999284744262700 -0.00378459901548922062
0.57999998331069946300 -0.00365098705515265465
0.58999997377395629900 -0.00351428706198930740
0.60000002384185791000 -0.00334744900465011597
0.61000001430511474600 -0.00313831493258476257
0.62000000476837158200 -0.00288836192339658737
0.62999999523162841800 -0.00261445203796029091
0.63999998569488525400 -0.00228390493430197239
0.64999997615814209000 -0.00191726803313940764
0.66000002622604370100 -0.00151223200373351574
0.67000001668930053700 -0.00105322699528187513
0.68000000715255737300 -0.00054174271645024419
0.68999999761581420900 -0.00003530130925355479
0.69999998807907104500 0.00051558250561356545
0.70999997854232788100 0.00115987204480916262
0.72000002861022949200 0.00183811003807932138
0.73000001907348632800 0.00255524693056941032
0.74000000953674316400 0.00331547297537326813
0.75000000000000000000 0.00410396419465541840
0.75999999046325683600 0.00494405813515186310
0.76999998092651367200 0.00576663110405206680
0.77999997138977050800 0.00662944605574011803
0.79000002145767211900 0.00753209600225090981
0.80000001192092895500 0.00845071300864219666
0.81000000238418579100 0.00941273011267185212
0.81999999284744262700 0.01030881982296705250
0.82999998331069946300 0.01027838978916406630
0.83999997377395629900 0.01031402964144945140
0.85000002384185791000 0.01033835019916296010
0.86000001430511474600 0.01039495971053838730
0.87000000476837158200 0.01048932969570159910
0.87999999523162841800 0.01052089966833591460
0.88999998569488525400 0.01053551025688648220
0.89999997615814209000 0.01052348967641592030
0.91000002622604370100 0.01059835031628608700
0.92000001668930053700 0.01060299016535282140
0.93000000715255737300 0.01065335981547832490
0.93999999761581420900 0.01066718995571136470
0.94999998807907104500 0.01076428964734077450
0.95999997854232788100 0.01077787019312381740
0.97000002861022949200 0.01089224033057689670
0.98000001907348632800 0.01074905041605234150
0.99000000953674316400 0.01110775955021381380
1.00000000000000000000 0.01112045999616384510
