-1.00000000000000000000 -0.00592344393953680992
-0.99000000953674316400 -0.00592632684856653214
-0.98000001907348632800 -0.00592902209609746933
-0.97000002861022949200 -0.00593610387295484543
-0.95999997854232788100 -0.00594531185925006867
-0.94999998807907104500 -0.00594811281189322472
-0.93999999761581420900 -0.00593434087932109833
-0.93000000715255737300 -0.00591774377971887589
-0.92000001668930053700 -0.00592932617291808129
-0.91000002622604370100 -0.00592047814279794693
-0.89999997615814209000 -0.00590651622042059899
-0.88999998569488525400 -0.00592401484027504921
-0.87999999523162841800 -0.00592165999114513397
-0.87000000476837158200 -0.00594381010159850121
-0.86000001430511474600 -0.00595324719324707985
-0.85000002384185791000 -0.00594869488850235939
-0.83999997377395629900 -0.00593780120834708214
-0.82999998331069946300 -0.00594102498143911362
-0.81999999284744262700 -0.00593419605866074562
-0.81000000238418579100 -0.00592641998082399368
-0.80000001192092895500 -0.00592486700043082237
-0.79000002145767211900 -0.00592620018869638443
-0.77999997138977050800 -0.00594203406944870949
-0.76999998092651367200 -0.00595247186720371246
-0.75999999046325683600 -0.00595900882035493851
-0.75000000000000000000 -0.00594940083101391792
-0.74000000953674316400 -0.00592605210840702057
-0.73000001907348632800 -0.00593575695529580116
-0.72000002861022949200 -0.00592718319967389107
-0.70999997854232788100 -0.00590196298435330391
-0.69999998807907104500 -0.00590040720999240875
-0.68999999761581420900 -0.00590509502217173577
-0.68000000715255737300 -0.00591202499344944954
-0.67000001668930053700 -0.00591891398653388024
-0.66000002622604370100 -0.00591835519298911095
-0.64999997615814209000 -0.00590828014537692070
-0.63999998569488525400 -0.00588967977091670036
-0.62999999523162841800 -0.00589571520686149597
-0.62000000476837158200 -0.00588543619960546494
-0.61000001430511474600 -0.00586562417447566986
-0.60000002384185791000 -0.00587350223213434220
-0.58999997377395629900 -0.00587585987523198128
-0.57999998331069946300 -0.00588516611605882645
-0.56999999284744262700 -0.00589074892923235893
-0.56000000238418579100 -0.00588453281670808792
-0.55000001192092895500 -0.00586345000192523003
-0.54000002145767211900 -0.00586024811491370201
-0.52999997138977050800 -0.00585211906582117081
-0.51999998092651367200 -0.00583356991410255432
-0.50999999046325683600 -0.00582721503451466561
-0.50000000000000000000 -0.00581969181075692177
-0.49000000953674316400 -0.00582828279584646225
-0.47999998927116394000 -0.00582743110135197640
-0.46999999880790710400 -0.00583042576909065247
-0.46000000834465026800 -0.00580754177644848824
-0.44999998807907104500 -0.00577917788177728653
-0.43999999761581420900 -0.00577213289216160774
-0.43000000715255737300 -0.00575812486931681633
-0.41999998688697814900 -0.00572968600317835808
-0.40999999642372131300 -0.00571721419692039490
-0.40000000596046447700 -0.00571323186159133911
-0.38999998569488525400 -0.00570857105776667595
-0.37999999523162841800 -0.00570663483813405037
-0.37000000476837158200 -0.00570135097950696945
-0.36000001430511474600 -0.00567785091698169708
-0.34999999403953552200 -0.00564402015879750252
-0.34000000357627868600 -0.00564154284074902535
-0.33000001311302185100 -0.00561863509938120842
-0.31999999284744262700 -0.00558902183547616005
-0.31000000238418579100 -0.00558221293613314629
-0.30000001192092895500 -0.00556955020874738693
-0.28999999165534973100 -0.00556683819741010666
-0.28000000119209289500 -0.00555238500237464905
-0.27000001072883606000 -0.00553374318405985832
-0.25999999046325683600 -0.00550027191638946533
-0.25000000000000000000 -0.00546818785369396210
-0.23999999463558197000 -0.00544669711962342262
-0.23000000417232513400 -0.00541894510388374329
-0.21999999880790710400 -0.00538651691749691963
-0.20999999344348907500 -0.00536053720861673355
-0.20000000298023223900 -0.00534622278064489365
-0.18999999761581420900 -0.00532494485378265381
-0.18000000715255737300 -0.00529996398836374283
-0.17000000178813934300 -0.00526502914726734162
-0.15999999642372131300 -0.00521614495664834976
-0.15000000596046447800 -0.00518831191584467888
-0.14000000059604644800 -0.00514849089086055756
-0.12999999523162841800 -0.00509438896551728249
-0.11999999731779098500 -0.00505390577018260956
-0.10999999940395355200 -0.00502033904194831848
-0.10000000149011611900 -0.00498688407242298126
-0.09000000357627868650 -0.00495179416611790657
-0.07999999821186065670 -0.00490961084142327309
-0.07000000029802322390 -0.00485909497365355492
-0.05999999865889549260 -0.00479182414710521698
-0.05000000074505805970 -0.00474731996655464172
-0.03999999910593032840 -0.00469272816553711891
-0.02999999932944774630 -0.00462669599801301956
-0.01999999955296516420 -0.00457715010270476341
-0.00999999977648258210 -0.00452408101409673691
0.00000000000000000000 -0.00447398284450173378
0.00999999977648258210 -0.00441527878865599632
0.01999999955296516420 -0.00436940090730786324
0.02999999932944774630 -0.00429427390918135643
0.03999999910593032840 -0.00421495595946907997
0.05000000074505805970 -0.00416025612503290177
0.05999999865889549260 -0.00408919621258974075
0.07000000029802322390 -0.00400775810703635216
0.07999999821186065670 -0.00394244305789470673
0.09000000357627868650 -0.00387975806370377541
0.10000000149011611900 -0.00381413195282220841
0.10999999940395355200 -0.00374445202760398388
0.11999999731779098500 -0.00367398909293115139
0.12999999523162841800 -0.00359192793257534504
0.14000000059604644800 -0.00350320502184331417
0.15000000596046447800 -0.00343265198171138764
0.15999999642372131300 -0.00334541196934878826
0.17000000178813934300 -0.00325281103141605854
0.18000000715255737300 -0.00317283696494996548
0.18999999761581420900 -0.00309385708533227444
0.20000000298023223900 -0.00301171909086406231
0.20999999344348907500 -0.00292899203486740589
0.21999999880790710400 -0.00284433108754456043
0.23000000417232513400 -0.00274524791166186333
0.23999999463558197000 -0.00265778391622006893
0.25000000000000000000 -0.00257020699791610241
0.25999999046325683600 -0.00247330404818058014
0.27000001072883606000 -0.00238304608501493931
0.28000000119209289500 -0.00229958188720047474
0.28999999165534973100 -0.00221606297418475151
0.30000001192092895500 -0.00213003088720142841
0.31000000238418579100 -0.00204869499430060387
0.31999999284744262700 -0.00195794599130749703
0.33000001311302185100 -0.00186318997293710709
0.34000000357627868600 -0.00178375595714896917
0.34999999403953552200 -0.00169871200341731310
0.36000001430511474600 -0.00161006394773721695
0.37000000476837158200 -0.00153114402201026678
0.37999999523162841800 -0.00145617895759642124
0.38999998569488525400 -0.00138184602838009596
0.40000000596046447700 -0.00130866002291440964
0.40999999642372131300 -0.00123746402096003294
0.41999998688697814900 -0.00116396299563348293
0.43000000715255737300 -0.00109207304194569588
0.43999999761581420900 -0.00102918304037302732
0.44999998807907104500 -0.00093711627414450049
0.46000000834465026800 -0.00086269568419083953
0.46999999880790710400 -0.00080847780918702483
0.47999998927116394000 -0.00075649772770702839
0.49000000953674316400 -0.00070435582892969251
0.50000000000000000000 -0.00065715220989659429
0.50999999046325683600 -0.00061331968754529953
0.51999998092651367200 -0.00057182018645107746
0.52999997138977050800 -0.00053296831902116537
0.54000002145767211900 -0.00049612578004598618
0.55000001192092895500 -0.00045734719606116414
0.56000000238418579100 -0.00042031411430798471
0.56999999284744262700 -0.00038728149957023561
0.57999998331069946300 -0.00035335819120518863
0.58999997377395629900 -0.00031991189462132752
0.60000002384185791000 -0.00028888348606415093
0.61000001430511474600 -0.00025875240680761635
0.62000000476837158200 -0.00022912809799890965
0.62999999523162841800 -0.00020010750449728221
0.63999998569488525400 -0.00017083709826692939
0.64999997615814209000 -0.00014083689893595874
0.66000002622604370100 -0.00011104199802502990
0.67000001668930053700 -0.00008209970110328868
0.68000000715255737300 -0.00005256236909190193
0.68999999761581420900 -0.00002336587022000458
0.69999998807907104500 0.00000589513410886866
0.70999997854232788100 0.00003544938954291865
0.72000002861022949200 0.00006520914757857099
0.73000001907348632800 0.00009540494647808373
0.74000000953674316400 0.00012610049452632666
0.75000000000000000000 0.00015718690701760352
0.75999999046325683600 0.00018855319649446756
0.76999998092651367200 0.00022100190108176321
0.77999997138977050800 0.00025403359904885292
0.79000002145767211900 0.00028740760171785951
0.80000001192092895500 0.00032222620211541653
0.81000000238418579100 0.00035688150092028081
0.81999999284744262700 0.00039144878974184394
0.82999998331069946300 0.00042810541344806552
0.83999997377395629900 0.00046478919102810323
0.85000002384185791000 0.00050070200813934207
0.86000001430511474600 0.00053832808043807745
0.87000000476837158200 0.00057710817782208323
0.87999999523162841800 0.00061644898960366845
0.88999998569488525400 0.00065585889387875795
0.89999997615814209000 0.00069699971936643124
0.91000002622604370100 0.00073672679718583822
0.92000001668930053700 0.00077535427408292890
0.93000000715255737300 0.00081812078133225441
0.93999999761581420900 0.00086072791600599885
0.94999998807907104500 0.00090087618445977569
0.95999997854232788100 0.00094463722780346870
0.97000002861022949200 0.00099135434720665216
0.98000001907348632800 0.00103726400993764401
0.99000000953674316400 0.00113188195973634720
1.00000000000000000000 0.00118349900003522635
