-1.00000000000000000000 -0.00008892387995729223
-0.99000000953674316400 -0.00008832468301989138
-0.98000001907348632800 -0.00008753323345445096
-0.97000002861022949200 -0.00008697113662492484
-0.95999997854232788100 -0.00008635935228085145
-0.94999998807907104500 -0.00008584264287492260
-0.93999999761581420900 -0.00008522195275872946
-0.93000000715255737300 -0.00008469921158393845
-0.92000001668930053700 -0.00008411925955442712
-0.91000002622604370100 -0.00008366414840565994
-0.89999997615814209000 -0.00008326111128553748
-0.88999998569488525400 -0.00008262575283879414
-0.87999999523162841800 -0.00008216703281505033
-0.87000000476837158200 -0.00008150439680321142
-0.86000001430511474600 -0.00008114155934890732
-0.85000002384185791000 -0.00008060474647209048
-0.83999997377395629900 -0.00008007227734196931
-0.82999998331069946300 -0.00007956808258313686
-0.81999999284744262700 -0.00007899921911302954
-0.81000000238418579100 -0.00007852072303649038
-0.80000001192092895500 -0.00007789549272274598
-0.79000002145767211900 -0.00007744655886199325
-0.77999997138977050800 -0.00007686691969865933
-0.76999998092651367200 -0.00007639559044037014
-0.75999999046325683600 -0.00007583249680465087
-0.75000000000000000000 -0.00007541070954175666
-0.74000000953674316400 -0.00007485788228223100
-0.73000001907348632800 -0.00007430264668073505
-0.72000002861022949200 -0.00007382896728813648
-0.70999997854232788100 -0.00007326602644752711
-0.69999998807907104500 -0.00007275991083588451
-0.68999999761581420900 -0.00007220011320896447
-0.68000000715255737300 -0.00007175333303166553
-0.67000001668930053700 -0.00007116345659596846
-0.66000002622604370100 -0.00007079583883751184
-0.64999997615814209000 -0.00007030695269349962
-0.63999998569488525400 -0.00006982548802625388
-0.62999999523162841800 -0.00006934560951776803
-0.62000000476837158200 -0.00006876230327179655
-0.61000001430511474600 -0.00006820299313403666
-0.60000002384185791000 -0.00006767055310774595
-0.58999997377395629900 -0.00006719921657349914
-0.57999998331069946300 -0.00006657657650066540
-0.56999999284744262700 -0.00006622023647651076
-0.56000000238418579100 -0.00006564424256794155
-0.55000001192092895500 -0.00006505579949589446
-0.54000002145767211900 -0.00006462979217758402
-0.52999997138977050800 -0.00006409079651348293
-0.51999998092651367200 -0.00006356205994961783
-0.50999999046325683600 -0.00006304144335445017
-0.50000000000000000000 -0.00006256238702917472
-0.49000000953674316400 -0.00006192897853907198
-0.47999998927116394000 -0.00006155735900392756
-0.46999999880790710400 -0.00006099112943047658
-0.46000000834465026800 -0.00006047248098184355
-0.44999998807907104500 -0.00006003499947837554
-0.43999999761581420900 -0.00005953702930128202
-0.43000000715255737300 -0.00005893616980756633
-0.41999998688697814900 -0.00005842608879902400
-0.40999999642372131300 -0.00005788905036752112
-0.40000000596046447700 -0.00005727101961383596
-0.38999998569488525400 -0.00005693202911061235
-0.37999999523162841800 -0.00005620649972115643
-0.37000000476837158200 -0.00005581016012001783
-0.36000001430511474600 -0.00005538609912036918
-0.34999999403953552200 -0.00005487551970873028
-0.34000000357627868600 -0.00005434978083940223
-0.33000001311302185100 -0.00005386400152929127
-0.31999999284744262700 -0.00005325590973370709
-0.31000000238418579100 -0.00005268046152195893
-0.30000001192092895500 -0.00005231483009993099
-0.28999999165534973100 -0.00005158127169124782
-0.28000000119209289500 -0.00005124550079926848
-0.27000001072883606000 -0.00005075633089290932
-0.25999999046325683600 -0.00005019658055971377
-0.25000000000000000000 -0.00004969764995621517
-0.23999999463558197000 -0.00004922171137877740
-0.23000000417232513400 -0.00004858665124629624
-0.21999999880790710400 -0.00004816824002773501
-0.20999999344348907500 -0.00004771371823153459
-0.20000000298023223900 -0.00004703508966485970
-0.18999999761581420900 -0.00004664935840992257
-0.18000000715255737300 -0.00004609235838870518
-0.17000000178813934300 -0.00004561309106065892
-0.15999999642372131300 -0.00004512795931077562
-0.15000000596046447800 -0.00004459094998310320
-0.14000000059604644800 -0.00004405000072438270
-0.12999999523162841800 -0.00004356239151093177
-0.11999999731779098500 -0.00004307470953790471
-0.10999999940395355200 -0.00004238509063725360
-0.10000000149011611900 -0.00004200729017611593
-0.09000000357627868650 -0.00004144860940868966
-0.07999999821186065670 -0.00004101865124539472
-0.07000000029802322390 -0.00004052279109600931
-0.05999999865889549260 -0.00003996126179117709
-0.05000000074505805970 -0.00003944741911254823
-0.03999999910593032840 -0.00003897297938237898
-0.02999999932944774630 -0.00003840716090053320
-0.01999999955296516420 -0.00003782571002375335
-0.00999999977648258210 -0.00003739236126421019
0.00000000000000000000 -0.00003678353095892817
0.00999999977648258210 -0.00003641864168457687
0.01999999955296516420 -0.00003575443042791449
0.02999999932944774630 -0.00003533047129167244
0.03999999910593032840 -0.00003482661122689024
0.05000000074505805970 -0.00003433680103626102
0.05999999865889549260 -0.00003387165997992270
0.07000000029802322390 -0.00003328315870021470
0.07999999821186065670 -0.00003283083060523495
0.09000000357627868650 -0.00003222284067305736
0.10000000149011611900 -0.00003176194150000811
0.10999999940395355200 -0.00003114315040875226
0.11999999731779098500 -0.00003077817018493079
0.12999999523162841800 -0.00003019896030309610
0.14000000059604644800 -0.00002974108974740375
0.15000000596046447800 -0.00002926522029156331
0.15999999642372131300 -0.00002867942021111958
0.17000000178813934300 -0.00002823987961164676
0.18000000715255737300 -0.00002771314029814675
0.18999999761581420900 -0.00002721710916375741
0.20000000298023223900 -0.00002660044083313551
0.20999999344348907500 -0.00002618684084154665
0.21999999880790710400 -0.00002560802931839135
0.23000000417232513400 -0.00002518053952371702
0.23999999463558197000 -0.00002465874968038406
0.25000000000000000000 -0.00002411235072941054
0.25999999046325683600 -0.00002364809915889055
0.27000001072883606000 -0.00002307239083165769
0.28000000119209289500 -0.00002263570968352724
0.28999999165534973100 -0.00002212266917922534
0.30000001192092895500 -0.00002163425051548984
0.31000000238418579100 -0.00002100297933793627
0.31999999284744262700 -0.00002063957981590647
0.33000001311302185100 -0.00002013897028518841
0.34000000357627868600 -0.00001955910920514725
0.34999999403953552200 -0.00001908950071083382
0.36000001430511474600 -0.00001854689980973490
0.37000000476837158200 -0.00001804154999263119
0.37999999523162841800 -0.00001750424962665420
0.38999998569488525400 -0.00001703071029623970
0.40000000596046447700 -0.00001638327921682503
0.40999999642372131300 -0.00001602431075298227
0.41999998688697814900 -0.00001552098910906352
0.43000000715255737300 -0.00001495739979873179
0.43999999761581420900 -0.00001452812011848437
0.44999998807907104500 -0.00001399024040438235
0.46000000834465026800 -0.00001345264990959549
0.46999999880790710400 -0.00001296905975323170
0.47999998927116394000 -0.00001247042018803768
0.49000000953674316400 -0.00001181325023935642
0.50000000000000000000 -0.00001143991994467797
0.50999999046325683600 -0.00001082761991710868
0.51999998092651367200 -0.00001040875031321775
0.52999997138977050800 -0.00000989057298284024
0.54000002145767211900 -0.00000945530337048694
0.55000001192092895500 -0.00000894803633855190
0.56000000238418579100 -0.00000838185496832011
0.56999999284744262700 -0.00000788731631473638
0.57999998331069946300 -0.00000735065486878739
0.58999997377395629900 -0.00000682889321979019
0.60000002384185791000 -0.00000626459814156988
0.61000001430511474600 -0.00000584122608415782
0.62000000476837158200 -0.00000518705701324507
0.62999999523162841800 -0.00000484574411530048
0.63999998569488525400 -0.00000433788409281988
0.64999997615814209000 -0.00000373213197235600
0.66000002622604370100 -0.00000328933992932434
0.67000001668930053700 -0.00000272907004728040
0.68000000715255737300 -0.00000216477906178625
0.68999999761581420900 0.00000049673360535962
0.69999998807907104500 0.00000094568571284981
0.70999997854232788100 0.00000158623402057856
0.72000002861022949200 0.00000195279494619172
0.73000001907348632800 0.00000251669189310633
0.74000000953674316400 0.00000298874397230975
0.75000000000000000000 0.00000343538999914017
0.75999999046325683600 0.00000394915696233511
0.76999998092651367200 0.00000448994205726194
0.77999997138977050800 0.00000497452992931358
0.79000002145767211900 0.00000544215799891390
0.80000001192092895500 0.00000605546802034951
0.81000000238418579100 0.00000642865097688627
0.81999999284744262700 0.00000704080002833507
0.82999998331069946300 0.00000747531203160179
0.83999997377395629900 0.00000792634818935767
0.85000002384185791000 0.00000844723763293587
0.86000001430511474600 0.00000897285372047918
0.87000000476837158200 0.00000944749808695633
0.87999999523162841800 0.00000995887239696458
0.88999998569488525400 0.00001047459045366850
0.89999997615814209000 0.00001098509983421536
0.91000002622604370100 0.00001141403026849730
0.92000001668930053700 0.00001206930028274655
0.93000000715255737300 0.00001240480014530476
0.93999999761581420900 0.00001292295019084122
0.94999998807907104500 0.00001346435965388082
0.95999997854232788100 0.00001389736007695319
0.97000002861022949200 0.00001442344000679441
0.98000001907348632800 0.00001497112043580273
0.99000000953674316400 0.00001544997940072790
1.00000000000000000000 0.00001591657019162085
