-1.00000000000000000000 -0.00595646211877465248
-0.99000000953674316400 -0.00595305580645799637
-0.98000001907348632800 -0.00595558993518352509
-0.97000002861022949200 -0.00596384610980749130
-0.95999997854232788100 -0.00597395980730652809
-0.94999998807907104500 -0.00598029000684618950
-0.93999999761581420900 -0.00596176879480481148
-0.93000000715255737300 -0.00594427483156323433
-0.92000001668930053700 -0.00595625909045338631
-0.91000002622604370100 -0.00594066595658659935
-0.89999997615814209000 -0.00592578388750553131
-0.88999998569488525400 -0.00593508221209049225
-0.87999999523162841800 -0.00593329500406980515
-0.87000000476837158200 -0.00595686817541718483
-0.86000001430511474600 -0.00596075598150491715
-0.85000002384185791000 -0.00596470991149544716
-0.83999997377395629900 -0.00596117181703448296
-0.82999998331069946300 -0.00595021294429898262
-0.81999999284744262700 -0.00595798296853899956
-0.81000000238418579100 -0.00595445791259407997
-0.80000001192092895500 -0.00594175001606345177
-0.79000002145767211900 -0.00594606203958392143
-0.77999997138977050800 -0.00596495578065514565
-0.76999998092651367200 -0.00596785405650734902
-0.75999999046325683600 -0.00598313985392451286
-0.75000000000000000000 -0.00598042691126465798
-0.74000000953674316400 -0.00595182320103049278
-0.73000001907348632800 -0.00596553087234497070
-0.72000002861022949200 -0.00595958391204476357
-0.70999997854232788100 -0.00593083677813410759
-0.69999998807907104500 -0.00593765918165445328
-0.68999999761581420900 -0.00593715906143188477
-0.68000000715255737300 -0.00594290578737854958
-0.67000001668930053700 -0.00595260318368673325
-0.66000002622604370100 -0.00595456408336758614
-0.64999997615814209000 -0.00593942916020751000
-0.63999998569488525400 -0.00592061085626482964
-0.62999999523162841800 -0.00592930801212787628
-0.62000000476837158200 -0.00591462012380361557
-0.61000001430511474600 -0.00589842302724719048
-0.60000002384185791000 -0.00590613111853599548
-0.58999997377395629900 -0.00591014418751001358
-0.57999998331069946300 -0.00592078920453786850
-0.56999999284744262700 -0.00592617876827716828
-0.56000000238418579100 -0.00591698102653026581
-0.55000001192092895500 -0.00589760486036539078
-0.54000002145767211900 -0.00589698692783713341
-0.52999997138977050800 -0.00588661292567849159
-0.51999998092651367200 -0.00586158176884055138
-0.50999999046325683600 -0.00585864204913377762
-0.50000000000000000000 -0.00586273102089762688
-0.49000000953674316400 -0.00586738390848040581
-0.47999998927116394000 -0.00586102996021509171
-0.46999999880790710400 -0.00587339187040925026
-0.46000000834465026800 -0.00584171479567885399
-0.44999998807907104500 -0.00581599213182926178
-0.43999999761581420900 -0.00582250580191612244
-0.43000000715255737300 -0.00579760316759347916
-0.41999998688697814900 -0.00577643094584345818
-0.40999999642372131300 -0.00577537389472126961
-0.40000000596046447700 -0.00577148701995611191
-0.38999998569488525400 -0.00576531281694769860
-0.37999999523162841800 -0.00577631592750549317
-0.37000000476837158200 -0.00575911020860075951
-0.36000001430511474600 -0.00572121096774935723
-0.34999999403953552200 -0.00572608504444360733
-0.34000000357627868600 -0.00571099389344453812
-0.33000001311302185100 -0.00567443482577800751
-0.31999999284744262700 -0.00566530087962746620
-0.31000000238418579100 -0.00566448923200368881
-0.30000001192092895500 -0.00564972497522830963
-0.28999999165534973100 -0.00565432198345661164
-0.28000000119209289500 -0.00564227020367980004
-0.27000001072883606000 -0.00560542289167642594
-0.25999999046325683600 -0.00557486899197101593
-0.25000000000000000000 -0.00556401116773486138
-0.23999999463558197000 -0.00553474016487598419
-0.23000000417232513400 -0.00550444610416889191
-0.21999999880790710400 -0.00548796402290463448
-0.20999999344348907500 -0.00547344889491796494
-0.20000000298023223900 -0.00546066183596849442
-0.18999999761581420900 -0.00544380396604537964
-0.18000000715255737300 -0.00541545078158378601
-0.17000000178813934300 -0.00536162499338388443
-0.15999999642372131300 -0.00534221902489662171
-0.15000000596046447800 -0.00531112914904952049
-0.14000000059604644800 -0.00525555294007062912
-0.12999999523162841800 -0.00523047382012009621
-0.11999999731779098500 -0.00520390877500176430
-0.10999999940395355200 -0.00517718121409416199
-0.10000000149011611900 -0.00514181097969412804
-0.09000000357627868650 -0.00511127803474664688
-0.07999999821186065670 -0.00504838908091187477
-0.07000000029802322390 -0.00499358400702476502
-0.05999999865889549260 -0.00495465286076068878
-0.05000000074505805970 -0.00488978996872901917
-0.03999999910593032840 -0.00483572622761130333
-0.02999999932944774630 -0.00479090819135308266
-0.01999999955296516420 -0.00474781217053532601
-0.00999999977648258210 -0.00469655403867363930
0.00000000000000000000 -0.00465051783248782158
0.00999999977648258210 -0.00458608986809849739
0.01999999955296516420 -0.00451375218108296394
0.02999999932944774630 -0.00445137405768036842
0.03999999910593032840 -0.00438963714987039566
0.05000000074505805970 -0.00430741487070918083
0.05999999865889549260 -0.00424276012927293778
0.07000000029802322390 -0.00417861714959144592
0.07999999821186065670 -0.00411330815404653549
0.09000000357627868650 -0.00405484996736049652
0.10000000149011611900 -0.00398414488881826401
0.10999999940395355200 -0.00390238990075886250
0.11999999731779098500 -0.00381304393522441387
0.12999999523162841800 -0.00373989110812544823
0.14000000059604644800 -0.00365554401651024819
0.15000000596046447800 -0.00356029509566724300
0.15999999642372131300 -0.00347691401839256287
0.17000000178813934300 -0.00339644402265548706
0.18000000715255737300 -0.00331412395462393761
0.18999999761581420900 -0.00322552211582660675
0.20000000298023223900 -0.00314151495695114136
0.20999999344348907500 -0.00303791300393640995
0.21999999880790710400 -0.00294169993139803410
0.23000000417232513400 -0.00285672303289175034
0.23999999463558197000 -0.00275322492234408856
0.25000000000000000000 -0.00265877693891525269
0.25999999046325683600 -0.00257241493090987206
0.27000001072883606000 -0.00248211994767189026
0.28000000119209289500 -0.00239196792244911194
0.28999999165534973100 -0.00230828090570867062
0.30000001192092895500 -0.00221012602560222149
0.31000000238418579100 -0.00211024004966020584
0.31999999284744262700 -0.00202631810680031776
0.33000001311302185100 -0.00193330901674926281
0.34000000357627868600 -0.00183671305421739817
0.34999999403953552200 -0.00175468495581299067
0.36000001430511474600 -0.00167057500220835209
0.37000000476837158200 -0.00158807996194809675
0.37999999523162841800 -0.00151048903353512287
0.38999998569488525400 -0.00142902403604239225
0.40000000596046447700 -0.00134719396010041237
0.40999999642372131300 -0.00127045798581093550
0.41999998688697814900 -0.00119849294424057007
0.43000000715255737300 -0.00112552603241056204
0.43999999761581420900 -0.00105579802766442299
0.44999998807907104500 -0.00096571317408233881
0.46000000834465026800 -0.00089047139044851065
0.46999999880790710400 -0.00083273230120539665
0.47999998927116394000 -0.00078020861838012934
0.49000000953674316400 -0.00073104212060570717
0.50000000000000000000 -0.00068608048604801297
0.50999999046325683600 -0.00064112601103261113
0.51999998092651367200 -0.00059953931486234069
0.52999997138977050800 -0.00055629451526328921
0.54000002145767211900 -0.00051564461318776011
0.55000001192092895500 -0.00047963610268197954
0.56000000238418579100 -0.00044183319550938904
0.56999999284744262700 -0.00040505861397832632
0.57999998331069946300 -0.00037184459506534040
0.58999997377395629900 -0.00033886291203089058
0.60000002384185791000 -0.00030668670660816133
0.61000001430511474600 -0.00027577028959058225
0.62000000476837158200 -0.00024303930695168674
0.62999999523162841800 -0.00021068200294394046
0.63999998569488525400 -0.00018053740495815873
0.64999997615814209000 -0.00014911699690856040
0.66000002622604370100 -0.00011752270074794069
0.67000001668930053700 -0.00008848583820508793
0.68000000715255737300 -0.00005779006096418016
0.68999999761581420900 -0.00002718094947340433
0.69999998807907104500 0.00000337301594299788
0.70999997854232788100 0.00003410243152757175
0.72000002861022949200 0.00006544811185449362
0.73000001907348632800 0.00009715301712276414
0.74000000953674316400 0.00012938490544911474
0.75000000000000000000 0.00016225469880737364
0.75999999046325683600 0.00019552049343474209
0.76999998092651367200 0.00022964230447541922
0.77999997138977050800 0.00026428440469317138
0.79000002145767211900 0.00029843428637832403
0.80000001192092895500 0.00033415789948776364
0.81000000238418579100 0.00037027811049483716
0.81999999284744262700 0.00040564980008639395
0.82999998331069946300 0.00044260820141062140
0.83999997377395629900 0.00048079149564728141
0.85000002384185791000 0.00051930698100477457
0.86000001430511474600 0.00055902212625369430
0.87000000476837158200 0.00059887190582230687
0.87999999523162841800 0.00063831912120804191
0.88999998569488525400 0.00067891541402786970
0.89999997615814209000 0.00072122667916119099
0.91000002622604370100 0.00076263101072981954
0.92000001668930053700 0.00080580392386764288
0.93000000715255737300 0.00084947037976235151
0.93999999761581420900 0.00089601968647912145
0.94999998807907104500 0.00094420701498165727
0.95999997854232788100 0.00099119427613914013
0.97000002861022949200 0.00103859603404998779
0.98000001907348632800 0.00114055699668824673
0.99000000953674316400 0.00119684997480362654
1.00000000000000000000 0.00125204504001885653
