-1.00000000000000000000 -0.00562488380819559097
-0.99000000953674316400 -0.00564028508961200714
-0.98000001907348632800 -0.00563299609348177910
-0.97000002861022949200 -0.00562062021344900131
-0.95999997854232788100 -0.00562560698017477989
-0.94999998807907104500 -0.00562904495745897293
-0.93999999761581420900 -0.00561195705085992813
-0.93000000715255737300 -0.00560689996927976608
-0.92000001668930053700 -0.00561804883182048798
-0.91000002622604370100 -0.00562286702916026116
-0.89999997615814209000 -0.00562972482293844223
-0.88999998569488525400 -0.00563530391082167626
-0.87999999523162841800 -0.00561994314193725586
-0.87000000476837158200 -0.00559595087543129921
-0.86000001430511474600 -0.00560474395751953125
-0.85000002384185791000 -0.00558968307450413704
-0.83999997377395629900 -0.00557149201631546021
-0.82999998331069946300 -0.00557143706828355789
-0.81999999284744262700 -0.00557846296578645706
-0.81000000238418579100 -0.00559154618531465531
-0.80000001192092895500 -0.00559468613937497139
-0.79000002145767211900 -0.00560808088630437851
-0.77999997138977050800 -0.00559664377942681313
-0.76999998092651367200 -0.00558212399482727051
-0.75999999046325683600 -0.00559456879273056984
-0.75000000000000000000 -0.00559295807033777237
-0.74000000953674316400 -0.00558065809309482575
-0.73000001907348632800 -0.00558845605701208115
-0.72000002861022949200 -0.00560164917260408402
-0.70999997854232788100 -0.00561096193268895149
-0.69999998807907104500 -0.00562271010130643845
-0.68999999761581420900 -0.00562187097966670990
-0.68000000715255737300 -0.00561145413666963577
-0.67000001668930053700 -0.00560215720906853676
-0.66000002622604370100 -0.00561279477551579476
-0.64999997615814209000 -0.00560161005705595017
-0.63999998569488525400 -0.00559159088879823685
-0.62999999523162841800 -0.00559768406674265862
-0.62000000476837158200 -0.00560253020375967026
-0.61000001430511474600 -0.00561441620811820030
-0.60000002384185791000 -0.00562084512785077095
-0.58999997377395629900 -0.00561615591868758202
-0.57999998331069946300 -0.00559679977595806122
-0.56999999284744262700 -0.00558951590210199356
-0.56000000238418579100 -0.00558791914954781532
-0.55000001192092895500 -0.00557841314002871514
-0.54000002145767211900 -0.00557275395840406418
-0.52999997138977050800 -0.00557695515453815460
-0.51999998092651367200 -0.00559233222156763077
-0.50999999046325683600 -0.00560373999178409577
-0.50000000000000000000 -0.00561137311160564423
-0.49000000953674316400 -0.00560804503038525582
-0.47999998927116394000 -0.00559300277382135391
-0.46999999880790710400 -0.00559762399643659592
-0.46000000834465026800 -0.00560188898816704750
-0.44999998807907104500 -0.00558810122311115265
-0.43999999761581420900 -0.00558988284319639206
-0.43000000715255737300 -0.00559721002355217934
-0.41999998688697814900 -0.00561025086790323258
-0.40999999642372131300 -0.00561862299218773842
-0.40000000596046447700 -0.00562399392947554588
-0.38999998569488525400 -0.00561997713521122933
-0.37999999523162841800 -0.00559706799685955048
-0.37000000476837158200 -0.00560138188302516937
-0.36000001430511474600 -0.00559347681701183319
-0.34999999403953552200 -0.00557623896747827530
-0.34000000357627868600 -0.00557188596576452255
-0.33000001311302185100 -0.00557886296883225441
-0.31999999284744262700 -0.00558891892433166504
-0.31000000238418579100 -0.00558855012059211731
-0.30000001192092895500 -0.00559365609660744667
-0.28999999165534973100 -0.00557798519730567932
-0.28000000119209289500 -0.00556122697889804840
-0.27000001072883606000 -0.00557015417143702507
-0.25999999046325683600 -0.00556515296921133995
-0.25000000000000000000 -0.00555073795840144158
-0.23999999463558197000 -0.00555178383365273476
-0.23000000417232513400 -0.00556829199194908142
-0.21999999880790710400 -0.00558201782405376434
-0.20999999344348907500 -0.00558673683553934097
-0.20000000298023223900 -0.00559533713385462761
-0.18999999761581420900 -0.00559037085622549057
-0.18000000715255737300 -0.00557118188589811325
-0.17000000178813934300 -0.00558894081041216850
-0.15999999642372131300 -0.00558275217190384865
-0.15000000596046447800 -0.00556652294471859932
-0.14000000059604644800 -0.00557779800146818161
-0.12999999523162841800 -0.00558567000553011894
-0.11999999731779098500 -0.00559441698715090752
-0.10999999940395355200 -0.00560291577130556107
-0.10000000149011611900 -0.00560344103723764420
-0.09000000357627868650 -0.00558611191809177399
-0.07999999821186065670 -0.00557805411517620087
-0.07000000029802322390 -0.00558044901117682457
-0.05999999865889549260 -0.00556602701544761658
-0.05000000074505805970 -0.00555376196280121803
-0.03999999910593032840 -0.00555960880592465401
-0.02999999932944774630 -0.00556981377303600311
-0.01999999955296516420 -0.00556708220392465592
-0.00999999977648258210 -0.00557860219851136208
0.00000000000000000000 -0.00557170808315277100
0.00999999977648258210 -0.00556374294683337212
0.01999999955296516420 -0.00555116822943091393
0.02999999932944774630 -0.00556047214195132256
0.03999999910593032840 -0.00555022479966282845
0.05000000074505805970 -0.00553813716396689415
0.05999999865889549260 -0.00554758077487349510
0.07000000029802322390 -0.00555293215438723564
0.07999999821186065670 -0.00556628918275237084
0.09000000357627868650 -0.00557292299345135689
0.10000000149011611900 -0.00556948315352201462
0.10999999940395355200 -0.00555925397202372551
0.11999999731779098500 -0.00555095123127102852
0.12999999523162841800 -0.00554961198940873146
0.14000000059604644800 -0.00554197793826460838
0.15000000596046447800 -0.00553175294771790505
0.15999999642372131300 -0.00553142186254262924
0.17000000178813934300 -0.00554035510867834091
0.18000000715255737300 -0.00553830293938517571
0.18999999761581420900 -0.00554809207096695900
0.20000000298023223900 -0.00552846817299723625
0.20999999344348907500 -0.00550058810040354729
0.21999999880790710400 -0.00549513986334204674
0.23000000417232513400 -0.00547694414854049683
0.23999999463558197000 -0.00545085920020937920
0.25000000000000000000 -0.00543726701289415360
0.25999999046325683600 -0.00543174101039767266
0.27000001072883606000 -0.00542962690815329552
0.28000000119209289500 -0.00542925298213958740
0.28999999165534973100 -0.00542216422036290169
0.30000001192092895500 -0.00539903203025460243
0.31000000238418579100 -0.00536798592656850815
0.31999999284744262700 -0.00536343595013022423
0.33000001311302185100 -0.00534369982779026032
0.34000000357627868600 -0.00531206605955958367
0.34999999403953552200 -0.00529446499422192574
0.36000001430511474600 -0.00528113497421145439
0.37000000476837158200 -0.00526749715209007263
0.37999999523162841800 -0.00524975918233394623
0.38999998569488525400 -0.00522617716342210770
0.40000000596046447700 -0.00518624298274517060
0.40999999642372131300 -0.00514087593182921410
0.41999998688697814900 -0.00511109689250588417
0.43000000715255737300 -0.00506758596748113632
0.43999999761581420900 -0.00501706590875983238
0.44999998807907104500 -0.00497323088347911835
0.46000000834465026800 -0.00493588484823703766
0.46999999880790710400 -0.00489550409838557244
0.47999998927116394000 -0.00484866090118885040
0.49000000953674316400 -0.00479609798640012741
0.50000000000000000000 -0.00473074009642004967
0.50999999046325683600 -0.00465759122744202614
0.51999998092651367200 -0.00459940778091549874
0.52999997138977050800 -0.00452161487191915512
0.54000002145767211900 -0.00444555887952446938
0.55000001192092895500 -0.00437308521941304207
0.56000000238418579100 -0.00429784879088401795
0.56999999284744262700 -0.00421985797584056854
0.57999998331069946300 -0.00412537995725870133
0.58999997377395629900 -0.00402146019041538239
0.60000002384185791000 -0.00389178097248077393
0.61000001430511474600 -0.00374944810755550861
0.62000000476837158200 -0.00359181710518896580
0.62999999523162841800 -0.00339510990306735039
0.63999998569488525400 -0.00316446390934288502
0.64999997615814209000 -0.00289028300903737545
0.66000002622604370100 -0.00256408704444766045
0.67000001668930053700 -0.00216199294663965702
0.68000000715255737300 -0.00168062094599008560
0.68999999761581420900 -0.00109846796840429306
0.69999998807907104500 -0.00042386580025777221
0.70999997854232788100 0.00024935058900155127
0.72000002861022949200 0.00123209401499480009
0.73000001907348632800 0.00226890505291521549
0.74000000953674316400 0.00341107905842363834
0.75000000000000000000 0.00466612307354807854
0.75999999046325683600 0.00603033415973186493
0.76999998092651367200 0.00749032991006970406
0.77999997138977050800 0.00904258713126182556
0.79000002145767211900 0.01004645042121410370
0.80000001192092895500 0.01170540042221546170
0.81000000238418579100 0.01342803984880447390
0.81999999284744262700 0.01520648971199989320
0.82999998331069946300 0.01704340986907482150
0.83999997377395629900 0.01893148943781852720
0.85000002384185791000 0.02085823006927967070
0.86000001430511474600 0.02283792011439800260
0.87000000476837158200 0.02486722916364669800
0.87999999523162841800 0.02693703956902027130
0.88999998569488525400 0.02904872968792915340
0.89999997615814209000 0.03120755963027477260
0.91000002622604370100 0.03337248042225837710
0.92000001668930053700 0.03556549921631813050
0.93000000715255737300 0.03782634064555168150
0.93999999761581420900 0.04010394960641860960
0.94999998807907104500 0.04239330068230628970
0.95999997854232788100 0.04474151134490966800
0.97000002861022949200 0.04712352901697158810
0.98000001907348632800 0.04955359920859336850
0.99000000953674316400 0.05201566964387893680
1.00000000000000000000 0.05448840931057929990
