-1.00000000000000000000 -0.00563807180151343346
-0.99000000953674316400 -0.00563312787562608719
-0.98000001907348632800 -0.00562113011255860329
-0.97000002861022949200 -0.00562076177448034287
-0.95999997854232788100 -0.00563126010820269585
-0.94999998807907104500 -0.00564154284074902535
-0.93999999761581420900 -0.00564918015152215958
-0.93000000715255737300 -0.00565293198451399803
-0.92000001668930053700 -0.00564537011086940766
-0.91000002622604370100 -0.00562364095821976662
-0.89999997615814209000 -0.00563770206645131111
-0.88999998569488525400 -0.00562231708317995072
-0.87999999523162841800 -0.00560544617474079132
-0.87000000476837158200 -0.00561606697738170624
-0.86000001430511474600 -0.00561884278431534767
-0.85000002384185791000 -0.00562248798087239266
-0.83999997377395629900 -0.00562859093770384789
-0.82999998331069946300 -0.00562236597761511803
-0.81999999284744262700 -0.00559850502759218216
-0.81000000238418579100 -0.00560637703165411949
-0.80000001192092895500 -0.00560137303546071053
-0.79000002145767211900 -0.00558124389499425888
-0.77999997138977050800 -0.00558874802663922310
-0.76999998092651367200 -0.00559404492378234863
-0.75999999046325683600 -0.00560397515073418617
-0.75000000000000000000 -0.00562202511355280876
-0.74000000953674316400 -0.00563609693199396134
-0.73000001907348632800 -0.00562142301350831986
-0.72000002861022949200 -0.00561180803924798966
-0.70999997854232788100 -0.00562212616205215454
-0.69999998807907104500 -0.00561604509130120278
-0.68999999761581420900 -0.00560681102797389031
-0.68000000715255737300 -0.00561333913356065750
-0.67000001668930053700 -0.00562035106122493744
-0.66000002622604370100 -0.00563524896278977394
-0.64999997615814209000 -0.00564642390236258507
-0.63999998569488525400 -0.00564326019957661629
-0.62999999523162841800 -0.00563340587541460991
-0.62000000476837158200 -0.00562261790037155152
-0.61000001430511474600 -0.00562486285343766213
-0.60000002384185791000 -0.00561736384406685829
-0.58999997377395629900 -0.00560603803023695946
-0.57999998331069946300 -0.00560990022495388985
-0.56999999284744262700 -0.00562266819179058075
-0.56000000238418579100 -0.00562812015414237976
-0.55000001192092895500 -0.00563255511224269867
-0.54000002145767211900 -0.00562818022444844246
-0.52999997138977050800 -0.00560314720496535301
-0.51999998092651367200 -0.00562341697514057160
-0.50999999046325683600 -0.00561795011162757874
-0.50000000000000000000 -0.00559542886912822724
-0.49000000953674316400 -0.00560743687674403191
-0.47999998927116394000 -0.00561331212520599365
-0.46999999880790710400 -0.00562133686617016792
-0.46000000834465026800 -0.00563366804271936417
-0.44999998807907104500 -0.00563678378239274025
-0.43999999761581420900 -0.00562514178454875946
-0.43000000715255737300 -0.00561542017385363579
-0.41999998688697814900 -0.00561959994956851006
-0.40999999642372131300 -0.00561193982139229775
-0.40000000596046447700 -0.00560237793251872063
-0.38999998569488525400 -0.00560019910335540772
-0.37999999523162841800 -0.00560997612774372101
-0.37000000476837158200 -0.00562425004318356514
-0.36000001430511474600 -0.00562387192621827126
-0.34999999403953552200 -0.00561949098482728005
-0.34000000357627868600 -0.00560313602909445763
-0.33000001311302185100 -0.00559613015502691269
-0.31999999284744262700 -0.00559432897716760636
-0.31000000238418579100 -0.00557424407452344895
-0.30000001192092895500 -0.00556747894734144211
-0.28999999165534973100 -0.00557218585163354874
-0.28000000119209289500 -0.00558284111320972443
-0.27000001072883606000 -0.00559139112010598183
-0.25999999046325683600 -0.00559887383133172989
-0.25000000000000000000 -0.00559623399749398232
-0.23999999463558197000 -0.00557560892775654793
-0.23000000417232513400 -0.00558850821107625961
-0.21999999880790710400 -0.00559264188632369042
-0.20999999344348907500 -0.00557293184101581574
-0.20000000298023223900 -0.00558536313474178314
-0.18999999761581420900 -0.00559610314667224884
-0.18000000715255737300 -0.00560237001627683640
-0.17000000178813934300 -0.00561468582600355148
-0.15999999642372131300 -0.00562275899574160576
-0.15000000596046447800 -0.00560158304870128632
-0.14000000059604644800 -0.00559527706354856491
-0.12999999523162841800 -0.00560842594131827355
-0.11999999731779098500 -0.00559261301532387734
-0.10999999940395355200 -0.00558419991284608841
-0.10000000149011611900 -0.00559001788496971131
-0.09000000357627868650 -0.00559617578983306885
-0.07999999821186065670 -0.00560809019953012467
-0.07000000029802322390 -0.00561599107459187508
-0.05999999865889549260 -0.00559786707162857056
-0.05000000074505805970 -0.00558393821120262146
-0.03999999910593032840 -0.00558801600709557533
-0.02999999932944774630 -0.00558020407333970070
-0.01999999955296516420 -0.00556477392092347145
-0.00999999977648258210 -0.00556425703689455986
0.00000000000000000000 -0.00557428505271673203
0.00999999977648258210 -0.00558085087686777115
0.01999999955296516420 -0.00558756897225975990
0.02999999932944774630 -0.00559525890275835991
0.03999999910593032840 -0.00559492595493793488
0.05000000074505805970 -0.00556816114112734795
0.05999999865889549260 -0.00557668786495923996
0.07000000029802322390 -0.00558160804212093353
0.07999999821186065670 -0.00555746583268046379
0.09000000357627868650 -0.00555343413725495339
0.10000000149011611900 -0.00556525308638811112
0.10999999940395355200 -0.00556790176779031754
0.11999999731779098500 -0.00556821003556251526
0.12999999523162841800 -0.00557907903566956520
0.14000000059604644800 -0.00555896898731589318
0.15000000596046447800 -0.00553405098617076874
0.15999999642372131300 -0.00554129807278513909
0.17000000178813934300 -0.00552428793162107468
0.18000000715255737300 -0.00550153478980064392
0.18999999761581420900 -0.00549925910308957100
0.20000000298023223900 -0.00549614010378718376
0.20999999344348907500 -0.00548921711742877960
0.21999999880790710400 -0.00549650797620415688
0.23000000417232513400 -0.00548121286556124687
0.23999999463558197000 -0.00545623991638422012
0.25000000000000000000 -0.00544879492372274399
0.25999999046325683600 -0.00543708214536309242
0.27000001072883606000 -0.00541065400466322899
0.28000000119209289500 -0.00540037313476204872
0.28999999165534973100 -0.00539423292502760887
0.30000001192092895500 -0.00539289601147174835
0.31000000238418579100 -0.00539135513827204704
0.31999999284744262700 -0.00537558412179350853
0.33000001311302185100 -0.00535243982449173927
0.34000000357627868600 -0.00531750218942761421
0.34999999403953552200 -0.00530020985752344132
0.36000001430511474600 -0.00527538219466805458
0.37000000476837158200 -0.00523479189723730087
0.37999999523162841800 -0.00521027296781539917
0.38999998569488525400 -0.00519287399947643280
0.40000000596046447700 -0.00516993599012494087
0.40999999642372131300 -0.00513537414371967316
0.41999998688697814900 -0.00510760489851236344
0.43000000715255737300 -0.00505233509466052056
0.43999999761581420900 -0.00499898195266723633
0.44999998807907104500 -0.00496390881016850472
0.46000000834465026800 -0.00490787019953131676
0.46999999880790710400 -0.00484701292589306832
0.47999998927116394000 -0.00480157509446144104
0.49000000953674316400 -0.00475586904212832451
0.50000000000000000000 -0.00470071285963058472
0.50999999046325683600 -0.00465395906940102577
0.51999998092651367200 -0.00457984581589698792
0.52999997138977050800 -0.00450054276734590531
0.54000002145767211900 -0.00443700188770890236
0.55000001192092895500 -0.00435581803321838379
0.56000000238418579100 -0.00425648409873247147
0.56999999284744262700 -0.00416854303330183029
0.57999998331069946300 -0.00407015485689043999
0.58999997377395629900 -0.00395969394594430924
0.60000002384185791000 -0.00383202894590795040
0.61000001430511474600 -0.00367803405970335007
0.62000000476837158200 -0.00348651409149169922
0.62999999523162841800 -0.00325426203198730946
0.63999998569488525400 -0.00299349497072398663
0.64999997615814209000 -0.00266832299530506134
0.66000002622604370100 -0.00226358207874000073
0.67000001668930053700 -0.00179405300877988339
0.68000000715255737300 -0.00123947905376553536
0.68999999761581420900 -0.00057691818801686168
0.69999998807907104500 0.00010409949754830450
0.70999997854232788100 0.00090899819042533636
0.72000002861022949200 0.00194284203462302685
0.73000001907348632800 0.00306025706231594086
0.74000000953674316400 0.00427870079874992371
0.75000000000000000000 0.00559877883642911911
0.75999999046325683600 0.00701107922941446305
0.76999998092651367200 0.00851059146225452423
0.77999997138977050800 0.01009222026914358140
0.79000002145767211900 0.01107119023799896240
0.80000001192092895500 0.01274572033435106280
0.81000000238418579100 0.01447189040482044220
0.81999999284744262700 0.01624234952032566070
0.82999998331069946300 0.01806212961673736570
0.83999997377395629900 0.01993519999086856840
0.85000002384185791000 0.02185487933456897740
0.86000001430511474600 0.02381833083927631380
0.87000000476837158200 0.02581159025430679320
0.87999999523162841800 0.02783022075891494750
0.88999998569488525400 0.02989028953015804290
0.89999997615814209000 0.03198343142867088320
0.91000002622604370100 0.03409004956483840940
0.92000001668930053700 0.03623833879828453060
0.93000000715255737300 0.03842148929834365840
0.93999999761581420900 0.04065011069178581240
0.94999998807907104500 0.04290726035833358760
0.95999997854232788100 0.04518856108188629150
0.97000002861022949200 0.04747112095355987550
0.98000001907348632800 0.04976532980799674990
0.99000000953674316400 0.05215270817279815670
1.00000000000000000000 0.05451891943812370300
