-1.00000000000000000000 -0.00629747798666357994
-0.99000000953674316400 -0.00629619788378477097
-0.98000001907348632800 -0.00628375587984919548
-0.97000002861022949200 -0.00629460485652089119
-0.95999997854232788100 -0.00628584483638405800
-0.94999998807907104500 -0.00626678206026554108
-0.93999999761581420900 -0.00627817679196596146
-0.93000000715255737300 -0.00627434300258755684
-0.92000001668930053700 -0.00628260010853409767
-0.91000002622604370100 -0.00630421284586191178
-0.89999997615814209000 -0.00630391715094447136
-0.88999998569488525400 -0.00629724888131022454
-0.87999999523162841800 -0.00628210790455341339
-0.87000000476837158200 -0.00628660712391138077
-0.86000001430511474600 -0.00627969019114971161
-0.85000002384185791000 -0.00626598997041583061
-0.83999997377395629900 -0.00625731796026229859
-0.82999998331069946300 -0.00627674115821719170
-0.81999999284744262700 -0.00629981979727745056
-0.81000000238418579100 -0.00629467284306883812
-0.80000001192092895500 -0.00631326204165816307
-0.79000002145767211900 -0.00631090998649597168
-0.77999997138977050800 -0.00628174422308802605
-0.76999998092651367200 -0.00630212109535932541
-0.75999999046325683600 -0.00630463706329464913
-0.75000000000000000000 -0.00627338699996471405
-0.74000000953674316400 -0.00628366693854331970
-0.73000001907348632800 -0.00630329409614205361
-0.72000002861022949200 -0.00629979092627763748
-0.70999997854232788100 -0.00631547719240188599
-0.69999998807907104500 -0.00632515316829085350
-0.68999999761581420900 -0.00629466492682695389
-0.68000000715255737300 -0.00628846697509288788
-0.67000001668930053700 -0.00629667285829782486
-0.66000002622604370100 -0.00626965006813406944
-0.64999997615814209000 -0.00626061810180544853
-0.63999998569488525400 -0.00627326779067516327
-0.62999999523162841800 -0.00626644678413867951
-0.62000000476837158200 -0.00627928320318460465
-0.61000001430511474600 -0.00628566322848200798
-0.60000002384185791000 -0.00626617204397916794
-0.58999997377395629900 -0.00625028181821107865
-0.57999998331069946300 -0.00626281183212995529
-0.56999999284744262700 -0.00624820590019226074
-0.56000000238418579100 -0.00623511197045445442
-0.55000001192092895500 -0.00624058488756418228
-0.54000002145767211900 -0.00624322006478905678
-0.52999997138977050800 -0.00626756111159920693
-0.51999998092651367200 -0.00627714814618229866
-0.50999999046325683600 -0.00628251116722822190
-0.50000000000000000000 -0.00627550389617681504
-0.49000000953674316400 -0.00625809701159596443
-0.47999998927116394000 -0.00626084301620721817
-0.46999999880790710400 -0.00626472709700465203
-0.46000000834465026800 -0.00624730391427874565
-0.44999998807907104500 -0.00624251691624522209
-0.43999999761581420900 -0.00625943206250667572
-0.43000000715255737300 -0.00626891711726784706
-0.41999998688697814900 -0.00626803981140255928
-0.40999999642372131300 -0.00628123618662357330
-0.40000000596046447700 -0.00626710383221507073
-0.38999998569488525400 -0.00624610390514135361
-0.37999999523162841800 -0.00626294780522584915
-0.37000000476837158200 -0.00625425484031438828
-0.36000001430511474600 -0.00623174011707305908
-0.34999999403953552200 -0.00624166894704103470
-0.34000000357627868600 -0.00624915119260549546
-0.33000001311302185100 -0.00625636521726846695
-0.31999999284744262700 -0.00626393500715494156
-0.31000000238418579100 -0.00626649800688028336
-0.30000001192092895500 -0.00624236790463328362
-0.28999999165534973100 -0.00624169083312153816
-0.28000000119209289500 -0.00624457094818353653
-0.27000001072883606000 -0.00622874079272150994
-0.25999999046325683600 -0.00622731680050492287
-0.25000000000000000000 -0.00623647216707468033
-0.23999999463558197000 -0.00624597817659378052
-0.23000000417232513400 -0.00626253290101885796
-0.21999999880790710400 -0.00627341587096452713
-0.20999999344348907500 -0.00625896593555808068
-0.20000000298023223900 -0.00624380121007561684
-0.18999999761581420900 -0.00625181477516889572
-0.18000000715255737300 -0.00624671485275030136
-0.17000000178813934300 -0.00623190077021718025
-0.15999999642372131300 -0.00623060902580618859
-0.15000000596046447800 -0.00623565912246704102
-0.14000000059604644800 -0.00625071395188570023
-0.12999999523162841800 -0.00625380594283342362
-0.11999999731779098500 -0.00625665811821818352
-0.10999999940395355200 -0.00624980684369802475
-0.10000000149011611900 -0.00621628202497959137
-0.09000000357627868650 -0.00622750818729400635
-0.07999999821186065670 -0.00622150115668773651
-0.07000000029802322390 -0.00618827622383832932
-0.05999999865889549260 -0.00618790788576006890
-0.05000000074505805970 -0.00620570406317710877
-0.03999999910593032840 -0.00620101019740104676
-0.02999999932944774630 -0.00620478903874754906
-0.01999999955296516420 -0.00621999194845557213
-0.00999999977648258210 -0.00619324110448360443
0.00000000000000000000 -0.00618349015712738037
0.00999999977648258210 -0.00619747722521424294
0.01999999955296516420 -0.00619058916345238686
0.02999999932944774630 -0.00616566278040409088
0.03999999910593032840 -0.00617452617734670639
0.05000000074505805970 -0.00618443777784705162
0.05999999865889549260 -0.00618636980652809143
0.07000000029802322390 -0.00620352616533637047
0.07999999821186065670 -0.00620312895625829697
0.09000000357627868650 -0.00618320517241954804
0.10000000149011611900 -0.00617434317246079445
0.10999999940395355200 -0.00617666402831673622
0.11999999731779098500 -0.00615929579362273216
0.12999999523162841800 -0.00614767195656895638
0.14000000059604644800 -0.00614358391612768173
0.15000000596046447800 -0.00614776508882641792
0.15999999642372131300 -0.00616349000483751297
0.17000000178813934300 -0.00615823687985539437
0.18000000715255737300 -0.00615163706243038178
0.18999999761581420900 -0.00613235309720039368
0.20000000298023223900 -0.00611862912774085999
0.20999999344348907500 -0.00610365299507975578
0.21999999880790710400 -0.00608633086085319519
0.23000000417232513400 -0.00606545899063348770
0.23999999463558197000 -0.00605511898174881935
0.25000000000000000000 -0.00606121122837066651
0.25999999046325683600 -0.00604252517223358154
0.27000001072883606000 -0.00603452092036604882
0.28000000119209289500 -0.00601135799661278725
0.28999999165534973100 -0.00596168916672468186
0.30000001192092895500 -0.00594443082809448242
0.31000000238418579100 -0.00591944204643368721
0.31999999284744262700 -0.00585642922669649124
0.33000001311302185100 -0.00581377185881137848
0.34000000357627868600 -0.00578176416456699372
0.34999999403953552200 -0.00572448922321200371
0.36000001430511474600 -0.00566629599779844284
0.37000000476837158200 -0.00560514582321047783
0.37999999523162841800 -0.00549645721912384033
0.38999998569488525400 -0.00538224121555685997
0.40000000596046447700 -0.00528925191611051560
0.40999999642372131300 -0.00514696491882205010
0.41999998688697814900 -0.00500477384775876999
0.43000000715255737300 -0.00486877001821994782
0.43999999761581420900 -0.00470587005838751793
0.44999998807907104500 -0.00454855104908347130
0.46000000834465026800 -0.00438109692186117172
0.46999999880790710400 -0.00418423302471637726
0.47999998927116394000 -0.00398640986531972885
0.49000000953674316400 -0.00378976995125412941
0.50000000000000000000 -0.00357778510078787804
0.50999999046325683600 -0.00337005499750375748
0.51999998092651367200 -0.00316784996539354324
0.52999997138977050800 -0.00295888702385127544
0.54000002145767211900 -0.00276824389584362507
0.55000001192092895500 -0.00258041499182581902
0.56000000238418579100 -0.00238425703719258308
0.56999999284744262700 -0.00220025307498872280
0.57999998331069946300 -0.00202075601555407047
0.58999997377395629900 -0.00184355897363275290
0.60000002384185791000 -0.00168401899281889200
0.61000001430511474600 -0.00152766297105699778
0.62000000476837158200 -0.00137591897509992123
0.62999999523162841800 -0.00124191399663686752
0.63999998569488525400 -0.00111461698543280363
0.64999997615814209000 -0.00096794642740860581
0.66000002622604370100 -0.00083082867786288261
0.67000001668930053700 -0.00072357291355729103
0.68000000715255737300 -0.00061621208442375064
0.68999999761581420900 -0.00051519222324714065
0.69999998807907104500 -0.00041662680450826883
0.70999997854232788100 -0.00031195039628073573
0.72000002861022949200 -0.00021005500457249582
0.73000001907348632800 -0.00010710959759308025
0.74000000953674316400 -0.00000655995881970739
0.75000000000000000000 0.00010437629680382088
0.75999999046325683600 0.00022490760602522641
0.76999998092651367200 0.00035121190012432635
0.77999997138977050800 0.00048548699123784900
0.79000002145767211900 0.00062805117340758443
0.80000001192092895500 0.00077749788761138916
0.81000000238418579100 0.00093677092809230089
0.81999999284744262700 0.00115774304140359163
0.82999998331069946300 0.00134075398091226816
0.83999997377395629900 0.00153573404531925917
0.85000002384185791000 0.00173961697146296501
0.86000001430511474600 0.00195129995699971914
0.87000000476837158200 0.00217013410292565823
0.87999999523162841800 0.00239967694506049156
0.88999998569488525400 0.00263657490722835064
0.89999997615814209000 0.00287807709537446499
0.91000002622604370100 0.00312949297949671745
0.92000001668930053700 0.00338335894048213959
0.93000000715255737300 0.00363923097029328346
0.93999999761581420900 0.00391094805672764778
0.94999998807907104500 0.00418082717806100845
0.95999997854232788100 0.00445060711354017258
0.97000002861022949200 0.00473552802577614784
0.98000001907348632800 0.00502313487231731415
0.99000000953674316400 0.00531287398189306259
1.00000000000000000000 0.00561611494049429894
