-1.00000000000000000000 -0.00592646421864628792
-0.99000000953674316400 -0.00590455206111073494
-0.98000001907348632800 -0.00589748099446296692
-0.97000002861022949200 -0.00591526320204138756
-0.95999997854232788100 -0.00591019121930003166
-0.94999998807907104500 -0.00592237105593085289
-0.93999999761581420900 -0.00594750419259071350
-0.93000000715255737300 -0.00592973921447992325
-0.92000001668930053700 -0.00592002505436539650
-0.91000002622604370100 -0.00591978011652827263
-0.89999997615814209000 -0.00590968085452914238
-0.88999998569488525400 -0.00590735394507646561
-0.87999999523162841800 -0.00590301305055618286
-0.87000000476837158200 -0.00589381484314799309
-0.86000001430511474600 -0.00590571481734514237
-0.85000002384185791000 -0.00592336803674697876
-0.83999997377395629900 -0.00591586576774716377
-0.82999998331069946300 -0.00591626204550266266
-0.81999999284744262700 -0.00591099681332707405
-0.81000000238418579100 -0.00589252496138215065
-0.80000001192092895500 -0.00589659111574292183
-0.79000002145767211900 -0.00588337983936071396
-0.77999997138977050800 -0.00586888194084167481
-0.76999998092651367200 -0.00587842520326375962
-0.75999999046325683600 -0.00589568400755524636
-0.75000000000000000000 -0.00589008396491408348
-0.74000000953674316400 -0.00591415818780660629
-0.73000001907348632800 -0.00590201700106263161
-0.72000002861022949200 -0.00587178021669387818
-0.70999997854232788100 -0.00588713586330413819
-0.69999998807907104500 -0.00588374305516481400
-0.68999999761581420900 -0.00585441477596759796
-0.68000000715255737300 -0.00586304394528269768
-0.67000001668930053700 -0.00587327918037772179
-0.66000002622604370100 -0.00587533786892890930
-0.64999997615814209000 -0.00589063903316855431
-0.63999998569488525400 -0.00589312380179762840
-0.62999999523162841800 -0.00587244378402829170
-0.62000000476837158200 -0.00585843902081251145
-0.61000001430511474600 -0.00586419599130749703
-0.60000002384185791000 -0.00584556814283132553
-0.58999997377395629900 -0.00583636900410056114
-0.57999998331069946300 -0.00582942180335521698
-0.56999999284744262700 -0.00582636287435889244
-0.56000000238418579100 -0.00584289291873574257
-0.55000001192092895500 -0.00583851709961891174
-0.54000002145767211900 -0.00584045378491282463
-0.52999997138977050800 -0.00583223905414342880
-0.51999998092651367200 -0.00580725492909550667
-0.50999999046325683600 -0.00581054016947746277
-0.50000000000000000000 -0.00581780215725302696
-0.49000000953674316400 -0.00579258380457758904
-0.47999998927116394000 -0.00578843709081411362
-0.46999999880790710400 -0.00581108080223202706
-0.46000000834465026800 -0.00580913294106721878
-0.44999998807907104500 -0.00581137510016560555
-0.43999999761581420900 -0.00582488486543297768
-0.43000000715255737300 -0.00578814512118697167
-0.41999998688697814900 -0.00578524218872189522
-0.40999999642372131300 -0.00579795520752668381
-0.40000000596046447700 -0.00575811602175235748
-0.38999998569488525400 -0.00574871990829706192
-0.37999999523162841800 -0.00576328812167048454
-0.37000000476837158200 -0.00574802886694669724
-0.36000001430511474600 -0.00575639493763446808
-0.34999999403953552200 -0.00577028002589941025
-0.34000000357627868600 -0.00573837384581565857
-0.33000001311302185100 -0.00571228796616196633
-0.31999999284744262700 -0.00572288688272237778
-0.31000000238418579100 -0.00569450622424483299
-0.30000001192092895500 -0.00567055307328701019
-0.28999999165534973100 -0.00566951790824532509
-0.28000000119209289500 -0.00565148703753948212
-0.27000001072883606000 -0.00565347308292984963
-0.25999999046325683600 -0.00565370591357350350
-0.25000000000000000000 -0.00564155401661992073
-0.23999999463558197000 -0.00561734195798635483
-0.23000000417232513400 -0.00559193780645728111
-0.21999999880790710400 -0.00557514280080795288
-0.20999999344348907500 -0.00556330010294914246
-0.20000000298023223900 -0.00553710106760263443
-0.18999999761581420900 -0.00551025103777647019
-0.18000000715255737300 -0.00551085500046610832
-0.17000000178813934300 -0.00550415785983204842
-0.15999999642372131300 -0.00548413395881652832
-0.15000000596046447800 -0.00547445518895983696
-0.14000000059604644800 -0.00544329592958092690
-0.12999999523162841800 -0.00539978407323360443
-0.11999999731779098500 -0.00539390789344906807
-0.10999999940395355200 -0.00535595789551734924
-0.10000000149011611900 -0.00531210191547870636
-0.09000000357627868650 -0.00529926409944891930
-0.07999999821186065670 -0.00527149299159646034
-0.07000000029802322390 -0.00524486415088176727
-0.05999999865889549260 -0.00523212691769003868
-0.05000000074505805970 -0.00518378987908363342
-0.03999999910593032840 -0.00512839388102293015
-0.02999999932944774630 -0.00510044815018773079
-0.01999999955296516420 -0.00504937488585710526
-0.00999999977648258210 -0.00498689804226160050
0.00000000000000000000 -0.00495161721482872963
0.00999999977648258210 -0.00490121496841311455
0.01999999955296516420 -0.00485013891011476517
0.02999999932944774630 -0.00481113092973828316
0.03999999910593032840 -0.00476579600945115090
0.05000000074505805970 -0.00470048282295465470
0.05999999865889549260 -0.00464079901576042175
0.07000000029802322390 -0.00457050884142518044
0.07999999821186065670 -0.00450441800057888031
0.09000000357627868650 -0.00443859910592436791
0.10000000149011611900 -0.00435937521979212761
0.10999999940395355200 -0.00428712693974375725
0.11999999731779098500 -0.00423358799889683724
0.12999999523162841800 -0.00415699416771531105
0.14000000059604644800 -0.00408037099987268448
0.15000000596046447800 -0.00401019211858510971
0.15999999642372131300 -0.00390459992922842503
0.17000000178813934300 -0.00382145005278289318
0.18000000715255737300 -0.00374650908634066582
0.18999999761581420900 -0.00363341299816966057
0.20000000298023223900 -0.00354269798845052719
0.20999999344348907500 -0.00346313510090112686
0.21999999880790710400 -0.00336382398381829262
0.23000000417232513400 -0.00327115389518439770
0.23999999463558197000 -0.00319200591184198856
0.25000000000000000000 -0.00307189393788576126
0.25999999046325683600 -0.00296422000974416733
0.27000001072883606000 -0.00287799397483468056
0.28000000119209289500 -0.00276351906359195709
0.28999999165534973100 -0.00265253894031047821
0.30000001192092895500 -0.00255850097164511681
0.31000000238418579100 -0.00245212903246283531
0.31999999284744262700 -0.00235357903875410557
0.33000001311302185100 -0.00226299394853413105
0.34000000357627868600 -0.00215626694262027741
0.34999999403953552200 -0.00205429294146597385
0.36000001430511474600 -0.00195491896010935307
0.37000000476837158200 -0.00185561098624020815
0.37999999523162841800 -0.00175938499160110951
0.38999998569488525400 -0.00166595494374632835
0.40000000596046447700 -0.00157187995500862598
0.40999999642372131300 -0.00148680305574089289
0.41999998688697814900 -0.00141045998316258192
0.43000000715255737300 -0.00132571300491690636
0.43999999761581420900 -0.00124928494915366173
0.44999998807907104500 -0.00117502000648528338
0.46000000834465026800 -0.00109555595554411411
0.46999999880790710400 -0.00103063101414591074
0.47999998927116394000 -0.00093837128952145577
0.49000000953674316400 -0.00086150708375498652
0.50000000000000000000 -0.00080312148202210665
0.50999999046325683600 -0.00075326341902837157
0.51999998092651367200 -0.00069687567884102464
0.52999997138977050800 -0.00064607511740177870
0.54000002145767211900 -0.00060177850537002087
0.55000001192092895500 -0.00055478641297668219
0.56000000238418579100 -0.00051221868488937616
0.56999999284744262700 -0.00047213450307026505
0.57999998331069946300 -0.00042886490700766444
0.58999997377395629900 -0.00038759890594519675
0.60000002384185791000 -0.00035004020901396871
0.61000001430511474600 -0.00031025201315060258
0.62000000476837158200 -0.00027170710382051766
0.62999999523162841800 -0.00023544990108348429
0.63999998569488525400 -0.00019814629922620952
0.64999997615814209000 -0.00016235999646596611
0.66000002622604370100 -0.00012668559793382883
0.67000001668930053700 -0.00008998168050311506
0.68000000715255737300 -0.00005179298022994772
0.68999999761581420900 -0.00001389388035022421
0.69999998807907104500 0.00002412427966191899
0.70999997854232788100 0.00006544787902384996
0.72000002861022949200 0.00010532979649724439
0.73000001907348632800 0.00014837959315627813
0.74000000953674316400 0.00019207739387638867
0.75000000000000000000 0.00023774070723447949
0.75999999046325683600 0.00028461919282563031
0.76999998092651367200 0.00033229289692826569
0.77999997138977050800 0.00038295649574138224
0.79000002145767211900 0.00043502970947884023
0.80000001192092895500 0.00048815421178005636
0.81000000238418579100 0.00054449727758765221
0.81999999284744262700 0.00060143147129565477
0.82999998331069946300 0.00065755500691011548
0.83999997377395629900 0.00071856478461995721
0.85000002384185791000 0.00077930931001901627
0.86000001430511474600 0.00084034691099077463
0.87000000476837158200 0.00090562307741492987
0.87999999523162841800 0.00097080029081553221
0.88999998569488525400 0.00103846797719597816
0.89999997615814209000 0.00115943199489265680
0.91000002622604370100 0.00123545795213431120
0.92000001668930053700 0.00130955898202955723
0.93000000715255737300 0.00138901604805141687
0.93999999761581420900 0.00147230201400816441
0.94999998807907104500 0.00155312696006149054
0.95999997854232788100 0.00163746194448322058
0.97000002861022949200 0.00172544200904667378
0.98000001907348632800 0.00180825998540967703
0.99000000953674316400 0.00190072995610535145
1.00000000000000000000 0.00199421611614525318
