-1.00000000000000000000 -0.00623914878815412522
-0.99000000953674316400 -0.00624727783724665642
-0.98000001907348632800 -0.00627067917957901955
-0.97000002861022949200 -0.00626754388213157654
-0.95999997854232788100 -0.00624116091057658196
-0.94999998807907104500 -0.00625690305605530739
-0.93999999761581420900 -0.00624899007380008698
-0.93000000715255737300 -0.00622966419905424118
-0.92000001668930053700 -0.00624246988445520401
-0.91000002622604370100 -0.00624516885727643967
-0.89999997615814209000 -0.00625612400472164154
-0.88999998569488525400 -0.00626639602705836296
-0.87999999523162841800 -0.00627578794956207276
-0.87000000476837158200 -0.00626079598441720009
-0.86000001430511474600 -0.00624833814799785614
-0.85000002384185791000 -0.00625603878870606423
-0.83999997377395629900 -0.00624794419854879380
-0.82999998331069946300 -0.00623369310051202774
-0.81999999284744262700 -0.00623522186651825905
-0.81000000238418579100 -0.00624192412942647934
-0.80000001192092895500 -0.00625914800912141800
-0.79000002145767211900 -0.00626067304983735085
-0.77999997138977050800 -0.00625714519992470742
-0.76999998092651367200 -0.00625344598665833473
-0.75999999046325683600 -0.00623380718752741814
-0.75000000000000000000 -0.00623818300664424896
-0.74000000953674316400 -0.00623728521168231964
-0.73000001907348632800 -0.00622220383957028389
-0.72000002861022949200 -0.00623106211423873902
-0.70999997854232788100 -0.00625244202092289925
-0.69999998807907104500 -0.00625841086730360985
-0.68999999761581420900 -0.00626772688701748848
-0.68000000715255737300 -0.00627279281616210938
-0.67000001668930053700 -0.00624650716781616211
-0.66000002622604370100 -0.00625600479543209076
-0.64999997615814209000 -0.00626254221424460411
-0.63999998569488525400 -0.00623273104429244995
-0.62999999523162841800 -0.00623628078028559685
-0.62000000476837158200 -0.00625215796753764153
-0.61000001430511474600 -0.00625309487804770470
-0.60000002384185791000 -0.00626056315377354622
-0.58999997377395629900 -0.00627830019220709801
-0.57999998331069946300 -0.00625137099996209145
-0.56999999284744262700 -0.00622923998162150383
-0.56000000238418579100 -0.00624173320829868317
-0.55000001192092895500 -0.00622170791029930115
-0.54000002145767211900 -0.00620479695498943329
-0.52999997138977050800 -0.00621134182438254357
-0.51999998092651367200 -0.00620557321235537529
-0.50999999046325683600 -0.00621529482305049896
-0.50000000000000000000 -0.00622966792434453964
-0.49000000953674316400 -0.00621526502072811127
-0.47999998927116394000 -0.00621107500046491623
-0.46999999880790710400 -0.00620342511683702469
-0.46000000834465026800 -0.00620180182158946991
-0.44999998807907104500 -0.00620066281408071518
-0.43999999761581420900 -0.00619815522804856301
-0.43000000715255737300 -0.00619253423064947128
-0.41999998688697814900 -0.00620976183563470841
-0.40999999642372131300 -0.00622927909716963768
-0.40000000596046447700 -0.00622165296226739884
-0.38999998569488525400 -0.00623152405023574829
-0.37999999523162841800 -0.00621934421360492706
-0.37000000476837158200 -0.00620622793212532997
-0.36000001430511474600 -0.00621308013796806336
-0.34999999403953552200 -0.00620110007002949715
-0.34000000357627868600 -0.00618853513151407242
-0.33000001311302185100 -0.00620116293430328369
-0.31999999284744262700 -0.00621709879487752915
-0.31000000238418579100 -0.00621540518477559090
-0.30000001192092895500 -0.00623315898701548577
-0.28999999165534973100 -0.00622111093252897263
-0.28000000119209289500 -0.00619218219071626663
-0.27000001072883606000 -0.00621049897745251656
-0.25999999046325683600 -0.00620660604909062386
-0.25000000000000000000 -0.00616454100236296654
-0.23999999463558197000 -0.00616883579641580582
-0.23000000417232513400 -0.00617819791659712792
-0.21999999880790710400 -0.00617831712588667870
-0.20999999344348907500 -0.00619377009570598602
-0.20000000298023223900 -0.00619781995192170143
-0.18999999761581420900 -0.00618183286860585213
-0.18000000715255737300 -0.00617276318371295929
-0.17000000178813934300 -0.00618522288277745247
-0.15999999642372131300 -0.00617102207615971565
-0.15000000596046447800 -0.00616425322368741036
-0.14000000059604644800 -0.00617293687537312508
-0.12999999523162841800 -0.00617644004523754120
-0.11999999731779098500 -0.00619644811376929283
-0.10999999940395355200 -0.00619952799752354622
-0.10000000149011611900 -0.00620000297203660012
-0.09000000357627868650 -0.00618748785927891731
-0.07999999821186065670 -0.00618649693205952645
-0.07000000029802322390 -0.00618423521518707276
-0.05999999865889549260 -0.00616471003741025925
-0.05000000074505805970 -0.00616159988567233086
-0.03999999910593032840 -0.00616040220484137535
-0.02999999932944774630 -0.00617363210767507553
-0.01999999955296516420 -0.00617767404764890671
-0.00999999977648258210 -0.00618229387328028679
0.00000000000000000000 -0.00617374619469046593
0.00999999977648258210 -0.00616082083433866501
0.01999999955296516420 -0.00613723788410425186
0.02999999932944774630 -0.00614235596731305123
0.03999999910593032840 -0.00612280517816543579
0.05000000074505805970 -0.00610285717993974686
0.05999999865889549260 -0.00611332897096872330
0.07000000029802322390 -0.00612546084448695183
0.07999999821186065670 -0.00612712698057293892
0.09000000357627868650 -0.00614193221554160118
0.10000000149011611900 -0.00614285981282591820
0.10999999940395355200 -0.00611411221325397492
0.11999999731779098500 -0.00612540217116475106
0.12999999523162841800 -0.00612442800775170326
0.14000000059604644800 -0.00609813816845417023
0.15000000596046447800 -0.00610835198312997818
0.15999999642372131300 -0.00611560698598623276
0.17000000178813934300 -0.00612232694402337074
0.18000000715255737300 -0.00613525602966547012
0.18999999761581420900 -0.00614611292257905007
0.20000000298023223900 -0.00612389389425516129
0.20999999344348907500 -0.00610949611291289330
0.21999999880790710400 -0.00612190691754221916
0.23000000417232513400 -0.00610659411177039147
0.23999999463558197000 -0.00608785683289170265
0.25000000000000000000 -0.00609161891043186188
0.25999999046325683600 -0.00608997885137796402
0.27000001072883606000 -0.00609919195994734764
0.28000000119209289500 -0.00610644603148102760
0.28999999165534973100 -0.00609761709347367287
0.30000001192092895500 -0.00608573295176029206
0.31000000238418579100 -0.00606023985892534256
0.31999999284744262700 -0.00605600792914628983
0.33000001311302185100 -0.00604196498170495033
0.34000000357627868600 -0.00602088216692209244
0.34999999403953552200 -0.00601173890754580498
0.36000001430511474600 -0.00601480714976787567
0.37000000476837158200 -0.00601019011810421944
0.37999999523162841800 -0.00599570618942379952
0.38999998569488525400 -0.00598328188061714173
0.40000000596046447700 -0.00593953300267457962
0.40999999642372131300 -0.00589635781943798065
0.41999998688697814900 -0.00586253311485052109
0.43000000715255737300 -0.00578841008245944977
0.43999999761581420900 -0.00571639882400631905
0.44999998807907104500 -0.00564188417047262192
0.46000000834465026800 -0.00555262016132473946
0.46999999880790710400 -0.00544436695054173470
0.47999998927116394000 -0.00531942397356033325
0.49000000953674316400 -0.00515910983085632324
0.50000000000000000000 -0.00497604021802544594
0.50999999046325683600 -0.00479841185733675957
0.51999998092651367200 -0.00459388177841901779
0.52999997138977050800 -0.00437151314690709114
0.54000002145767211900 -0.00415454898029565811
0.55000001192092895500 -0.00392185011878609657
0.56000000238418579100 -0.00368562410585582256
0.56999999284744262700 -0.00344819598831236363
0.57999998331069946300 -0.00319395703263580799
0.58999997377395629900 -0.00293591804802417755
0.60000002384185791000 -0.00267981691285967827
0.61000001430511474600 -0.00242510810494422913
0.62000000476837158200 -0.00216978206299245358
0.62999999523162841800 -0.00191646697930991650
0.63999998569488525400 -0.00166448298841714859
0.64999997615814209000 -0.00142195401713252068
0.66000002622604370100 -0.00118610600475221872
0.67000001668930053700 -0.00091887550661340356
0.68000000715255737300 -0.00067856378154829144
0.68999999761581420900 -0.00046145109809003770
0.69999998807907104500 -0.00024374360509682447
0.70999997854232788100 -0.00004102236925973557
0.72000002861022949200 0.00016461980703752488
0.73000001907348632800 0.00037912800326012075
0.74000000953674316400 0.00058834598166868091
0.75000000000000000000 0.00079614447895437479
0.75999999046325683600 0.00100510905031114817
0.76999998092651367200 0.00126815796829760075
0.77999997138977050800 0.00149236898869276047
0.79000002145767211900 0.00171850994229316711
0.80000001192092895500 0.00194712996017187834
0.81000000238418579100 0.00217912695370614529
0.81999999284744262700 0.00241593690589070320
0.82999998331069946300 0.00265757204033434391
0.83999997377395629900 0.00290293409489095211
0.85000002384185791000 0.00315448106266558170
0.86000001430511474600 0.00341222388669848442
0.87000000476837158200 0.00367625290527939797
0.87999999523162841800 0.00394818093627691269
0.88999998569488525400 0.00422421004623174668
0.89999997615814209000 0.00450575118884444237
0.91000002622604370100 0.00479228002950549126
0.92000001668930053700 0.00508527504280209541
0.93000000715255737300 0.00538308219984173775
0.93999999761581420900 0.00568874320015311241
0.94999998807907104500 0.00599718792364001274
0.95999997854232788100 0.00631484389305114746
0.97000002861022949200 0.00664420006796717644
0.98000001907348632800 0.00697172014042735100
0.99000000953674316400 0.00730849709361791611
1.00000000000000000000 0.00765045778825879097
