-1.00000000000000000000 -0.00573147786781191826
-0.99000000953674316400 -0.00574431894347071648
-0.98000001907348632800 -0.00575369317084550858
-0.97000002861022949200 -0.00576922204345464707
-0.95999997854232788100 -0.00576481595635414124
-0.94999998807907104500 -0.00574469799175858498
-0.93999999761581420900 -0.00574695505201816559
-0.93000000715255737300 -0.00574546819552779198
-0.92000001668930053700 -0.00572972605004906655
-0.91000002622604370100 -0.00572542194277048111
-0.89999997615814209000 -0.00573734706267714501
-0.88999998569488525400 -0.00574601301923394203
-0.87999999523162841800 -0.00575160281732678414
-0.87000000476837158200 -0.00575257185846567154
-0.86000001430511474600 -0.00574404094368219376
-0.85000002384185791000 -0.00572471693158149719
-0.83999997377395629900 -0.00572847807779908180
-0.82999998331069946300 -0.00572620378807187081
-0.81999999284744262700 -0.00571329006925225258
-0.81000000238418579100 -0.00571744702756404877
-0.80000001192092895500 -0.00573050091043114662
-0.79000002145767211900 -0.00574703188613057137
-0.77999997138977050800 -0.00574498018249869347
-0.76999998092651367200 -0.00575709110125899315
-0.75999999046325683600 -0.00574321812018752098
-0.75000000000000000000 -0.00573330977931618691
-0.74000000953674316400 -0.00574121298268437386
-0.73000001907348632800 -0.00573242083191871643
-0.72000002861022949200 -0.00572319794446229935
-0.70999997854232788100 -0.00573465414345264435
-0.69999998807907104500 -0.00575080886483192444
-0.68999999761581420900 -0.00575651507824659348
-0.68000000715255737300 -0.00576506694778800011
-0.67000001668930053700 -0.00575531087815761566
-0.66000002622604370100 -0.00573224900290369988
-0.64999997615814209000 -0.00574022205546498299
-0.63999998569488525400 -0.00572917610406875611
-0.62999999523162841800 -0.00570863299071788788
-0.62000000476837158200 -0.00570432702079415322
-0.61000001430511474600 -0.00571421580389142037
-0.60000002384185791000 -0.00572058698162436485
-0.58999997377395629900 -0.00572456605732440949
-0.57999998331069946300 -0.00572432577610015869
-0.56999999284744262700 -0.00571541721001267433
-0.56000000238418579100 -0.00570190185680985451
-0.55000001192092895500 -0.00570695195347070694
-0.54000002145767211900 -0.00569928297773003578
-0.52999997138977050800 -0.00569273484870791435
-0.51999998092651367200 -0.00570377707481384278
-0.50999999046325683600 -0.00571631407365202904
-0.50000000000000000000 -0.00573109602555632591
-0.49000000953674316400 -0.00573558406904339791
-0.47999998927116394000 -0.00573744298890233040
-0.46999999880790710400 -0.00572231179103255272
-0.46000000834465026800 -0.00571785401552915573
-0.44999998807907104500 -0.00572097022086381912
-0.43999999761581420900 -0.00570425996556878090
-0.43000000715255737300 -0.00570712611079216004
-0.41999998688697814900 -0.00571928219869732857
-0.40999999642372131300 -0.00573227507993578911
-0.40000000596046447700 -0.00573660200461745262
-0.38999998569488525400 -0.00574876694008708000
-0.37999999523162841800 -0.00573483388870954514
-0.37000000476837158200 -0.00571592384949326515
-0.36000001430511474600 -0.00572898797690868378
-0.34999999403953552200 -0.00571647891774773598
-0.34000000357627868600 -0.00569928390905261040
-0.33000001311302185100 -0.00569926481693983078
-0.31999999284744262700 -0.00570884998887777329
-0.31000000238418579100 -0.00571673782542347908
-0.30000001192092895500 -0.00572348991408944130
-0.28999999165534973100 -0.00571747496724128723
-0.28000000119209289500 -0.00570327602326869965
-0.27000001072883606000 -0.00570655800402164459
-0.25999999046325683600 -0.00569938682019710541
-0.25000000000000000000 -0.00568370101973414421
-0.23999999463558197000 -0.00568628916516900063
-0.23000000417232513400 -0.00569513812661170960
-0.21999999880790710400 -0.00570696918293833733
-0.20999999344348907500 -0.00572054088115692139
-0.20000000298023223900 -0.00572260795161128044
-0.18999999761581420900 -0.00571791082620620728
-0.18000000715255737300 -0.00570219289511442185
-0.17000000178813934300 -0.00571020506322383881
-0.15999999642372131300 -0.00570371281355619431
-0.15000000596046447800 -0.00568987196311354637
-0.14000000059604644800 -0.00569986412301659584
-0.12999999523162841800 -0.00570485508069396019
-0.11999999731779098500 -0.00571861816570162773
-0.10999999940395355200 -0.00572140607982873917
-0.10000000149011611900 -0.00571542419493198395
-0.09000000357627868650 -0.00569345103576779366
-0.07999999821186065670 -0.00569507014006376267
-0.07000000029802322390 -0.00568560697138309479
-0.05999999865889549260 -0.00566658098250627518
-0.05000000074505805970 -0.00566267501562833786
-0.03999999910593032840 -0.00566884595900774002
-0.02999999932944774630 -0.00567425694316625595
-0.01999999955296516420 -0.00568340020254254341
-0.00999999977648258210 -0.00569231295958161354
0.00000000000000000000 -0.00567558687180280686
0.00999999977648258210 -0.00566906016319990158
0.01999999955296516420 -0.00566973816603422165
0.02999999932944774630 -0.00567358918488025665
0.03999999910593032840 -0.00565583212301135063
0.05000000074505805970 -0.00565312011167407036
0.05999999865889549260 -0.00566195091232657433
0.07000000029802322390 -0.00567875802516937256
0.07999999821186065670 -0.00569023611024022103
0.09000000357627868650 -0.00569245591759681702
0.10000000149011611900 -0.00568527122959494591
0.10999999940395355200 -0.00566583219915628433
0.11999999731779098500 -0.00567452423274517060
0.12999999523162841800 -0.00567473517730832100
0.14000000059604644800 -0.00565509684383869171
0.15000000596046447800 -0.00565554993227124214
0.15999999642372131300 -0.00566899077966809273
0.17000000178813934300 -0.00567662809044122696
0.18000000715255737300 -0.00567536382004618645
0.18999999761581420900 -0.00567575590685009957
0.20000000298023223900 -0.00565137481316924095
0.20999999344348907500 -0.00564430281519889832
0.21999999880790710400 -0.00564133794978260994
0.23000000417232513400 -0.00561817502602934838
0.23999999463558197000 -0.00560498097911477089
0.25000000000000000000 -0.00560989882797002793
0.25999999046325683600 -0.00561108579859137535
0.27000001072883606000 -0.00561236403882503510
0.28000000119209289500 -0.00562063697725534439
0.28999999165534973100 -0.00560161005705595017
0.30000001192092895500 -0.00557865714654326439
0.31000000238418579100 -0.00557963922619819641
0.31999999284744262700 -0.00556061509996652603
0.33000001311302185100 -0.00553389778360724449
0.34000000357627868600 -0.00552468514069914818
0.34999999403953552200 -0.00552290398627519608
0.36000001430511474600 -0.00551738915964961052
0.37000000476837158200 -0.00550723914057016373
0.37999999523162841800 -0.00549197290092706680
0.38999998569488525400 -0.00546451890841126442
0.40000000596046447700 -0.00542592210695147515
0.40999999642372131300 -0.00541098881512880326
0.41999998688697814900 -0.00537470681592822075
0.43000000715255737300 -0.00533139286562800408
0.43999999761581420900 -0.00530226994305849076
0.44999998807907104500 -0.00527189578860998154
0.46000000834465026800 -0.00524422386661171913
0.46999999880790710400 -0.00520105101168155670
0.47999998927116394000 -0.00515282386913895607
0.49000000953674316400 -0.00508659612387418747
0.50000000000000000000 -0.00503046298399567604
0.50999999046325683600 -0.00497283879667520523
0.51999998092651367200 -0.00489683821797370911
0.52999997138977050800 -0.00482843397185206413
0.54000002145767211900 -0.00476314080879092217
0.55000001192092895500 -0.00468619493767619133
0.56000000238418579100 -0.00459699612110853195
0.56999999284744262700 -0.00449762679636478424
0.57999998331069946300 -0.00436101388186216354
0.58999997377395629900 -0.00420824391767382622
0.60000002384185791000 -0.00404565921053290367
0.61000001430511474600 -0.00384175498038530350
0.62000000476837158200 -0.00359903299249708653
0.62999999523162841800 -0.00332044390961527824
0.63999998569488525400 -0.00300226407125592232
0.64999997615814209000 -0.00262515689246356487
0.66000002622604370100 -0.00219375593587756157
0.67000001668930053700 -0.00169539195485413075
0.68000000715255737300 -0.00113013701047748327
0.68999999761581420900 -0.00052056118147447705
0.69999998807907104500 0.00010155639756703749
0.70999997854232788100 0.00077518192119896412
0.72000002861022949200 0.00160665297880768776
0.73000001907348632800 0.00244814809411764145
0.74000000953674316400 0.00333206495270133019
0.75000000000000000000 0.00424969196319580078
0.75999999046325683600 0.00520949298515915871
0.76999998092651367200 0.00619715219363570214
0.77999997138977050800 0.00721967313438653946
0.79000002145767211900 0.00826945528388023377
0.80000001192092895500 0.00933830719441175461
0.81000000238418579100 0.01044401992112398150
0.81999999284744262700 0.01096661016345024110
0.82999998331069946300 0.01206341013312339780
0.83999997377395629900 0.01316931005567312240
0.85000002384185791000 0.01429182011634111400
0.86000001430511474600 0.01543181017041206360
0.87000000476837158200 0.01658079028129577640
0.87999999523162841800 0.01773230917751789090
0.88999998569488525400 0.01892019063234329220
0.89999997615814209000 0.02011075057089328770
0.91000002622604370100 0.02130774036049842830
0.92000001668930053700 0.02252526953816413880
0.93000000715255737300 0.02373505011200904850
0.93999999761581420900 0.02495352923870086670
0.94999998807907104500 0.02619696967303752900
0.95999997854232788100 0.02745684050023555760
0.97000002861022949200 0.02869636937975883480
0.98000001907348632800 0.02996126003563404080
0.99000000953674316400 0.03122798912227153780
1.00000000000000000000 0.03250728920102119450
