-1.00000000000000000000 -0.00592456199228763580
-0.99000000953674316400 -0.00594014301896095276
-0.98000001907348632800 -0.00594610301777720452
-0.97000002861022949200 -0.00591635191813111305
-0.95999997854232788100 -0.00592158921062946320
-0.94999998807907104500 -0.00593999912962317467
-0.93999999761581420900 -0.00593899423256516457
-0.93000000715255737300 -0.00595476618036627770
-0.92000001668930053700 -0.00597578100860118866
-0.91000002622604370100 -0.00594812491908669472
-0.89999997615814209000 -0.00593743985518813133
-0.88999998569488525400 -0.00595166301354765892
-0.87999999523162841800 -0.00593617418780922890
-0.87000000476837158200 -0.00592318689450621605
-0.86000001430511474600 -0.00592979416251182556
-0.85000002384185791000 -0.00592858390882611275
-0.83999997377395629900 -0.00594375515356659889
-0.82999998331069946300 -0.00595876481384038925
-0.81999999284744262700 -0.00595245603471994400
-0.81000000238418579100 -0.00594574306160211563
-0.80000001192092895500 -0.00592764699831604958
-0.79000002145767211900 -0.00592662394046783447
-0.77999997138977050800 -0.00592432077974081040
-0.76999998092651367200 -0.00591030484065413475
-0.75999999046325683600 -0.00590752298012375832
-0.75000000000000000000 -0.00592574384063482285
-0.74000000953674316400 -0.00593715021386742592
-0.73000001907348632800 -0.00593350920826196671
-0.72000002861022949200 -0.00595068186521530152
-0.70999997854232788100 -0.00593527499586343765
-0.69999998807907104500 -0.00592080503702163696
-0.68999999761581420900 -0.00593652017414569855
-0.68000000715255737300 -0.00591713190078735352
-0.67000001668930053700 -0.00590591598302125931
-0.66000002622604370100 -0.00591890607029199600
-0.64999997615814209000 -0.00592983700335025788
-0.63999998569488525400 -0.00593024585396051407
-0.62999999523162841800 -0.00595327792689204216
-0.62000000476837158200 -0.00594192184507846832
-0.61000001430511474600 -0.00591362500563263893
-0.60000002384185791000 -0.00593188917264342308
-0.58999997377395629900 -0.00592128699645400048
-0.57999998331069946300 -0.00589469680562615395
-0.56999999284744262700 -0.00591064477339386940
-0.56000000238418579100 -0.00590823497623205185
-0.55000001192092895500 -0.00591148389503359795
-0.54000002145767211900 -0.00593781098723411560
-0.52999997138977050800 -0.00592970522120594978
-0.51999998092651367200 -0.00591369206085801125
-0.50999999046325683600 -0.00590960402041673660
-0.50000000000000000000 -0.00591003615409135819
-0.49000000953674316400 -0.00590497395023703575
-0.47999998927116394000 -0.00590441096574068070
-0.46999999880790710400 -0.00589582510292530060
-0.46000000834465026800 -0.00590818608179688454
-0.44999998807907104500 -0.00594129506498575211
-0.43999999761581420900 -0.00592528190463781357
-0.43000000715255737300 -0.00593522004783153534
-0.41999998688697814900 -0.00592817505821585655
-0.40999999642372131300 -0.00591533584520220757
-0.40000000596046447700 -0.00592248700559139252
-0.38999998569488525400 -0.00591303594410419464
-0.37999999523162841800 -0.00590346101671457291
-0.37000000476837158200 -0.00591749791055917740
-0.36000001430511474600 -0.00593538116663694382
-0.34999999403953552200 -0.00592775503173470497
-0.34000000357627868600 -0.00594382314011454582
-0.33000001311302185100 -0.00593709200620651245
-0.31999999284744262700 -0.00590225122869014740
-0.31000000238418579100 -0.00592410797253251076
-0.30000001192092895500 -0.00592260900884866715
-0.28999999165534973100 -0.00589165510609745980
-0.28000000119209289500 -0.00590195413678884506
-0.27000001072883606000 -0.00591639382764697075
-0.25999999046325683600 -0.00591194815933704376
-0.25000000000000000000 -0.00592518504709005356
-0.23999999463558197000 -0.00592648098245263100
-0.23000000417232513400 -0.00589671917259693146
-0.21999999880790710400 -0.00590560398995876312
-0.20999999344348907500 -0.00590139394626021385
-0.20000000298023223900 -0.00587264681234955788
-0.18999999761581420900 -0.00587994791567325592
-0.18000000715255737300 -0.00588637404143810272
-0.17000000178813934300 -0.00589276617392897606
-0.15999999642372131300 -0.00591889489442110062
-0.15000000596046447800 -0.00591504713520407677
-0.14000000059604644800 -0.00590075878426432610
-0.12999999523162841800 -0.00589734409004449845
-0.11999999731779098500 -0.00589524395763874054
-0.10999999940395355200 -0.00588642805814743042
-0.10000000149011611900 -0.00588206620886921883
-0.09000000357627868650 -0.00587039394304156304
-0.07999999821186065670 -0.00588204292580485344
-0.07000000029802322390 -0.00590596999973058701
-0.05999999865889549260 -0.00589192705228924752
-0.05000000074505805970 -0.00589751498773694039
-0.03999999910593032840 -0.00588427716866135597
-0.02999999932944774630 -0.00586661184206604958
-0.01999999955296516420 -0.00587296206504106522
-0.00999999977648258210 -0.00585932098329067230
0.00000000000000000000 -0.00584100279957056046
0.00999999977648258210 -0.00584407616406679154
0.01999999955296516420 -0.00586561905220150948
0.02999999932944774630 -0.00585224712267518044
0.03999999910593032840 -0.00586438598111271858
0.05000000074505805970 -0.00586455222219228745
0.05999999865889549260 -0.00582600710913538933
0.07000000029802322390 -0.00582647416740655899
0.07999999821186065670 -0.00583716202527284622
0.09000000357627868650 -0.00579529814422130585
0.10000000149011611900 -0.00579643016681075096
0.10999999940395355200 -0.00581881497055292130
0.11999999731779098500 -0.00580631103366613388
0.12999999523162841800 -0.00582436379045248032
0.14000000059604644800 -0.00583565514534711838
0.15000000596046447800 -0.00580147607252001763
0.15999999642372131300 -0.00578257814049720764
0.17000000178813934300 -0.00579806882888078690
0.18000000715255737300 -0.00576731096953153610
0.18999999761581420900 -0.00574435712769627571
0.20000000298023223900 -0.00574351707473397255
0.20999999344348907500 -0.00572633789852261543
0.21999999880790710400 -0.00572822801768779755
0.23000000417232513400 -0.00572573812678456307
0.23999999463558197000 -0.00569829205051064491
0.25000000000000000000 -0.00567536707967519760
0.25999999046325683600 -0.00565072614699602127
0.27000001072883606000 -0.00562048889696598053
0.28000000119209289500 -0.00558843184262514115
0.28999999165534973100 -0.00555368885397911072
0.30000001192092895500 -0.00551747810095548630
0.31000000238418579100 -0.00549925910308957100
0.31999999284744262700 -0.00546588515862822533
0.33000001311302185100 -0.00542029598727822304
0.34000000357627868600 -0.00536902993917465210
0.34999999403953552200 -0.00529261818155646324
0.36000001430511474600 -0.00523308105766773224
0.37000000476837158200 -0.00516546284779906273
0.37999999523162841800 -0.00506375590339303017
0.38999998569488525400 -0.00497260782867670059
0.40000000596046447700 -0.00490080006420612335
0.40999999642372131300 -0.00479368492960929871
0.41999998688697814900 -0.00468318210914731026
0.43000000715255737300 -0.00457717990502715111
0.43999999761581420900 -0.00442642206326127052
0.44999998807907104500 -0.00427505094558000565
0.46000000834465026800 -0.00414645206183195114
0.46999999880790710400 -0.00396585185080766678
0.47999998927116394000 -0.00379928690381348133
0.49000000953674316400 -0.00364307011477649212
0.50000000000000000000 -0.00346039701253175736
0.50999999046325683600 -0.00328752095811069012
0.51999998092651367200 -0.00311747309751808643
0.52999997138977050800 -0.00291712698526680470
0.54000002145767211900 -0.00271670008078217506
0.55000001192092895500 -0.00254034809768199921
0.56000000238418579100 -0.00233764201402664185
0.56999999284744262700 -0.00214111595414578915
0.57999998331069946300 -0.00196072203107178211
0.58999997377395629900 -0.00177007098682224751
0.60000002384185791000 -0.00159400794655084610
0.61000001430511474600 -0.00142157403752207756
0.62000000476837158200 -0.00124440097715705633
0.62999999523162841800 -0.00106980802956968546
0.63999998569488525400 -0.00087127560982480645
0.64999997615814209000 -0.00070467480691149831
0.66000002622604370100 -0.00055014569079503417
0.67000001668930053700 -0.00039926069439388812
0.68000000715255737300 -0.00024696221225894988
0.68999999761581420900 -0.00010164499690290540
0.69999998807907104500 0.00004223901123623364
0.70999997854232788100 0.00018489660578779876
0.72000002861022949200 0.00032951560569927096
0.73000001907348632800 0.00047301821177825332
0.74000000953674316400 0.00061770091997459531
0.75000000000000000000 0.00076036201789975166
0.75999999046325683600 0.00090611889027059078
0.76999998092651367200 0.00111095700412988663
0.77999997138977050800 0.00126251799520105124
0.79000002145767211900 0.00141619099304080010
0.80000001192092895500 0.00157837301958352327
0.81000000238418579100 0.00173782603815197945
0.81999999284744262700 0.00190306105650961399
0.82999998331069946300 0.00207593501545488834
0.83999997377395629900 0.00224241893738508225
0.85000002384185791000 0.00240949401631951332
0.86000001430511474600 0.00258825393393635750
0.87000000476837158200 0.00276218308135867119
0.87999999523162841800 0.00293774204328656197
0.88999998569488525400 0.00312413997016847134
0.89999997615814209000 0.00330450595356523991
0.91000002622604370100 0.00349606596864759922
0.92000001668930053700 0.00370128708891570568
0.93000000715255737300 0.00389349390752613545
0.93999999761581420900 0.00409044418483972550
0.94999998807907104500 0.00429758382961153984
0.95999997854232788100 0.00449135294184088707
0.97000002861022949200 0.00470193615183234215
0.98000001907348632800 0.00491598481312394142
0.99000000953674316400 0.00511352205649018288
1.00000000000000000000 0.00533750979229807854
