-1.00000000000000000000 -0.00571543117985129357
-0.99000000953674316400 -0.00572888692840933800
-0.98000001907348632800 -0.00573504995554685593
-0.97000002861022949200 -0.00573931587859988213
-0.95999997854232788100 -0.00574448890984058380
-0.94999998807907104500 -0.00573859410360455513
-0.93999999761581420900 -0.00571445608511567116
-0.93000000715255737300 -0.00572223821654915810
-0.92000001668930053700 -0.00572117092087864876
-0.91000002622604370100 -0.00569987483322620392
-0.89999997615814209000 -0.00570481410250067711
-0.88999998569488525400 -0.00570875080302357674
-0.87999999523162841800 -0.00571699999272823334
-0.87000000476837158200 -0.00573420897126197815
-0.86000001430511474600 -0.00574561301618814469
-0.85000002384185791000 -0.00573373399674892426
-0.83999997377395629900 -0.00572289386764168740
-0.82999998331069946300 -0.00573863880708813667
-0.81999999284744262700 -0.00573004595935344696
-0.81000000238418579100 -0.00571918021887540817
-0.80000001192092895500 -0.00572250597178936005
-0.79000002145767211900 -0.00573426391929388046
-0.77999997138977050800 -0.00575196510180830956
-0.76999998092651367200 -0.00575666502118110657
-0.75999999046325683600 -0.00575758097693324089
-0.75000000000000000000 -0.00574436178430914879
-0.74000000953674316400 -0.00573848281055688858
-0.73000001907348632800 -0.00574823981150984764
-0.72000002861022949200 -0.00573317008092999458
-0.70999997854232788100 -0.00571871781721711159
-0.69999998807907104500 -0.00573165109381079674
-0.68999999761581420900 -0.00573350302875041962
-0.68000000715255737300 -0.00574184907600283623
-0.67000001668930053700 -0.00575366709381341934
-0.66000002622604370100 -0.00574026303365826607
-0.64999997615814209000 -0.00571687612682580948
-0.63999998569488525400 -0.00573589606210589409
-0.62999999523162841800 -0.00572939403355121613
-0.62000000476837158200 -0.00570762902498245239
-0.61000001430511474600 -0.00571760395541787148
-0.60000002384185791000 -0.00572732416912913323
-0.58999997377395629900 -0.00573701597750186920
-0.57999998331069946300 -0.00574826402589678765
-0.56999999284744262700 -0.00575331784784793854
-0.56000000238418579100 -0.00573552818968892098
-0.55000001192092895500 -0.00572879984974861145
-0.54000002145767211900 -0.00573433702811598778
-0.52999997138977050800 -0.00572057208046317101
-0.51999998092651367200 -0.00571313779801130295
-0.50999999046325683600 -0.00571876112371683121
-0.50000000000000000000 -0.00572946481406688690
-0.49000000953674316400 -0.00573558593168854714
-0.47999998927116394000 -0.00574726983904838562
-0.46999999880790710400 -0.00573773076757788658
-0.46000000834465026800 -0.00571306608617305756
-0.44999998807907104500 -0.00571732409298419953
-0.43999999761581420900 -0.00571334082633256912
-0.43000000715255737300 -0.00568934809416532517
-0.41999998688697814900 -0.00568362278863787651
-0.40999999642372131300 -0.00569427199661731720
-0.40000000596046447700 -0.00569940079003572464
-0.38999998569488525400 -0.00570442201569676399
-0.37999999523162841800 -0.00571399508044123650
-0.37000000476837158200 -0.00569627201184630394
-0.36000001430511474600 -0.00568674784153699875
-0.34999999403953552200 -0.00570110511034727097
-0.34000000357627868600 -0.00569089781492948532
-0.33000001311302185100 -0.00568005116656422615
-0.31999999284744262700 -0.00569686200469732285
-0.31000000238418579100 -0.00571168819442391396
-0.30000001192092895500 -0.00571681791916489601
-0.28999999165534973100 -0.00573343783617019654
-0.28000000119209289500 -0.00572604779154062271
-0.27000001072883606000 -0.00570044107735157013
-0.25999999046325683600 -0.00572235789149999619
-0.25000000000000000000 -0.00571156106889247894
-0.23999999463558197000 -0.00569284381344914437
-0.23000000417232513400 -0.00570547999814152718
-0.21999999880790710400 -0.00570995407178997994
-0.20999999344348907500 -0.00572120398283004761
-0.20000000298023223900 -0.00572909321635961533
-0.18999999761581420900 -0.00572752021253108978
-0.18000000715255737300 -0.00570914521813392639
-0.17000000178813934300 -0.00570414680987596512
-0.15999999642372131300 -0.00570181617513298989
-0.15000000596046447800 -0.00569090386852622032
-0.14000000059604644800 -0.00568385887891054154
-0.12999999523162841800 -0.00568623980507254601
-0.11999999731779098500 -0.00570328580215573311
-0.10999999940395355200 -0.00570730213075876236
-0.10000000149011611900 -0.00571794481948018074
-0.09000000357627868650 -0.00571053801104426384
-0.07999999821186065670 -0.00569099793210625649
-0.07000000029802322390 -0.00569807086139917374
-0.05999999865889549260 -0.00570016913115978241
-0.05000000074505805970 -0.00568144489079713822
-0.03999999910593032840 -0.00568138621747493744
-0.02999999932944774630 -0.00569592788815498352
-0.01999999955296516420 -0.00570332398638129234
-0.00999999977648258210 -0.00570793682709336281
0.00000000000000000000 -0.00570791121572256088
0.00999999977648258210 -0.00569727877154946327
0.01999999955296516420 -0.00567736010998487473
0.02999999932944774630 -0.00569606898352503777
0.03999999910593032840 -0.00567948305979371071
0.05000000074505805970 -0.00565806915983557701
0.05999999865889549260 -0.00566620286554098129
0.07000000029802322390 -0.00566263590008020401
0.07999999821186065670 -0.00566977681592106819
0.09000000357627868650 -0.00567195098847150803
0.10000000149011611900 -0.00566845713183283806
0.10999999940395355200 -0.00564343202859163284
0.11999999731779098500 -0.00564381107687950134
0.12999999523162841800 -0.00564103992655873299
0.14000000059604644800 -0.00561691820621490479
0.15000000596046447800 -0.00561686092987656594
0.15999999642372131300 -0.00561839109286665917
0.17000000178813934300 -0.00562925497069954872
0.18000000715255737300 -0.00564142502844333649
0.18999999761581420900 -0.00564578501507639885
0.20000000298023223900 -0.00563073391094803810
0.20999999344348907500 -0.00561488978564739227
0.21999999880790710400 -0.00562174106016755104
0.23000000417232513400 -0.00561252003535628319
0.23999999463558197000 -0.00559059204533696175
0.25000000000000000000 -0.00558429397642612457
0.25999999046325683600 -0.00559143209829926491
0.27000001072883606000 -0.00558951310813426972
0.28000000119209289500 -0.00558746978640556336
0.28999999165534973100 -0.00557911302894353867
0.30000001192092895500 -0.00555418198928236962
0.31000000238418579100 -0.00553008215501904488
0.31999999284744262700 -0.00552483182400465012
0.33000001311302185100 -0.00549061410129070282
0.34000000357627868600 -0.00546639086678624153
0.34999999403953552200 -0.00545870698988437653
0.36000001430511474600 -0.00544598605483770371
0.37000000476837158200 -0.00542661501094698906
0.37999999523162841800 -0.00541538977995514870
0.38999998569488525400 -0.00538087077438831330
0.40000000596046447700 -0.00533168017864227295
0.40999999642372131300 -0.00531872780993580818
0.41999998688697814900 -0.00528120901435613632
0.43000000715255737300 -0.00523012923076748848
0.43999999761581420900 -0.00520276976749300957
0.44999998807907104500 -0.00516870617866516113
0.46000000834465026800 -0.00513343885540962219
0.46999999880790710400 -0.00510197319090366364
0.47999998927116394000 -0.00505891721695661545
0.49000000953674316400 -0.00499357795342803002
0.50000000000000000000 -0.00493420381098985672
0.50999999046325683600 -0.00487932004034519196
0.51999998092651367200 -0.00481018982827663422
0.52999997138977050800 -0.00473491288721561432
0.54000002145767211900 -0.00466449977830052376
0.55000001192092895500 -0.00459525221958756447
0.56000000238418579100 -0.00450502801686525345
0.56999999284744262700 -0.00440760282799601555
0.57999998331069946300 -0.00428312178701162338
0.58999997377395629900 -0.00412761000916361809
0.60000002384185791000 -0.00397391198202967644
0.61000001430511474600 -0.00378563697449862957
0.62000000476837158200 -0.00355114298872649670
0.62999999523162841800 -0.00329040503129363060
0.63999998569488525400 -0.00299474899657070637
0.64999997615814209000 -0.00263924710452556610
0.66000002622604370100 -0.00223333202302455902
0.67000001668930053700 -0.00176751997787505388
0.68000000715255737300 -0.00123311695642769337
0.68999999761581420900 -0.00064752512844279408
0.69999998807907104500 -0.00003912475949618965
0.70999997854232788100 0.00060358591144904494
0.72000002861022949200 0.00136326102074235678
0.73000001907348632800 0.00218054000288248062
0.74000000953674316400 0.00303187291137874127
0.75000000000000000000 0.00392119120806455612
0.75999999046325683600 0.00484842713922262192
0.76999998092651367200 0.00580851407721638680
0.77999997138977050800 0.00680508511140942574
0.79000002145767211900 0.00783256907016038895
0.80000001192092895500 0.00887049734592437744
0.81000000238418579100 0.00994178093969821930
0.81999999284744262700 0.01045319996774196620
0.82999998331069946300 0.01151788979768753050
0.83999997377395629900 0.01259232964366674420
0.85000002384185791000 0.01366605982184410100
0.86000001430511474600 0.01479410007596015930
0.87000000476837158200 0.01590397953987121580
0.87999999523162841800 0.01701780036091804500
0.88999998569488525400 0.01817525923252105710
0.89999997615814209000 0.01932708919048309330
0.91000002622604370100 0.02049081027507781980
0.92000001668930053700 0.02167945913970470430
0.93000000715255737300 0.02284416928887367250
0.93999999761581420900 0.02402764931321144100
0.94999998807907104500 0.02524157986044883730
0.95999997854232788100 0.02644182927906513210
0.97000002861022949200 0.02764347009360790250
0.98000001907348632800 0.02887850068509578700
0.99000000953674316400 0.03010996989905834200
1.00000000000000000000 0.03135642036795616150
