-1.00000000000000000000 -0.00592879205942153931
-0.99000000953674316400 -0.00593691598623991013
-0.98000001907348632800 -0.00591577403247356415
-0.97000002861022949200 -0.00590100185945630074
-0.95999997854232788100 -0.00591221218928694725
-0.94999998807907104500 -0.00589145114645361900
-0.93999999761581420900 -0.00587376020848751068
-0.93000000715255737300 -0.00588352000340819359
-0.92000001668930053700 -0.00588860688731074333
-0.91000002622604370100 -0.00588996382430195809
-0.89999997615814209000 -0.00590877979993820191
-0.88999998569488525400 -0.00589463207870721817
-0.87999999523162841800 -0.00587590783834457398
-0.87000000476837158200 -0.00589396106079220772
-0.86000001430511474600 -0.00589480577036738396
-0.85000002384185791000 -0.00587126612663269043
-0.83999997377395629900 -0.00588227994740009308
-0.82999998331069946300 -0.00589571613818407059
-0.81999999284744262700 -0.00589957879856228829
-0.81000000238418579100 -0.00591832399368286133
-0.80000001192092895500 -0.00592642789706587792
-0.79000002145767211900 -0.00590622890740633011
-0.77999997138977050800 -0.00590340094640851021
-0.76999998092651367200 -0.00591260194778442383
-0.75999999046325683600 -0.00590160395950078964
-0.75000000000000000000 -0.00589374313130974770
-0.74000000953674316400 -0.00590314622968435288
-0.73000001907348632800 -0.00591518590226769448
-0.72000002861022949200 -0.00592670403420925141
-0.70999997854232788100 -0.00592860998585820198
-0.69999998807907104500 -0.00592420389875769615
-0.68999999761581420900 -0.00590425077825784683
-0.68000000715255737300 -0.00590771809220314026
-0.67000001668930053700 -0.00590505311265587807
-0.66000002622604370100 -0.00588348601013422012
-0.64999997615814209000 -0.00588238611817359924
-0.63999998569488525400 -0.00588973099365830422
-0.62999999523162841800 -0.00589880021288990975
-0.62000000476837158200 -0.00590508710592985153
-0.61000001430511474600 -0.00591944577172398567
-0.60000002384185791000 -0.00590773113071918488
-0.58999997377395629900 -0.00588833680376410484
-0.57999998331069946300 -0.00590571295469999314
-0.56999999284744262700 -0.00590013992041349411
-0.56000000238418579100 -0.00588058819994330406
-0.55000001192092895500 -0.00588802387937903404
-0.54000002145767211900 -0.00590050220489501953
-0.52999997138977050800 -0.00590626010671257973
-0.51999998092651367200 -0.00592041993513703346
-0.50999999046325683600 -0.00590917700901627541
-0.50000000000000000000 -0.00589146278798580170
-0.49000000953674316400 -0.00590312108397483826
-0.47999998927116394000 -0.00589765887707471848
-0.46999999880790710400 -0.00587754789739847183
-0.46000000834465026800 -0.00587432784959673882
-0.44999998807907104500 -0.00588498683646321297
-0.43999999761581420900 -0.00589455477893352509
-0.43000000715255737300 -0.00589316617697477341
-0.41999998688697814900 -0.00589533103629946709
-0.40999999642372131300 -0.00588349578902125359
-0.40000000596046447700 -0.00585858197882771492
-0.38999998569488525400 -0.00586732197552919388
-0.37999999523162841800 -0.00585820479318499565
-0.37000000476837158200 -0.00584447896108031273
-0.36000001430511474600 -0.00584537396207451821
-0.34999999403953552200 -0.00586003297939896584
-0.34000000357627868600 -0.00587203586474061012
-0.33000001311302185100 -0.00588263478130102158
-0.31999999284744262700 -0.00588460080325603485
-0.31000000238418579100 -0.00586387282237410546
-0.30000001192092895500 -0.00587385380640625954
-0.28999999165534973100 -0.00587473018094897270
-0.28000000119209289500 -0.00585909094661474228
-0.27000001072883606000 -0.00586098013445734978
-0.25999999046325683600 -0.00587792880833148956
-0.25000000000000000000 -0.00588769698515534401
-0.23999999463558197000 -0.00589565699920058251
-0.23000000417232513400 -0.00590507779270410538
-0.21999999880790710400 -0.00588935194537043572
-0.20999999344348907500 -0.00587379885837435723
-0.20000000298023223900 -0.00588654400780797005
-0.18999999761581420900 -0.00587263703346252442
-0.18000000715255737300 -0.00586154498159885407
-0.17000000178813934300 -0.00586626818403601647
-0.15999999642372131300 -0.00587452203035354614
-0.15000000596046447800 -0.00588293187320232392
-0.14000000059604644800 -0.00589144602417945862
-0.12999999523162841800 -0.00587677722796797753
-0.11999999731779098500 -0.00586108118295669556
-0.10999999940395355200 -0.00587121583521366120
-0.10000000149011611900 -0.00586174009367823601
-0.09000000357627868650 -0.00584838213399052620
-0.07999999821186065670 -0.00584880216047167778
-0.07000000029802322390 -0.00585643714293837548
-0.05999999865889549260 -0.00587191898375749588
-0.05000000074505805970 -0.00587717816233634949
-0.03999999910593032840 -0.00587916700169444084
-0.02999999932944774630 -0.00587237998843193054
-0.01999999955296516420 -0.00585340382531285286
-0.00999999977648258210 -0.00586506398394703865
0.00000000000000000000 -0.00586032820865511894
0.00999999977648258210 -0.00584090081974864006
0.01999999955296516420 -0.00584325892850756645
0.02999999932944774630 -0.00585294421762228012
0.03999999910593032840 -0.00586450006812810898
0.05000000074505805970 -0.00586631707847118378
0.05999999865889549260 -0.00587389478459954262
0.07000000029802322390 -0.00585514213889837265
0.07999999821186065670 -0.00583422882482409477
0.09000000357627868650 -0.00584433181211352348
0.10000000149011611900 -0.00583242485299706459
0.10999999940395355200 -0.00580027000978589058
0.11999999731779098500 -0.00580804888159036637
0.12999999523162841800 -0.00581258209422230721
0.14000000059604644800 -0.00580997113138437271
0.15000000596046447800 -0.00582343619316816330
0.15999999642372131300 -0.00582353910431265831
0.17000000178813934300 -0.00580088887363672257
0.18000000715255737300 -0.00579605577513575554
0.18999999761581420900 -0.00579986488446593285
0.20000000298023223900 -0.00578935304656624794
0.20999999344348907500 -0.00578199420124292374
0.21999999880790710400 -0.00578883104026317597
0.23000000417232513400 -0.00579852284863591194
0.23999999463558197000 -0.00581081584095954895
0.25000000000000000000 -0.00581132806837558746
0.25999999046325683600 -0.00580391893163323403
0.27000001072883606000 -0.00577639881521463394
0.28000000119209289500 -0.00578218977898359299
0.28999999165534973100 -0.00577584700658917427
0.30000001192092895500 -0.00575089920312166214
0.31000000238418579100 -0.00574728799983859062
0.31999999284744262700 -0.00574804097414016724
0.33000001311302185100 -0.00574672315269708634
0.34000000357627868600 -0.00573598407208919525
0.34999999403953552200 -0.00573710817843675614
0.36000001430511474600 -0.00570752704516053200
0.37000000476837158200 -0.00567363807931542397
0.37999999523162841800 -0.00567296519875526428
0.38999998569488525400 -0.00564393913373351097
0.40000000596046447700 -0.00560987181961536408
0.40999999642372131300 -0.00559191079810261727
0.41999998688697814900 -0.00558238010853528977
0.43000000715255737300 -0.00556070590391755104
0.43999999761581420900 -0.00554591417312622070
0.44999998807907104500 -0.00550981797277927399
0.46000000834465026800 -0.00545725505799055100
0.46999999880790710400 -0.00543319294229149819
0.47999998927116394000 -0.00539521081373095513
0.49000000953674316400 -0.00533107202500104904
0.50000000000000000000 -0.00528772501274943352
0.50999999046325683600 -0.00524219684302806854
0.51999998092651367200 -0.00519131310284137726
0.52999997138977050800 -0.00512848095968365669
0.54000002145767211900 -0.00505207013338804245
0.55000001192092895500 -0.00495627988129854202
0.56000000238418579100 -0.00483172480016946793
0.56999999284744262700 -0.00471507105976343155
0.57999998331069946300 -0.00456667598336935043
0.58999997377395629900 -0.00437411200255155564
0.60000002384185791000 -0.00416999496519565582
0.61000001430511474600 -0.00393464881926774979
0.62000000476837158200 -0.00365154398605227470
0.62999999523162841800 -0.00332287303172051907
0.63999998569488525400 -0.00295062805525958538
0.64999997615814209000 -0.00251138396561145783
0.66000002622604370100 -0.00202973210252821446
0.67000001668930053700 -0.00151037296745926142
0.68000000715255737300 -0.00091841811081394553
0.68999999761581420900 -0.00033852059277705848
0.69999998807907104500 0.00023666120250709355
0.70999997854232788100 0.00094347412232309580
0.72000002861022949200 0.00171004200819879770
0.73000001907348632800 0.00248517002910375595
0.74000000953674316400 0.00327528500929474831
0.75000000000000000000 0.00409003300592303276
0.75999999046325683600 0.00484147900715470314
0.76999998092651367200 0.00582537008449435234
0.77999997138977050800 0.00671094795688986778
0.79000002145767211900 0.00761233782395720482
0.80000001192092895500 0.00853116158396005631
0.81000000238418579100 0.00947137270122766495
0.81999999284744262700 0.01037476025521755220
0.82999998331069946300 0.01078828983008861540
0.83999997377395629900 0.01174896024167537690
0.85000002384185791000 0.01269256975501775740
0.86000001430511474600 0.01356361992657184600
0.87000000476837158200 0.01460111979395151140
0.87999999523162841800 0.01553232036530971530
0.88999998569488525400 0.01641114987432956700
0.89999997615814209000 0.01719046011567115780
0.91000002622604370100 0.01837480999529361720
0.92000001668930053700 0.01946409046649932860
0.93000000715255737300 0.02045595087110996250
0.93999999761581420900 0.02148462086915969850
0.94999998807907104500 0.02249583974480628970
0.95999997854232788100 0.02350687980651855470
0.97000002861022949200 0.02450909093022346500
0.98000001907348632800 0.02555844932794570920
0.99000000953674316400 0.02658426947891712190
1.00000000000000000000 0.02761461958289146420
