-1.00000000000000000000 -0.00588622782379388809
-0.99000000953674316400 -0.00589635409414768219
-0.98000001907348632800 -0.00590116903185844422
-0.97000002861022949200 -0.00587923498824238777
-0.95999997854232788100 -0.00588099705055356026
-0.94999998807907104500 -0.00588043779134750366
-0.93999999761581420900 -0.00586723908782005310
-0.93000000715255737300 -0.00586393801495432854
-0.92000001668930053700 -0.00586035521700978279
-0.91000002622604370100 -0.00587467616423964501
-0.89999997615814209000 -0.00588551210239529610
-0.88999998569488525400 -0.00588954519480466843
-0.87999999523162841800 -0.00587571412324905396
-0.87000000476837158200 -0.00585133302956819534
-0.86000001430511474600 -0.00585405481979250908
-0.85000002384185791000 -0.00585024291649460793
-0.83999997377395629900 -0.00583032378926873207
-0.82999998331069946300 -0.00583071401342749596
-0.81999999284744262700 -0.00584120582789182663
-0.81000000238418579100 -0.00584980985149741173
-0.80000001192092895500 -0.00586412008851766586
-0.79000002145767211900 -0.00586932618170976639
-0.77999997138977050800 -0.00585945602506399155
-0.76999998092651367200 -0.00584726221859455109
-0.75999999046325683600 -0.00586083810776472092
-0.75000000000000000000 -0.00585278822109103203
-0.74000000953674316400 -0.00584233598783612251
-0.73000001907348632800 -0.00585508113726973534
-0.72000002861022949200 -0.00586134800687432289
-0.70999997854232788100 -0.00587793393060564995
-0.69999998807907104500 -0.00588385201990604401
-0.68999999761581420900 -0.00587974302470684052
-0.68000000715255737300 -0.00586858810856938362
-0.67000001668930053700 -0.00587029615417122841
-0.66000002622604370100 -0.00586358690634369850
-0.64999997615814209000 -0.00585365109145641327
-0.63999998569488525400 -0.00585195515304803848
-0.62999999523162841800 -0.00585402594879269600
-0.62000000476837158200 -0.00586417596787214279
-0.61000001430511474600 -0.00587290478870272637
-0.60000002384185791000 -0.00587867898866534233
-0.58999997377395629900 -0.00586703000590205193
-0.57999998331069946300 -0.00584239792078733444
-0.56999999284744262700 -0.00584807386621832848
-0.56000000238418579100 -0.00584219302982091904
-0.55000001192092895500 -0.00582678709179162979
-0.54000002145767211900 -0.00583019014447927475
-0.52999997138977050800 -0.00584141910076141358
-0.51999998092651367200 -0.00585014885291457176
-0.50999999046325683600 -0.00586034078150987625
-0.50000000000000000000 -0.00586744491010904312
-0.49000000953674316400 -0.00585804879665374756
-0.47999998927116394000 -0.00584269780665636063
-0.46999999880790710400 -0.00585811305791139603
-0.46000000834465026800 -0.00585016887634992600
-0.44999998807907104500 -0.00583356106653809548
-0.43999999761581420900 -0.00584785314276814461
-0.43000000715255737300 -0.00585344480350613594
-0.41999998688697814900 -0.00586463091894984246
-0.40999999642372131300 -0.00587608711794018746
-0.40000000596046447700 -0.00586824817582964897
-0.38999998569488525400 -0.00585503177717328072
-0.37999999523162841800 -0.00585155608132481575
-0.37000000476837158200 -0.00584617117419838906
-0.36000001430511474600 -0.00583529099822044373
-0.34999999403953552200 -0.00582747021690011025
-0.34000000357627868600 -0.00582400802522897720
-0.33000001311302185100 -0.00583413708955049515
-0.31999999284744262700 -0.00583879090845584870
-0.31000000238418579100 -0.00584161188453435898
-0.30000001192092895500 -0.00583373894914984703
-0.28999999165534973100 -0.00580977089703083038
-0.28000000119209289500 -0.00581598002463579178
-0.27000001072883606000 -0.00581636885181069374
-0.25999999046325683600 -0.00580001901835203171
-0.25000000000000000000 -0.00579829188063740730
-0.23999999463558197000 -0.00581105519086122513
-0.23000000417232513400 -0.00582501711323857308
-0.21999999880790710400 -0.00583748705685138703
-0.20999999344348907500 -0.00584812881425023079
-0.20000000298023223900 -0.00584124494343996048
-0.18999999761581420900 -0.00582055794075131416
-0.18000000715255737300 -0.00583120901137590408
-0.17000000178813934300 -0.00582379195839166641
-0.15999999642372131300 -0.00581377884373068810
-0.15000000596046447800 -0.00582035211846232414
-0.14000000059604644800 -0.00582615798339247704
-0.12999999523162841800 -0.00584234297275543213
-0.11999999731779098500 -0.00585180101916193962
-0.10999999940395355200 -0.00585486786440014839
-0.10000000149011611900 -0.00584280490875244141
-0.09000000357627868650 -0.00582882482558488846
-0.07999999821186065670 -0.00583509495481848717
-0.07000000029802322390 -0.00582868093624711037
-0.05999999865889549260 -0.00580884190276265145
-0.05000000074505805970 -0.00580570800229907036
-0.03999999910593032840 -0.00581893278285861016
-0.02999999932944774630 -0.00582411093637347222
-0.01999999955296516420 -0.00582350185140967369
-0.00999999977648258210 -0.00582756614312529564
0.00000000000000000000 -0.00581374997273087502
0.00999999977648258210 -0.00580118317157030106
0.01999999955296516420 -0.00581325311213731766
0.02999999932944774630 -0.00580600090324878693
0.03999999910593032840 -0.00579063687473535538
0.05000000074505805970 -0.00579358497634530068
0.05999999865889549260 -0.00580295920372009278
0.07000000029802322390 -0.00581479910761117935
0.07999999821186065670 -0.00582137284800410271
0.09000000357627868650 -0.00583325978368520737
0.10000000149011611900 -0.00581272784620523453
0.10999999940395355200 -0.00579824019223451615
0.11999999731779098500 -0.00580561999231576920
0.12999999523162841800 -0.00579584995284676552
0.14000000059604644800 -0.00578384893015027046
0.15000000596046447800 -0.00578638212755322457
0.15999999642372131300 -0.00579069182276725769
0.17000000178813934300 -0.00579591793939471245
0.18000000715255737300 -0.00580283487215638161
0.18999999761581420900 -0.00579693820327520371
0.20000000298023223900 -0.00577367283403873444
0.20999999344348907500 -0.00575786409899592400
0.21999999880790710400 -0.00575777702033519745
0.23000000417232513400 -0.00573813309893012047
0.23999999463558197000 -0.00571894412860274315
0.25000000000000000000 -0.00571629591286182404
0.25999999046325683600 -0.00572243705391883850
0.27000001072883606000 -0.00572330690920352936
0.28000000119209289500 -0.00572420097887516022
0.28999999165534973100 -0.00571552803739905358
0.30000001192092895500 -0.00568862212821841240
0.31000000238418579100 -0.00568941095843911171
0.31999999284744262700 -0.00567999109625816345
0.33000001311302185100 -0.00565339811146259308
0.34000000357627868600 -0.00564630515873432160
0.34999999403953552200 -0.00564575707539916039
0.36000001430511474600 -0.00563899707049131394
0.37000000476837158200 -0.00563349016010761261
0.37999999523162841800 -0.00563184591010212898
0.38999998569488525400 -0.00559493992477655411
0.40000000596046447700 -0.00556002603843808174
0.40999999642372131300 -0.00555191282182931900
0.41999998688697814900 -0.00551968719810247421
0.43000000715255737300 -0.00548206502571702004
0.43999999761581420900 -0.00545664690434932709
0.44999998807907104500 -0.00543114589527249336
0.46000000834465026800 -0.00540893198922276497
0.46999999880790710400 -0.00537704117596149445
0.47999998927116394000 -0.00533477682620286942
0.49000000953674316400 -0.00528316292911767960
0.50000000000000000000 -0.00521977292373776436
0.50999999046325683600 -0.00517218094319105148
0.51999998092651367200 -0.00510436994954943657
0.52999997138977050800 -0.00502788601443171501
0.54000002145767211900 -0.00495820911601185799
0.55000001192092895500 -0.00488244695588946343
0.56000000238418579100 -0.00479236198589205742
0.56999999284744262700 -0.00468342797830700874
0.57999998331069946300 -0.00455168308690190315
0.58999997377395629900 -0.00438536796718835831
0.60000002384185791000 -0.00419858889654278755
0.61000001430511474600 -0.00398444710299372673
0.62000000476837158200 -0.00372182601131498814
0.62999999523162841800 -0.00342232501134276390
0.63999998569488525400 -0.00308184092864394188
0.64999997615814209000 -0.00269645010121166706
0.66000002622604370100 -0.00225888402201235294
0.67000001668930053700 -0.00177333294413983822
0.68000000715255737300 -0.00122451805509626865
0.68999999761581420900 -0.00062761572189629078
0.69999998807907104500 -0.00002970302921312395
0.70999997854232788100 0.00060114171355962753
0.72000002861022949200 0.00132603605743497610
0.73000001907348632800 0.00207899301312863827
0.74000000953674316400 0.00285771791823208332
0.75000000000000000000 0.00366839091293513775
0.75999999046325683600 0.00449993321672081947
0.76999998092651367200 0.00535169616341590882
0.77999997138977050800 0.00622926279902458191
0.79000002145767211900 0.00712625822052359581
0.80000001192092895500 0.00803658459335565567
0.81000000238418579100 0.00896472577005624771
0.81999999284744262700 0.00990974064916372300
0.82999998331069946300 0.01031590998172760010
0.83999997377395629900 0.01125156041234731670
0.85000002384185791000 0.01218417007476091380
0.86000001430511474600 0.01313048042356967930
0.87000000476837158200 0.01409228984266519550
0.87999999523162841800 0.01505213044583797460
0.88999998569488525400 0.01602800935506820680
0.89999997615814209000 0.01701089926064014440
0.91000002622604370100 0.01800246909260749820
0.92000001668930053700 0.01900196075439453130
0.93000000715255737300 0.02001350931823253630
0.93999999761581420900 0.02102256007492542270
0.94999998807907104500 0.02203028090298175810
0.95999997854232788100 0.02305503934621810910
0.97000002861022949200 0.02408700995147228240
0.98000001907348632800 0.02510946057736873630
0.99000000953674316400 0.02613499946892261510
1.00000000000000000000 0.02718769945204257970
