-1.00000000000000000000 -0.00633713696151971817
-0.99000000953674316400 -0.00633093109354376793
-0.98000001907348632800 -0.00631838710978627205
-0.97000002861022949200 -0.00631928117945790291
-0.95999997854232788100 -0.00633552297949790955
-0.94999998807907104500 -0.00634524086490273476
-0.93999999761581420900 -0.00635473104193806648
-0.93000000715255737300 -0.00635782210156321526
-0.92000001668930053700 -0.00634580105543136597
-0.91000002622604370100 -0.00634315190836787224
-0.89999997615814209000 -0.00634697405621409416
-0.88999998569488525400 -0.00632791919633746147
-0.87999999523162841800 -0.00632313592359423638
-0.87000000476837158200 -0.00633354485034942627
-0.86000001430511474600 -0.00633979821577668190
-0.85000002384185791000 -0.00635075988247990608
-0.83999997377395629900 -0.00636365218088030815
-0.82999998331069946300 -0.00634722411632537842
-0.81999999284744262700 -0.00632256502285599709
-0.81000000238418579100 -0.00633499817922711373
-0.80000001192092895500 -0.00631963694468140602
-0.79000002145767211900 -0.00629432220011949539
-0.77999997138977050800 -0.00630165496841073036
-0.76999998092651367200 -0.00629435898736119270
-0.75999999046325683600 -0.00630134111270308495
-0.75000000000000000000 -0.00631268601864576340
-0.74000000953674316400 -0.00630745012313127518
-0.73000001907348632800 -0.00628994591534137726
-0.72000002861022949200 -0.00628169812262058258
-0.70999997854232788100 -0.00628155795857310295
-0.69999998807907104500 -0.00627625407651066780
-0.68999999761581420900 -0.00627143308520317078
-0.68000000715255737300 -0.00626812502741813660
-0.67000001668930053700 -0.00628408696502447128
-0.66000002622604370100 -0.00630678096786141396
-0.64999997615814209000 -0.00630084099248051644
-0.63999998569488525400 -0.00630438281223177910
-0.62999999523162841800 -0.00630314601585268974
-0.62000000476837158200 -0.00628410000354051590
-0.61000001430511474600 -0.00629241485148668289
-0.60000002384185791000 -0.00628512911498546601
-0.58999997377395629900 -0.00626118620857596398
-0.57999998331069946300 -0.00627684313803911209
-0.56999999284744262700 -0.00629530893638730049
-0.56000000238418579100 -0.00628971308469772339
-0.55000001192092895500 -0.00630374718457460404
-0.54000002145767211900 -0.00630267523229122162
-0.52999997138977050800 -0.00626219902187585831
-0.51999998092651367200 -0.00628212094306945801
-0.50999999046325683600 -0.00628111697733402252
-0.50000000000000000000 -0.00624826597049832344
-0.49000000953674316400 -0.00625573005527257920
-0.47999998927116394000 -0.00626775622367858887
-0.46999999880790710400 -0.00626602303236722946
-0.46000000834465026800 -0.00627543684095144272
-0.44999998807907104500 -0.00629144487902522087
-0.43999999761581420900 -0.00626177480444312096
-0.43000000715255737300 -0.00624930299818515778
-0.41999998688697814900 -0.00626779021695256233
-0.40999999642372131300 -0.00625074002891778946
-0.40000000596046447700 -0.00624000886455178261
-0.38999998569488525400 -0.00625085411593317986
-0.37999999523162841800 -0.00625650491565465927
-0.37000000476837158200 -0.00627064099535346031
-0.36000001430511474600 -0.00628566322848200798
-0.34999999403953552200 -0.00628186715766787529
-0.34000000357627868600 -0.00627123378217220307
-0.33000001311302185100 -0.00626745121553540230
-0.31999999284744262700 -0.00626609101891517639
-0.31000000238418579100 -0.00625832192599773407
-0.30000001192092895500 -0.00624588504433631897
-0.28999999165534973100 -0.00624940078705549240
-0.28000000119209289500 -0.00626098318025469780
-0.27000001072883606000 -0.00627065822482109070
-0.25999999046325683600 -0.00626657903194427490
-0.25000000000000000000 -0.00626489706337451935
-0.23999999463558197000 -0.00623914878815412522
-0.23000000417232513400 -0.00623546401038765908
-0.21999999880790710400 -0.00623283721506595612
-0.20999999344348907500 -0.00620446680113673210
-0.20000000298023223900 -0.00619656592607498169
-0.18999999761581420900 -0.00620297202840447426
-0.18000000715255737300 -0.00620931806042790413
-0.17000000178813934300 -0.00620771199464797974
-0.15999999642372131300 -0.00622771214693784714
-0.15000000596046447800 -0.00621219817548990250
-0.14000000059604644800 -0.00618621287867426872
-0.12999999523162841800 -0.00620508100837469101
-0.11999999731779098500 -0.00619800714775919914
-0.10999999940395355200 -0.00617732200771570206
-0.10000000149011611900 -0.00618936913087964058
-0.09000000357627868650 -0.00619529187679290772
-0.07999999821186065670 -0.00620348006486892700
-0.07000000029802322390 -0.00621711183339357376
-0.05999999865889549260 -0.00621892977505922318
-0.05000000074505805970 -0.00620291708037257195
-0.03999999910593032840 -0.00619424879550933838
-0.02999999932944774630 -0.00619827816262841225
-0.01999999955296516420 -0.00618379889056086540
-0.00999999977648258210 -0.00617542397230863571
0.00000000000000000000 -0.00617657601833343506
0.00999999977648258210 -0.00617454713210463524
0.01999999955296516420 -0.00619173701852560044
0.02999999932944774630 -0.00620211986824870110
0.03999999910593032840 -0.00620075594633817673
0.05000000074505805970 -0.00618935702368617058
0.05999999865889549260 -0.00617299182340502739
0.07000000029802322390 -0.00616778898984193802
0.07999999821186065670 -0.00616436684504151344
0.09000000357627868650 -0.00614654505625367165
0.10000000149011611900 -0.00613734917715191841
0.10999999940395355200 -0.00614917697384953499
0.11999999731779098500 -0.00615880917757749558
0.12999999523162841800 -0.00615750811994075775
0.14000000059604644800 -0.00616563297808170319
0.15000000596046447800 -0.00615730090066790581
0.15999999642372131300 -0.00613478478044271469
0.17000000178813934300 -0.00614621909335255623
0.18000000715255737300 -0.00613520387560129166
0.18999999761581420900 -0.00611495086923241616
0.20000000298023223900 -0.00612189387902617455
0.20999999344348907500 -0.00613103713840246201
0.21999999880790710400 -0.00613229908049106598
0.23000000417232513400 -0.00614008493721485138
0.23999999463558197000 -0.00613411702215671540
0.25000000000000000000 -0.00610631005838513374
0.25999999046325683600 -0.00610073516145348549
0.27000001072883606000 -0.00609352486208081246
0.28000000119209289500 -0.00606245221570134163
0.28999999165534973100 -0.00605446705594658852
0.30000001192092895500 -0.00604751892387866974
0.31000000238418579100 -0.00604305509477853775
0.31999999284744262700 -0.00603887811303138733
0.33000001311302185100 -0.00602869410067796707
0.34000000357627868600 -0.00599191011860966683
0.34999999403953552200 -0.00595658784732222557
0.36000001430511474600 -0.00594112602993845940
0.37000000476837158200 -0.00590761099010705948
0.37999999523162841800 -0.00586087489500641823
0.38999998569488525400 -0.00582873588427901268
0.40000000596046447700 -0.00579739781096577645
0.40999999642372131300 -0.00576476380228996277
0.41999998688697814900 -0.00571624515578150749
0.43000000715255737300 -0.00564903020858764649
0.43999999761581420900 -0.00556841585785150528
0.44999998807907104500 -0.00545800011605024338
0.46000000834465026800 -0.00536165991798043251
0.46999999880790710400 -0.00523999799042940140
0.47999998927116394000 -0.00508565595373511315
0.49000000953674316400 -0.00493644084781408310
0.50000000000000000000 -0.00477335089817643166
0.50999999046325683600 -0.00458838883787393570
0.51999998092651367200 -0.00438877521082758904
0.52999997138977050800 -0.00418166117742657662
0.54000002145767211900 -0.00394117599353194237
0.55000001192092895500 -0.00370111688971519470
0.56000000238418579100 -0.00345857511274516583
0.56999999284744262700 -0.00318779610097408295
0.57999998331069946300 -0.00291708507575094700
0.58999997377395629900 -0.00264870608225464821
0.60000002384185791000 -0.00236534397117793560
0.61000001430511474600 -0.00207951501943171024
0.62000000476837158200 -0.00178966694511473179
0.62999999523162841800 -0.00148253201041370630
0.63999998569488525400 -0.00117317796684801579
0.64999997615814209000 -0.00083697849186137319
0.66000002622604370100 -0.00053266098257154226
0.67000001668930053700 -0.00022433120466303080
0.68000000715255737300 0.00007838960300432518
0.68999999761581420900 0.00037678249645978212
0.69999998807907104500 0.00069612212246283889
0.70999997854232788100 0.00101331004407256842
0.72000002861022949200 0.00138906296342611313
0.73000001907348632800 0.00172955601010471582
0.74000000953674316400 0.00207137106917798519
0.75000000000000000000 0.00241325702518224716
0.75999999046325683600 0.00276133697479963303
0.76999998092651367200 0.00311041506938636303
0.77999997138977050800 0.00345961097627878189
0.79000002145767211900 0.00381582300178706646
0.80000001192092895500 0.00417207321152091026
0.81000000238418579100 0.00452840188518166542
0.81999999284744262700 0.00489037297666072846
0.82999998331069946300 0.00525388401001691818
0.83999997377395629900 0.00562066305428743363
0.85000002384185791000 0.00599209312349557877
0.86000001430511474600 0.00636460818350315094
0.87000000476837158200 0.00673937285318970680
0.87999999523162841800 0.00711714010685682297
0.88999998569488525400 0.00749741913750767708
0.89999997615814209000 0.00787970237433910370
0.91000002622604370100 0.00826433207839727402
0.92000001668930053700 0.00865271314978599549
0.93000000715255737300 0.00904199108481407166
0.93999999761581420900 0.00943343527615070343
0.94999998807907104500 0.00982910767197608948
0.95999997854232788100 0.01022417005151510240
0.97000002861022949200 0.01011541020125150680
0.98000001907348632800 0.01049978006631135940
0.99000000953674316400 0.01088306959718465810
1.00000000000000000000 0.01126992981880903240
