-1.00000000000000000000 -0.00607410818338394165
-0.99000000953674316400 -0.00606663292273879051
-0.98000001907348632800 -0.00606172392144799233
-0.97000002861022949200 -0.00605515716597437859
-0.95999997854232788100 -0.00605062302201986313
-0.94999998807907104500 -0.00605378998443484306
-0.93999999761581420900 -0.00604875711724162102
-0.93000000715255737300 -0.00603706110268831253
-0.92000001668930053700 -0.00606029992923140526
-0.91000002622604370100 -0.00607796106487512589
-0.89999997615814209000 -0.00607548281550407410
-0.88999998569488525400 -0.00608272990211844444
-0.87999999523162841800 -0.00607059802860021591
-0.87000000476837158200 -0.00606059702113270760
-0.86000001430511474600 -0.00607104785740375519
-0.85000002384185791000 -0.00605469010770320892
-0.83999997377395629900 -0.00603990303352475166
-0.82999998331069946300 -0.00606050807982683182
-0.81999999284744262700 -0.00607363507151603699
-0.81000000238418579100 -0.00607261201366782189
-0.80000001192092895500 -0.00609176699072122574
-0.79000002145767211900 -0.00608011800795793534
-0.77999997138977050800 -0.00604814710095524788
-0.76999998092651367200 -0.00607231399044394493
-0.75999999046325683600 -0.00606289692223072052
-0.75000000000000000000 -0.00603093206882476807
-0.74000000953674316400 -0.00605633994564414025
-0.73000001907348632800 -0.00605423003435134888
-0.72000002861022949200 -0.00605638185515999794
-0.70999997854232788100 -0.00607927795499563217
-0.69999998807907104500 -0.00606782687827944756
-0.68999999761581420900 -0.00604530377313494682
-0.68000000715255737300 -0.00606150412932038307
-0.67000001668930053700 -0.00604476593434810639
-0.66000002622604370100 -0.00602722819894552231
-0.64999997615814209000 -0.00603957287967205048
-0.63999998569488525400 -0.00603053811937570572
-0.62999999523162841800 -0.00604812102392315865
-0.62000000476837158200 -0.00606690905988216400
-0.61000001430511474600 -0.00606382079422473908
-0.60000002384185791000 -0.00605658115819096565
-0.58999997377395629900 -0.00605087494477629662
-0.57999998331069946300 -0.00604361016303300858
-0.56999999284744262700 -0.00604177592322230339
-0.56000000238418579100 -0.00603973399847745896
-0.55000001192092895500 -0.00602055620402097702
-0.54000002145767211900 -0.00603989884257316590
-0.52999997138977050800 -0.00606010621413588524
-0.51999998092651367200 -0.00605531409382820130
-0.50999999046325683600 -0.00605757581070065499
-0.50000000000000000000 -0.00605680514127016068
-0.49000000953674316400 -0.00602841610088944435
-0.47999998927116394000 -0.00604456290602684021
-0.46999999880790710400 -0.00602857721969485283
-0.46000000834465026800 -0.00600819988176226616
-0.44999998807907104500 -0.00602325284853577614
-0.43999999761581420900 -0.00603424897417426110
-0.43000000715255737300 -0.00603351881727576256
-0.41999998688697814900 -0.00605443213135004044
-0.40999999642372131300 -0.00603998778387904167
-0.40000000596046447700 -0.00600987300276756287
-0.38999998569488525400 -0.00603700196370482445
-0.37999999523162841800 -0.00602941121906042099
-0.37000000476837158200 -0.00600080285221338272
-0.36000001430511474600 -0.00602881377562880516
-0.34999999403953552200 -0.00602898700162768364
-0.34000000357627868600 -0.00603846181184053421
-0.33000001311302185100 -0.00606426177546381951
-0.31999999284744262700 -0.00606005499139428139
-0.31000000238418579100 -0.00604204181581735611
-0.30000001192092895500 -0.00605021277442574501
-0.28999999165534973100 -0.00604429701343178749
-0.28000000119209289500 -0.00603077420964837074
-0.27000001072883606000 -0.00603612000122666359
-0.25999999046325683600 -0.00602982984855771065
-0.25000000000000000000 -0.00603752303868532181
-0.23999999463558197000 -0.00606042798608541489
-0.23000000417232513400 -0.00606160005554556847
-0.21999999880790710400 -0.00604980578646063805
-0.20999999344348907500 -0.00604775687679648400
-0.20000000298023223900 -0.00603284500539302826
-0.18999999761581420900 -0.00603285897523164749
-0.18000000715255737300 -0.00602583494037389755
-0.17000000178813934300 -0.00600722106173634529
-0.15999999642372131300 -0.00601914199069142342
-0.15000000596046447800 -0.00604840600863099098
-0.14000000059604644800 -0.00603688322007656098
-0.12999999523162841800 -0.00604500807821750641
-0.11999999731779098500 -0.00605143420398235321
-0.10999999940395355200 -0.00600920896977186203
-0.10000000149011611900 -0.00602710712701082230
-0.09000000357627868650 -0.00603114813566207886
-0.07999999821186065670 -0.00599083676934242249
-0.07000000029802322390 -0.00599958887323737145
-0.05999999865889549260 -0.00602066190913319588
-0.05000000074505805970 -0.00601535104215145111
-0.03999999910593032840 -0.00602868199348449707
-0.02999999932944774630 -0.00604450004175305367
-0.01999999955296516420 -0.00601089512929320336
-0.00999999977648258210 -0.00601345812901854515
0.00000000000000000000 -0.00602145120501518250
0.00999999977648258210 -0.00600815797224640846
0.01999999955296516420 -0.00598851498216390610
0.02999999932944774630 -0.00600889511406421662
0.03999999910593032840 -0.00599961122497916222
0.05000000074505805970 -0.00601082993671298027
0.05999999865889549260 -0.00603820802643895149
0.07000000029802322390 -0.00601291516795754433
0.07999999821186065670 -0.00600216398015618324
0.09000000357627868650 -0.00601386278867721558
0.10000000149011611900 -0.00599742308259010315
0.10999999940395355200 -0.00597831001505255699
0.11999999731779098500 -0.00598410097882151604
0.12999999523162841800 -0.00597821222618222237
0.14000000059604644800 -0.00599364703521132469
0.15000000596046447800 -0.00600639078766107559
0.15999999642372131300 -0.00600073998793959618
0.17000000178813934300 -0.00599721213802695275
0.18000000715255737300 -0.00598050700500607491
0.18999999761581420900 -0.00597751000896096230
0.20000000298023223900 -0.00598279200494289398
0.20999999344348907500 -0.00596727896481752396
0.21999999880790710400 -0.00595716992393136025
0.23000000417232513400 -0.00597728090360760689
0.23999999463558197000 -0.00599189801141619682
0.25000000000000000000 -0.00598450005054473877
0.25999999046325683600 -0.00600022496655583382
0.27000001072883606000 -0.00598576199263334274
0.28000000119209289500 -0.00595658319070935250
0.28999999165534973100 -0.00597845390439033508
0.30000001192092895500 -0.00596234807744622231
0.31000000238418579100 -0.00593233900144696236
0.31999999284744262700 -0.00594733515754342079
0.33000001311302185100 -0.00595312798395752907
0.34000000357627868600 -0.00594640383496880532
0.34999999403953552200 -0.00596495298668742180
0.36000001430511474600 -0.00594658590853214264
0.37000000476837158200 -0.00591250089928507805
0.37999999523162841800 -0.00592297594994306564
0.38999998569488525400 -0.00590785918757319451
0.40000000596046447700 -0.00586955621838569641
0.40999999642372131300 -0.00587299000471830368
0.41999998688697814900 -0.00586542999371886254
0.43000000715255737300 -0.00585820991545915604
0.43999999761581420900 -0.00586469611153006554
0.44999998807907104500 -0.00584184704348444939
0.46000000834465026800 -0.00580398412421345711
0.46999999880790710400 -0.00578131712973117829
0.47999998927116394000 -0.00575377000495791435
0.49000000953674316400 -0.00571064092218875885
0.50000000000000000000 -0.00567124504595994950
0.50999999046325683600 -0.00561505183577537537
0.51999998092651367200 -0.00556748593226075173
0.52999997138977050800 -0.00551930721849203110
0.54000002145767211900 -0.00541806407272815705
0.55000001192092895500 -0.00530917104333639145
0.56000000238418579100 -0.00517394579946994782
0.56999999284744262700 -0.00499705504626035690
0.57999998331069946300 -0.00480770785361528397
0.58999997377395629900 -0.00457867002114653588
0.60000002384185791000 -0.00430550100281834602
0.61000001430511474600 -0.00402089487761259079
0.62000000476837158200 -0.00371018098667263985
0.62999999523162841800 -0.00334271905012428761
0.63999998569488525400 -0.00296848197467625141
0.64999997615814209000 -0.00255498988553881645
0.66000002622604370100 -0.00210044695995748043
0.67000001668930053700 -0.00165326101705431938
0.68000000715255737300 -0.00118223705794662237
0.68999999761581420900 -0.00066727341618388891
0.69999998807907104500 -0.00019110870198346674
0.70999997854232788100 0.00027698560734279454
0.72000002861022949200 0.00079313880996778607
0.73000001907348632800 0.00135364802554249764
0.74000000953674316400 0.00188669003546237946
0.75000000000000000000 0.00242696097120642662
0.75999999046325683600 0.00296852597966790199
0.76999998092651367200 0.00351422792300581932
0.77999997138977050800 0.00406914018094539642
0.79000002145767211900 0.00462014088407158852
0.80000001192092895500 0.00518218614161014557
0.81000000238418579100 0.00575381284579634667
0.81999999284744262700 0.00631488580256700516
0.82999998331069946300 0.00688627781346440315
0.83999997377395629900 0.00747099611908197403
0.85000002384185791000 0.00804272666573524475
0.86000001430511474600 0.00863003544509410858
0.87000000476837158200 0.00922640785574913025
0.87999999523162841800 0.00981354899704456330
0.88999998569488525400 0.01043752022087574010
0.89999997615814209000 0.01056274026632308960
0.91000002622604370100 0.01111065968871116640
0.92000001668930053700 0.01171092037111520770
0.93000000715255737300 0.01234063971787691120
0.93999999761581420900 0.01293359976261854170
0.94999998807907104500 0.01356128975749015810
0.95999997854232788100 0.01420153025537729260
0.97000002861022949200 0.01478623040020465850
0.98000001907348632800 0.01544366031885147090
0.99000000953674316400 0.01611118018627166750
1.00000000000000000000 0.01670728065073490140
