-1.00000000000000000000 -0.00638302415609359741
-0.99000000953674316400 -0.00638345209881663323
-0.98000001907348632800 -0.00634837988764047623
-0.97000002861022949200 -0.00635492522269487381
-0.95999997854232788100 -0.00636715907603502274
-0.94999998807907104500 -0.00636701518669724465
-0.93999999761581420900 -0.00638509495183825493
-0.93000000715255737300 -0.00640431093052029610
-0.92000001668930053700 -0.00637765182182192803
-0.91000002622604370100 -0.00636703614145517349
-0.89999997615814209000 -0.00638842117041349411
-0.88999998569488525400 -0.00637548277154564858
-0.87999999523162841800 -0.00636262586340308190
-0.87000000476837158200 -0.00637473817914724350
-0.86000001430511474600 -0.00637480616569519043
-0.85000002384185791000 -0.00639349594712257385
-0.83999997377395629900 -0.00640886882320046425
-0.82999998331069946300 -0.00640144292265176773
-0.81999999284744262700 -0.00639065681025385857
-0.81000000238418579100 -0.00638368399813771248
-0.80000001192092895500 -0.00637997407466173172
-0.79000002145767211900 -0.00637433119118213654
-0.77999997138977050800 -0.00636151200160384178
-0.76999998092651367200 -0.00635487819090485573
-0.75999999046325683600 -0.00636541005223989487
-0.75000000000000000000 -0.00637666601687669754
-0.74000000953674316400 -0.00636557117104530335
-0.73000001907348632800 -0.00637076422572135926
-0.72000002861022949200 -0.00635304022580385208
-0.70999997854232788100 -0.00633357884362339974
-0.69999998807907104500 -0.00633936515077948570
-0.68999999761581420900 -0.00632052309811115265
-0.68000000715255737300 -0.00631093606352806092
-0.67000001668930053700 -0.00632145907729864121
-0.66000002622604370100 -0.00633535301312804222
-0.64999997615814209000 -0.00633784523233771324
-0.63999998569488525400 -0.00636113993823528290
-0.62999999523162841800 -0.00635301787406206131
-0.62000000476837158200 -0.00632899114862084389
-0.61000001430511474600 -0.00635027792304754257
-0.60000002384185791000 -0.00634901085868477822
-0.58999997377395629900 -0.00631753215566277504
-0.57999998331069946300 -0.00632808823138475418
-0.56999999284744262700 -0.00633878912776708603
-0.56000000238418579100 -0.00634109787642955780
-0.55000001192092895500 -0.00636075390502810478
-0.54000002145767211900 -0.00636460911482572556
-0.52999997138977050800 -0.00634207716211676598
-0.51999998092651367200 -0.00633338419720530510
-0.50999999046325683600 -0.00634607486426830292
-0.50000000000000000000 -0.00632969802245497704
-0.49000000953674316400 -0.00631592702120542526
-0.47999998927116394000 -0.00631955219432711601
-0.46999999880790710400 -0.00632341997697949410
-0.46000000834465026800 -0.00634213117882609368
-0.44999998807907104500 -0.00634167389944195748
-0.43999999761581420900 -0.00634101312607526779
-0.43000000715255737300 -0.00632847798988223076
-0.41999998688697814900 -0.00631564203649759293
-0.40999999642372131300 -0.00631428603082895279
-0.40000000596046447700 -0.00630274694412946701
-0.38999998569488525400 -0.00629285210743546486
-0.37999999523162841800 -0.00629756180569529534
-0.37000000476837158200 -0.00631784088909626007
-0.36000001430511474600 -0.00632284022867679596
-0.34999999403953552200 -0.00633555278182029724
-0.34000000357627868600 -0.00633375206962227822
-0.33000001311302185100 -0.00631268089637160301
-0.31999999284744262700 -0.00632545398548245430
-0.31000000238418579100 -0.00632602488622069359
-0.30000001192092895500 -0.00630289223045110703
-0.28999999165534973100 -0.00629997719079256058
-0.28000000119209289500 -0.00631516007706522942
-0.27000001072883606000 -0.00632148422300815582
-0.25999999046325683600 -0.00632886402308940888
-0.25000000000000000000 -0.00634139496833086014
-0.23999999463558197000 -0.00632655899971723557
-0.23000000417232513400 -0.00630099419504404068
-0.21999999880790710400 -0.00631210114806890488
-0.20999999344348907500 -0.00629960419610142708
-0.20000000298023223900 -0.00627389503642916680
-0.18999999761581420900 -0.00628304900601506233
-0.18000000715255737300 -0.00627430900931358338
-0.17000000178813934300 -0.00628130789846181870
-0.15999999642372131300 -0.00629342300817370415
-0.15000000596046447800 -0.00628391280770301819
-0.14000000059604644800 -0.00626499019563198090
-0.12999999523162841800 -0.00626118201762437821
-0.11999999731779098500 -0.00625537801533937454
-0.10999999940395355200 -0.00624383380636572838
-0.10000000149011611900 -0.00624291878193616867
-0.09000000357627868650 -0.00623680185526609421
-0.07999999821186065670 -0.00625098496675491333
-0.07000000029802322390 -0.00627186102792620659
-0.05999999865889549260 -0.00627005705609917641
-0.05000000074505805970 -0.00627030711621046066
-0.03999999910593032840 -0.00626134313642978668
-0.02999999932944774630 -0.00624931091442704201
-0.01999999955296516420 -0.00625520013272762299
-0.00999999977648258210 -0.00624554185196757317
0.00000000000000000000 -0.00622780900448560715
0.00999999977648258210 -0.00623376108705997467
0.01999999955296516420 -0.00624588876962661743
0.02999999932944774630 -0.00625401409342885018
0.03999999910593032840 -0.00625415798276662827
0.05000000074505805970 -0.00626190192997455597
0.05999999865889549260 -0.00624059792608022690
0.07000000029802322390 -0.00623182905837893486
0.07999999821186065670 -0.00623924704268574715
0.09000000357627868650 -0.00621540891006588936
0.10000000149011611900 -0.00620645005255937576
0.10999999940395355200 -0.00621048221364617348
0.11999999731779098500 -0.00621441798284649849
0.12999999523162841800 -0.00621903082355856896
0.14000000059604644800 -0.00623812014237046242
0.15000000596046447800 -0.00621226988732814789
0.15999999642372131300 -0.00619035307317972183
0.17000000178813934300 -0.00620673689991235733
0.18000000715255737300 -0.00619119079783558846
0.18999999761581420900 -0.00616734521463513374
0.20000000298023223900 -0.00617869896814227104
0.20999999344348907500 -0.00617735087871551514
0.21999999880790710400 -0.00618652720004320145
0.23000000417232513400 -0.00620155595242977143
0.23999999463558197000 -0.00619474891573190689
0.25000000000000000000 -0.00618047779425978661
0.25999999046325683600 -0.00616407115012407303
0.27000001072883606000 -0.00616345601156353951
0.28000000119209289500 -0.00615011621266603470
0.28999999165534973100 -0.00613196520134806633
0.30000001192092895500 -0.00612021284177899361
0.31000000238418579100 -0.00611451081931591034
0.31999999284744262700 -0.00612168293446302414
0.33000001311302185100 -0.00609875703230500221
0.34000000357627868600 -0.00608449801802635193
0.34999999403953552200 -0.00605585891753435135
0.36000001430511474600 -0.00600582687184214592
0.37000000476837158200 -0.00598259503021836281
0.37999999523162841800 -0.00593840284273028374
0.38999998569488525400 -0.00587470782920718193
0.40000000596046447700 -0.00583469681441783905
0.40999999642372131300 -0.00578817911446094513
0.41999998688697814900 -0.00571295479312539101
0.43000000715255737300 -0.00564077915623784065
0.43999999761581420900 -0.00554084219038486481
0.44999998807907104500 -0.00540697295218706131
0.46000000834465026800 -0.00529650785028934479
0.46999999880790710400 -0.00516353407874703407
0.47999998927116394000 -0.00498815486207604408
0.49000000953674316400 -0.00482541508972644806
0.50000000000000000000 -0.00465298211202025414
0.50999999046325683600 -0.00445470400154590607
0.51999998092651367200 -0.00425821915268898010
0.52999997138977050800 -0.00404935888946056366
0.54000002145767211900 -0.00380993797443807125
0.55000001192092895500 -0.00356992497108876705
0.56000000238418579100 -0.00333311199210584164
0.56999999284744262700 -0.00307228905148804188
0.57999998331069946300 -0.00281200301833450794
0.58999997377395629900 -0.00255130790174007416
0.60000002384185791000 -0.00227895006537437439
0.61000001430511474600 -0.00201068702153861523
0.62000000476837158200 -0.00173428305424749851
0.62999999523162841800 -0.00144879100844264030
0.63999998569488525400 -0.00116150698158890009
0.64999997615814209000 -0.00084158801473677158
0.66000002622604370100 -0.00055560522014275193
0.67000001668930053700 -0.00027321779634803534
0.68000000715255737300 0.00000567380493521341
0.68999999761581420900 0.00029057389474473894
0.69999998807907104500 0.00058740517124533653
0.70999997854232788100 0.00087745930068194866
0.72000002861022949200 0.00121767295058816671
0.73000001907348632800 0.00152982096187770367
0.74000000953674316400 0.00184425804764032364
0.75000000000000000000 0.00215596007183194161
0.75999999046325683600 0.00246861600317060948
0.76999998092651367200 0.00278395903296768665
0.77999997138977050800 0.00309973210096359253
0.79000002145767211900 0.00341736106202006340
0.80000001192092895500 0.00373823405243456364
0.81000000238418579100 0.00405935989692807198
0.81999999284744262700 0.00438174186274409294
0.82999998331069946300 0.00470641488209366799
0.83999997377395629900 0.00503162294626235962
0.85000002384185791000 0.00535780191421508789
0.86000001430511474600 0.00568698020651936531
0.87000000476837158200 0.00601685512810945511
0.87999999523162841800 0.00634726602584123612
0.88999998569488525400 0.00668112514540553093
0.89999997615814209000 0.00701571721583604813
0.91000002622604370100 0.00735101802274584770
0.92000001668930053700 0.00768913794308900833
0.93000000715255737300 0.00802693516016006470
0.93999999761581420900 0.00836785510182380677
0.94999998807907104500 0.00871049892157316208
0.95999997854232788100 0.00905314553529024124
0.97000002861022949200 0.00939865317195653916
0.98000001907348632800 0.00974573753774166108
0.99000000953674316400 0.01009197998791933060
1.00000000000000000000 0.01043977960944175720
