-1.00000000000000000000 -0.00600403407588601113
-0.99000000953674316400 -0.00598445301875472069
-0.98000001907348632800 -0.00597805902361869812
-0.97000002861022949200 -0.00598391704261302948
-0.95999997854232788100 -0.00596761982887983322
-0.94999998807907104500 -0.00596075179055333138
-0.93999999761581420900 -0.00596536183729767800
-0.93000000715255737300 -0.00598147185519337654
-0.92000001668930053700 -0.00598339084535837174
-0.91000002622604370100 -0.00600010622292757034
-0.89999997615814209000 -0.00598813593387603760
-0.88999998569488525400 -0.00596431177109479904
-0.87999999523162841800 -0.00598358083516359329
-0.87000000476837158200 -0.00597704621031880379
-0.86000001430511474600 -0.00595134915784001351
-0.85000002384185791000 -0.00596106704324483872
-0.83999997377395629900 -0.00596973998472094536
-0.82999998331069946300 -0.00597574096173048020
-0.81999999284744262700 -0.00598728377372026444
-0.81000000238418579100 -0.00598728097975254059
-0.80000001192092895500 -0.00597484176978468895
-0.79000002145767211900 -0.00595766119658946991
-0.77999997138977050800 -0.00596808409318327904
-0.76999998092651367200 -0.00596015201881527901
-0.75999999046325683600 -0.00593861611559987068
-0.75000000000000000000 -0.00594419799745082855
-0.74000000953674316400 -0.00595302600413560868
-0.73000001907348632800 -0.00596211291849613190
-0.72000002861022949200 -0.00596104795113205910
-0.70999997854232788100 -0.00596284214407205582
-0.69999998807907104500 -0.00593768805265426636
-0.68999999761581420900 -0.00592946493998169899
-0.68000000715255737300 -0.00593740399926900864
-0.67000001668930053700 -0.00591574888676404953
-0.66000002622604370100 -0.00590238394215703011
-0.64999997615814209000 -0.00591871002689003945
-0.63999998569488525400 -0.00592825002968311310
-0.62999999523162841800 -0.00592939415946602822
-0.62000000476837158200 -0.00595087697729468346
-0.61000001430511474600 -0.00593927595764398575
-0.60000002384185791000 -0.00591863784939050675
-0.58999997377395629900 -0.00594055093824863434
-0.57999998331069946300 -0.00593855185434222222
-0.56999999284744262700 -0.00591577822342514992
-0.56000000238418579100 -0.00592613592743873596
-0.55000001192092895500 -0.00594054721295833588
-0.54000002145767211900 -0.00594045501202344895
-0.52999997138977050800 -0.00595776177942752838
-0.51999998092651367200 -0.00596300279721617699
-0.50999999046325683600 -0.00593983614817261696
-0.50000000000000000000 -0.00593483680859208107
-0.49000000953674316400 -0.00594474002718925476
-0.47999998927116394000 -0.00592419598251581192
-0.46999999880790710400 -0.00591854378581047058
-0.46000000834465026800 -0.00592444976791739464
-0.44999998807907104500 -0.00593062210828065872
-0.43999999761581420900 -0.00594218401238322258
-0.43000000715255737300 -0.00594583479687571526
-0.41999998688697814900 -0.00593733601272106171
-0.40999999642372131300 -0.00591159285977482796
-0.40000000596046447700 -0.00591731304302811623
-0.38999998569488525400 -0.00591580383479595184
-0.37999999523162841800 -0.00589239690452814102
-0.37000000476837158200 -0.00589531008154153824
-0.36000001430511474600 -0.00590593321248888970
-0.34999999403953552200 -0.00591224478557705879
-0.34000000357627868600 -0.00591814983636140824
-0.33000001311302185100 -0.00593154504895210266
-0.31999999284744262700 -0.00591571908444166184
-0.31000000238418579100 -0.00590015994384884834
-0.30000001192092895500 -0.00591332092881202698
-0.28999999165534973100 -0.00590496417135000229
-0.28000000119209289500 -0.00588987022638320923
-0.27000001072883606000 -0.00589350610971450806
-0.25999999046325683600 -0.00590283377096056938
-0.25000000000000000000 -0.00590855209156870842
-0.23999999463558197000 -0.00592604698613286019
-0.23000000417232513400 -0.00591299217194318772
-0.21999999880790710400 -0.00589098921045660973
-0.20999999344348907500 -0.00589663581922650337
-0.20000000298023223900 -0.00588790420442819596
-0.18999999761581420900 -0.00586616294458508492
-0.18000000715255737300 -0.00585972610861063004
-0.17000000178813934300 -0.00586277106776833534
-0.15999999642372131300 -0.00586866913363337517
-0.15000000596046447800 -0.00587230594828724861
-0.14000000059604644800 -0.00587008707225322724
-0.12999999523162841800 -0.00585695216432213783
-0.11999999731779098500 -0.00583552103489637375
-0.10999999940395355200 -0.00584471691399812699
-0.10000000149011611900 -0.00583718298003077507
-0.09000000357627868650 -0.00581596000120043755
-0.07999999821186065670 -0.00582350417971611023
-0.07000000029802322390 -0.00583794713020324707
-0.05999999865889549260 -0.00584757607430219650
-0.05000000074505805970 -0.00585459219291806221
-0.03999999910593032840 -0.00586553383618593216
-0.02999999932944774630 -0.00584284123033285141
-0.01999999955296516420 -0.00583829078823328018
-0.00999999977648258210 -0.00584363285452127457
0.00000000000000000000 -0.00582983577623963356
0.00999999977648258210 -0.00581823103129863739
0.01999999955296516420 -0.00582122104242444039
0.02999999932944774630 -0.00582989118993282318
0.03999999910593032840 -0.00583611801266670227
0.05000000074505805970 -0.00584626477211713791
0.05999999865889549260 -0.00583985680714249611
0.07000000029802322390 -0.00582171883434057236
0.07999999821186065670 -0.00581102678552269936
0.09000000357627868650 -0.00581484101712703705
0.10000000149011611900 -0.00579325202852487564
0.10999999940395355200 -0.00578073784708976746
0.11999999731779098500 -0.00578120118007063866
0.12999999523162841800 -0.00578031688928604126
0.14000000059604644800 -0.00579223688691854477
0.15000000596046447800 -0.00580014521256089211
0.15999999642372131300 -0.00578635698184370995
0.17000000178813934300 -0.00576559500768780708
0.18000000715255737300 -0.00576948607340455055
0.18999999761581420900 -0.00576334493234753609
0.20000000298023223900 -0.00573886977508664131
0.20999999344348907500 -0.00573151092976331711
0.21999999880790710400 -0.00573343504220247269
0.23000000417232513400 -0.00574244093149900437
0.23999999463558197000 -0.00573771679773926735
0.25000000000000000000 -0.00573767488822340965
0.25999999046325683600 -0.00572080677375197411
0.27000001072883606000 -0.00569087918847799301
0.28000000119209289500 -0.00568980118259787560
0.28999999165534973100 -0.00567437987774610520
0.30000001192092895500 -0.00564348185434937477
0.31000000238418579100 -0.00563633022829890251
0.31999999284744262700 -0.00562894716858863831
0.33000001311302185100 -0.00561559898778796196
0.34000000357627868600 -0.00560879101976752281
0.34999999403953552200 -0.00558606814593076706
0.36000001430511474600 -0.00555624486878514290
0.37000000476837158200 -0.00552669819444417954
0.37999999523162841800 -0.00551192322745919228
0.38999998569488525400 -0.00547169381752610207
0.40000000596046447700 -0.00544370617717504502
0.40999999642372131300 -0.00542202405631542206
0.41999998688697814900 -0.00540207000449299812
0.43000000715255737300 -0.00538808200508356095
0.43999999761581420900 -0.00536353699862957001
0.44999998807907104500 -0.00532170897349715233
0.46000000834465026800 -0.00527267111465334892
0.46999999880790710400 -0.00524273002520203591
0.47999998927116394000 -0.00519576901569962502
0.49000000953674316400 -0.00513306399807333946
0.50000000000000000000 -0.00508319400250911713
0.50999999046325683600 -0.00502263382077217102
0.51999998092651367200 -0.00496731419116258621
0.52999997138977050800 -0.00489545986056327820
0.54000002145767211900 -0.00480378000065684319
0.55000001192092895500 -0.00469361385330557823
0.56000000238418579100 -0.00455944193527102471
0.56999999284744262700 -0.00441875122487545014
0.57999998331069946300 -0.00425066100433468819
0.58999997377395629900 -0.00404290016740560532
0.60000002384185791000 -0.00381600391119718552
0.61000001430511474600 -0.00356265297159552574
0.62000000476837158200 -0.00326252589002251625
0.62999999523162841800 -0.00292430701665580273
0.63999998569488525400 -0.00253730709664523602
0.64999997615814209000 -0.00210234592668712139
0.66000002622604370100 -0.00164586002938449383
0.67000001668930053700 -0.00114274898078292608
0.68000000715255737300 -0.00059839407913386822
0.68999999761581420900 -0.00005898638119106181
0.69999998807907104500 0.00048933882499113679
0.70999997854232788100 0.00114020903129130602
0.72000002861022949200 0.00180106598418205977
0.73000001907348632800 0.00248411600477993488
0.74000000953674316400 0.00318512110970914364
0.75000000000000000000 0.00390935689210891724
0.75999999046325683600 0.00465170992538332939
0.76999998092651367200 0.00540650496259331703
0.77999997138977050800 0.00617732293903827667
0.79000002145767211900 0.00696138897910714150
0.80000001192092895500 0.00774640310555696488
0.81000000238418579100 0.00591079518198966980
0.81999999284744262700 0.00807276461273431778
0.82999998331069946300 0.00957198068499565125
0.83999997377395629900 0.01050751004368066790
0.85000002384185791000 0.01130873989313840870
0.86000001430511474600 0.01213033962994813920
0.87000000476837158200 0.01295378990471363070
0.87999999523162841800 0.01378509961068630220
0.88999998569488525400 0.01463207975029945370
0.89999997615814209000 0.01547219976782798770
0.91000002622604370100 0.01631386019289493560
0.92000001668930053700 0.01718650944530963900
0.93000000715255737300 0.01804796047508716580
0.93999999761581420900 0.01890992000699043270
0.94999998807907104500 0.01979167945683002470
0.95999997854232788100 0.02067562937736511230
0.97000002861022949200 0.02215201966464519500
0.98000001907348632800 0.02251539938151836400
0.99000000953674316400 0.02335109002888202670
1.00000000000000000000 0.02421480044722557070
