-1.00000000000000000000 -0.00596236903220415116
-0.99000000953674316400 -0.00596463400870561600
-0.98000001907348632800 -0.00595936086028814316
-0.97000002861022949200 -0.00593696907162666321
-0.95999997854232788100 -0.00594268413260579109
-0.94999998807907104500 -0.00594039494171738625
-0.93999999761581420900 -0.00591987278312444687
-0.93000000715255737300 -0.00592057919129729271
-0.92000001668930053700 -0.00592459784820675850
-0.91000002622604370100 -0.00593812484294176102
-0.89999997615814209000 -0.00594167504459619522
-0.88999998569488525400 -0.00594574585556983948
-0.87999999523162841800 -0.00593230500817298889
-0.87000000476837158200 -0.00591947278007864952
-0.86000001430511474600 -0.00592698808759450913
-0.85000002384185791000 -0.00592468399554491043
-0.83999997377395629900 -0.00591032207012176514
-0.82999998331069946300 -0.00591730000451207161
-0.81999999284744262700 -0.00593382492661476135
-0.81000000238418579100 -0.00594658404588699341
-0.80000001192092895500 -0.00595999509096145630
-0.79000002145767211900 -0.00595378503203392029
-0.77999997138977050800 -0.00593397999182343483
-0.76999998092651367200 -0.00594364292919635773
-0.75999999046325683600 -0.00593333691358566284
-0.75000000000000000000 -0.00591705087572336197
-0.74000000953674316400 -0.00592100387439131737
-0.73000001907348632800 -0.00592555617913603783
-0.72000002861022949200 -0.00593160698190331459
-0.70999997854232788100 -0.00594602106139063835
-0.69999998807907104500 -0.00594502594321966171
-0.68999999761581420900 -0.00592877622693777085
-0.68000000715255737300 -0.00590641284361481667
-0.67000001668930053700 -0.00591019587591290474
-0.66000002622604370100 -0.00589809007942676544
-0.64999997615814209000 -0.00588089879602193833
-0.63999998569488525400 -0.00588368298485875130
-0.62999999523162841800 -0.00588966114446520806
-0.62000000476837158200 -0.00589954713359475136
-0.61000001430511474600 -0.00590495998039841652
-0.60000002384185791000 -0.00590585498139262200
-0.58999997377395629900 -0.00588868884369730950
-0.57999998331069946300 -0.00589544419199228287
-0.56999999284744262700 -0.00589834712445735932
-0.56000000238418579100 -0.00587522611021995545
-0.55000001192092895500 -0.00588385993614792824
-0.54000002145767211900 -0.00589480577036738396
-0.52999997138977050800 -0.00590587221086025238
-0.51999998092651367200 -0.00591469323262572289
-0.50999999046325683600 -0.00593218114227056504
-0.50000000000000000000 -0.00590737815946340561
-0.49000000953674316400 -0.00589633220806717873
-0.47999998927116394000 -0.00591063592582941056
-0.46999999880790710400 -0.00589639507234096527
-0.46000000834465026800 -0.00588525505736470223
-0.44999998807907104500 -0.00589122716337442398
-0.43999999761581420900 -0.00589392520487308502
-0.43000000715255737300 -0.00590684590861201286
-0.41999998688697814900 -0.00591067178174853325
-0.40999999642372131300 -0.00590685801580548287
-0.40000000596046447700 -0.00589497992768883705
-0.38999998569488525400 -0.00588260218501091004
-0.37999999523162841800 -0.00588351720944046974
-0.37000000476837158200 -0.00586278177797794342
-0.36000001430511474600 -0.00585623504593968392
-0.34999999403953552200 -0.00586528005078434944
-0.34000000357627868600 -0.00587277393788099289
-0.33000001311302185100 -0.00587963778525590897
-0.31999999284744262700 -0.00589264417067170143
-0.31000000238418579100 -0.00587626686319708824
-0.30000001192092895500 -0.00585818197578191757
-0.28999999165534973100 -0.00587259512394666672
-0.28000000119209289500 -0.00586467888206243515
-0.27000001072883606000 -0.00584615999832749367
-0.25999999046325683600 -0.00585024710744619370
-0.25000000000000000000 -0.00586188398301601410
-0.23999999463558197000 -0.00587247405201196671
-0.23000000417232513400 -0.00588263617828488350
-0.21999999880790710400 -0.00588478706777095795
-0.20999999344348907500 -0.00586202694103121758
-0.20000000298023223900 -0.00585800781846046448
-0.18999999761581420900 -0.00586489122360944748
-0.18000000715255737300 -0.00584295717999339104
-0.17000000178813934300 -0.00583699299022555351
-0.15999999642372131300 -0.00584341399371623993
-0.15000000596046447800 -0.00584757421165704727
-0.14000000059604644800 -0.00585069600492715836
-0.12999999523162841800 -0.00585955288261175156
-0.11999999731779098500 -0.00584288919344544411
-0.10999999940395355200 -0.00581216299906373024
-0.10000000149011611900 -0.00582229299470782280
-0.09000000357627868650 -0.00581160793080925942
-0.07999999821186065670 -0.00579195003956556320
-0.07000000029802322390 -0.00579045200720429421
-0.05999999865889549260 -0.00580037990584969521
-0.05000000074505805970 -0.00580473802983760834
-0.03999999910593032840 -0.00581701984629034996
-0.02999999932944774630 -0.00582084478810429573
-0.01999999955296516420 -0.00580748077481985092
-0.00999999977648258210 -0.00579147692769765854
0.00000000000000000000 -0.00580458622425794602
0.00999999977648258210 -0.00580335920676589012
0.01999999955296516420 -0.00578146614134311676
0.02999999932944774630 -0.00578294601291418076
0.03999999910593032840 -0.00578995281830430031
0.05000000074505805970 -0.00580025091767311096
0.05999999865889549260 -0.00580364977940917015
0.07000000029802322390 -0.00581762986257672310
0.07999999821186065670 -0.00580101413652300835
0.09000000357627868650 -0.00577583489939570427
0.10000000149011611900 -0.00578619306907057762
0.10999999940395355200 -0.00577267911285161972
0.11999999731779098500 -0.00575276603922247887
0.12999999523162841800 -0.00574801210314035416
0.14000000059604644800 -0.00575565919280052185
0.15000000596046447800 -0.00575852580368518830
0.15999999642372131300 -0.00576158380135893822
0.17000000178813934300 -0.00575784686952829361
0.18000000715255737300 -0.00574086094275116921
0.18999999761581420900 -0.00571544189006090164
0.20000000298023223900 -0.00572073319926857948
0.20999999344348907500 -0.00570453377440571785
0.21999999880790710400 -0.00568726798519492150
0.23000000417232513400 -0.00568989804014563561
0.23999999463558197000 -0.00569046102464199066
0.25000000000000000000 -0.00569270504638552666
0.25999999046325683600 -0.00569585710763931275
0.27000001072883606000 -0.00568367494270205498
0.28000000119209289500 -0.00565263582393527031
0.28999999165534973100 -0.00564624695107340813
0.30000001192092895500 -0.00563343195244669914
0.31000000238418579100 -0.00560826389119029045
0.31999999284744262700 -0.00559125980362296105
0.33000001311302185100 -0.00558840809389948845
0.34000000357627868600 -0.00558941299095749855
0.34999999403953552200 -0.00557206198573112488
0.36000001430511474600 -0.00556648196652531624
0.37000000476837158200 -0.00553809711709618569
0.37999999523162841800 -0.00549772614613175392
0.38999998569488525400 -0.00548374094069004059
0.40000000596046447700 -0.00545387109741568566
0.40999999642372131300 -0.00541015388444066048
0.41999998688697814900 -0.00538484100252389908
0.43000000715255737300 -0.00536401383578777313
0.43999999761581420900 -0.00533663807436823845
0.44999998807907104500 -0.00530860479921102524
0.46000000834465026800 -0.00527157308533787728
0.46999999880790710400 -0.00521569419652223587
0.47999998927116394000 -0.00516750384122133255
0.49000000953674316400 -0.00512075517326593399
0.50000000000000000000 -0.00506005994975566864
0.50999999046325683600 -0.00499952910467982292
0.51999998092651367200 -0.00494022900238633156
0.52999997138977050800 -0.00487865088507533074
0.54000002145767211900 -0.00480729015544056893
0.55000001192092895500 -0.00471456302329897881
0.56000000238418579100 -0.00459693092852830887
0.56999999284744262700 -0.00445349281653761864
0.57999998331069946300 -0.00430499110370874405
0.58999997377395629900 -0.00412253104150295258
0.60000002384185791000 -0.00390183599665760994
0.61000001430511474600 -0.00365804997272789478
0.62000000476837158200 -0.00338533706963062286
0.62999999523162841800 -0.00307203293778002262
0.63999998569488525400 -0.00271021504886448383
0.64999997615814209000 -0.00230992492288351059
0.66000002622604370100 -0.00185956095810979605
0.67000001668930053700 -0.00136793195270001888
0.68000000715255737300 -0.00083160412032157183
0.68999999761581420900 -0.00030030219932086766
0.69999998807907104500 0.00024014529481064528
0.70999997854232788100 0.00086464692139998078
0.72000002861022949200 0.00154813996050506830
0.73000001907348632800 0.00223384611308574677
0.74000000953674316400 0.00293966406024992466
0.75000000000000000000 0.00366252800449728966
0.75999999046325683600 0.00440651178359985352
0.76999998092651367200 0.00516380881890654564
0.77999997138977050800 0.00594019098207354546
0.79000002145767211900 0.00672738580033183098
0.80000001192092895500 0.00753286480903625488
0.81000000238418579100 0.00835216045379638672
0.81999999284744262700 0.00917008984833955765
0.82999998331069946300 0.01000649016350507740
0.83999997377395629900 0.01032302994281053540
0.85000002384185791000 0.01114735007286071780
0.86000001430511474600 0.01198174990713596340
0.87000000476837158200 0.01281596999615430830
0.87999999523162841800 0.01365568954497575760
0.88999998569488525400 0.01451575011014938350
0.89999997615814209000 0.01537911966443061830
0.91000002622604370100 0.01623635925352573400
0.92000001668930053700 0.01711354032158851620
0.93000000715255737300 0.01800221018493175510
0.93999999761581420900 0.01889497973024845120
0.94999998807907104500 0.01979625970125198360
0.95999997854232788100 0.02070960029959678650
0.97000002861022949200 0.02159396931529045110
0.98000001907348632800 0.02251188084483146670
0.99000000953674316400 0.02342751063406467440
1.00000000000000000000 0.02433314919471740720
