-1.00000000000000000000 -0.00614581303671002388
-0.99000000953674316400 -0.00614057108759880066
-0.98000001907348632800 -0.00612389110028743744
-0.97000002861022949200 -0.00611491780728101731
-0.95999997854232788100 -0.00611927313730120659
-0.94999998807907104500 -0.00609416887164115906
-0.93999999761581420900 -0.00609329203143715859
-0.93000000715255737300 -0.00609730277210474014
-0.92000001668930053700 -0.00610682321712374687
-0.91000002622604370100 -0.00612470787018537522
-0.89999997615814209000 -0.00613021897152066231
-0.88999998569488525400 -0.00612242100760340691
-0.87999999523162841800 -0.00610802089795470238
-0.87000000476837158200 -0.00611951015889644623
-0.86000001430511474600 -0.00612133601680397988
-0.85000002384185791000 -0.00610155286267399788
-0.83999997377395629900 -0.00610579689964652062
-0.82999998331069946300 -0.00612273020669817925
-0.81999999284744262700 -0.00613495893776416779
-0.81000000238418579100 -0.00614023301750421524
-0.80000001192092895500 -0.00615198398008942604
-0.79000002145767211900 -0.00613503390923142433
-0.77999997138977050800 -0.00612069992348551750
-0.76999998092651367200 -0.00613594613969326020
-0.75999999046325683600 -0.00612142821773886681
-0.75000000000000000000 -0.00610860995948314667
-0.74000000953674316400 -0.00612009922042489052
-0.73000001907348632800 -0.00613396801054477692
-0.72000002861022949200 -0.00613723788410425186
-0.70999997854232788100 -0.00615208502858877182
-0.69999998807907104500 -0.00613872101530432701
-0.68999999761581420900 -0.00611298112198710442
-0.68000000715255737300 -0.00612489879131317139
-0.67000001668930053700 -0.00611980585381388664
-0.66000002622604370100 -0.00609584711492061615
-0.64999997615814209000 -0.00609817588701844216
-0.63999998569488525400 -0.00611413922160863877
-0.62999999523162841800 -0.00612201401963829994
-0.62000000476837158200 -0.00613799178972840309
-0.61000001430511474600 -0.00613955082371830940
-0.60000002384185791000 -0.00613081594929099083
-0.58999997377395629900 -0.00611563399434089661
-0.57999998331069946300 -0.00612613093107938767
-0.56999999284744262700 -0.00612168712541460991
-0.56000000238418579100 -0.00610338710248470307
-0.55000001192092895500 -0.00611174106597900391
-0.54000002145767211900 -0.00612399494275450707
-0.52999997138977050800 -0.00613358197733759880
-0.51999998092651367200 -0.00614133011549711228
-0.50999999046325683600 -0.00614261813461780548
-0.50000000000000000000 -0.00611303187906742096
-0.49000000953674316400 -0.00611205399036407471
-0.47999998927116394000 -0.00611765496432781220
-0.46999999880790710400 -0.00608998117968440056
-0.46000000834465026800 -0.00608460791409015656
-0.44999998807907104500 -0.00609222799539566040
-0.43999999761581420900 -0.00609447294846177101
-0.43000000715255737300 -0.00609635980799794197
-0.41999998688697814900 -0.00611108820885419846
-0.40999999642372131300 -0.00609965110197663307
-0.40000000596046447700 -0.00607266183942556381
-0.38999998569488525400 -0.00609230995178222656
-0.37999999523162841800 -0.00608527287840843201
-0.37000000476837158200 -0.00605899700894951821
-0.36000001430511474600 -0.00607896177098155022
-0.34999999403953552200 -0.00609007291495800018
-0.34000000357627868600 -0.00609447387978434563
-0.33000001311302185100 -0.00611520605161786080
-0.31999999284744262700 -0.00611640512943267822
-0.31000000238418579100 -0.00609725806862115860
-0.30000001192092895500 -0.00609964318573474884
-0.28999999165534973100 -0.00610917713493108750
-0.28000000119209289500 -0.00609556399285793305
-0.27000001072883606000 -0.00609024195000529289
-0.25999999046325683600 -0.00609793094918131828
-0.25000000000000000000 -0.00611161021515727043
-0.23999999463558197000 -0.00612360611557960510
-0.23000000417232513400 -0.00612700777128338814
-0.21999999880790710400 -0.00611837487667798996
-0.20999999344348907500 -0.00609426200389862061
-0.20000000298023223900 -0.00610454799607396126
-0.18999999761581420900 -0.00609894422814249993
-0.18000000715255737300 -0.00607006205245852471
-0.17000000178813934300 -0.00607328116893768311
-0.15999999642372131300 -0.00608701119199395180
-0.15000000596046447800 -0.00609805900603532791
-0.14000000059604644800 -0.00609962083399295807
-0.12999999523162841800 -0.00610156077891588211
-0.11999999731779098500 -0.00608156714588403702
-0.10999999940395355200 -0.00607556477189064026
-0.10000000149011611900 -0.00608822982758283615
-0.09000000357627868650 -0.00606644013896584511
-0.07999999821186065670 -0.00606176722794771195
-0.07000000029802322390 -0.00607251888141036034
-0.05999999865889549260 -0.00608572177588939667
-0.05000000074505805970 -0.00608983589336276055
-0.03999999910593032840 -0.00610122317448258400
-0.02999999932944774630 -0.00608839094638824463
-0.01999999955296516420 -0.00607464602217078209
-0.00999999977648258210 -0.00608307914808392525
0.00000000000000000000 -0.00607466185465455055
0.00999999977648258210 -0.00605853879824280739
0.01999999955296516420 -0.00605163909494876862
0.02999999932944774630 -0.00605888199061155319
0.03999999910593032840 -0.00606210995465517044
0.05000000074505805970 -0.00607273494824767113
0.05999999865889549260 -0.00607722112908959389
0.07000000029802322390 -0.00606173789128661156
0.07999999821186065670 -0.00603605015203356743
0.09000000357627868650 -0.00604491494596004486
0.10000000149011611900 -0.00603619078174233437
0.10999999940395355200 -0.00601229676976799965
0.11999999731779098500 -0.00600969698280096054
0.12999999523162841800 -0.00602082489058375359
0.14000000059604644800 -0.00603335816413164139
0.15000000596046447800 -0.00603052601218223572
0.15999999642372131300 -0.00604517897590994835
0.17000000178813934300 -0.00603213999420404434
0.18000000715255737300 -0.00601149396970868111
0.18999999761581420900 -0.00602820701897144318
0.20000000298023223900 -0.00601706188172101975
0.20999999344348907500 -0.00600003404542803765
0.21999999880790710400 -0.00600615609437227249
0.23000000417232513400 -0.00601767795160412789
0.23999999463558197000 -0.00601777620613574982
0.25000000000000000000 -0.00603186897933483124
0.25999999046325683600 -0.00602027401328086853
0.27000001072883606000 -0.00599161721765995026
0.28000000119209289500 -0.00599973788484930992
0.28999999165534973100 -0.00599538208916783333
0.30000001192092895500 -0.00596328219398856163
0.31000000238418579100 -0.00595402205362915993
0.31999999284744262700 -0.00595640810206532478
0.33000001311302185100 -0.00595100922510027886
0.34000000357627868600 -0.00595457386225461960
0.34999999403953552200 -0.00594733702018857002
0.36000001430511474600 -0.00592244509607553482
0.37000000476837158200 -0.00588564900681376457
0.37999999523162841800 -0.00588662317022681236
0.38999998569488525400 -0.00586027605459094048
0.40000000596046447700 -0.00583103997632861138
0.40999999642372131300 -0.00581498397514224053
0.41999998688697814900 -0.00580131122842431069
0.43000000715255737300 -0.00579824484884738922
0.43999999761581420900 -0.00577754992991685868
0.44999998807907104500 -0.00575709482654929161
0.46000000834465026800 -0.00571301905438303948
0.46999999880790710400 -0.00566993420943617821
0.47999998927116394000 -0.00564619479700922966
0.49000000953674316400 -0.00559591921046376228
0.50000000000000000000 -0.00553443515673279762
0.50999999046325683600 -0.00549213821068406105
0.51999998092651367200 -0.00543599901720881462
0.52999997138977050800 -0.00536716589704155922
0.54000002145767211900 -0.00529335113242268562
0.55000001192092895500 -0.00517784990370273590
0.56000000238418579100 -0.00503803882747888565
0.56999999284744262700 -0.00490321591496467590
0.57999998331069946300 -0.00472142314538359642
0.58999997377395629900 -0.00450155977159738541
0.60000002384185791000 -0.00426583597436547280
0.61000001430511474600 -0.00399918900802731514
0.62000000476837158200 -0.00368863902986049652
0.62999999523162841800 -0.00334478099830448628
0.63999998569488525400 -0.00295653194189071655
0.64999997615814209000 -0.00251970090903341770
0.66000002622604370100 -0.00205354811623692513
0.67000001668930053700 -0.00156236195471137762
0.68000000715255737300 -0.00103241798933595419
0.68999999761581420900 -0.00048160419100895524
0.69999998807907104500 0.00005776649049948901
0.70999997854232788100 0.00061321101384237409
0.72000002861022949200 0.00125963299069553614
0.73000001907348632800 0.00190208305139094591
0.74000000953674316400 0.00255685602314770222
0.75000000000000000000 0.00323054497130215168
0.75999999046325683600 0.00391633110120892525
0.76999998092651367200 0.00461127888411283493
0.77999997138977050800 0.00531873293220996857
0.79000002145767211900 0.00603714678436517716
0.80000001192092895500 0.00675780419260263443
0.81000000238418579100 0.00748653803020715714
0.81999999284744262700 0.00822875555604696274
0.82999998331069946300 0.00897486880421638489
0.83999997377395629900 0.00972976442426443100
0.85000002384185791000 0.01049361005425453190
0.86000001430511474600 0.01070404984056949620
0.87000000476837158200 0.01145020965486764910
0.87999999523162841800 0.01219693012535572050
0.88999998569488525400 0.01294345036149024960
0.89999997615814209000 0.01371201034635305400
0.91000002622604370100 0.01446742005646228790
0.92000001668930053700 0.01520773023366928100
0.93000000715255737300 0.01562839001417160030
0.93999999761581420900 0.01663525030016899110
0.94999998807907104500 0.01731136068701744080
0.95999997854232788100 0.01830703020095825200
0.97000002861022949200 0.01910720951855182650
0.98000001907348632800 0.01981334947049617770
0.99000000953674316400 0.02080384083092212680
1.00000000000000000000 0.02162802964448928830
