-1.00000000000000000000 -0.00612803222611546517
-0.99000000953674316400 -0.00613130722194910050
-0.98000001907348632800 -0.00610588211566209793
-0.97000002861022949200 -0.00611517205834388733
-0.95999997854232788100 -0.00614665821194648743
-0.94999998807907104500 -0.00613470794633030892
-0.93999999761581420900 -0.00615266896784305573
-0.93000000715255737300 -0.00615565991029143334
-0.92000001668930053700 -0.00611768802627921105
-0.91000002622604370100 -0.00613219989463686943
-0.89999997615814209000 -0.00614090496674180031
-0.88999998569488525400 -0.00609604921191930771
-0.87999999523162841800 -0.00610411213710904122
-0.87000000476837158200 -0.00612114788964390755
-0.86000001430511474600 -0.00611307518556714058
-0.85000002384185791000 -0.00612697610631585121
-0.83999997377395629900 -0.00614174921065568924
-0.82999998331069946300 -0.00611561583355069161
-0.81999999284744262700 -0.00610269978642463684
-0.81000000238418579100 -0.00612641777843236923
-0.80000001192092895500 -0.00610582716763019562
-0.79000002145767211900 -0.00609613908454775810
-0.77999997138977050800 -0.00611094012856483460
-0.76999998092651367200 -0.00610733916983008385
-0.75999999046325683600 -0.00613010022789239884
-0.75000000000000000000 -0.00614744191989302635
-0.74000000953674316400 -0.00614057201892137528
-0.73000001907348632800 -0.00613391585648059845
-0.72000002861022949200 -0.00613083085045218468
-0.70999997854232788100 -0.00612475303933024407
-0.69999998807907104500 -0.00612194603309035301
-0.68999999761581420900 -0.00611983099952340126
-0.68000000715255737300 -0.00610791891813278198
-0.67000001668930053700 -0.00613227300345897675
-0.66000002622604370100 -0.00614394294098019600
-0.64999997615814209000 -0.00614349776878952980
-0.63999998569488525400 -0.00614712899550795555
-0.62999999523162841800 -0.00612657889723777771
-0.62000000476837158200 -0.00612443219870328903
-0.61000001430511474600 -0.00612909486517310143
-0.60000002384185791000 -0.00610646186396479607
-0.58999997377395629900 -0.00609469786286354065
-0.57999998331069946300 -0.00611644191667437554
-0.56999999284744262700 -0.00612500822171568871
-0.56000000238418579100 -0.00612536398693919182
-0.55000001192092895500 -0.00614173198118805886
-0.54000002145767211900 -0.00612554093822836876
-0.52999997138977050800 -0.00609685480594635010
-0.51999998092651367200 -0.00612564291805028916
-0.50999999046325683600 -0.00610934197902679444
-0.50000000000000000000 -0.00608226098120212555
-0.49000000953674316400 -0.00610787980258464813
-0.47999998927116394000 -0.00610586907714605332
-0.46999999880790710400 -0.00611373502761125565
-0.46000000834465026800 -0.00613622507080435753
-0.44999998807907104500 -0.00613041315227746964
-0.43999999761581420900 -0.00611327309161424637
-0.43000000715255737300 -0.00611829711124300957
-0.41999998688697814900 -0.00611073989421129227
-0.40999999642372131300 -0.00609390204772353172
-0.40000000596046447700 -0.00610059499740600586
-0.38999998569488525400 -0.00609036581590771675
-0.37999999523162841800 -0.00610812800005078316
-0.37000000476837158200 -0.00612829392775893212
-0.36000001430511474600 -0.00612327409908175469
-0.34999999403953552200 -0.00611252291128039360
-0.34000000357627868600 -0.00610318314284086228
-0.33000001311302185100 -0.00609535397961735726
-0.31999999284744262700 -0.00609278399497270584
-0.31000000238418579100 -0.00607884302735328674
-0.30000001192092895500 -0.00606541195884346962
-0.28999999165534973100 -0.00608005002140998840
-0.28000000119209289500 -0.00609947601333260536
-0.27000001072883606000 -0.00609154580160975456
-0.25999999046325683600 -0.00610438222065567970
-0.25000000000000000000 -0.00610054284334182739
-0.23999999463558197000 -0.00607084482908248902
-0.23000000417232513400 -0.00609160214662551880
-0.21999999880790710400 -0.00608358997851610184
-0.20999999344348907500 -0.00606186687946319580
-0.20000000298023223900 -0.00608317600563168526
-0.18999999761581420900 -0.00609454978257417679
-0.18000000715255737300 -0.00609732791781425476
-0.17000000178813934300 -0.00611848011612892151
-0.15999999642372131300 -0.00611640512943267822
-0.15000000596046447800 -0.00608843192458152771
-0.14000000059604644800 -0.00610536895692348480
-0.12999999523162841800 -0.00609704107046127320
-0.11999999731779098500 -0.00606665480881929398
-0.10999999940395355200 -0.00608935207128524780
-0.10000000149011611900 -0.00608414085581898689
-0.09000000357627868650 -0.00609419401735067368
-0.07999999821186065670 -0.00611329078674316406
-0.07000000029802322390 -0.00611374806612730026
-0.05999999865889549260 -0.00609028013423085213
-0.05000000074505805970 -0.00609036488458514214
-0.03999999910593032840 -0.00608534784987568856
-0.02999999932944774630 -0.00607516895979642868
-0.01999999955296516420 -0.00607374683022499085
-0.00999999977648258210 -0.00605933507904410362
0.00000000000000000000 -0.00607362296432256699
0.00999999977648258210 -0.00608323421329259873
0.01999999955296516420 -0.00608627498149871826
0.02999999932944774630 -0.00608295109122991562
0.03999999910593032840 -0.00608819490298628807
0.05000000074505805970 -0.00605827383697032929
0.05999999865889549260 -0.00606533279642462731
0.07000000029802322390 -0.00606629019603133202
0.07999999821186065670 -0.00603970000520348549
0.09000000357627868650 -0.00604010187089443207
0.10000000149011611900 -0.00606494396924972534
0.10999999940395355200 -0.00606326200067996979
0.11999999731779098500 -0.00606613280251622200
0.12999999523162841800 -0.00608423119410872460
0.14000000059604644800 -0.00604801112785935402
0.15000000596046447800 -0.00604838412255048752
0.15999999642372131300 -0.00606292299926280976
0.17000000178813934300 -0.00602556020021438599
0.18000000715255737300 -0.00602356111630797386
0.18999999761581420900 -0.00604049814864993096
0.20000000298023223900 -0.00603697588667273522
0.20999999344348907500 -0.00604397989809513092
0.21999999880790710400 -0.00606667995452880860
0.23000000417232513400 -0.00603458704426884651
0.23999999463558197000 -0.00601331703364849091
0.25000000000000000000 -0.00602710200473666191
0.25999999046325683600 -0.00600453186780214310
0.27000001072883606000 -0.00598273798823356629
0.28000000119209289500 -0.00598586304113268852
0.28999999165534973100 -0.00598036777228116989
0.30000001192092895500 -0.00599187798798084259
0.31000000238418579100 -0.00599624589085578919
0.31999999284744262700 -0.00598414987325668335
0.33000001311302185100 -0.00597564782947301865
0.34000000357627868600 -0.00596105214208364487
0.34999999403953552200 -0.00595089793205261231
0.36000001430511474600 -0.00594246014952659607
0.37000000476837158200 -0.00592365488409996033
0.37999999523162841800 -0.00591325201094150543
0.38999998569488525400 -0.00592243392020463944
0.40000000596046447700 -0.00592510821297764778
0.40999999642372131300 -0.00590680399909615517
0.41999998688697814900 -0.00590547919273376465
0.43000000715255737300 -0.00587423983961343765
0.43999999761581420900 -0.00584940006956458092
0.44999998807907104500 -0.00583540182560682297
0.46000000834465026800 -0.00579409301280975342
0.46999999880790710400 -0.00575509807094931603
0.47999998927116394000 -0.00574007118120789528
0.49000000953674316400 -0.00571291102096438408
0.50000000000000000000 -0.00566756678745150566
0.50999999046325683600 -0.00564197776839137078
0.51999998092651367200 -0.00555382296442985535
0.52999997138977050800 -0.00545330997556447983
0.54000002145767211900 -0.00538221700116991997
0.55000001192092895500 -0.00525043485686182976
0.56000000238418579100 -0.00508947996422648430
0.56999999284744262700 -0.00493636401370167732
0.57999998331069946300 -0.00473276013508439064
0.58999997377395629900 -0.00449912203475832939
0.60000002384185791000 -0.00424237502738833428
0.61000001430511474600 -0.00392774585634469986
0.62000000476837158200 -0.00357465003617107868
0.62999999523162841800 -0.00319464295171201229
0.63999998569488525400 -0.00277914688922464848
0.64999997615814209000 -0.00232834997586905956
0.66000002622604370100 -0.00186028494499623776
0.67000001668930053700 -0.00135883304756134748
0.68000000715255737300 -0.00081812968710437417
0.68999999761581420900 -0.00030272168805822730
0.69999998807907104500 0.00020108469470869750
0.70999997854232788100 0.00078355439472943544
0.72000002861022949200 0.00140848197042942047
0.73000001907348632800 0.00202390202321112156
0.74000000953674316400 0.00264619896188378334
0.75000000000000000000 0.00328093697316944599
0.75999999046325683600 0.00392701197415590286
0.76999998092651367200 0.00458027794957160950
0.77999997138977050800 0.00524695822969079018
0.79000002145767211900 0.00592489913105964661
0.80000001192092895500 0.00660039111971855164
0.81000000238418579100 0.00729419896379113198
0.81999999284744262700 0.00799656473100185395
0.82999998331069946300 0.00868920981884002686
0.83999997377395629900 0.00940349604934453965
0.85000002384185791000 0.01012760028243064880
0.86000001430511474600 0.01033829990774393080
0.87000000476837158200 0.01102078985422849660
0.87999999523162841800 0.01173437014222145080
0.88999998569488525400 0.01244718022644519810
0.89999997615814209000 0.01316661015152931210
0.91000002622604370100 0.01391061954200267790
0.92000001668930053700 0.01464318018406629560
0.93000000715255737300 0.01537599042057991030
0.93999999761581420900 0.01613095961511135100
0.94999998807907104500 0.01688235066831111910
0.95999997854232788100 0.01763821952044963840
0.97000002861022949200 0.01841300912201404570
0.98000001907348632800 0.01917313970625400540
0.99000000953674316400 0.01995830051600933080
1.00000000000000000000 0.02077383920550346370
