-1.00000000000000000000 -0.00641532102599740029
-0.99000000953674316400 -0.00643509998917579651
-0.98000001907348632800 -0.00642876187339425087
-0.97000002861022949200 -0.00644082715734839440
-0.95999997854232788100 -0.00644690217450261116
-0.94999998807907104500 -0.00642116600647568703
-0.93999999761581420900 -0.00641997577622532845
-0.93000000715255737300 -0.00642902916297316551
-0.92000001668930053700 -0.00640898291021585465
-0.91000002622604370100 -0.00641037290915846825
-0.89999997615814209000 -0.00642289919778704643
-0.88999998569488525400 -0.00643015187233686447
-0.87999999523162841800 -0.00644887611269950867
-0.87000000476837158200 -0.00645758491009473801
-0.86000001430511474600 -0.00645094690844416619
-0.85000002384185791000 -0.00643450580537319184
-0.83999997377395629900 -0.00644490309059619904
-0.82999998331069946300 -0.00643361313268542290
-0.81999999284744262700 -0.00641596922650933266
-0.81000000238418579100 -0.00642172200605273247
-0.80000001192092895500 -0.00641959998756647110
-0.79000002145767211900 -0.00643814122304320336
-0.77999997138977050800 -0.00643972493708133698
-0.76999998092651367200 -0.00644339388236403466
-0.75999999046325683600 -0.00643066409975290299
-0.75000000000000000000 -0.00640411209315061569
-0.74000000953674316400 -0.00640365388244390488
-0.73000001907348632800 -0.00640028715133666992
-0.72000002861022949200 -0.00637516612187027931
-0.70999997854232788100 -0.00636950600892305374
-0.69999998807907104500 -0.00638516712933778763
-0.68999999761581420900 -0.00639022095128893852
-0.68000000715255737300 -0.00639315601438283920
-0.67000001668930053700 -0.00640633096918463707
-0.66000002622604370100 -0.00639341911301016808
-0.64999997615814209000 -0.00637260312214493752
-0.63999998569488525400 -0.00639287801459431648
-0.62999999523162841800 -0.00638881884515285492
-0.62000000476837158200 -0.00636719679459929466
-0.61000001430511474600 -0.00638130819424986840
-0.60000002384185791000 -0.00639044214040040970
-0.58999997377395629900 -0.00639863777905702591
-0.57999998331069946300 -0.00640928419306874275
-0.56999999284744262700 -0.00640970701351761818
-0.56000000238418579100 -0.00638908101245760918
-0.55000001192092895500 -0.00638850079849362374
-0.54000002145767211900 -0.00638714618980884552
-0.52999997138977050800 -0.00637037493288516998
-0.51999998092651367200 -0.00637217517942190170
-0.50999999046325683600 -0.00636998098343610764
-0.50000000000000000000 -0.00637972401455044747
-0.49000000953674316400 -0.00639396999031305313
-0.47999998927116394000 -0.00639992207288742066
-0.46999999880790710400 -0.00638849707320332527
-0.46000000834465026800 -0.00637413701042532921
-0.44999998807907104500 -0.00637303106486797333
-0.43999999761581420900 -0.00637003080919384957
-0.43000000715255737300 -0.00635099411010742188
-0.41999998688697814900 -0.00634485483169555664
-0.40999999642372131300 -0.00635148119181394577
-0.40000000596046447700 -0.00636723078787326813
-0.38999998569488525400 -0.00637099286541342736
-0.37999999523162841800 -0.00638127792626619339
-0.37000000476837158200 -0.00637966394424438477
-0.36000001430511474600 -0.00635132379829883576
-0.34999999403953552200 -0.00636732904240489006
-0.34000000357627868600 -0.00636894302442669869
-0.33000001311302185100 -0.00634680408984422684
-0.31999999284744262700 -0.00635141693055629730
-0.31000000238418579100 -0.00637163314968347550
-0.30000001192092895500 -0.00637808907777070999
-0.28999999165534973100 -0.00638256222009658814
-0.28000000119209289500 -0.00639768084511160851
-0.27000001072883606000 -0.00637430092319846153
-0.25999999046325683600 -0.00635772105306386948
-0.25000000000000000000 -0.00637204805389046669
-0.23999999463558197000 -0.00634852377697825432
-0.23000000417232513400 -0.00633770506829023361
-0.21999999880790710400 -0.00634299498051404953
-0.20999999344348907500 -0.00634282594546675682
-0.20000000298023223900 -0.00635004881769418717
-0.18999999761581420900 -0.00635870778933167458
-0.18000000715255737300 -0.00633818004280328751
-0.17000000178813934300 -0.00631975615397095680
-0.15999999642372131300 -0.00632110284641385079
-0.15000000596046447800 -0.00630043912678956986
-0.14000000059604644800 -0.00628178706392645836
-0.12999999523162841800 -0.00628909794613718987
-0.11999999731779098500 -0.00628102384507656098
-0.10999999940395355200 -0.00629876600578427315
-0.10000000149011611900 -0.00631721410900354386
-0.09000000357627868650 -0.00631483690813183785
-0.07999999821186065670 -0.00631540501490235329
-0.07000000029802322390 -0.00630056206136941910
-0.05999999865889549260 -0.00629352498799562454
-0.05000000074505805970 -0.00630175601691007614
-0.03999999910593032840 -0.00628881016746163368
-0.02999999932944774630 -0.00627929205074906349
-0.01999999955296516420 -0.00629370287060737610
-0.00999999977648258210 -0.00630970299243927002
0.00000000000000000000 -0.00630418397486209870
0.00999999977648258210 -0.00631285086274147034
0.01999999955296516420 -0.00631647696718573570
0.02999999932944774630 -0.00628392584621906281
0.03999999910593032840 -0.00629310589283704758
0.05000000074505805970 -0.00629788404330611229
0.05999999865889549260 -0.00626318901777267456
0.07000000029802322390 -0.00626324908807873726
0.07999999821186065670 -0.00627713091671466828
0.09000000357627868650 -0.00627175113186240196
0.10000000149011611900 -0.00628421409055590630
0.10999999940395355200 -0.00629523210227489472
0.11999999731779098500 -0.00626571383327245712
0.12999999523162841800 -0.00624783290550112724
0.14000000059604644800 -0.00626572314649820328
0.15000000596046447800 -0.00624116603285074234
0.15999999642372131300 -0.00622423784807324410
0.17000000178813934300 -0.00623413687571883202
0.18000000715255737300 -0.00623071892186999321
0.18999999761581420900 -0.00624565593898296356
0.20000000298023223900 -0.00625548791140317917
0.20999999344348907500 -0.00624844292178750038
0.21999999880790710400 -0.00623844191431999207
0.23000000417232513400 -0.00622764416038990021
0.23999999463558197000 -0.00621986621990799904
0.25000000000000000000 -0.00621359189972281456
0.25999999046325683600 -0.00620165793225169182
0.27000001072883606000 -0.00618869578465819359
0.28000000119209289500 -0.00619854498654603958
0.28999999165534973100 -0.00620256504043936730
0.30000001192092895500 -0.00619051279500126839
0.31000000238418579100 -0.00618122704327106476
0.31999999284744262700 -0.00615908484905958176
0.33000001311302185100 -0.00612893514335155487
0.34000000357627868600 -0.00611289683729410172
0.34999999403953552200 -0.00607709307223558426
0.36000001430511474600 -0.00603396818041801453
0.37000000476837158200 -0.00601404206827282906
0.37999999523162841800 -0.00598279898986220360
0.38999998569488525400 -0.00593560282140970230
0.40000000596046447700 -0.00588294398039579392
0.40999999642372131300 -0.00581654394045472145
0.41999998688697814900 -0.00571628892794251442
0.43000000715255737300 -0.00564235402271151543
0.43999999761581420900 -0.00553825916722416878
0.44999998807907104500 -0.00540803791955113411
0.46000000834465026800 -0.00528778787702322006
0.46999999880790710400 -0.00515131279826164246
0.47999998927116394000 -0.00499972607940435410
0.49000000953674316400 -0.00483958609402179718
0.50000000000000000000 -0.00466525508090853691
0.50999999046325683600 -0.00446368288248777390
0.51999998092651367200 -0.00425942195579409599
0.52999997138977050800 -0.00405339477583765984
0.54000002145767211900 -0.00382721796631813049
0.55000001192092895500 -0.00359886488877236843
0.56000000238418579100 -0.00336489104665815830
0.56999999284744262700 -0.00312614394351840019
0.57999998331069946300 -0.00288647389970719814
0.58999997377395629900 -0.00263500702567398548
0.60000002384185791000 -0.00237672496587038040
0.61000001430511474600 -0.00211682589724659920
0.62000000476837158200 -0.00184886401984840632
0.62999999523162841800 -0.00157938897609710693
0.63999998569488525400 -0.00130805803928524256
0.64999997615814209000 -0.00103184604085981846
0.66000002622604370100 -0.00072817387990653515
0.67000001668930053700 -0.00045949590275995433
0.68000000715255737300 -0.00018743579857982695
0.68999999761581420900 0.00007612603076267987
0.69999998807907104500 0.00034756949753500521
0.70999997854232788100 0.00062141241505742073
0.72000002861022949200 0.00090086332056671381
0.73000001907348632800 0.00123029097449034452
0.74000000953674316400 0.00152440695092082024
0.75000000000000000000 0.00181663397233933210
0.75999999046325683600 0.00211470504291355610
0.76999998092651367200 0.00241131708025932312
0.77999997138977050800 0.00270738801918923855
0.79000002145767211900 0.00300673209130764008
0.80000001192092895500 0.00330445007421076298
0.81000000238418579100 0.00360376201570034027
0.81999999284744262700 0.00390702206641435623
0.82999998331069946300 0.00420889398083090782
0.83999997377395629900 0.00451223179697990418
0.85000002384185791000 0.00481680920347571373
0.86000001430511474600 0.00512208091095089913
0.87000000476837158200 0.00542828207835555077
0.87999999523162841800 0.00573494192212820053
0.88999998569488525400 0.00604254705831408501
0.89999997615814209000 0.00635133683681488037
0.91000002622604370100 0.00666063511744141579
0.92000001668930053700 0.00697099603712558747
0.93000000715255737300 0.00728134298697113991
0.93999999761581420900 0.00759408017620444298
0.94999998807907104500 0.00790689699351787567
0.95999997854232788100 0.00821950845420360565
0.97000002861022949200 0.00853425543755292893
0.98000001907348632800 0.00885005109012126923
0.99000000953674316400 0.00916590355336666108
1.00000000000000000000 0.00948353298008441925
