-1.00000000000000000000 -0.00609134091064333916
-0.99000000953674316400 -0.00609855912625789642
-0.98000001907348632800 -0.00610614987090229988
-0.97000002861022949200 -0.00612148921936750412
-0.95999997854232788100 -0.00612815702334046364
-0.94999998807907104500 -0.00611996883526444435
-0.93999999761581420900 -0.00611215317621827126
-0.93000000715255737300 -0.00610344717279076576
-0.92000001668930053700 -0.00609958404675126076
-0.91000002622604370100 -0.00609083613380789757
-0.89999997615814209000 -0.00607611984014511109
-0.88999998569488525400 -0.00608053896576166153
-0.87999999523162841800 -0.00609176000580191612
-0.87000000476837158200 -0.00609572604298591614
-0.86000001430511474600 -0.00610565021634101868
-0.85000002384185791000 -0.00609409390017390251
-0.83999997377395629900 -0.00607234193012118340
-0.82999998331069946300 -0.00608268193900585175
-0.81999999284744262700 -0.00607223203405737877
-0.81000000238418579100 -0.00605926290154457092
-0.80000001192092895500 -0.00606174720451235771
-0.79000002145767211900 -0.00606957497075200081
-0.77999997138977050800 -0.00608901120722293854
-0.76999998092651367200 -0.00610443390905857086
-0.75999999046325683600 -0.00611055083572864533
-0.75000000000000000000 -0.00610809912905097008
-0.74000000953674316400 -0.00608778186142444611
-0.73000001907348632800 -0.00609693722799420357
-0.72000002861022949200 -0.00609701219946146012
-0.70999997854232788100 -0.00607828889042139054
-0.69999998807907104500 -0.00607988703995943070
-0.68999999761581420900 -0.00609055301174521446
-0.68000000715255737300 -0.00609886785969138146
-0.67000001668930053700 -0.00611020484939217568
-0.66000002622604370100 -0.00611968385055661202
-0.64999997615814209000 -0.00610820902511477471
-0.63999998569488525400 -0.00608833692967891693
-0.62999999523162841800 -0.00609561521559953690
-0.62000000476837158200 -0.00608859118074178696
-0.61000001430511474600 -0.00607268884778022766
-0.60000002384185791000 -0.00607183715328574181
-0.58999997377395629900 -0.00608016084879636765
-0.57999998331069946300 -0.00608642678707838059
-0.56999999284744262700 -0.00609634816646575928
-0.56000000238418579100 -0.00609482591971755028
-0.55000001192092895500 -0.00608466379344463349
-0.54000002145767211900 -0.00607470981776714325
-0.52999997138977050800 -0.00608198810368776322
-0.51999998092651367200 -0.00607628095895051956
-0.50999999046325683600 -0.00606354000046849251
-0.50000000000000000000 -0.00607059616595506668
-0.49000000953674316400 -0.00607988703995943070
-0.47999998927116394000 -0.00609508901834487915
-0.46999999880790710400 -0.00610226485878229141
-0.46000000834465026800 -0.00610206089913845062
-0.44999998807907104500 -0.00609146803617477417
-0.43999999761581420900 -0.00608458882197737694
-0.43000000715255737300 -0.00608786195516586304
-0.41999998688697814900 -0.00607891194522380829
-0.40999999642372131300 -0.00607069907709956169
-0.40000000596046447700 -0.00606886716559529305
-0.38999998569488525400 -0.00608495716005563736
-0.37999999523162841800 -0.00609202310442924500
-0.37000000476837158200 -0.00610489584505558014
-0.36000001430511474600 -0.00609248923137784004
-0.34999999403953552200 -0.00607178406789898873
-0.34000000357627868600 -0.00607080012559890747
-0.33000001311302185100 -0.00606582593172788620
-0.31999999284744262700 -0.00604251492768526077
-0.31000000238418579100 -0.00603761104866862297
-0.30000001192092895500 -0.00603717099875211716
-0.28999999165534973100 -0.00604923022910952568
-0.28000000119209289500 -0.00606281915679574013
-0.27000001072883606000 -0.00606899894773960114
-0.25999999046325683600 -0.00606646994128823280
-0.25000000000000000000 -0.00604669982567429543
-0.23999999463558197000 -0.00605129217728972435
-0.23000000417232513400 -0.00605650711804628372
-0.21999999880790710400 -0.00604251120239496231
-0.20999999344348907500 -0.00603874213993549347
-0.20000000298023223900 -0.00605034083127975464
-0.18999999761581420900 -0.00606746179983019829
-0.18000000715255737300 -0.00607123598456382752
-0.17000000178813934300 -0.00608778605237603188
-0.15999999642372131300 -0.00607725977897644043
-0.15000000596046447800 -0.00605601118877530098
-0.14000000059604644800 -0.00606208993121981621
-0.12999999523162841800 -0.00606129411607980728
-0.11999999731779098500 -0.00604329397901892662
-0.10999999940395355200 -0.00604134611785411835
-0.10000000149011611900 -0.00605203816667199135
-0.09000000357627868650 -0.00606043823063373566
-0.07999999821186065670 -0.00606269203126430512
-0.07000000029802322390 -0.00607108185067772866
-0.05999999865889549260 -0.00606284476816654206
-0.05000000074505805970 -0.00603767996653914452
-0.03999999910593032840 -0.00604382390156388283
-0.02999999932944774630 -0.00603557704016566277
-0.01999999955296516420 -0.00601908611133694649
-0.00999999977648258210 -0.00601908518001437187
0.00000000000000000000 -0.00602568080648779869
0.00999999977648258210 -0.00603055302053689957
0.01999999955296516420 -0.00604147696867585182
0.02999999932944774630 -0.00605209311470389366
0.03999999910593032840 -0.00604697177186608315
0.05000000074505805970 -0.00603464385494589806
0.05999999865889549260 -0.00602846778929233551
0.07000000029802322390 -0.00603344617411494255
0.07999999821186065670 -0.00602386798709630966
0.09000000357627868650 -0.00601346092298626900
0.10000000149011611900 -0.00602297019213438034
0.10999999940395355200 -0.00602967618033289910
0.11999999731779098500 -0.00603775307536125183
0.12999999523162841800 -0.00604797992855310440
0.14000000059604644800 -0.00604012701660394669
0.15000000596046447800 -0.00601683184504508972
0.15999999642372131300 -0.00601571798324584961
0.17000000178813934300 -0.00600724620744585991
0.18000000715255737300 -0.00599258812144398689
0.18999999761581420900 -0.00598072307184338570
0.20000000298023223900 -0.00597328087314963341
0.20999999344348907500 -0.00597821408882737160
0.21999999880790710400 -0.00598133401945233345
0.23000000417232513400 -0.00598129117861390114
0.23999999463558197000 -0.00596750620752573014
0.25000000000000000000 -0.00594378914684057236
0.25999999046325683600 -0.00594078795984387398
0.27000001072883606000 -0.00593582494184374809
0.28000000119209289500 -0.00591260707005858422
0.28999999165534973100 -0.00590324401855468750
0.30000001192092895500 -0.00590587919577956200
0.31000000238418579100 -0.00590676907449960709
0.31999999284744262700 -0.00590988714247941971
0.33000001311302185100 -0.00591252977028489113
0.34000000357627868600 -0.00589611614122986794
0.34999999403953552200 -0.00586675899103283882
0.36000001430511474600 -0.00586428120732307434
0.37000000476837158200 -0.00584881287068128586
0.37999999523162841800 -0.00581759121268987656
0.38999998569488525400 -0.00580756412819027901
0.40000000596046447700 -0.00579368788748979569
0.40999999642372131300 -0.00578902289271354676
0.41999998688697814900 -0.00577920116484165192
0.43000000715255737300 -0.00576378311961889267
0.43999999761581420900 -0.00572859682142734528
0.44999998807907104500 -0.00568639114499092102
0.46000000834465026800 -0.00565509079024195671
0.46999999880790710400 -0.00562362000346183777
0.47999998927116394000 -0.00557209085673093796
0.49000000953674316400 -0.00552745489403605461
0.50000000000000000000 -0.00549766886979341507
0.50999999046325683600 -0.00545563921332359314
0.51999998092651367200 -0.00540426187217235565
0.52999997138977050800 -0.00534514989703893662
0.54000002145767211900 -0.00526462914422154427
0.55000001192092895500 -0.00516079086810350418
0.56000000238418579100 -0.00506717199459671974
0.56999999284744262700 -0.00494949799031019211
0.57999998331069946300 -0.00479013798758387566
0.58999997377395629900 -0.00462498422712087631
0.60000002384185791000 -0.00443263584747910500
0.61000001430511474600 -0.00420739501714706421
0.62000000476837158200 -0.00393948704004287720
0.62999999523162841800 -0.00363764888606965542
0.63999998569488525400 -0.00327854300849139690
0.64999997615814209000 -0.00288275303319096565
0.66000002622604370100 -0.00246223411522805691
0.67000001668930053700 -0.00199114298447966576
0.68000000715255737300 -0.00149102602154016495
0.68999999761581420900 -0.00093940232181921601
0.69999998807907104500 -0.00040964438812807202
0.70999997854232788100 0.00010904100054176524
0.72000002861022949200 0.00073124427581205964
0.73000001907348632800 0.00139287905767560005
0.74000000953674316400 0.00204591499641537666
0.75000000000000000000 0.00270915310829877853
0.75999999046325683600 0.00340315001085400581
0.76999998092651367200 0.00408696616068482399
0.77999997138977050800 0.00480051478371024132
0.79000002145767211900 0.00552772218361496926
0.80000001192092895500 0.00625033304095268250
0.81000000238418579100 0.00698671909049153328
0.81999999284744262700 0.00773466983810067177
0.82999998331069946300 0.00848087295889854431
0.83999997377395629900 0.00924352090805768967
0.85000002384185791000 0.01001693028956651690
0.86000001430511474600 0.01028135046362876890
0.87000000476837158200 0.01102100964635610580
0.87999999523162841800 0.01178015023469924930
0.88999998569488525400 0.01254509016871452330
0.89999997615814209000 0.01330331992357969280
0.91000002622604370100 0.01408552005887031560
0.92000001668930053700 0.01486658025532960890
0.93000000715255737300 0.01566305942833423610
0.93999999761581420900 0.01647076010704040530
0.94999998807907104500 0.01726833917200565340
0.95999997854232788100 0.01808159984648227690
0.97000002861022949200 0.01888355985283851620
0.98000001907348632800 0.01971150003373622890
0.99000000953674316400 0.02052948996424674990
1.00000000000000000000 0.02135946042835712430
