-1.00000000000000000000 -0.00619212910532951355
-0.99000000953674316400 -0.00615140004083514214
-0.98000001907348632800 -0.00615576608106493950
-0.97000002861022949200 -0.00616766884922981262
-0.95999997854232788100 -0.00612466922029852867
-0.94999998807907104500 -0.00613252678886055947
-0.93999999761581420900 -0.00615331809967756272
-0.93000000715255737300 -0.00614475598558783531
-0.92000001668930053700 -0.00616915198042988777
-0.91000002622604370100 -0.00619016820564866066
-0.89999997615814209000 -0.00616957619786262512
-0.88999998569488525400 -0.00615631695836782456
-0.87999999523162841800 -0.00617809919640421868
-0.87000000476837158200 -0.00616171723231673241
-0.86000001430511474600 -0.00615497399121522904
-0.85000002384185791000 -0.00616285717114806175
-0.83999997377395629900 -0.00616233097389340401
-0.82999998331069946300 -0.00618796097114682198
-0.81999999284744262700 -0.00619664508849382401
-0.81000000238418579100 -0.00619931006804108620
-0.80000001192092895500 -0.00618973886594176293
-0.79000002145767211900 -0.00616804184392094612
-0.77999997138977050800 -0.00616940623149275780
-0.76999998092651367200 -0.00617435900494456291
-0.75999999046325683600 -0.00615316117182374001
-0.75000000000000000000 -0.00615113181993365288
-0.74000000953674316400 -0.00617668405175209046
-0.73000001907348632800 -0.00617899699136614800
-0.72000002861022949200 -0.00618091085925698281
-0.70999997854232788100 -0.00619364622980356217
-0.69999998807907104500 -0.00617330381646752358
-0.68999999761581420900 -0.00615201797336339951
-0.68000000715255737300 -0.00616952078416943550
-0.67000001668930053700 -0.00615109782665967942
-0.66000002622604370100 -0.00612826598808169365
-0.64999997615814209000 -0.00614956393837928772
-0.63999998569488525400 -0.00614975485950708390
-0.62999999523162841800 -0.00615865876898169518
-0.62000000476837158200 -0.00618109013885259628
-0.61000001430511474600 -0.00617092708125710488
-0.60000002384185791000 -0.00614827591925859452
-0.58999997377395629900 -0.00617041112855076790
-0.57999998331069946300 -0.00615546992048621178
-0.56999999284744262700 -0.00613258685916662216
-0.56000000238418579100 -0.00614813202992081642
-0.55000001192092895500 -0.00614255294203758240
-0.54000002145767211900 -0.00615564314648509026
-0.52999997138977050800 -0.00617938302457332611
-0.51999998092651367200 -0.00617931596934795380
-0.50999999046325683600 -0.00616602879017591477
-0.50000000000000000000 -0.00616141315549612046
-0.49000000953674316400 -0.00615459214895963669
-0.47999998927116394000 -0.00614788196980953217
-0.46999999880790710400 -0.00613988796249032021
-0.46000000834465026800 -0.00612801499664783478
-0.44999998807907104500 -0.00613752892240881920
-0.43999999761581420900 -0.00615818519145250321
-0.43000000715255737300 -0.00614960817620158196
-0.41999998688697814900 -0.00615953095257282257
-0.40999999642372131300 -0.00615691393613815308
-0.40000000596046447700 -0.00611297693103551865
-0.38999998569488525400 -0.00612851092591881752
-0.37999999523162841800 -0.00613857619464397431
-0.37000000476837158200 -0.00609797984361648560
-0.36000001430511474600 -0.00610939320176839829
-0.34999999403953552200 -0.00613662321120500565
-0.34000000357627868600 -0.00613459385931491852
-0.33000001311302185100 -0.00615234812721610070
-0.31999999284744262700 -0.00618309294804930687
-0.31000000238418579100 -0.00614706100896000862
-0.30000001192092895500 -0.00613610679283738136
-0.28999999165534973100 -0.00615953188389539719
-0.28000000119209289500 -0.00613286998122930527
-0.27000001072883606000 -0.00612806901335716248
-0.25999999046325683600 -0.00614586612209677696
-0.25000000000000000000 -0.00613733893260359764
-0.23999999463558197000 -0.00615676585584878922
-0.23000000417232513400 -0.00617764983326196671
-0.21999999880790710400 -0.00615723617374897003
-0.20999999344348907500 -0.00615175394341349602
-0.20000000298023223900 -0.00614931900054216385
-0.18999999761581420900 -0.00613968400284647942
-0.18000000715255737300 -0.00613478897139430046
-0.17000000178813934300 -0.00613174680620431900
-0.15999999642372131300 -0.00612683780491352082
-0.15000000596046447800 -0.00614841608330607414
-0.14000000059604644800 -0.00615753605961799622
-0.12999999523162841800 -0.00615583779290318489
-0.11999999731779098500 -0.00615557096898555756
-0.10999999940395355200 -0.00612910790368914604
-0.10000000149011611900 -0.00612715911120176316
-0.09000000357627868650 -0.00613047182559967041
-0.07999999821186065670 -0.00610705884173512459
-0.07000000029802322390 -0.00609903503209352494
-0.05999999865889549260 -0.00611890805885195732
-0.05000000074505805970 -0.00613216310739517212
-0.03999999910593032840 -0.00613059522584080696
-0.02999999932944774630 -0.00615341402590274811
-0.01999999955296516420 -0.00613821111619472504
-0.00999999977648258210 -0.00610568700358271599
0.00000000000000000000 -0.00612672418355941773
0.00999999977648258210 -0.00612970115616917610
0.01999999955296516420 -0.00609534094110131264
0.02999999932944774630 -0.00609733304008841515
0.03999999910593032840 -0.00611309381201863289
0.05000000074505805970 -0.00610893592238426209
0.05999999865889549260 -0.00612781103700399399
0.07000000029802322390 -0.00614115502685308457
0.07999999821186065670 -0.00611802097409963608
0.09000000357627868650 -0.00610172608867287636
0.10000000149011611900 -0.00611055921763181687
0.10999999940395355200 -0.00608669081702828408
0.11999999731779098500 -0.00607465207576751709
0.12999999523162841800 -0.00607698177918791771
0.14000000059604644800 -0.00606838613748550415
0.15000000596046447800 -0.00608708010986447334
0.15999999642372131300 -0.00608457811176776886
0.17000000178813934300 -0.00608469499275088310
0.18000000715255737300 -0.00607424415647983551
0.18999999761581420900 -0.00605046283453702927
0.20000000298023223900 -0.00605558510869741440
0.20999999344348907500 -0.00605765590444207192
0.21999999880790710400 -0.00603755190968513489
0.23000000417232513400 -0.00603983597829937935
0.23999999463558197000 -0.00606343988329172135
0.25000000000000000000 -0.00606178818270564080
0.25999999046325683600 -0.00606512883678078652
0.27000001072883606000 -0.00607814406976103783
0.28000000119209289500 -0.00604457594454288483
0.28999999165534973100 -0.00602905778214335442
0.30000001192092895500 -0.00604413077235221863
0.31000000238418579100 -0.00600798008963465691
0.31999999284744262700 -0.00598861603066325188
0.33000001311302185100 -0.00600464222952723503
0.34000000357627868600 -0.00599269615486264229
0.34999999403953552200 -0.00599308498203754425
0.36000001430511474600 -0.00600637402385473252
0.37000000476837158200 -0.00597589882090687752
0.37999999523162841800 -0.00593937980011105538
0.38999998569488525400 -0.00594450114294886589
0.40000000596046447700 -0.00590728502720594406
0.40999999642372131300 -0.00587470177561044693
0.41999998688697814900 -0.00587240606546401978
0.43000000715255737300 -0.00584443612024188042
0.43999999761581420900 -0.00583640299737453461
0.44999998807907104500 -0.00583223300054669380
0.46000000834465026800 -0.00580085720866918564
0.46999999880790710400 -0.00576659711077809334
0.47999998927116394000 -0.00572544615715742111
0.49000000953674316400 -0.00568220112472772598
0.50000000000000000000 -0.00563899101689457894
0.50999999046325683600 -0.00558766303583979607
0.51999998092651367200 -0.00551566388458013535
0.52999997138977050800 -0.00546465814113616944
0.54000002145767211900 -0.00540532218292355538
0.55000001192092895500 -0.00529900006949901581
0.56000000238418579100 -0.00519445817917585373
0.56999999284744262700 -0.00505540007725358010
0.57999998331069946300 -0.00485539715737104416
0.58999997377395629900 -0.00467326398938894272
0.60000002384185791000 -0.00444277096539735794
0.61000001430511474600 -0.00415336387231945992
0.62000000476837158200 -0.00386120704934000969
0.62999999523162841800 -0.00353058404289186001
0.63999998569488525400 -0.00315503100864589214
0.64999997615814209000 -0.00275378394871950150
0.66000002622604370100 -0.00232533202506601811
0.67000001668930053700 -0.00184428994543850422
0.68000000715255737300 -0.00134957500267773867
0.68999999761581420900 -0.00082627800293266773
0.69999998807907104500 -0.00031465059146285057
0.70999997854232788100 0.00018162220658268780
0.72000002861022949200 0.00075259589357301593
0.73000001907348632800 0.00136362703051418066
0.74000000953674316400 0.00195920304395258427
0.75000000000000000000 0.00256513804197311401
0.75999999046325683600 0.00318373809568583965
0.76999998092651367200 0.00380540988408029080
0.77999997138977050800 0.00443918490782380104
0.79000002145767211900 0.00508185289800167084
0.80000001192092895500 0.00572540611028671265
0.81000000238418579100 0.00638561183586716652
0.81999999284744262700 0.00705214822664856911
0.82999998331069946300 0.00771601917222142220
0.83999997377395629900 0.00839804299175739289
0.85000002384185791000 0.00907567795366048813
0.86000001430511474600 0.00975770317018032074
0.87000000476837158200 0.01046418026089668270
0.87999999523162841800 0.01066774036735296250
0.88999998569488525400 0.01131447963416576390
0.89999997615814209000 0.01199007034301757810
0.91000002622604370100 0.01269614044576883320
0.92000001668930053700 0.01336719002574682240
0.93000000715255737300 0.01406587008386850360
0.93999999761581420900 0.01479444000869989400
0.94999998807907104500 0.01550079975277185440
0.95999997854232788100 0.01622949913144111630
0.97000002861022949200 0.01697332970798015590
0.98000001907348632800 0.01767962984740734100
0.99000000953674316400 0.01840301975607872010
1.00000000000000000000 0.01916662976145744320
