-1.00000000000000000000 -0.00618093414232134819
-0.99000000953674316400 -0.00619179522618651390
-0.98000001907348632800 -0.00620923889800906182
-0.97000002861022949200 -0.00620293617248535156
-0.95999997854232788100 -0.00617479998618364334
-0.94999998807907104500 -0.00619620503857731819
-0.93999999761581420900 -0.00619406020268797875
-0.93000000715255737300 -0.00616711098700761795
-0.92000001668930053700 -0.00617610104382038117
-0.91000002622604370100 -0.00618259422481060028
-0.89999997615814209000 -0.00618960522115230560
-0.88999998569488525400 -0.00620113220065832138
-0.87999999523162841800 -0.00620923098176717758
-0.87000000476837158200 -0.00618567783385515213
-0.86000001430511474600 -0.00617130519822239876
-0.85000002384185791000 -0.00617984402924776077
-0.83999997377395629900 -0.00616718688979744911
-0.82999998331069946300 -0.00615792814642190933
-0.81999999284744262700 -0.00616572611033916474
-0.81000000238418579100 -0.00617894716560840607
-0.80000001192092895500 -0.00618833396583795548
-0.79000002145767211900 -0.00620196200907230377
-0.77999997138977050800 -0.00620290590450167656
-0.76999998092651367200 -0.00618052296340465546
-0.75999999046325683600 -0.00618223799392580986
-0.75000000000000000000 -0.00619229907169938088
-0.74000000953674316400 -0.00616756919771432877
-0.73000001907348632800 -0.00616240501403808594
-0.72000002861022949200 -0.00617847591638565064
-0.70999997854232788100 -0.00617962097749114037
-0.69999998807907104500 -0.00619163410738110542
-0.68999999761581420900 -0.00620213616639375687
-0.68000000715255737300 -0.00618198001757264137
-0.67000001668930053700 -0.00616051116958260536
-0.66000002622604370100 -0.00617757905274629593
-0.64999997615814209000 -0.00616039708256721497
-0.63999998569488525400 -0.00613745907321572304
-0.62999999523162841800 -0.00614727195352315903
-0.62000000476837158200 -0.00614346517249941826
-0.61000001430511474600 -0.00615236908197402954
-0.60000002384185791000 -0.00616106577217578888
-0.58999997377395629900 -0.00616047298535704613
-0.57999998331069946300 -0.00614203000441193581
-0.56999999284744262700 -0.00613916479051113129
-0.56000000238418579100 -0.00614887522533535958
-0.55000001192092895500 -0.00613281177356839180
-0.54000002145767211900 -0.00612711301073431969
-0.52999997138977050800 -0.00614219391718506813
-0.51999998092651367200 -0.00615198398008942604
-0.50999999046325683600 -0.00617047911509871483
-0.50000000000000000000 -0.00618442799896001816
-0.49000000953674316400 -0.00616856012493371964
-0.47999998927116394000 -0.00615976983681321144
-0.46999999880790710400 -0.00616803392767906189
-0.46000000834465026800 -0.00616320082917809487
-0.44999998807907104500 -0.00614781212061643601
-0.43999999761581420900 -0.00615144101902842522
-0.43000000715255737300 -0.00616073980927467346
-0.41999998688697814900 -0.00617419416084885597
-0.40999999642372131300 -0.00618142494931817055
-0.40000000596046447700 -0.00618824502453207970
-0.38999998569488525400 -0.00617938721552491188
-0.37999999523162841800 -0.00615422101691365242
-0.37000000476837158200 -0.00616946211084723473
-0.36000001430511474600 -0.00616114307194948197
-0.34999999403953552200 -0.00613473402336239815
-0.34000000357627868600 -0.00614195317029953003
-0.33000001311302185100 -0.00614671502262353897
-0.31999999284744262700 -0.00615828717127442360
-0.31000000238418579100 -0.00617263885214924812
-0.30000001192092895500 -0.00617011496797204018
-0.28999999165534973100 -0.00614725612103939057
-0.28000000119209289500 -0.00615948997437953949
-0.27000001072883606000 -0.00615898193791508675
-0.25999999046325683600 -0.00613961415365338326
-0.25000000000000000000 -0.00613978412002325058
-0.23999999463558197000 -0.00614662980660796166
-0.23000000417232513400 -0.00616040499880909920
-0.21999999880790710400 -0.00617024581879377365
-0.20999999344348907500 -0.00618009502068161965
-0.20000000298023223900 -0.00616469187662005425
-0.18999999761581420900 -0.00614710384979844094
-0.18000000715255737300 -0.00615426711738109589
-0.17000000178813934300 -0.00614754902198910713
-0.15999999642372131300 -0.00612663105130195618
-0.15000000596046447800 -0.00612842803820967674
-0.14000000059604644800 -0.00613653101027011872
-0.12999999523162841800 -0.00614037690684199333
-0.11999999731779098500 -0.00614434201270341873
-0.10999999940395355200 -0.00614473177120089531
-0.10000000149011611900 -0.00612646108493208885
-0.09000000357627868650 -0.00610845908522605896
-0.07999999821186065670 -0.00611818302422761917
-0.07000000029802322390 -0.00610383180901408196
-0.05999999865889549260 -0.00608747685328125954
-0.05000000074505805970 -0.00610134517773985863
-0.03999999910593032840 -0.00611117808148264885
-0.02999999932944774630 -0.00611809501424431801
-0.01999999955296516420 -0.00613522203639149666
-0.00999999977648258210 -0.00612417794764041901
0.00000000000000000000 -0.00610422994941473007
0.00999999977648258210 -0.00611706217750906944
0.01999999955296516420 -0.00612671487033367157
0.02999999932944774630 -0.00610788585618138314
0.03999999910593032840 -0.00610281107947230339
0.05000000074505805970 -0.00611424911767244339
0.05999999865889549260 -0.00612358888611197472
0.07000000029802322390 -0.00613413285464048386
0.07999999821186065670 -0.00615299586206674576
0.09000000357627868650 -0.00613658083602786064
0.10000000149011611900 -0.00611436692997813225
0.10999999940395355200 -0.00612278422340750694
0.11999999731779098500 -0.00611399020999670029
0.12999999523162841800 -0.00609447108581662178
0.14000000059604644800 -0.00609524082392454148
0.15000000596046447800 -0.00609895214438438416
0.15999999642372131300 -0.00611032592132687569
0.17000000178813934300 -0.00611506588757038117
0.18000000715255737300 -0.00610804185271263123
0.18999999761581420900 -0.00609687203541398049
0.20000000298023223900 -0.00607889099046587944
0.20999999344348907500 -0.00608075782656669617
0.21999999880790710400 -0.00607127277180552483
0.23000000417232513400 -0.00605891598388552666
0.23999999463558197000 -0.00605860305950045586
0.25000000000000000000 -0.00607155216857790947
0.25999999046325683600 -0.00607665302231907845
0.27000001072883606000 -0.00608723098412156105
0.28000000119209289500 -0.00606887508183717728
0.28999999165534973100 -0.00603946903720498085
0.30000001192092895500 -0.00604723719879984856
0.31000000238418579100 -0.00603343499824404717
0.31999999284744262700 -0.00600755820050835610
0.33000001311302185100 -0.00600835308432579041
0.34000000357627868600 -0.00599789107218384743
0.34999999403953552200 -0.00599986501038074494
0.36000001430511474600 -0.00599777698516845703
0.37000000476837158200 -0.00598381506279110909
0.37999999523162841800 -0.00595617899671196938
0.38999998569488525400 -0.00593374297022819519
0.40000000596046447700 -0.00591951888054609299
0.40999999642372131300 -0.00588883599266409874
0.41999998688697814900 -0.00585966091603040695
0.43000000715255737300 -0.00583619484677910805
0.43999999761581420900 -0.00582299102097749710
0.44999998807907104500 -0.00580767588689923287
0.46000000834465026800 -0.00579248089343309403
0.46999999880790710400 -0.00574791012331843376
0.47999998927116394000 -0.00569498678669333458
0.49000000953674316400 -0.00566245801746845246
0.50000000000000000000 -0.00560547877103090286
0.50999999046325683600 -0.00553807802498340607
0.51999998092651367200 -0.00546886818483471871
0.52999997138977050800 -0.00539659895002841950
0.54000002145767211900 -0.00531226117163896561
0.55000001192092895500 -0.00520000280812382698
0.56000000238418579100 -0.00506271282210946083
0.56999999284744262700 -0.00488718412816524506
0.57999998331069946300 -0.00467396108433604241
0.58999997377395629900 -0.00445170002058148384
0.60000002384185791000 -0.00417917920276522637
0.61000001430511474600 -0.00386408390477299690
0.62000000476837158200 -0.00353481411002576351
0.62999999523162841800 -0.00316520594060420990
0.63999998569488525400 -0.00276664388366043568
0.64999997615814209000 -0.00233843596652150154
0.66000002622604370100 -0.00187318597454577684
0.67000001668930053700 -0.00137966300826519728
0.68000000715255737300 -0.00085051369387656450
0.68999999761581420900 -0.00035437429323792458
0.69999998807907104500 0.00013609019515570253
0.70999997854232788100 0.00070629600668326020
0.72000002861022949200 0.00130443996749818325
0.73000001907348632800 0.00189080997370183468
0.74000000953674316400 0.00248616002500057221
0.75000000000000000000 0.00309113203547894955
0.75999999046325683600 0.00371116609312593937
0.76999998092651367200 0.00433383183553814888
0.77999997138977050800 0.00494605395942926407
0.79000002145767211900 0.00558749912306666374
0.80000001192092895500 0.00623095687478780747
0.81000000238418579100 0.00688728084787726402
0.81999999284744262700 0.00754659809172153473
0.82999998331069946300 0.00821261573582887650
0.83999997377395629900 0.00887816864997148514
0.85000002384185791000 0.00955277495086193085
0.86000001430511474600 0.01024764962494373320
0.87000000476837158200 0.01044281013309955600
0.87999999523162841800 0.01108685974031686780
0.88999998569488525400 0.01175232976675033570
0.89999997615814209000 0.01244680024683475490
0.91000002622604370100 0.01310610026121139530
0.92000001668930053700 0.01379476021975278850
0.93000000715255737300 0.01450511999428272250
0.93999999761581420900 0.01519486960023641590
0.94999998807907104500 0.01592013984918594360
0.95999997854232788100 0.01661827974021434780
0.97000002861022949200 0.01733746938407421110
0.98000001907348632800 0.01808319054543972020
0.99000000953674316400 0.01878480054438114170
1.00000000000000000000 0.01957855932414531710
