-1.00000000000000000000 -0.00618880102410912514
-0.99000000953674316400 -0.00618572905659675598
-0.98000001907348632800 -0.00616659503430128098
-0.97000002861022949200 -0.00617189798504114151
-0.95999997854232788100 -0.00618403498083353043
-0.94999998807907104500 -0.00619697710499167442
-0.93999999761581420900 -0.00621011992916464806
-0.93000000715255737300 -0.00621425500139594078
-0.92000001668930053700 -0.00619675079360604286
-0.91000002622604370100 -0.00617803586646914482
-0.89999997615814209000 -0.00619015097618103028
-0.88999998569488525400 -0.00617717299610376358
-0.87999999523162841800 -0.00615361891686916352
-0.87000000476837158200 -0.00616181595250964165
-0.86000001430511474600 -0.00616960320621728897
-0.85000002384185791000 -0.00617319904267787934
-0.83999997377395629900 -0.00617605401203036308
-0.82999998331069946300 -0.00618233717978000641
-0.81999999284744262700 -0.00615799892693758011
-0.81000000238418579100 -0.00615398306399583817
-0.80000001192092895500 -0.00616284180432558060
-0.79000002145767211900 -0.00614990014582872391
-0.77999997138977050800 -0.00614337204024195671
-0.76999998092651367200 -0.00615690322592854500
-0.75999999046325683600 -0.00616253213956952095
-0.75000000000000000000 -0.00617966800928115845
-0.74000000953674316400 -0.00620212312787771225
-0.73000001907348632800 -0.00618441589176654816
-0.72000002861022949200 -0.00616980204358696938
-0.70999997854232788100 -0.00617916695773601532
-0.69999998807907104500 -0.00616959389299154282
-0.68999999761581420900 -0.00615798681974411011
-0.68000000715255737300 -0.00616017682477831841
-0.67000001668930053700 -0.00616661878302693367
-0.66000002622604370100 -0.00618181889876723290
-0.64999997615814209000 -0.00619402807205915451
-0.63999998569488525400 -0.00619779806584119797
-0.62999999523162841800 -0.00619085505604743958
-0.62000000476837158200 -0.00616711983457207680
-0.61000001430511474600 -0.00617463886737823486
-0.60000002384185791000 -0.00616421923041343689
-0.58999997377395629900 -0.00614960817620158196
-0.57999998331069946300 -0.00615605479106307030
-0.56999999284744262700 -0.00615887297317385674
-0.56000000238418579100 -0.00617094198241829872
-0.55000001192092895500 -0.00617826916277408600
-0.54000002145767211900 -0.00617994321510195732
-0.52999997138977050800 -0.00616209581494331360
-0.51999998092651367200 -0.00615661917254328728
-0.50999999046325683600 -0.00615940103307366371
-0.50000000000000000000 -0.00614719279110431671
-0.49000000953674316400 -0.00614026281982660294
-0.47999998927116394000 -0.00615573814138770104
-0.46999999880790710400 -0.00616551516577601433
-0.46000000834465026800 -0.00617225794121623039
-0.44999998807907104500 -0.00618941010907292366
-0.43999999761581420900 -0.00617646099999547005
-0.43000000715255737300 -0.00615862198173999787
-0.41999998688697814900 -0.00617185188457369805
-0.40999999642372131300 -0.00616186717525124550
-0.40000000596046447700 -0.00614080484956502915
-0.38999998569488525400 -0.00614599511027336121
-0.37999999523162841800 -0.00615414511412382126
-0.37000000476837158200 -0.00616466300562024117
-0.36000001430511474600 -0.00617295689880847931
-0.34999999403953552200 -0.00617225421592593193
-0.34000000357627868600 -0.00616045715287327767
-0.33000001311302185100 -0.00614087702706456185
-0.31999999284744262700 -0.00614508008584380150
-0.31000000238418579100 -0.00612922897562384606
-0.30000001192092895500 -0.00611488381400704384
-0.28999999165534973100 -0.00611534621566534043
-0.28000000119209289500 -0.00612464081496000290
-0.27000001072883606000 -0.00613494589924812317
-0.25999999046325683600 -0.00614272104576230049
-0.25000000000000000000 -0.00614009797573089600
-0.23999999463558197000 -0.00611776486039161682
-0.23000000417232513400 -0.00612337794154882431
-0.21999999880790710400 -0.00612316979095339775
-0.20999999344348907500 -0.00610878877341747284
-0.20000000298023223900 -0.00610824720934033394
-0.18999999761581420900 -0.00611978583037853241
-0.18000000715255737300 -0.00613390514627099037
-0.17000000178813934300 -0.00614893110468983650
-0.15999999642372131300 -0.00616540899500250817
-0.15000000596046447800 -0.00614495715126395226
-0.14000000059604644800 -0.00612944876775145531
-0.12999999523162841800 -0.00614126212894916535
-0.11999999731779098500 -0.00613588280975818634
-0.10999999940395355200 -0.00612180586904287338
-0.10000000149011611900 -0.00612859707325696945
-0.09000000357627868650 -0.00613435683771967888
-0.07999999821186065670 -0.00614989595487713814
-0.07000000029802322390 -0.00616023596376180649
-0.05999999865889549260 -0.00615598680451512337
-0.05000000074505805970 -0.00614368496462702751
-0.03999999910593032840 -0.00613060407340526581
-0.02999999932944774630 -0.00612970720976591110
-0.01999999955296516420 -0.00612125219777226448
-0.00999999977648258210 -0.00610588677227497101
0.00000000000000000000 -0.00611327402293682099
0.00999999977648258210 -0.00611589290201663971
0.01999999955296516420 -0.00613410398364067078
0.02999999932944774630 -0.00613347999751567841
0.03999999910593032840 -0.00614556716755032540
0.05000000074505805970 -0.00613314099609851837
0.05999999865889549260 -0.00611039390787482262
0.07000000029802322390 -0.00612469110637903214
0.07999999821186065670 -0.00611492199823260308
0.09000000357627868650 -0.00610005017369985581
0.10000000149011611900 -0.00611039903014898300
0.10999999940395355200 -0.00612175092101097107
0.11999999731779098500 -0.00612316606566309929
0.12999999523162841800 -0.00613726302981376648
0.14000000059604644800 -0.00613463297486305237
0.15000000596046447800 -0.00610933918505907059
0.15999999642372131300 -0.00611082278192043305
0.17000000178813934300 -0.00610884791240096092
0.18000000715255737300 -0.00608422281220555306
0.18999999761581420900 -0.00608097109943628311
0.20000000298023223900 -0.00608828198164701462
0.20999999344348907500 -0.00609366595745086670
0.21999999880790710400 -0.00609379308298230171
0.23000000417232513400 -0.00609605479985475540
0.23999999463558197000 -0.00607350980862975121
0.25000000000000000000 -0.00604487117379903794
0.25999999046325683600 -0.00605164282023906708
0.27000001072883606000 -0.00604121387004852295
0.28000000119209289500 -0.00601668283343315125
0.28999999165534973100 -0.00601809378713369370
0.30000001192092895500 -0.00602470710873603821
0.31000000238418579100 -0.00603211903944611550
0.31999999284744262700 -0.00603281008079648018
0.33000001311302185100 -0.00603379402309656143
0.34000000357627868600 -0.00601380597800016403
0.34999999403953552200 -0.00599365122616291046
0.36000001430511474600 -0.00599719397723674774
0.37000000476837158200 -0.00597253022715449333
0.37999999523162841800 -0.00595728913322091103
0.38999998569488525400 -0.00595841510221362114
0.40000000596046447700 -0.00595928914844989777
0.40999999642372131300 -0.00594467902556061745
0.41999998688697814900 -0.00595035078004002571
0.43000000715255737300 -0.00591935496777296066
0.43999999761581420900 -0.00587993813678622246
0.44999998807907104500 -0.00587157579138875008
0.46000000834465026800 -0.00583944283425807953
0.46999999880790710400 -0.00579055584967136383
0.47999998927116394000 -0.00576255517080426216
0.49000000953674316400 -0.00572767388075590134
0.50000000000000000000 -0.00568764004856348038
0.50999999046325683600 -0.00563473813235759735
0.51999998092651367200 -0.00557005079463124275
0.52999997138977050800 -0.00547862611711025238
0.54000002145767211900 -0.00536612700670957565
0.55000001192092895500 -0.00525265699252486229
0.56000000238418579100 -0.00510197598487138748
0.56999999284744262700 -0.00492596812546253204
0.57999998331069946300 -0.00472803600132465363
0.58999997377395629900 -0.00450104614719748497
0.60000002384185791000 -0.00423681316897273064
0.61000001430511474600 -0.00393232982605695725
0.62000000476837158200 -0.00358383194543421269
0.62999999523162841800 -0.00319143198430538178
0.63999998569488525400 -0.00277608400210738182
0.64999997615814209000 -0.00232641701586544514
0.66000002622604370100 -0.00184421101585030556
0.67000001668930053700 -0.00133857002947479487
0.68000000715255737300 -0.00079702842049300671
0.68999999761581420900 -0.00027858201065100729
0.69999998807907104500 0.00023395339667331427
0.70999997854232788100 0.00082349061267450452
0.72000002861022949200 0.00146156898699700832
0.73000001907348632800 0.00207947590388357639
0.74000000953674316400 0.00270944903604686260
0.75000000000000000000 0.00335023296065628529
0.75999999046325683600 0.00395860290154814720
0.76999998092651367200 0.00465198419988155365
0.77999997138977050800 0.00531490985304117203
0.79000002145767211900 0.00587324984371662140
0.80000001192092895500 0.00628379313275218010
0.81000000238418579100 0.00661601079627871514
0.81999999284744262700 0.00757906306535005570
0.82999998331069946300 0.00844042282551527024
0.83999997377395629900 0.00899513904005289078
0.85000002384185791000 0.00858001876622438431
0.86000001430511474600 0.00943708326667547226
0.87000000476837158200 0.01010554004460573200
0.87999999523162841800 0.01104097999632358550
0.88999998569488525400 0.01180225983262062070
0.89999997615814209000 0.01202915981411933900
0.91000002622604370100 0.01301444973796606060
0.92000001668930053700 0.01428736001253128050
0.93000000715255737300 0.01485550031065940860
0.93999999761581420900 0.01560876984149217610
0.94999998807907104500 0.01649110950529575350
0.95999997854232788100 0.01678781956434249880
0.97000002861022949200 0.01706456020474433900
0.98000001907348632800 0.01772053912281990050
0.99000000953674316400 0.01900335960090160370
1.00000000000000000000 0.02041606977581977840
