-1.00000000000000000000 -0.00641101319342851639
-0.99000000953674316400 -0.00640214607119560242
-0.98000001907348632800 -0.00639196718111634255
-0.97000002861022949200 -0.00639993511140346527
-0.95999997854232788100 -0.00642865197733044625
-0.94999998807907104500 -0.00641678180545568466
-0.93999999761581420900 -0.00643114699050784111
-0.93000000715255737300 -0.00642494997009634972
-0.92000001668930053700 -0.00639127613976597786
-0.91000002622604370100 -0.00640681013464927674
-0.89999997615814209000 -0.00640899222344160080
-0.88999998569488525400 -0.00637481408193707466
-0.87999999523162841800 -0.00638201087713241577
-0.87000000476837158200 -0.00639473600313067436
-0.86000001430511474600 -0.00639308895915746689
-0.85000002384185791000 -0.00641017407178878784
-0.83999997377395629900 -0.00641864677891135216
-0.82999998331069946300 -0.00639175111427903176
-0.81999999284744262700 -0.00638723513111472130
-0.81000000238418579100 -0.00640311976894736290
-0.80000001192092895500 -0.00637998199090361595
-0.79000002145767211900 -0.00638072285801172257
-0.77999997138977050800 -0.00639584707096219063
-0.76999998092651367200 -0.00639802496880292893
-0.75999999046325683600 -0.00641707377508282662
-0.75000000000000000000 -0.00642911391332745552
-0.74000000953674316400 -0.00641878601163625717
-0.73000001907348632800 -0.00640378100797533989
-0.72000002861022949200 -0.00641199620440602303
-0.70999997854232788100 -0.00639873091131448746
-0.69999998807907104500 -0.00637954985722899437
-0.68999999761581420900 -0.00638511590659618378
-0.68000000715255737300 -0.00638713315129280091
-0.67000001668930053700 -0.00639832112938165665
-0.66000002622604370100 -0.00640654284507036209
-0.64999997615814209000 -0.00640590721741318703
-0.63999998569488525400 -0.00639354577288031578
-0.62999999523162841800 -0.00636989576742053032
-0.62000000476837158200 -0.00636507477611303330
-0.61000001430511474600 -0.00636118184775114060
-0.60000002384185791000 -0.00634123384952545166
-0.58999997377395629900 -0.00633513322100043297
-0.57999998331069946300 -0.00634577916935086250
-0.56999999284744262700 -0.00635502999648451805
-0.56000000238418579100 -0.00635931408032774925
-0.55000001192092895500 -0.00637286994606256485
-0.54000002145767211900 -0.00636092387139797211
-0.52999997138977050800 -0.00633611204102635384
-0.51999998092651367200 -0.00636086007580161095
-0.50999999046325683600 -0.00635839020833373070
-0.50000000000000000000 -0.00632951594889163971
-0.49000000953674316400 -0.00634934194386005402
-0.47999998927116394000 -0.00635409401729702950
-0.46999999880790710400 -0.00636038603261113167
-0.46000000834465026800 -0.00637449184432625771
-0.44999998807907104500 -0.00637652585282921791
-0.43999999761581420900 -0.00635565677657723427
-0.43000000715255737300 -0.00635036313906311989
-0.41999998688697814900 -0.00635473802685737610
-0.40999999642372131300 -0.00633378187194466591
-0.40000000596046447700 -0.00632924120873212815
-0.38999998569488525400 -0.00633486220613121987
-0.37999999523162841800 -0.00633955979719758034
-0.37000000476837158200 -0.00635340018197894097
-0.36000001430511474600 -0.00635935179889202118
-0.34999999403953552200 -0.00635137921199202538
-0.34000000357627868600 -0.00633773906156420708
-0.33000001311302185100 -0.00633443798869848252
-0.31999999284744262700 -0.00632988382130861283
-0.31000000238418579100 -0.00631235912442207337
-0.30000001192092895500 -0.00630694581195712090
-0.28999999165534973100 -0.00631285505369305611
-0.28000000119209289500 -0.00632556900382041931
-0.27000001072883606000 -0.00633393507450819016
-0.25999999046325683600 -0.00634483387693762779
-0.25000000000000000000 -0.00634320778772234917
-0.23999999463558197000 -0.00631531700491905213
-0.23000000417232513400 -0.00633053295314311981
-0.21999999880790710400 -0.00633116392418742180
-0.20999999344348907500 -0.00630406104028224945
-0.20000000298023223900 -0.00631239684298634529
-0.18999999761581420900 -0.00632730918005108834
-0.18000000715255737300 -0.00632885983213782311
-0.17000000178813934300 -0.00633432902395725250
-0.15999999642372131300 -0.00635634409263730049
-0.15000000596046447800 -0.00632972409948706627
-0.14000000059604644800 -0.00631023710593581200
-0.12999999523162841800 -0.00632693711668252945
-0.11999999731779098500 -0.00630861101672053337
-0.10999999940395355200 -0.00628851400688290596
-0.10000000149011611900 -0.00629878276959061623
-0.09000000357627868650 -0.00629585096612572670
-0.07999999821186065670 -0.00630166288465261460
-0.07000000029802322390 -0.00631165597587823868
-0.05999999865889549260 -0.00629477901384234429
-0.05000000074505805970 -0.00627883011475205422
-0.03999999910593032840 -0.00627551693469285965
-0.02999999932944774630 -0.00625864416360855103
-0.01999999955296516420 -0.00624786689877510071
-0.00999999977648258210 -0.00624490203335881233
0.00000000000000000000 -0.00624033110216259957
0.00999999977648258210 -0.00624682893976569176
0.01999999955296516420 -0.00626867078244686127
0.02999999932944774630 -0.00626516807824373245
0.03999999910593032840 -0.00627377210184931755
0.05000000074505805970 -0.00626960396766662598
0.05999999865889549260 -0.00624770997092127800
0.07000000029802322390 -0.00625342503190040589
0.07999999821186065670 -0.00625302689149975777
0.09000000357627868650 -0.00623027794063091278
0.10000000149011611900 -0.00623635295778512955
0.10999999940395355200 -0.00625714892521500588
0.11999999731779098500 -0.00624976493418216706
0.12999999523162841800 -0.00626013102009892464
0.14000000059604644800 -0.00626254500821232796
0.15000000596046447800 -0.00623106211423873902
0.15999999642372131300 -0.00623272685334086418
0.17000000178813934300 -0.00624242797493934632
0.18000000715255737300 -0.00620843190699815750
0.18999999761581420900 -0.00620072195306420326
0.20000000298023223900 -0.00621594814583659172
0.20999999344348907500 -0.00621162308380007744
0.21999999880790710400 -0.00621862523257732392
0.23000000417232513400 -0.00622832495719194412
0.23999999463558197000 -0.00619999784976243973
0.25000000000000000000 -0.00617593992501497269
0.25999999046325683600 -0.00618980592116713524
0.27000001072883606000 -0.00616575684398412705
0.28000000119209289500 -0.00614530779421329498
0.28999999165534973100 -0.00614894693717360497
0.30000001192092895500 -0.00613832287490367890
0.31000000238418579100 -0.00614609709009528160
0.31999999284744262700 -0.00614590989425778389
0.33000001311302185100 -0.00612811418250203133
0.34000000357627868600 -0.00610478501766920090
0.34999999403953552200 -0.00607354287058115006
0.36000001430511474600 -0.00604295684024691582
0.37000000476837158200 -0.00601132493466138840
0.37999999523162841800 -0.00596604915335774422
0.38999998569488525400 -0.00591265689581632614
0.40000000596046447700 -0.00586662022396922112
0.40999999642372131300 -0.00580863002687692642
0.41999998688697814900 -0.00572622381150722504
0.43000000715255737300 -0.00563799589872360230
0.43999999761581420900 -0.00552719505503773689
0.44999998807907104500 -0.00539644993841648102
0.46000000834465026800 -0.00527178309857845307
0.46999999880790710400 -0.00512265413999557495
0.47999998927116394000 -0.00495783193036913872
0.49000000953674316400 -0.00479922909289598465
0.50000000000000000000 -0.00462934700772166252
0.50999999046325683600 -0.00444310391321778298
0.51999998092651367200 -0.00425512809306383133
0.52999997138977050800 -0.00405240012332797051
0.54000002145767211900 -0.00383033999241888523
0.55000001192092895500 -0.00362139591015875340
0.56000000238418579100 -0.00339815299957990646
0.56999999284744262700 -0.00316065410152077675
0.57999998331069946300 -0.00293175503611564636
0.58999997377395629900 -0.00269780005328357220
0.60000002384185791000 -0.00245581404305994511
0.61000001430511474600 -0.00221555889584124088
0.62000000476837158200 -0.00196921988390386105
0.62999999523162841800 -0.00171075400430709124
0.63999998569488525400 -0.00145390501711517572
0.64999997615814209000 -0.00119725998956710100
0.66000002622604370100 -0.00089686061255633831
0.67000001668930053700 -0.00064361898694187403
0.68000000715255737300 -0.00038924539694562554
0.68999999761581420900 -0.00013318979472387582
0.69999998807907104500 0.00011800930224126205
0.70999997854232788100 0.00038291618693619967
0.72000002861022949200 0.00064360297983512282
0.73000001907348632800 0.00090273172827437520
0.74000000953674316400 0.00121818098705261946
0.75000000000000000000 0.00149852002505213022
0.75999999046325683600 0.00177782296668738127
0.76999998092651367200 0.00205470109358429909
0.77999997138977050800 0.00233483198098838329
0.79000002145767211900 0.00261666602455079556
0.80000001192092895500 0.00289729097858071327
0.81000000238418579100 0.00318261608481407166
0.81999999284744262700 0.00346841011196374893
0.82999998331069946300 0.00375177408568561077
0.83999997377395629900 0.00403865892440080643
0.85000002384185791000 0.00432568602263927460
0.86000001430511474600 0.00461293803527951241
0.87000000476837158200 0.00490125501528382302
0.87999999523162841800 0.00518942903727293015
0.88999998569488525400 0.00547891901805996895
0.89999997615814209000 0.00576987210661172867
0.91000002622604370100 0.00606048619374632836
0.92000001668930053700 0.00635241717100143433
0.93000000715255737300 0.00664411019533872605
0.93999999761581420900 0.00693732406944036484
0.94999998807907104500 0.00723100081086158753
0.95999997854232788100 0.00752435903996229172
0.97000002861022949200 0.00781941041350364685
0.98000001907348632800 0.00811559893190860749
0.99000000953674316400 0.00841065868735313416
1.00000000000000000000 0.00870720483362674713
