-1.00000000000000000000 -0.00619599223136901856
-0.99000000953674316400 -0.00620596017688512802
-0.98000001907348632800 -0.00620318111032247544
-0.97000002861022949200 -0.00617586681619286537
-0.95999997854232788100 -0.00619049696251749993
-0.94999998807907104500 -0.00618261005729436875
-0.93999999761581420900 -0.00615805294364690781
-0.93000000715255737300 -0.00616805115714669228
-0.92000001668930053700 -0.00618107803165912628
-0.91000002622604370100 -0.00617585796862840653
-0.89999997615814209000 -0.00618926994502544403
-0.88999998569488525400 -0.00619287788867950440
-0.87999999523162841800 -0.00615873606875538826
-0.87000000476837158200 -0.00616039196029305458
-0.86000001430511474600 -0.00616779178380966187
-0.85000002384185791000 -0.00614503212273120880
-0.83999997377395629900 -0.00614900607615709305
-0.82999998331069946300 -0.00616212422028183937
-0.81999999284744262700 -0.00616885209456086159
-0.81000000238418579100 -0.00618988787755370140
-0.80000001192092895500 -0.00620813295245170593
-0.79000002145767211900 -0.00619181990623474121
-0.77999997138977050800 -0.00618357304483652115
-0.76999998092651367200 -0.00619545904919505120
-0.75999999046325683600 -0.00618696492165327072
-0.75000000000000000000 -0.00617420207709074021
-0.74000000953674316400 -0.00616994500160217285
-0.73000001907348632800 -0.00617829011753201485
-0.72000002861022949200 -0.00619538594037294388
-0.70999997854232788100 -0.00620262185111641884
-0.69999998807907104500 -0.00620481185615062714
-0.68999999761581420900 -0.00620709499344229698
-0.68000000715255737300 -0.00617942120879888535
-0.67000001668930053700 -0.00618931185454130173
-0.66000002622604370100 -0.00619428092613816262
-0.64999997615814209000 -0.00616365019232034683
-0.63999998569488525400 -0.00616236589848995209
-0.62999999523162841800 -0.00617565913125872612
-0.62000000476837158200 -0.00618778308853507042
-0.61000001430511474600 -0.00618430087342858315
-0.60000002384185791000 -0.00621043285354971886
-0.58999997377395629900 -0.00618739286437630654
-0.57999998331069946300 -0.00615875702351331711
-0.56999999284744262700 -0.00618275906890630722
-0.56000000238418579100 -0.00616708490997552872
-0.55000001192092895500 -0.00614515412598848343
-0.54000002145767211900 -0.00616417918354272843
-0.52999997138977050800 -0.00616551702842116356
-0.51999998092651367200 -0.00617326097562909126
-0.50999999046325683600 -0.00619989400729537010
-0.50000000000000000000 -0.00619228184223175049
-0.49000000953674316400 -0.00617734109982848168
-0.47999998927116394000 -0.00617621792480349541
-0.46999999880790710400 -0.00617736577987670899
-0.46000000834465026800 -0.00616419222205877304
-0.44999998807907104500 -0.00615945085883140564
-0.43999999761581420900 -0.00615399982780218125
-0.43000000715255737300 -0.00617051217705011368
-0.41999998688697814900 -0.00619312422350049019
-0.40999999642372131300 -0.00617776019498705864
-0.40000000596046447700 -0.00618458399549126625
-0.38999998569488525400 -0.00617616297677159310
-0.37999999523162841800 -0.00615702895447611809
-0.37000000476837158200 -0.00615762220695614815
-0.36000001430511474600 -0.00614452688023447991
-0.34999999403953552200 -0.00612630415707826615
-0.34000000357627868600 -0.00613680901005864144
-0.33000001311302185100 -0.00615278398618102074
-0.31999999284744262700 -0.00614293105900287628
-0.31000000238418579100 -0.00615999707952141762
-0.30000001192092895500 -0.00615758821368217468
-0.28999999165534973100 -0.00612398516386747360
-0.28000000119209289500 -0.00614278996363282204
-0.27000001072883606000 -0.00614737905561923981
-0.25999999046325683600 -0.00611341279000043869
-0.25000000000000000000 -0.00612648995593190193
-0.23999999463558197000 -0.00614662514999508858
-0.23000000417232513400 -0.00614418881013989449
-0.21999999880790710400 -0.00616650888696312905
-0.20999999344348907500 -0.00617782399058341980
-0.20000000298023223900 -0.00615481706336140633
-0.18999999761581420900 -0.00614296784624457360
-0.18000000715255737300 -0.00615953980013728142
-0.17000000178813934300 -0.00614232802763581276
-0.15999999642372131300 -0.00613067485392093659
-0.15000000596046447800 -0.00613959692418575287
-0.14000000059604644800 -0.00613934593275189400
-0.12999999523162841800 -0.00615860801190137863
-0.11999999731779098500 -0.00616194680333137512
-0.10999999940395355200 -0.00616233982145786286
-0.10000000149011611900 -0.00614797091111540795
-0.09000000357627868650 -0.00613594520837068558
-0.07999999821186065670 -0.00613367510959506035
-0.07000000029802322390 -0.00613518618047237396
-0.05999999865889549260 -0.00611966196447610855
-0.05000000074505805970 -0.00611418019980192185
-0.03999999910593032840 -0.00614120718091726303
-0.02999999932944774630 -0.00613661482930183411
-0.01999999955296516420 -0.00614171521738171578
-0.00999999977648258210 -0.00614678999409079552
0.00000000000000000000 -0.00612006802111864090
0.00999999977648258210 -0.00610134098678827286
0.01999999955296516420 -0.00612497702240943909
0.02999999932944774630 -0.00612250389531254769
0.03999999910593032840 -0.00609033508226275444
0.05000000074505805970 -0.00610055308789014816
0.05999999865889549260 -0.00611454015597701073
0.07000000029802322390 -0.00611744122579693794
0.07999999821186065670 -0.00612911209464073181
0.09000000357627868650 -0.00613491889089345932
0.10000000149011611900 -0.00610596593469381333
0.10999999940395355200 -0.00610340805724263191
0.11999999731779098500 -0.00610827887430787087
0.12999999523162841800 -0.00608523795381188393
0.14000000059604644800 -0.00608140090480446816
0.15000000596046447800 -0.00608175713568925858
0.15999999642372131300 -0.00608640816062688828
0.17000000178813934300 -0.00610448792576789856
0.18000000715255737300 -0.00610275892540812493
0.18999999761581420900 -0.00608514389023184776
0.20000000298023223900 -0.00607034005224704743
0.20999999344348907500 -0.00606248201802372933
0.21999999880790710400 -0.00604796502739191056
0.23000000417232513400 -0.00603662477806210518
0.23999999463558197000 -0.00601711310446262360
0.25000000000000000000 -0.00602512713521718979
0.25999999046325683600 -0.00604025879874825478
0.27000001072883606000 -0.00602855905890464783
0.28000000119209289500 -0.00603796681389212608
0.28999999165534973100 -0.00603125803172588349
0.30000001192092895500 -0.00599077995866537094
0.31000000238418579100 -0.00600592093542218208
0.31999999284744262700 -0.00600214581936597824
0.33000001311302185100 -0.00595825584605336189
0.34000000357627868600 -0.00596696091815829277
0.34999999403953552200 -0.00597362499684095383
0.36000001430511474600 -0.00595894921571016312
0.37000000476837158200 -0.00596003979444503784
0.37999999523162841800 -0.00595668517053127289
0.38999998569488525400 -0.00591081101447343826
0.40000000596046447700 -0.00588262500241398812
0.40999999642372131300 -0.00588504318147897720
0.41999998688697814900 -0.00583965796977281571
0.43000000715255737300 -0.00581621797755360604
0.43999999761581420900 -0.00580146117135882378
0.44999998807907104500 -0.00577502790838479996
0.46000000834465026800 -0.00576071720570325852
0.46999999880790710400 -0.00573864392936229706
0.47999998927116394000 -0.00568355387076735497
0.49000000953674316400 -0.00563196279108524323
0.50000000000000000000 -0.00559209100902080536
0.50999999046325683600 -0.00552495801821351052
0.51999998092651367200 -0.00544484285637736321
0.52999997138977050800 -0.00537361809983849526
0.54000002145767211900 -0.00528313219547271729
0.55000001192092895500 -0.00518954312428832054
0.56000000238418579100 -0.00506674684584140778
0.56999999284744262700 -0.00491371098905801773
0.57999998331069946300 -0.00473434384912252426
0.58999997377395629900 -0.00450365897268056870
0.60000002384185791000 -0.00426260381937026978
0.61000001430511474600 -0.00398413091897964478
0.62000000476837158200 -0.00364717096090316773
0.62999999523162841800 -0.00329356803558766842
0.63999998569488525400 -0.00291348993778228760
0.64999997615814209000 -0.00248708296567201614
0.66000002622604370100 -0.00202961592003703117
0.67000001668930053700 -0.00155089399777352810
0.68000000715255737300 -0.00102570594754070044
0.68999999761581420900 -0.00047751801321282983
0.69999998807907104500 0.00003883083991240710
0.70999997854232788100 0.00059307942865416408
0.72000002861022949200 0.00121182494331151247
0.73000001907348632800 0.00183581002056598663
0.74000000953674316400 0.00246901297941803932
0.75000000000000000000 0.00311917904764413834
0.75999999046325683600 0.00378096289932727814
0.76999998092651367200 0.00444710301235318184
0.77999997138977050800 0.00512892380356788635
0.79000002145767211900 0.00581652484834194184
0.80000001192092895500 0.00650865910574793816
0.81000000238418579100 0.00721788406372070313
0.81999999284744262700 0.00793047342449426651
0.82999998331069946300 0.00864666700363159180
0.83999997377395629900 0.00938217900693416596
0.85000002384185791000 0.01010746974498033520
0.86000001430511474600 0.01032517012208700180
0.87000000476837158200 0.01103615015745162960
0.87999999523162841800 0.01176363043487071990
0.88999998569488525400 0.01247030962258577350
0.89999997615814209000 0.01319248043000698090
0.91000002622604370100 0.01393884979188442230
0.92000001668930053700 0.01465422008186578750
0.93000000715255737300 0.01538764964789152150
0.93999999761581420900 0.01614914089441299440
0.94999998807907104500 0.01688563078641891480
0.95999997854232788100 0.01764794997870922090
0.97000002861022949200 0.01843049004673957820
0.98000001907348632800 0.01917909085750579830
0.99000000953674316400 0.01994499936699867250
1.00000000000000000000 0.02072639949619770050
