-1.00000000000000000000 -0.00613948283717036247
-0.99000000953674316400 -0.00611974298954010010
-0.98000001907348632800 -0.00612285220995545387
-0.97000002861022949200 -0.00613392516970634461
-0.95999997854232788100 -0.00614513782784342766
-0.94999998807907104500 -0.00616338802501559258
-0.93999999761581420900 -0.00617214804515242577
-0.93000000715255737300 -0.00616263318806886673
-0.92000001668930053700 -0.00614931108430027962
-0.91000002622604370100 -0.00616320082917809487
-0.89999997615814209000 -0.00615444406867027283
-0.88999998569488525400 -0.00613989820703864098
-0.87999999523162841800 -0.00614826101809740067
-0.87000000476837158200 -0.00615461496636271477
-0.86000001430511474600 -0.00617155479267239571
-0.85000002384185791000 -0.00617699418216943741
-0.83999997377395629900 -0.00617804517969489098
-0.82999998331069946300 -0.00616232398897409439
-0.81999999284744262700 -0.00614792993292212486
-0.81000000238418579100 -0.00614789221435785294
-0.80000001192092895500 -0.00614191498607397080
-0.79000002145767211900 -0.00612455885857343674
-0.77999997138977050800 -0.00613082898780703545
-0.76999998092651367200 -0.00614867918193340302
-0.75999999046325683600 -0.00615255581215023995
-0.75000000000000000000 -0.00616633985191583634
-0.74000000953674316400 -0.00615971395745873451
-0.73000001907348632800 -0.00613606907427310944
-0.72000002861022949200 -0.00615037418901920319
-0.70999997854232788100 -0.00614496879279613495
-0.69999998807907104500 -0.00612391205504536629
-0.68999999761581420900 -0.00613042991608381272
-0.68000000715255737300 -0.00614085514098405838
-0.67000001668930053700 -0.00614970922470092774
-0.66000002622604370100 -0.00616510678082704544
-0.64999997615814209000 -0.00615833280608057976
-0.63999998569488525400 -0.00614818418398499489
-0.62999999523162841800 -0.00613736500963568688
-0.62000000476837158200 -0.00613993592560291290
-0.61000001430511474600 -0.00613326905295252800
-0.60000002384185791000 -0.00611759489402174950
-0.58999997377395629900 -0.00612236000597476959
-0.57999998331069946300 -0.00612663477659225464
-0.56999999284744262700 -0.00613757316023111344
-0.56000000238418579100 -0.00614220695570111275
-0.55000001192092895500 -0.00613283691927790642
-0.54000002145767211900 -0.00610969495028257370
-0.52999997138977050800 -0.00611684890463948250
-0.51999998092651367200 -0.00611058482900261879
-0.50999999046325683600 -0.00609807902947068215
-0.50000000000000000000 -0.00609926413744688034
-0.49000000953674316400 -0.00610482692718505860
-0.47999998927116394000 -0.00612509297206997872
-0.46999999880790710400 -0.00613283598795533180
-0.46000000834465026800 -0.00613865302875638008
-0.44999998807907104500 -0.00613825488835573197
-0.43999999761581420900 -0.00611945893615484238
-0.43000000715255737300 -0.00613289605826139450
-0.41999998688697814900 -0.00613220222294330597
-0.40999999642372131300 -0.00611061789095401764
-0.40000000596046447700 -0.00612113997340202332
-0.38999998569488525400 -0.00613459385931491852
-0.37999999523162841800 -0.00613922113552689552
-0.37000000476837158200 -0.00615060701966285706
-0.36000001430511474600 -0.00615383405238389969
-0.34999999403953552200 -0.00613375101238489151
-0.34000000357627868600 -0.00613338313996791840
-0.33000001311302185100 -0.00613609002903103829
-0.31999999284744262700 -0.00611320603638887406
-0.31000000238418579100 -0.00611349102109670639
-0.30000001192092895500 -0.00611625984311103821
-0.28999999165534973100 -0.00612162286415696144
-0.28000000119209289500 -0.00613510282710194588
-0.27000001072883606000 -0.00614390522241592407
-0.25999999046325683600 -0.00612820591777563095
-0.25000000000000000000 -0.00611009681597352028
-0.23999999463558197000 -0.00612172996625304222
-0.23000000417232513400 -0.00611483212560415268
-0.21999999880790710400 -0.00609800312668085098
-0.20999999344348907500 -0.00610728887841105461
-0.20000000298023223900 -0.00611290615051984787
-0.18999999761581420900 -0.00612827017903327942
-0.18000000715255737300 -0.00613603880628943444
-0.17000000178813934300 -0.00613553076982498169
-0.15999999642372131300 -0.00612208107486367226
-0.15000000596046447800 -0.00611434178426861763
-0.14000000059604644800 -0.00612174300476908684
-0.12999999523162841800 -0.00610628817230463028
-0.11999999731779098500 -0.00609404593706130982
-0.10999999940395355200 -0.00610761018469929695
-0.10000000149011611900 -0.00611749291419982910
-0.09000000357627868650 -0.00611946778371930123
-0.07999999821186065670 -0.00613173982128500939
-0.07000000029802322390 -0.00610901694744825363
-0.05999999865889549260 -0.00608552806079387665
-0.05000000074505805970 -0.00609729113057255745
-0.03999999910593032840 -0.00608124118298292160
-0.02999999932944774630 -0.00605986593291163445
-0.01999999955296516420 -0.00606597401201725006
-0.00999999977648258210 -0.00607104878872632981
0.00000000000000000000 -0.00607714522629976273
0.00999999977648258210 -0.00608836207538843155
0.01999999955296516420 -0.00609701219946146012
0.02999999932944774630 -0.00608431594446301460
0.03999999910593032840 -0.00606915494427084923
0.05000000074505805970 -0.00608473923057317734
0.05999999865889549260 -0.00607672613114118576
0.07000000029802322390 -0.00606285221874713898
0.07999999821186065670 -0.00606897706165909767
0.09000000357627868650 -0.00607558619230985642
0.10000000149011611900 -0.00609468622133135796
0.10999999940395355200 -0.00610801717266440392
0.11999999731779098500 -0.00610015122219920159
0.12999999523162841800 -0.00608501909300684929
0.14000000059604644800 -0.00608820887282490730
0.15000000596046447800 -0.00608291011303663254
0.15999999642372131300 -0.00606379192322492600
0.17000000178813934300 -0.00606166478246450424
0.18000000715255737300 -0.00606226688250899315
0.18999999761581420900 -0.00608046911656856537
0.20000000298023223900 -0.00608009705320000649
0.20999999344348907500 -0.00607560621574521065
0.21999999880790710400 -0.00606867205351591110
0.23000000417232513400 -0.00604467419907450676
0.23999999463558197000 -0.00605082884430885315
0.25000000000000000000 -0.00604111701250076294
0.25999999046325683600 -0.00601948611438274384
0.27000001072883606000 -0.00602078996598720551
0.28000000119209289500 -0.00602636113762855530
0.28999999165534973100 -0.00603121705353260040
0.30000001192092895500 -0.00604392308741807938
0.31000000238418579100 -0.00602506101131439209
0.31999999284744262700 -0.00600105477496981621
0.33000001311302185100 -0.00600646017119288445
0.34000000357627868600 -0.00599283399060368538
0.34999999403953552200 -0.00596300279721617699
0.36000001430511474600 -0.00595968915149569512
0.37000000476837158200 -0.00595659716054797173
0.37999999523162841800 -0.00595569889992475510
0.38999998569488525400 -0.00595952384173870087
0.40000000596046447700 -0.00594830280169844628
0.40999999642372131300 -0.00592445814982056618
0.41999998688697814900 -0.00589077081531286240
0.43000000715255737300 -0.00588007317855954170
0.43999999761581420900 -0.00584891112521290779
0.44999998807907104500 -0.00581591203808784485
0.46000000834465026800 -0.00579300709068775177
0.46999999880790710400 -0.00577413197606801987
0.47999998927116394000 -0.00575781194493174553
0.49000000953674316400 -0.00572451297193765640
0.50000000000000000000 -0.00568268401548266411
0.50999999046325683600 -0.00561882182955741882
0.51999998092651367200 -0.00557074695825576782
0.52999997138977050800 -0.00551290716975927353
0.54000002145767211900 -0.00542874215170741081
0.55000001192092895500 -0.00534509588032960892
0.56000000238418579100 -0.00525908311828970909
0.56999999284744262700 -0.00515016494318842888
0.57999998331069946300 -0.00501344120129942894
0.58999997377395629900 -0.00485257199034094811
0.60000002384185791000 -0.00463924417272210121
0.61000001430511474600 -0.00438998593017458916
0.62000000476837158200 -0.00412994716316461563
0.62999999523162841800 -0.00381454988382756710
0.63999998569488525400 -0.00345873902551829815
0.64999997615814209000 -0.00308424094691872597
0.66000002622604370100 -0.00268108700402081013
0.67000001668930053700 -0.00224227807484567165
0.68000000715255737300 -0.00178214104380458593
0.68999999761581420900 -0.00129056198056787252
0.69999998807907104500 -0.00075184321030974388
0.70999997854232788100 -0.00025299721164628863
0.72000002861022949200 0.00024166010553017259
0.73000001907348632800 0.00080519041512161493
0.74000000953674316400 0.00141393300145864487
0.75000000000000000000 0.00199711997993290424
0.75999999046325683600 0.00259327888488769531
0.76999998092651367200 0.00319589907303452492
0.77999997138977050800 0.00380609696730971336
0.79000002145767211900 0.00442944001406431198
0.80000001192092895500 0.00505673885345458985
0.81000000238418579100 0.00568820908665657044
0.81999999284744262700 0.00633730180561542511
0.82999998331069946300 0.00699399877339601517
0.83999997377395629900 0.00765815190970897675
0.85000002384185791000 0.00833992660045623780
0.86000001430511474600 0.00903070345520973206
0.87000000476837158200 0.00971444696187973023
0.87999999523162841800 0.01042173989117145540
0.88999998569488525400 0.01063567958772182460
0.89999997615814209000 0.01132608018815517430
0.91000002622604370100 0.01202305965125560760
0.92000001668930053700 0.01274073962122201920
0.93000000715255737300 0.01347013004124164580
0.93999999761581420900 0.01420200988650321960
0.94999998807907104500 0.01494508981704711910
0.95999997854232788100 0.01570307090878486630
0.97000002861022949200 0.01648567989468574520
0.98000001907348632800 0.01727169938385486600
0.99000000953674316400 0.01806754991412162780
1.00000000000000000000 0.01886007934808731080
