-1.00000000000000000000 -0.00638973014429211617
-0.99000000953674316400 -0.00637146783992648125
-0.98000001907348632800 -0.00638513313606381416
-0.97000002861022949200 -0.00637823995202779770
-0.95999997854232788100 -0.00639074621722102165
-0.94999998807907104500 -0.00640896614640951157
-0.93999999761581420900 -0.00640211999416351319
-0.93000000715255737300 -0.00638959789648652077
-0.92000001668930053700 -0.00639045797288417816
-0.91000002622604370100 -0.00638786610215902329
-0.89999997615814209000 -0.00638642488047480583
-0.88999998569488525400 -0.00638517178595066071
-0.87999999523162841800 -0.00637796893715858460
-0.87000000476837158200 -0.00639782100915908814
-0.86000001430511474600 -0.00641778204590082169
-0.85000002384185791000 -0.00640904717147350312
-0.83999997377395629900 -0.00641503185033798218
-0.82999998331069946300 -0.00641644699499011040
-0.81999999284744262700 -0.00639135204255580902
-0.81000000238418579100 -0.00640260381624102593
-0.80000001192092895500 -0.00639342702925205231
-0.79000002145767211900 -0.00637434795498847962
-0.77999997138977050800 -0.00638722581788897515
-0.76999998092651367200 -0.00640435284003615380
-0.75999999046325683600 -0.00640034209936857224
-0.75000000000000000000 -0.00641846004873514176
-0.74000000953674316400 -0.00641660019755363465
-0.73000001907348632800 -0.00637929979711771012
-0.72000002861022949200 -0.00639494508504867554
-0.70999997854232788100 -0.00639197509735822678
-0.69999998807907104500 -0.00635730614885687828
-0.68999999761581420900 -0.00636426219716668129
-0.68000000715255737300 -0.00637572398409247399
-0.67000001668930053700 -0.00637672515586018562
-0.66000002622604370100 -0.00639168312773108483
-0.64999997615814209000 -0.00640803808346390724
-0.63999998569488525400 -0.00638328585773706436
-0.62999999523162841800 -0.00637542782351374626
-0.62000000476837158200 -0.00639146193861961365
-0.61000001430511474600 -0.00637778779491782189
-0.60000002384185791000 -0.00636990880593657494
-0.58999997377395629900 -0.00637897802516818047
-0.57999998331069946300 -0.00638145580887794495
-0.56999999284744262700 -0.00639840122312307358
-0.56000000238418579100 -0.00641044089570641518
-0.55000001192092895500 -0.00640395097434520722
-0.54000002145767211900 -0.00639929203316569328
-0.52999997138977050800 -0.00638468377292156220
-0.51999998092651367200 -0.00638743303716182709
-0.50999999046325683600 -0.00637821992859244347
-0.50000000000000000000 -0.00636418117210268974
-0.49000000953674316400 -0.00636234693229198456
-0.47999998927116394000 -0.00637455889955163002
-0.46999999880790710400 -0.00638048211112618447
-0.46000000834465026800 -0.00637346319854259491
-0.44999998807907104500 -0.00637851189821958542
-0.43999999761581420900 -0.00635519577190279961
-0.43000000715255737300 -0.00634264387190341950
-0.41999998688697814900 -0.00634755380451679230
-0.40999999642372131300 -0.00632064091041684151
-0.40000000596046447700 -0.00631130114197731018
-0.38999998569488525400 -0.00632577482610940933
-0.37999999523162841800 -0.00633691716939210892
-0.37000000476837158200 -0.00633858982473611832
-0.36000001430511474600 -0.00636227102950215340
-0.34999999403953552200 -0.00634852377697825432
-0.34000000357627868600 -0.00632572080940008164
-0.33000001311302185100 -0.00634339777752757073
-0.31999999284744262700 -0.00633576791733503342
-0.31000000238418579100 -0.00631147902458906174
-0.30000001192092895500 -0.00632437318563461304
-0.28999999165534973100 -0.00632970314472913742
-0.28000000119209289500 -0.00633742893114686012
-0.27000001072883606000 -0.00635686097666621208
-0.25999999046325683600 -0.00635527307167649269
-0.25000000000000000000 -0.00634008087217807770
-0.23999999463558197000 -0.00632918998599052429
-0.23000000417232513400 -0.00633590389043092728
-0.21999999880790710400 -0.00632262788712978363
-0.20999999344348907500 -0.00631083501502871514
-0.20000000298023223900 -0.00630935607478022576
-0.18999999761581420900 -0.00631443085148930550
-0.18000000715255737300 -0.00633349409326910973
-0.17000000178813934300 -0.00632969383150339127
-0.15999999642372131300 -0.00632989406585693360
-0.15000000596046447800 -0.00632576318457722664
-0.14000000059604644800 -0.00629791012033820152
-0.12999999523162841800 -0.00630194321274757385
-0.11999999731779098500 -0.00630342494696378708
-0.10999999940395355200 -0.00628057122230529785
-0.10000000149011611900 -0.00628454377874732018
-0.09000000357627868650 -0.00630694581195712090
-0.07999999821186065670 -0.00630630599334836006
-0.07000000029802322390 -0.00631691701710224152
-0.05999999865889549260 -0.00632299715653061867
-0.05000000074505805970 -0.00629985006526112557
-0.03999999910593032840 -0.00630373507738113404
-0.02999999932944774630 -0.00631630700081586838
-0.01999999955296516420 -0.00628848001360893250
-0.00999999977648258210 -0.00628674682229757309
0.00000000000000000000 -0.00630194321274757385
0.00999999977648258210 -0.00630021793767809868
0.01999999955296516420 -0.00630679307505488396
0.02999999932944774630 -0.00631427392363548279
0.03999999910593032840 -0.00631977291777729988
0.05000000074505805970 -0.00629788916558027268
0.05999999865889549260 -0.00628110114485025406
0.07000000029802322390 -0.00628457777202129364
0.07999999821186065670 -0.00626739207655191422
0.09000000357627868650 -0.00625242106616497040
0.10000000149011611900 -0.00624763406813144684
0.10999999940395355200 -0.00624777795746922493
0.11999999731779098500 -0.00625628512352705002
0.12999999523162841800 -0.00624976493418216706
0.14000000059604644800 -0.00624103378504514694
0.15000000596046447800 -0.00623116781935095787
0.15999999642372131300 -0.00621595606207847595
0.17000000178813934300 -0.00621301215142011643
0.18000000715255737300 -0.00619906978681683541
0.18999999761581420900 -0.00619054678827524185
0.20000000298023223900 -0.00619639316573739052
0.20999999344348907500 -0.00621320214122533798
0.21999999880790710400 -0.00621188478544354439
0.23000000417232513400 -0.00621803989633917809
0.23999999463558197000 -0.00621163891628384590
0.25000000000000000000 -0.00617987988516688347
0.25999999046325683600 -0.00618645083159208298
0.27000001072883606000 -0.00617998186498880387
0.28000000119209289500 -0.00614580418914556504
0.28999999165534973100 -0.00613754009827971459
0.30000001192092895500 -0.00613861391320824623
0.31000000238418579100 -0.00612454209476709366
0.31999999284744262700 -0.00611113104969263077
0.33000001311302185100 -0.00611104723066091538
0.34000000357627868600 -0.00606048712506890297
0.34999999403953552200 -0.00601090677082538605
0.36000001430511474600 -0.00599093316122889519
0.37000000476837158200 -0.00592753384262323380
0.37999999523162841800 -0.00586072821170091629
0.38999998569488525400 -0.00580846099182963371
0.40000000596046447700 -0.00573576195165514946
0.40999999642372131300 -0.00565788103267550469
0.41999998688697814900 -0.00557330017909407616
0.43000000715255737300 -0.00546039221808314324
0.43999999761581420900 -0.00533621711656451225
0.44999998807907104500 -0.00520376488566398621
0.46000000834465026800 -0.00506068579852581024
0.46999999880790710400 -0.00490514980629086495
0.47999998927116394000 -0.00474524218589067459
0.49000000953674316400 -0.00457249302417039871
0.50000000000000000000 -0.00439927214756608009
0.50999999046325683600 -0.00422037579119205475
0.51999998092651367200 -0.00402062386274337769
0.52999997138977050800 -0.00382151897065341473
0.54000002145767211900 -0.00360964401625096798
0.55000001192092895500 -0.00339016597718000412
0.56000000238418579100 -0.00317167700268328190
0.56999999284744262700 -0.00294499495066702366
0.57999998331069946300 -0.00271163508296012878
0.58999997377395629900 -0.00248093297705054283
0.60000002384185791000 -0.00224799709394574165
0.61000001430511474600 -0.00200602808035910130
0.62000000476837158200 -0.00176578294485807419
0.62999999523162841800 -0.00151706603355705738
0.63999998569488525400 -0.00125980004668235779
0.64999997615814209000 -0.00101062201429158449
0.66000002622604370100 -0.00072778412140905857
0.67000001668930053700 -0.00047623031423427165
0.68000000715255737300 -0.00022561399964615703
0.68999999761581420900 0.00001245289968210272
0.69999998807907104500 0.00026203208835795522
0.70999997854232788100 0.00051560171414166689
0.72000002861022949200 0.00076889991760253906
0.73000001907348632800 0.00102271500509232283
0.74000000953674316400 0.00133998400997370482
0.75000000000000000000 0.00161321402993053198
0.75999999046325683600 0.00188508804421871901
0.76999998092651367200 0.00215550092980265617
0.77999997138977050800 0.00243085692636668682
0.79000002145767211900 0.00270617799833416939
0.80000001192092895500 0.00298222992569208145
0.81000000238418579100 0.00326303089968860150
0.81999999284744262700 0.00354090402834117413
0.82999998331069946300 0.00381978298537433148
0.83999997377395629900 0.00410269899293780327
0.85000002384185791000 0.00438244221732020378
0.86000001430511474600 0.00466382317245006561
0.87000000476837158200 0.00494693499058485031
0.87999999523162841800 0.00522879697382450104
0.88999998569488525400 0.00551252905279397965
0.89999997615814209000 0.00579858198761940003
0.91000002622604370100 0.00608340185135602951
0.92000001668930053700 0.00636957306414842606
0.93000000715255737300 0.00665569910779595375
0.93999999761581420900 0.00694326777011156082
0.94999998807907104500 0.00723122013732790947
0.95999997854232788100 0.00751800322905182839
0.97000002861022949200 0.00780696794390678406
0.98000001907348632800 0.00809676758944988251
0.99000000953674316400 0.00838568527251482010
1.00000000000000000000 0.00867610517889261246
