-1.00000000000000000000 -0.00613303715363144875
-0.99000000953674316400 -0.00612349808216094971
-0.98000001907348632800 -0.00613708980381488800
-0.97000002861022949200 -0.00614817999303340912
-0.95999997854232788100 -0.00615911791101098061
-0.94999998807907104500 -0.00617275014519691468
-0.93999999761581420900 -0.00615848787128925324
-0.93000000715255737300 -0.00613216822966933251
-0.92000001668930053700 -0.00614713411778211594
-0.91000002622604370100 -0.00613637501373887062
-0.89999997615814209000 -0.00611051311716437340
-0.88999998569488525400 -0.00610843393951654434
-0.87999999523162841800 -0.00611379183828830719
-0.87000000476837158200 -0.00612587714567780495
-0.86000001430511474600 -0.00612610299140214920
-0.85000002384185791000 -0.00613952707499265671
-0.83999997377395629900 -0.00612772908061742783
-0.82999998331069946300 -0.00610298616811633110
-0.81999999284744262700 -0.00611957022920250893
-0.81000000238418579100 -0.00611769780516624451
-0.80000001192092895500 -0.00609415816143155098
-0.79000002145767211900 -0.00610603112727403641
-0.77999997138977050800 -0.00612130202353000641
-0.76999998092651367200 -0.00612406386062502861
-0.75999999046325683600 -0.00614518998190760613
-0.75000000000000000000 -0.00615319982171058655
-0.74000000953674316400 -0.00613884394988417626
-0.73000001907348632800 -0.00612545013427734375
-0.72000002861022949200 -0.00613859388977289200
-0.70999997854232788100 -0.00613234611228108406
-0.69999998807907104500 -0.00611290708184242249
-0.68999999761581420900 -0.00612197583541274071
-0.68000000715255737300 -0.00613197777420282364
-0.67000001668930053700 -0.00613906886428594589
-0.66000002622604370100 -0.00614771898835897446
-0.64999997615814209000 -0.00615310296416282654
-0.63999998569488525400 -0.00613603089004755020
-0.62999999523162841800 -0.00612128200009465218
-0.62000000476837158200 -0.00612876703962683678
-0.61000001430511474600 -0.00611608009785413742
-0.60000002384185791000 -0.00609748717397451401
-0.58999997377395629900 -0.00610578618943691254
-0.57999998331069946300 -0.00612125592306256294
-0.56999999284744262700 -0.00612384779378771782
-0.56000000238418579100 -0.00613283412531018257
-0.55000001192092895500 -0.00613452401012182236
-0.54000002145767211900 -0.00611430918797850609
-0.52999997138977050800 -0.00611258996650576592
-0.51999998092651367200 -0.00612103100866079331
-0.50999999046325683600 -0.00610670121386647225
-0.50000000000000000000 -0.00609629321843385697
-0.49000000953674316400 -0.00611341511830687523
-0.47999998927116394000 -0.00611920608207583428
-0.46999999880790710400 -0.00613364577293395996
-0.46000000834465026800 -0.00614623213186860085
-0.44999998807907104500 -0.00613890821114182472
-0.43999999761581420900 -0.00612042983993887902
-0.43000000715255737300 -0.00612835492938756943
-0.41999998688697814900 -0.00612404290586709976
-0.40999999642372131300 -0.00610113376751542092
-0.40000000596046447700 -0.00610226579010486603
-0.38999998569488525400 -0.00610507000237703324
-0.37999999523162841800 -0.00611581699922680855
-0.37000000476837158200 -0.00611854111775755882
-0.36000001430511474600 -0.00612956704571843148
-0.34999999403953552200 -0.00610680691897869110
-0.34000000357627868600 -0.00608815113082528114
-0.33000001311302185100 -0.00609602499753236771
-0.31999999284744262700 -0.00608476204797625542
-0.31000000238418579100 -0.00606236979365348816
-0.30000001192092895500 -0.00606844294816255570
-0.28999999165534973100 -0.00607779296115040779
-0.28000000119209289500 -0.00608546985313296318
-0.27000001072883606000 -0.00609909603372216225
-0.25999999046325683600 -0.00611140718683600426
-0.25000000000000000000 -0.00609859218820929528
-0.23999999463558197000 -0.00608141394332051277
-0.23000000417232513400 -0.00609913980588316918
-0.21999999880790710400 -0.00608950713649392128
-0.20999999344348907500 -0.00607887515798211098
-0.20000000298023223900 -0.00608977815136313439
-0.18999999761581420900 -0.00609251903370022774
-0.18000000715255737300 -0.00610901415348052979
-0.17000000178813934300 -0.00611872319132089615
-0.15999999642372131300 -0.00611953204497694969
-0.15000000596046447800 -0.00610139314085245133
-0.14000000059604644800 -0.00609322078526020050
-0.12999999523162841800 -0.00610115518793463707
-0.11999999731779098500 -0.00608512712642550469
-0.10999999940395355200 -0.00607592985033988953
-0.10000000149011611900 -0.00608099112287163735
-0.09000000357627868650 -0.00608882401138544083
-0.07999999821186065670 -0.00609467877075076103
-0.07000000029802322390 -0.00611031381413340569
-0.05999999865889549260 -0.00609142985194921494
-0.05000000074505805970 -0.00607116520404815674
-0.03999999910593032840 -0.00607956899330019951
-0.02999999932944774630 -0.00607636990025639534
-0.01999999955296516420 -0.00605111010372638703
-0.00999999977648258210 -0.00606068503111600876
0.00000000000000000000 -0.00607290910556912422
0.00999999977648258210 -0.00607274891808629036
0.01999999955296516420 -0.00608686590567231178
0.02999999932944774630 -0.00608699908480048180
0.03999999910593032840 -0.00609506014734506607
0.05000000074505805970 -0.00607977481558918953
0.05999999865889549260 -0.00606516608968377114
0.07000000029802322390 -0.00607123598456382752
0.07999999821186065670 -0.00605582911521196366
0.09000000357627868650 -0.00605118181556463242
0.10000000149011611900 -0.00605511292815208435
0.10999999940395355200 -0.00606764014810323715
0.11999999731779098500 -0.00607384601607918740
0.12999999523162841800 -0.00608626520261168480
0.14000000059604644800 -0.00606917683035135269
0.15000000596046447800 -0.00605023419484496117
0.15999999642372131300 -0.00605072500184178353
0.17000000178813934300 -0.00604204880073666573
0.18000000715255737300 -0.00602026283740997315
0.18999999761581420900 -0.00601205322891473770
0.20000000298023223900 -0.00601950520649552345
0.20999999344348907500 -0.00602304097265005112
0.21999999880790710400 -0.00602020788937807083
0.23000000417232513400 -0.00602586707100272179
0.23999999463558197000 -0.00600910093635320664
0.25000000000000000000 -0.00598202785477042198
0.25999999046325683600 -0.00599194597452878952
0.27000001072883606000 -0.00598382903262972832
0.28000000119209289500 -0.00595859996974468231
0.28999999165534973100 -0.00595971615985035896
0.30000001192092895500 -0.00596575718373060227
0.31000000238418579100 -0.00597105920314788819
0.31999999284744262700 -0.00597588997334241867
0.33000001311302185100 -0.00597659684717655182
0.34000000357627868600 -0.00595680205151438713
0.34999999403953552200 -0.00592911196872591973
0.36000001430511474600 -0.00593018485233187676
0.37000000476837158200 -0.00591855822131037712
0.37999999523162841800 -0.00588875310495495796
0.38999998569488525400 -0.00588243501260876656
0.40000000596046447700 -0.00588323408737778664
0.40999999642372131300 -0.00587890902534127236
0.41999998688697814900 -0.00586978998035192490
0.43000000715255737300 -0.00585163896903395653
0.43999999761581420900 -0.00582573423162102699
0.44999998807907104500 -0.00578608596697449684
0.46000000834465026800 -0.00577228190377354622
0.46999999880790710400 -0.00573871005326509476
0.47999998927116394000 -0.00568522512912750244
0.49000000953674316400 -0.00566325802356004715
0.50000000000000000000 -0.00563439587131142616
0.50999999046325683600 -0.00559284584596753121
0.51999998092651367200 -0.00554896611720323563
0.52999997138977050800 -0.00549067882820963860
0.54000002145767211900 -0.00539699289947748184
0.55000001192092895500 -0.00531415408477187157
0.56000000238418579100 -0.00521902181208133698
0.56999999284744262700 -0.00507054012268781662
0.57999998331069946300 -0.00493106385692954064
0.58999997377395629900 -0.00475900294259190560
0.60000002384185791000 -0.00454994384199380875
0.61000001430511474600 -0.00431944103911519051
0.62000000476837158200 -0.00405537988990545273
0.62999999523162841800 -0.00373521400615572930
0.63999998569488525400 -0.00338226999156177044
0.64999997615814209000 -0.00302630197256803513
0.66000002622604370100 -0.00260337302461266518
0.67000001668930053700 -0.00219173100776970387
0.68000000715255737300 -0.00172172498423606157
0.68999999761581420900 -0.00124741496983915567
0.69999998807907104500 -0.00074912677519023418
0.70999997854232788100 -0.00024352110631298274
0.72000002861022949200 0.00023651779338251799
0.73000001907348632800 0.00077169941505417228
0.74000000953674316400 0.00133983395062386990
0.75000000000000000000 0.00194380898028612137
0.75999999046325683600 0.00249467906542122364
0.76999998092651367200 0.00308362906798720360
0.77999997138977050800 0.00369893200695514679
0.79000002145767211900 0.00428554415702819824
0.80000001192092895500 0.00487866578623652458
0.81000000238418579100 0.00549785606563091278
0.81999999284744262700 0.00610802602022886276
0.82999998331069946300 0.00671270396560430527
0.83999997377395629900 0.00738161010667681694
0.85000002384185791000 0.00797056872397661209
0.86000001430511474600 0.00864203553646802902
0.87000000476837158200 0.00931243691593408585
0.87999999523162841800 0.00995917245745658875
0.88999998569488525400 0.01009500026702880860
0.89999997615814209000 0.01076760981231927870
0.91000002622604370100 0.01141985040158033370
0.92000001668930053700 0.01208231970667839050
0.93000000715255737300 0.01278125960379838940
0.93999999761581420900 0.01344993989914655690
0.94999998807907104500 0.01411801017820835110
0.95999997854232788100 0.01480640005320310590
0.97000002861022949200 0.01551494002342224120
0.98000001907348632800 0.01617714017629623410
0.99000000953674316400 0.01692230068147182460
1.00000000000000000000 0.01758730039000511170
