-1.00000000000000000000 -0.00633020279929041863
-0.99000000953674316400 -0.00632235314697027207
-0.98000001907348632800 -0.00631221896037459374
-0.97000002861022949200 -0.00630007497966289520
-0.95999997854232788100 -0.00629823608323931694
-0.94999998807907104500 -0.00631427392363548279
-0.93999999761581420900 -0.00632116990163922310
-0.93000000715255737300 -0.00631844298914074898
-0.92000001668930053700 -0.00632758392021059990
-0.91000002622604370100 -0.00630857702344655991
-0.89999997615814209000 -0.00630987295880913735
-0.88999998569488525400 -0.00632035313174128533
-0.87999999523162841800 -0.00630425522103905678
-0.87000000476837158200 -0.00629591802135109902
-0.86000001430511474600 -0.00631884997710585594
-0.85000002384185791000 -0.00632908800616860390
-0.83999997377395629900 -0.00633493810892105103
-0.82999998331069946300 -0.00635581417009234429
-0.81999999284744262700 -0.00634008087217807770
-0.81000000238418579100 -0.00631343992426991463
-0.80000001192092895500 -0.00633468898013234139
-0.79000002145767211900 -0.00632529286667704582
-0.77999997138977050800 -0.00630193809047341347
-0.76999998092651367200 -0.00631467718631029129
-0.75999999046325683600 -0.00631564203649759293
-0.75000000000000000000 -0.00632331008091568947
-0.74000000953674316400 -0.00634097401052713394
-0.73000001907348632800 -0.00633852183818817139
-0.72000002861022949200 -0.00632198015227913857
-0.70999997854232788100 -0.00631447695195674896
-0.69999998807907104500 -0.00631413888186216355
-0.68999999761581420900 -0.00629924796521663666
-0.68000000715255737300 -0.00629058107733726502
-0.67000001668930053700 -0.00628945790231227875
-0.66000002622604370100 -0.00629922701045870781
-0.64999997615814209000 -0.00632024696096777916
-0.63999998569488525400 -0.00631330022588372231
-0.62999999523162841800 -0.00631749397143721581
-0.62000000476837158200 -0.00631277495995163918
-0.61000001430511474600 -0.00630025193095207215
-0.60000002384185791000 -0.00630443310365080834
-0.58999997377395629900 -0.00630403077229857445
-0.57999998331069946300 -0.00629195012152194977
-0.56999999284744262700 -0.00629891408607363701
-0.56000000238418579100 -0.00632235314697027207
-0.55000001192092895500 -0.00632228096947073937
-0.54000002145767211900 -0.00633698003366589546
-0.52999997138977050800 -0.00633548106998205185
-0.51999998092651367200 -0.00630561122670769692
-0.50999999046325683600 -0.00631785299628973007
-0.50000000000000000000 -0.00632056500762701035
-0.49000000953674316400 -0.00628353189677000046
-0.47999998927116394000 -0.00628451118245720864
-0.46999999880790710400 -0.00629667704924941063
-0.46000000834465026800 -0.00628904299810528755
-0.44999998807907104500 -0.00630194321274757385
-0.43999999761581420900 -0.00631017005071043968
-0.43000000715255737300 -0.00628085108473896980
-0.41999998688697814900 -0.00626059714704751969
-0.40999999642372131300 -0.00627334788441658020
-0.40000000596046447700 -0.00624591391533613205
-0.38999998569488525400 -0.00623448612168431282
-0.37999999523162841800 -0.00624527921900153160
-0.37000000476837158200 -0.00623625097796320915
-0.36000001430511474600 -0.00626101205125451088
-0.34999999403953552200 -0.00626855297014117241
-0.34000000357627868600 -0.00626133801415562630
-0.33000001311302185100 -0.00626091891899704933
-0.31999999284744262700 -0.00625209510326385498
-0.31000000238418579100 -0.00624669808894395828
-0.30000001192092895500 -0.00624855002388358116
-0.28999999165534973100 -0.00624177977442741394
-0.28000000119209289500 -0.00623470079153776169
-0.27000001072883606000 -0.00625583902001380921
-0.25999999046325683600 -0.00626815017312765122
-0.25000000000000000000 -0.00626299483701586724
-0.23999999463558197000 -0.00626867078244686127
-0.23000000417232513400 -0.00626042811200022698
-0.21999999880790710400 -0.00624772300943732262
-0.20999999344348907500 -0.00625411188229918480
-0.20000000298023223900 -0.00623440882191061974
-0.18999999761581420900 -0.00622091721743345261
-0.18000000715255737300 -0.00623364606872200966
-0.17000000178813934300 -0.00624553300440311432
-0.15999999642372131300 -0.00624720705673098564
-0.15000000596046447800 -0.00625983485952019692
-0.14000000059604644800 -0.00625239079818129540
-0.12999999523162841800 -0.00622027320787310600
-0.11999999731779098500 -0.00623378995805978775
-0.10999999940395355200 -0.00622511003166437149
-0.10000000149011611900 -0.00619625300168991089
-0.09000000357627868650 -0.00620207702741026879
-0.07999999821186065670 -0.00620910990983247757
-0.07000000029802322390 -0.00621584197506308556
-0.05999999865889549260 -0.00622983416542410851
-0.05000000074505805970 -0.00623959815129637718
-0.03999999910593032840 -0.00622586021199822426
-0.02999999932944774630 -0.00621210597455501557
-0.01999999955296516420 -0.00622391095384955406
-0.00999999977648258210 -0.00621454883366823197
0.00000000000000000000 -0.00620196014642715454
0.00999999977648258210 -0.00620379811152815819
0.01999999955296516420 -0.00619895989075303078
0.02999999932944774630 -0.00621186802163720131
0.03999999910593032840 -0.00623243488371372223
0.05000000074505805970 -0.00622256100177764893
0.05999999865889549260 -0.00621879892423748970
0.07000000029802322390 -0.00620358996093273163
0.07999999821186065670 -0.00619225902482867241
0.09000000357627868650 -0.00619019893929362297
0.10000000149011611900 -0.00616994686424732208
0.10999999940395355200 -0.00614999001845717430
0.11999999731779098500 -0.00615800498053431511
0.12999999523162841800 -0.00616965396329760552
0.14000000059604644800 -0.00615610182285308838
0.15000000596046447800 -0.00616851402446627617
0.15999999642372131300 -0.00615433603525161743
0.17000000178813934300 -0.00611512595787644386
0.18000000715255737300 -0.00613126205280423165
0.18999999761581420900 -0.00612614722922444344
0.20000000298023223900 -0.00609385501593351364
0.20999999344348907500 -0.00610090512782335282
0.21999999880790710400 -0.00611185887828469277
0.23000000417232513400 -0.00610752077773213387
0.23999999463558197000 -0.00612162007018923760
0.25000000000000000000 -0.00612403918057680130
0.25999999046325683600 -0.00609283521771430969
0.27000001072883606000 -0.00607962580397725106
0.28000000119209289500 -0.00608025304973125458
0.28999999165534973100 -0.00604980299249291420
0.30000001192092895500 -0.00603281194344162941
0.31000000238418579100 -0.00602026004344224930
0.31999999284744262700 -0.00599976116791367531
0.33000001311302185100 -0.00599184120073914528
0.34000000357627868600 -0.00596790388226509094
0.34999999403953552200 -0.00592626584693789482
0.36000001430511474600 -0.00587556790560483933
0.37000000476837158200 -0.00582126015797257424
0.37999999523162841800 -0.00575956795364618302
0.38999998569488525400 -0.00568608194589614868
0.40000000596046447700 -0.00560312811285257340
0.40999999642372131300 -0.00551212811842560768
0.41999998688697814900 -0.00542460707947611809
0.43000000715255737300 -0.00531651591882109642
0.43999999761581420900 -0.00519574992358684540
0.44999998807907104500 -0.00506384018808603287
0.46000000834465026800 -0.00490922294557094574
0.46999999880790710400 -0.00475980620831251145
0.47999998927116394000 -0.00460330722853541374
0.49000000953674316400 -0.00442542321979999542
0.50000000000000000000 -0.00425112899392843247
0.50999999046325683600 -0.00407660286873579025
0.51999998092651367200 -0.00389299006201326847
0.52999997138977050800 -0.00370337907224893570
0.54000002145767211900 -0.00351049611344933510
0.55000001192092895500 -0.00330315809696912766
0.56000000238418579100 -0.00308769010007381439
0.56999999284744262700 -0.00288057490251958370
0.57999998331069946300 -0.00266197603195905686
0.58999997377395629900 -0.00243716198019683361
0.60000002384185791000 -0.00221767602488398552
0.61000001430511474600 -0.00199334905482828617
0.62000000476837158200 -0.00176719995215535164
0.62999999523162841800 -0.00153931300155818462
0.63999998569488525400 -0.00130732695106416941
0.64999997615814209000 -0.00106929405592381954
0.66000002622604370100 -0.00079702161019667983
0.67000001668930053700 -0.00056871637934818864
0.68000000715255737300 -0.00033753601019270718
0.68999999761581420900 -0.00010562459647189826
0.69999998807907104500 0.00012587659875862300
0.70999997854232788100 0.00036293599987402558
0.72000002861022949200 0.00059891142882406712
0.73000001907348632800 0.00083579041529446840
0.74000000953674316400 0.00112059898674488068
0.75000000000000000000 0.00136928795836865902
0.75999999046325683600 0.00161973398644477129
0.76999998092651367200 0.00187407294288277626
0.77999997138977050800 0.00212608394213020802
0.79000002145767211900 0.00237816502340137959
0.80000001192092895500 0.00263231899589300156
0.81000000238418579100 0.00288691604509949684
0.81999999284744262700 0.00314242998138070107
0.82999998331069946300 0.00340130389668047428
0.83999997377395629900 0.00365916104055941105
0.85000002384185791000 0.00391597300767898560
0.86000001430511474600 0.00417731795459985733
0.87000000476837158200 0.00443652877584099770
0.87999999523162841800 0.00469522690400481224
0.88999998569488525400 0.00495620304718613625
0.89999997615814209000 0.00521716289222240448
0.91000002622604370100 0.00547768501564860344
0.92000001668930053700 0.00574111798778176308
0.93000000715255737300 0.00600346177816390991
0.93999999761581420900 0.00626675412058830261
0.94999998807907104500 0.00653064809739589691
0.95999997854232788100 0.00679416302591562271
0.97000002861022949200 0.00705882208421826363
0.98000001907348632800 0.00732351886108517647
0.99000000953674316400 0.00758793717250227928
1.00000000000000000000 0.00785420183092355728
