-1.00000000000000000000 -0.00613272609189152718
-0.99000000953674316400 -0.00613364391028881073
-0.98000001907348632800 -0.00615239702165126801
-0.97000002861022949200 -0.00612665992230176926
-0.95999997854232788100 -0.00610883021727204323
-0.94999998807907104500 -0.00613584415987133980
-0.93999999761581420900 -0.00611190591007471085
-0.93000000715255737300 -0.00609275698661804199
-0.92000001668930053700 -0.00611323118209838867
-0.91000002622604370100 -0.00611111288890242577
-0.89999997615814209000 -0.00611560698598623276
-0.88999998569488525400 -0.00614489614963531494
-0.87999999523162841800 -0.00612440099939703942
-0.87000000476837158200 -0.00610970193520188332
-0.86000001430511474600 -0.00612554093822836876
-0.85000002384185791000 -0.00611524283885955811
-0.83999997377395629900 -0.00609603803604841232
-0.82999998331069946300 -0.00610863510519266129
-0.81999999284744262700 -0.00609927298501133919
-0.81000000238418579100 -0.00611640419811010361
-0.80000001192092895500 -0.00613984698429703713
-0.79000002145767211900 -0.00613052304834127426
-0.77999997138977050800 -0.00612348085269331932
-0.76999998092651367200 -0.00611430685967206955
-0.75999999046325683600 -0.00610928284004330635
-0.75000000000000000000 -0.00610974384471774101
-0.74000000953674316400 -0.00609597284346818924
-0.73000001907348632800 -0.00609253812581300736
-0.72000002861022949200 -0.00610258104279637337
-0.70999997854232788100 -0.00612060585990548134
-0.69999998807907104500 -0.00610982021316885948
-0.68999999761581420900 -0.00612321496009826660
-0.68000000715255737300 -0.00610993104055523873
-0.67000001668930053700 -0.00608816184103488922
-0.66000002622604370100 -0.00610263692215085030
-0.64999997615814209000 -0.00609084777534008026
-0.63999998569488525400 -0.00607181387022137642
-0.62999999523162841800 -0.00608607800677418709
-0.62000000476837158200 -0.00610090000554919243
-0.61000001430511474600 -0.00610134517773985863
-0.60000002384185791000 -0.00612667296081781388
-0.58999997377395629900 -0.00612311018630862236
-0.57999998331069946300 -0.00608981307595968247
-0.56999999284744262700 -0.00611269194632768631
-0.56000000238418579100 -0.00610900809988379479
-0.55000001192092895500 -0.00608461583033204079
-0.54000002145767211900 -0.00609926786273717880
-0.52999997138977050800 -0.00610584719106554985
-0.51999998092651367200 -0.00611053314059972763
-0.50999999046325683600 -0.00613545021042227745
-0.50000000000000000000 -0.00613098917528986931
-0.49000000953674316400 -0.00611554412171244622
-0.47999998927116394000 -0.00611044419929385185
-0.46999999880790710400 -0.00610985886305570603
-0.46000000834465026800 -0.00609443197026848793
-0.44999998807907104500 -0.00609610509127378464
-0.43999999761581420900 -0.00608854321762919426
-0.43000000715255737300 -0.00609794817864894867
-0.41999998688697814900 -0.00612218584865331650
-0.40999999642372131300 -0.00611032499000430107
-0.40000000596046447700 -0.00610852893441915512
-0.38999998569488525400 -0.00610169209539890290
-0.37999999523162841800 -0.00608507823199033737
-0.37000000476837158200 -0.00608658185228705406
-0.36000001430511474600 -0.00607727514579892159
-0.34999999403953552200 -0.00606204988434910774
-0.34000000357627868600 -0.00607460178434848786
-0.33000001311302185100 -0.00609976006671786308
-0.31999999284744262700 -0.00608838582411408425
-0.31000000238418579100 -0.00610995106399059296
-0.30000001192092895500 -0.00610414007678627968
-0.28999999165534973100 -0.00607094215229153633
-0.28000000119209289500 -0.00609066989272832871
-0.27000001072883606000 -0.00609068293124437332
-0.25999999046325683600 -0.00605879304930567742
-0.25000000000000000000 -0.00607150513678789139
-0.23999999463558197000 -0.00608473923057317734
-0.23000000417232513400 -0.00608265912160277367
-0.21999999880790710400 -0.00610250886529684067
-0.20999999344348907500 -0.00609948905184864998
-0.20000000298023223900 -0.00607184413820505142
-0.18999999761581420900 -0.00607983302325010300
-0.18000000715255737300 -0.00607727188616991043
-0.17000000178813934300 -0.00605165911838412285
-0.15999999642372131300 -0.00606869719922542572
-0.15000000596046447800 -0.00606334581971168518
-0.14000000059604644800 -0.00606671813875436783
-0.12999999523162841800 -0.00609502289444208145
-0.11999999731779098500 -0.00608278997242450714
-0.10999999940395355200 -0.00606747996062040329
-0.10000000149011611900 -0.00606227386742830277
-0.09000000357627868650 -0.00606040703132748604
-0.07999999821186065670 -0.00605124887079000473
-0.07000000029802322390 -0.00604696199297904968
-0.05999999865889549260 -0.00603373907506465912
-0.05000000074505805970 -0.00605213595554232598
-0.03999999910593032840 -0.00607664277777075768
-0.02999999932944774630 -0.00606323219835758209
-0.01999999955296516420 -0.00607504090294241905
-0.00999999977648258210 -0.00607051793485879898
0.00000000000000000000 -0.00605939282104372978
0.00999999977648258210 -0.00606638379395008087
0.01999999955296516420 -0.00607249978929758072
0.02999999932944774630 -0.00604458386078476906
0.03999999910593032840 -0.00604593614116311074
0.05000000074505805970 -0.00606956519186496735
0.05999999865889549260 -0.00606772396713495255
0.07000000029802322390 -0.00607643602415919304
0.07999999821186065670 -0.00608454784378409386
0.09000000357627868650 -0.00604531308636069298
0.10000000149011611900 -0.00605211686342954636
0.10999999940395355200 -0.00606115581467747688
0.11999999731779098500 -0.00601883698254823685
0.12999999523162841800 -0.00602318812161684036
0.14000000059604644800 -0.00603712908923625946
0.15000000596046447800 -0.00602671597152948380
0.15999999642372131300 -0.00603677704930305481
0.17000000178813934300 -0.00605064211413264275
0.18000000715255737300 -0.00601960020139813423
0.18999999761581420900 -0.00600157910957932472
0.20000000298023223900 -0.00601596105843782425
0.20999999344348907500 -0.00598739692941308022
0.21999999880790710400 -0.00597009621560573578
0.23000000417232513400 -0.00597171997651457787
0.23999999463558197000 -0.00596365286037325859
0.25000000000000000000 -0.00597795005887746811
0.25999999046325683600 -0.00597925018519163132
0.27000001072883606000 -0.00596773298457264900
0.28000000119209289500 -0.00595393497496843338
0.28999999165534973100 -0.00593549478799104691
0.30000001192092895500 -0.00592058012261986733
0.31000000238418579100 -0.00590705918148159981
0.31999999284744262700 -0.00588719919323921204
0.33000001311302185100 -0.00587817514315247536
0.34000000357627868600 -0.00588646205142140389
0.34999999403953552200 -0.00587432505562901497
0.36000001430511474600 -0.00586709985509514809
0.37000000476837158200 -0.00585448788478970528
0.37999999523162841800 -0.00580743001773953438
0.38999998569488525400 -0.00579602504149079323
0.40000000596046447700 -0.00578253390267491341
0.40999999642372131300 -0.00573131907731294632
0.41999998688697814900 -0.00570291886106133461
0.43000000715255737300 -0.00569539610296487808
0.43999999761581420900 -0.00566710578277707100
0.44999998807907104500 -0.00564224878326058388
0.46000000834465026800 -0.00562491919845342636
0.46999999880790710400 -0.00556449312716722489
0.47999998927116394000 -0.00550430919975042343
0.49000000953674316400 -0.00547931622713804245
0.50000000000000000000 -0.00540386699140071869
0.50999999046325683600 -0.00533841690048575401
0.51999998092651367200 -0.00529053108766674996
0.52999997138977050800 -0.00520426779985427857
0.54000002145767211900 -0.00512979319319128990
0.55000001192092895500 -0.00503970822319388390
0.56000000238418579100 -0.00489991717040538788
0.56999999284744262700 -0.00474260793998837471
0.57999998331069946300 -0.00457533914595842362
0.58999997377395629900 -0.00435572210699319840
0.60000002384185791000 -0.00410784408450126648
0.61000001430511474600 -0.00383716705255210400
0.62000000476837158200 -0.00351725192740559578
0.62999999523162841800 -0.00317323999479413033
0.63999998569488525400 -0.00279190507717430592
0.64999997615814209000 -0.00236141798086464405
0.66000002622604370100 -0.00189894903451204300
0.67000001668930053700 -0.00139736395794898272
0.68000000715255737300 -0.00085407291771844029
0.68999999761581420900 -0.00033705410896800458
0.69999998807907104500 0.00018462819571141154
0.70999997854232788100 0.00079370767343789339
0.72000002861022949200 0.00144287699367851019
0.73000001907348632800 0.00208830297924578190
0.74000000953674316400 0.00274954503402113915
0.75000000000000000000 0.00342695694416761398
0.75999999046325683600 0.00411514518782496452
0.76999998092651367200 0.00481461500748991966
0.77999997138977050800 0.00552713405340909958
0.79000002145767211900 0.00625066179782152176
0.80000001192092895500 0.00697940587997436524
0.81000000238418579100 0.00772032700479030609
0.81999999284744262700 0.00847622379660606385
0.82999998331069946300 0.00922725722193717957
0.83999997377395629900 0.00998848956078290940
0.85000002384185791000 0.01023732963949441910
0.86000001430511474600 0.01098722033202648160
0.87000000476837158200 0.01173110026866197590
0.87999999523162841800 0.01248089969158172610
0.88999998569488525400 0.01324800960719585420
0.89999997615814209000 0.01400385983288288120
0.91000002622604370100 0.01477103028446435930
0.92000001668930053700 0.01554722990840673450
0.93000000715255737300 0.01631410978734493260
0.93999999761581420900 0.01710779033601284030
0.94999998807907104500 0.01790522970259189610
0.95999997854232788100 0.01868811994791030880
0.97000002861022949200 0.01948562078177928920
0.98000001907348632800 0.02028211019933223720
0.99000000953674316400 0.02107675932347774510
1.00000000000000000000 0.02188660949468612670
