-1.00000000000000000000 -0.00614411802962422371
-0.99000000953674316400 -0.00615560216829180718
-0.98000001907348632800 -0.00616461597383022309
-0.97000002861022949200 -0.00615143403410911560
-0.95999997854232788100 -0.00613358709961175919
-0.94999998807907104500 -0.00614481279626488686
-0.93999999761581420900 -0.00613701390102505684
-0.93000000715255737300 -0.00611987384036183357
-0.92000001668930053700 -0.00612023798748850823
-0.91000002622604370100 -0.00612804992124438286
-0.89999997615814209000 -0.00614070799201726914
-0.88999998569488525400 -0.00614646915346384049
-0.87999999523162841800 -0.00613495893776416779
-0.87000000476837158200 -0.00611779885366559029
-0.86000001430511474600 -0.00611373176798224449
-0.85000002384185791000 -0.00611093221232295036
-0.83999997377395629900 -0.00609704898670315743
-0.82999998331069946300 -0.00608977815136313439
-0.81999999284744262700 -0.00610062479972839356
-0.81000000238418579100 -0.00611112220212817192
-0.80000001192092895500 -0.00612326897680759430
-0.79000002145767211900 -0.00613293098285794258
-0.77999997138977050800 -0.00612474605441093445
-0.76999998092651367200 -0.00610287487506866455
-0.75999999046325683600 -0.00612423010170459748
-0.75000000000000000000 -0.00612251320853829384
-0.74000000953674316400 -0.00609679985791444779
-0.73000001907348632800 -0.00611386820673942566
-0.72000002861022949200 -0.00612448388710618019
-0.70999997854232788100 -0.00613298499956727028
-0.69999998807907104500 -0.00614356296136975289
-0.68999999761581420900 -0.00615151086822152138
-0.68000000715255737300 -0.00613074377179145813
-0.67000001668930053700 -0.00612813513725996018
-0.66000002622604370100 -0.00613744603469967842
-0.64999997615814209000 -0.00612374581396579743
-0.63999998569488525400 -0.00611571921035647392
-0.62999999523162841800 -0.00612004380673170090
-0.62000000476837158200 -0.00612387293949723244
-0.61000001430511474600 -0.00613404018804430962
-0.60000002384185791000 -0.00614902703091502190
-0.58999997377395629900 -0.00613314984366297722
-0.57999998331069946300 -0.00611307984218001366
-0.56999999284744262700 -0.00612052297219634056
-0.56000000238418579100 -0.00611566798761487007
-0.55000001192092895500 -0.00610248977318406105
-0.54000002145767211900 -0.00610160781070590019
-0.52999997138977050800 -0.00611083395779132843
-0.51999998092651367200 -0.00612730905413627625
-0.50999999046325683600 -0.00613505579531192780
-0.50000000000000000000 -0.00613952986896038056
-0.49000000953674316400 -0.00612816913053393364
-0.47999998927116394000 -0.00611008005216717720
-0.46999999880790710400 -0.00612534303218126297
-0.46000000834465026800 -0.00610944116488099098
-0.44999998807907104500 -0.00609670300036668778
-0.43999999761581420900 -0.00610899180173873902
-0.43000000715255737300 -0.00611310079693794251
-0.41999998688697814900 -0.00612127315253019333
-0.40999999642372131300 -0.00613573007285594940
-0.40000000596046447700 -0.00612645316869020462
-0.38999998569488525400 -0.00610283203423023224
-0.37999999523162841800 -0.00610842788591980934
-0.37000000476837158200 -0.00610144715756177902
-0.36000001430511474600 -0.00607716618105769158
-0.34999999403953552200 -0.00607896177098155022
-0.34000000357627868600 -0.00608090590685606003
-0.33000001311302185100 -0.00608364678919315338
-0.31999999284744262700 -0.00609689019620418549
-0.31000000238418579100 -0.00610939785838127136
-0.30000001192092895500 -0.00608821306377649307
-0.28999999165534973100 -0.00607575196772813797
-0.28000000119209289500 -0.00608853995800018311
-0.27000001072883606000 -0.00607745116576552391
-0.25999999046325683600 -0.00606894819065928459
-0.25000000000000000000 -0.00607839506119489670
-0.23999999463558197000 -0.00608558719977736473
-0.23000000417232513400 -0.00610335823148488999
-0.21999999880790710400 -0.00611780676990747452
-0.20999999344348907500 -0.00610966095700860024
-0.20000000298023223900 -0.00610366696491837502
-0.18999999761581420900 -0.00610130419954657555
-0.18000000715255737300 -0.00610084598883986473
-0.17000000178813934300 -0.00608787918463349343
-0.15999999642372131300 -0.00608276994898915291
-0.15000000596046447800 -0.00609287712723016739
-0.14000000059604644800 -0.00610704813152551651
-0.12999999523162841800 -0.00610859785228967667
-0.11999999731779098500 -0.00611534994095563889
-0.10999999940395355200 -0.00610607815906405449
-0.10000000149011611900 -0.00608240580186247826
-0.09000000357627868650 -0.00609791278839111328
-0.07999999821186065670 -0.00608438020572066307
-0.07000000029802322390 -0.00606143800541758538
-0.05999999865889549260 -0.00606935098767280579
-0.05000000074505805970 -0.00607261201366782189
-0.03999999910593032840 -0.00608472386375069618
-0.02999999932944774630 -0.00609776983037590981
-0.01999999955296516420 -0.00610251398757100106
-0.00999999977648258210 -0.00607807189226150513
0.00000000000000000000 -0.00607978785410523415
0.00999999977648258210 -0.00608617207035422325
0.01999999955296516420 -0.00607991497963666916
0.02999999932944774630 -0.00606074184179306030
0.03999999910593032840 -0.00606302591040730477
0.05000000074505805970 -0.00607388699427247048
0.05999999865889549260 -0.00608776509761810303
0.07000000029802322390 -0.00608762912452220917
0.07999999821186065670 -0.00609215721487998963
0.09000000357627868650 -0.00607970822602510452
0.10000000149011611900 -0.00606270413845777512
0.10999999940395355200 -0.00607170583680272103
0.11999999731779098500 -0.00605451082810759545
0.12999999523162841800 -0.00604267511516809464
0.14000000059604644800 -0.00604342482984066010
0.15000000596046447800 -0.00605292711406946182
0.15999999642372131300 -0.00605435902252793312
0.17000000178813934300 -0.00605269800871610642
0.18000000715255737300 -0.00604421691969037056
0.18999999761581420900 -0.00601415289565920830
0.20000000298023223900 -0.00601750519126653671
0.20999999344348907500 -0.00601377617567777634
0.21999999880790710400 -0.00599603122100234032
0.23000000417232513400 -0.00599446380510926247
0.23999999463558197000 -0.00600695190951228142
0.25000000000000000000 -0.00601636897772550583
0.25999999046325683600 -0.00602027913555502892
0.27000001072883606000 -0.00602876394987106323
0.28000000119209289500 -0.00601219199597835541
0.28999999165534973100 -0.00600160192698240280
0.30000001192092895500 -0.00601062877103686333
0.31000000238418579100 -0.00599332898855209351
0.31999999284744262700 -0.00598003203049302101
0.33000001311302185100 -0.00598719483241438866
0.34000000357627868600 -0.00598730985075235367
0.34999999403953552200 -0.00599699281156063080
0.36000001430511474600 -0.00600474979728460312
0.37000000476837158200 -0.00598371494561433792
0.37999999523162841800 -0.00595956714823842049
0.38999998569488525400 -0.00595728401094675064
0.40000000596046447700 -0.00594244012609124184
0.40999999642372131300 -0.00591524317860603333
0.41999998688697814900 -0.00590646313503384590
0.43000000715255737300 -0.00589108886197209358
0.43999999761581420900 -0.00588537519797682762
0.44999998807907104500 -0.00587530992925167084
0.46000000834465026800 -0.00585079612210392952
0.46999999880790710400 -0.00581104401499032974
0.47999998927116394000 -0.00576058682054281235
0.49000000953674316400 -0.00572807900607585907
0.50000000000000000000 -0.00567539595067501068
0.50999999046325683600 -0.00559938186779618263
0.51999998092651367200 -0.00553057203069329262
0.52999997138977050800 -0.00545012298971414566
0.54000002145767211900 -0.00534605700522661209
0.55000001192092895500 -0.00521457986906170845
0.56000000238418579100 -0.00505120214074850083
0.56999999284744262700 -0.00484590604901313782
0.57999998331069946300 -0.00462806317955255509
0.58999997377395629900 -0.00437485193833708763
0.60000002384185791000 -0.00407599005848169327
0.61000001430511474600 -0.00376916304230690003
0.62000000476837158200 -0.00342749105766415596
0.62999999523162841800 -0.00306918192654848099
0.63999998569488525400 -0.00268569099716842175
0.64999997615814209000 -0.00227976194582879543
0.66000002622604370100 -0.00185644696466624737
0.67000001668930053700 -0.00141189701389521360
0.68000000715255737300 -0.00093424681108444929
0.68999999761581420900 -0.00049761158879846334
0.69999998807907104500 -0.00004546705895336345
0.70999997854232788100 0.00039704420487396419
0.72000002861022949200 0.00084762461483478546
0.73000001907348632800 0.00137641595210880041
0.74000000953674316400 0.00186350196599960327
0.75000000000000000000 0.00235638604499399662
0.75999999046325683600 0.00285393488593399525
0.76999998092651367200 0.00335662905126810074
0.77999997138977050800 0.00385860400274395943
0.79000002145767211900 0.00436308002099394798
0.80000001192092895500 0.00488267000764608383
0.81000000238418579100 0.00539031904190778732
0.81999999284744262700 0.00591285480186343193
0.82999998331069946300 0.00644074520096182823
0.83999997377395629900 0.00697367917746305466
0.85000002384185791000 0.00751656992360949517
0.86000001430511474600 0.00807183701545000077
0.87000000476837158200 0.00861661974340677262
0.87999999523162841800 0.00916135963052511216
0.88999998569488525400 0.00973504409193992615
0.89999997615814209000 0.01029461994767189030
0.91000002622604370100 0.01037979964166879650
0.92000001668930053700 0.01090634986758232120
0.93000000715255737300 0.01145659014582633970
0.93999999761581420900 0.01202149968594312670
0.94999998807907104500 0.01259270031005144120
0.95999997854232788100 0.01315283030271530150
0.97000002861022949200 0.01375169027596712110
0.98000001907348632800 0.01436605025082826610
0.99000000953674316400 0.01496213953942060470
1.00000000000000000000 0.01559050008654594420
