-1.00000000000000000000 -0.00612668320536613465
-0.99000000953674316400 -0.00612696213647723198
-0.98000001907348632800 -0.00612278888002038002
-0.97000002861022949200 -0.00609824899584054947
-0.95999997854232788100 -0.00610341690480709076
-0.94999998807907104500 -0.00610134983435273171
-0.93999999761581420900 -0.00608392292633652687
-0.93000000715255737300 -0.00608617300167679787
-0.92000001668930053700 -0.00609899498522281647
-0.91000002622604370100 -0.00611596507951617241
-0.89999997615814209000 -0.00612196698784828186
-0.88999998569488525400 -0.00613767001777887345
-0.87999999523162841800 -0.00612361403182148934
-0.87000000476837158200 -0.00611067377030849457
-0.86000001430511474600 -0.00612218398600816727
-0.85000002384185791000 -0.00611471990123391152
-0.83999997377395629900 -0.00610277801752090454
-0.82999998331069946300 -0.00610741600394248963
-0.81999999284744262700 -0.00611987384036183357
-0.81000000238418579100 -0.00613044388592243195
-0.80000001192092895500 -0.00614371895790100098
-0.79000002145767211900 -0.00613732682541012764
-0.77999997138977050800 -0.00612560100853443146
-0.76999998092651367200 -0.00612340820953249932
-0.75999999046325683600 -0.00612316606566309929
-0.75000000000000000000 -0.00610655685886740685
-0.74000000953674316400 -0.00610188022255897522
-0.73000001907348632800 -0.00610598921775817871
-0.72000002861022949200 -0.00611625798046588898
-0.70999997854232788100 -0.00612747902050614357
-0.69999998807907104500 -0.00612602988258004189
-0.68999999761581420900 -0.00611843401566147804
-0.68000000715255737300 -0.00609439890831708908
-0.67000001668930053700 -0.00610314216464757920
-0.66000002622604370100 -0.00610273890197277069
-0.64999997615814209000 -0.00608247797936201096
-0.63999998569488525400 -0.00609127199277281761
-0.62999999523162841800 -0.00610210001468658447
-0.62000000476837158200 -0.00611054990440607071
-0.61000001430511474600 -0.00612079491838812828
-0.60000002384185791000 -0.00612837588414549828
-0.58999997377395629900 -0.00611080508679151535
-0.57999998331069946300 -0.00610267184674739838
-0.56999999284744262700 -0.00611080089583992958
-0.56000000238418579100 -0.00610201479867100716
-0.55000001192092895500 -0.00609464384615421295
-0.54000002145767211900 -0.00609725899994373322
-0.52999997138977050800 -0.00611083023250102997
-0.51999998092651367200 -0.00612145895138382912
-0.50999999046325683600 -0.00613303482532501221
-0.50000000000000000000 -0.00612119212746620178
-0.49000000953674316400 -0.00610174378380179405
-0.47999998927116394000 -0.00611044093966484070
-0.46999999880790710400 -0.00610021920874714852
-0.46000000834465026800 -0.00607493706047534943
-0.44999998807907104500 -0.00607744185253977776
-0.43999999761581420900 -0.00607293378561735153
-0.43000000715255737300 -0.00608732784166932106
-0.41999998688697814900 -0.00609629601240158081
-0.40999999642372131300 -0.00609123008325695992
-0.40000000596046447700 -0.00608350010588765145
-0.38999998569488525400 -0.00606549577787518502
-0.37999999523162841800 -0.00607804581522941590
-0.37000000476837158200 -0.00607386277988553047
-0.36000001430511474600 -0.00605799304321408272
-0.34999999403953552200 -0.00607226416468620300
-0.34000000357627868600 -0.00608116108924150467
-0.33000001311302185100 -0.00609311601147055626
-0.31999999284744262700 -0.00610751286149024964
-0.31000000238418579100 -0.00610309513285756111
-0.30000001192092895500 -0.00608151685446500778
-0.28999999165534973100 -0.00609696609899401665
-0.28000000119209289500 -0.00609190016984939575
-0.27000001072883606000 -0.00607393123209476471
-0.25999999046325683600 -0.00607847888022661209
-0.25000000000000000000 -0.00609216280281543732
-0.23999999463558197000 -0.00610056193545460701
-0.23000000417232513400 -0.00611117389053106308
-0.21999999880790710400 -0.00612177187576889992
-0.20999999344348907500 -0.00609619822353124619
-0.20000000298023223900 -0.00608207518234848976
-0.18999999761581420900 -0.00609184382483363152
-0.18000000715255737300 -0.00607233680784702301
-0.17000000178813934300 -0.00606313208118081093
-0.15999999642372131300 -0.00606675818562507630
-0.15000000596046447800 -0.00607770914211869240
-0.14000000059604644800 -0.00608276203274726868
-0.12999999523162841800 -0.00609621079638600350
-0.11999999731779098500 -0.00609009480103850365
-0.10999999940395355200 -0.00606437679380178452
-0.10000000149011611900 -0.00607567606493830681
-0.09000000357627868650 -0.00607522716745734215
-0.07999999821186065670 -0.00604957994073629379
-0.07000000029802322390 -0.00605706591159105301
-0.05999999865889549260 -0.00606863899156451226
-0.05000000074505805970 -0.00607438804581761360
-0.03999999910593032840 -0.00608876114711165428
-0.02999999932944774630 -0.00609725806862115860
-0.01999999955296516420 -0.00608761189505457878
-0.00999999977648258210 -0.00606715213507413864
0.00000000000000000000 -0.00608076993376016617
0.00999999977648258210 -0.00606796611100435257
0.01999999955296516420 -0.00605400418862700463
0.02999999932944774630 -0.00605672691017389298
0.03999999910593032840 -0.00605994183570146561
0.05000000074505805970 -0.00607202807441353798
0.05999999865889549260 -0.00607857201248407364
0.07000000029802322390 -0.00608523981645703316
0.07999999821186065670 -0.00606387294828891754
0.09000000357627868650 -0.00604401901364326477
0.10000000149011611900 -0.00605146586894989014
0.10999999940395355200 -0.00602687103673815727
0.11999999731779098500 -0.00601710099726915360
0.12999999523162841800 -0.00601622881367802620
0.14000000059604644800 -0.00602207891643047333
0.15000000596046447800 -0.00603801617398858071
0.15999999642372131300 -0.00604223087430000305
0.17000000178813934300 -0.00603738008067011833
0.18000000715255737300 -0.00602677417919039726
0.18999999761581420900 -0.00602596485987305641
0.20000000298023223900 -0.00602213107049465180
0.20999999344348907500 -0.00600984599441289902
0.21999999880790710400 -0.00600716378539800644
0.23000000417232513400 -0.00601752614602446556
0.23999999463558197000 -0.00603269506245851517
0.25000000000000000000 -0.00603979500010609627
0.25999999046325683600 -0.00604510679841041565
0.27000001072883606000 -0.00603263219818472862
0.28000000119209289500 -0.00601044809445738793
0.28999999165534973100 -0.00602000998333096504
0.30000001192092895500 -0.00601099291816353798
0.31000000238418579100 -0.00598929682746529579
0.31999999284744262700 -0.00598874501883983612
0.33000001311302185100 -0.00598818715661764145
0.34000000357627868600 -0.00599593482911586762
0.34999999403953552200 -0.00599719304591417313
0.36000001430511474600 -0.00599216623231768608
0.37000000476837158200 -0.00596905220299959183
0.37999999523162841800 -0.00594708882272243500
0.38999998569488525400 -0.00594891887158155442
0.40000000596046447700 -0.00592129817232489586
0.40999999642372131300 -0.00589942792430520058
0.41999998688697814900 -0.00589601323008537293
0.43000000715255737300 -0.00589127279818058014
0.43999999761581420900 -0.00588666088879108429
0.44999998807907104500 -0.00588061101734638214
0.46000000834465026800 -0.00585104292258620262
0.46999999880790710400 -0.00581322796642780304
0.47999998927116394000 -0.00578996306285262108
0.49000000953674316400 -0.00574555108323693276
0.50000000000000000000 -0.00568708078935742378
0.50999999046325683600 -0.00563299003988504410
0.51999998092651367200 -0.00557091692462563515
0.52999997138977050800 -0.00549459503963589668
0.54000002145767211900 -0.00539983110502362251
0.55000001192092895500 -0.00527621805667877197
0.56000000238418579100 -0.00511260004714131355
0.56999999284744262700 -0.00491478899493813515
0.57999998331069946300 -0.00470734015107154846
0.58999997377395629900 -0.00445257499814033508
0.60000002384185791000 -0.00416558608412742615
0.61000001430511474600 -0.00386161799542605877
0.62000000476837158200 -0.00352466595359146595
0.62999999523162841800 -0.00316674099303781986
0.63999998569488525400 -0.00278126192279160023
0.64999997615814209000 -0.00237070792354643345
0.66000002622604370100 -0.00193187501281499863
0.67000001668930053700 -0.00148639595136046410
0.68000000715255737300 -0.00102802296169102192
0.68999999761581420900 -0.00054260209435597062
0.69999998807907104500 -0.00008026161958696321
0.70999997854232788100 0.00036945281317457557
0.72000002861022949200 0.00083512108540162444
0.73000001907348632800 0.00138382695149630308
0.74000000953674316400 0.00188739399891346693
0.75000000000000000000 0.00239778799004852772
0.75999999046325683600 0.00291525293141603470
0.76999998092651367200 0.00343307992443442345
0.77999997138977050800 0.00395374977961182594
0.79000002145767211900 0.00448116613551974297
0.80000001192092895500 0.00501260906457901001
0.81000000238418579100 0.00554353278130292893
0.81999999284744262700 0.00608145492151379585
0.82999998331069946300 0.00662590796127915383
0.83999997377395629900 0.00717798201367259026
0.85000002384185791000 0.00773169612511992455
0.86000001430511474600 0.00829280260950326920
0.87000000476837158200 0.00885273981839418412
0.87999999523162841800 0.00940591655671596527
0.88999998569488525400 0.00998242758214473725
0.89999997615814209000 0.01008450984954833980
0.91000002622604370100 0.01061344984918832780
0.92000001668930053700 0.01115948986262083050
0.93000000715255737300 0.01173529028892517090
0.93999999761581420900 0.01229611970484256740
0.94999998807907104500 0.01286964956670999530
0.95999997854232788100 0.01346035022288560870
0.97000002861022949200 0.01405419036746025090
0.98000001907348632800 0.01466799993067979810
0.99000000953674316400 0.01528900023549795150
1.00000000000000000000 0.01590715907514095310
