-1.00000000000000000000 -0.00616597291082143784
-0.99000000953674316400 -0.00615907181054353714
-0.98000001907348632800 -0.00616366416215896607
-0.97000002861022949200 -0.00617194594815373421
-0.95999997854232788100 -0.00618982315063476563
-0.94999998807907104500 -0.00619736313819885254
-0.93999999761581420900 -0.00619768910109996796
-0.93000000715255737300 -0.00619697803631424904
-0.92000001668930053700 -0.00618429901078343392
-0.91000002622604370100 -0.00618849322199821472
-0.89999997615814209000 -0.00618338817730545998
-0.88999998569488525400 -0.00617509800940752030
-0.87999999523162841800 -0.00617615692317485810
-0.87000000476837158200 -0.00619012815877795220
-0.86000001430511474600 -0.00619998620823025704
-0.85000002384185791000 -0.00619871402159333229
-0.83999997377395629900 -0.00621069082990288735
-0.82999998331069946300 -0.00619474891573190689
-0.81999999284744262700 -0.00618282519280910492
-0.81000000238418579100 -0.00619191117584705353
-0.80000001192092895500 -0.00617500022053718567
-0.79000002145767211900 -0.00616351980715990067
-0.77999997138977050800 -0.00617612805217504502
-0.76999998092651367200 -0.00618220213800668717
-0.75999999046325683600 -0.00618401495739817620
-0.75000000000000000000 -0.00619913777336478234
-0.74000000953674316400 -0.00618668319657444954
-0.73000001907348632800 -0.00616343598812818527
-0.72000002861022949200 -0.00617022207006812096
-0.70999997854232788100 -0.00616392306983470917
-0.69999998807907104500 -0.00614591408520936966
-0.68999999761581420900 -0.00615281099453568459
-0.68000000715255737300 -0.00616054190322756768
-0.67000001668930053700 -0.00617141602560877800
-0.66000002622604370100 -0.00618892116472125054
-0.64999997615814209000 -0.00619588000699877739
-0.63999998569488525400 -0.00618598517030477524
-0.62999999523162841800 -0.00616685394197702408
-0.62000000476837158200 -0.00617848196998238564
-0.61000001430511474600 -0.00617256108671426773
-0.60000002384185791000 -0.00616117008030414582
-0.58999997377395629900 -0.00616265693679451943
-0.57999998331069946300 -0.00616836594417691231
-0.56999999284744262700 -0.00618346780538558960
-0.56000000238418579100 -0.00618386315181851387
-0.55000001192092895500 -0.00619112420827150345
-0.54000002145767211900 -0.00618102820590138436
-0.52999997138977050800 -0.00615298515185713768
-0.51999998092651367200 -0.00615908904001116753
-0.50999999046325683600 -0.00615708110854029656
-0.50000000000000000000 -0.00612798286601901055
-0.49000000953674316400 -0.00612556794658303261
-0.47999998927116394000 -0.00614001695066690445
-0.46999999880790710400 -0.00613210909068584442
-0.46000000834465026800 -0.00613988609984517098
-0.44999998807907104500 -0.00614623306319117546
-0.43999999761581420900 -0.00612408900633454323
-0.43000000715255737300 -0.00611120322719216347
-0.41999998688697814900 -0.00612974911928176880
-0.40999999642372131300 -0.00610792497172951698
-0.40000000596046447700 -0.00610233284533023834
-0.38999998569488525400 -0.00612128898501396179
-0.37999999523162841800 -0.00612142495810985565
-0.37000000476837158200 -0.00613811518996953964
-0.36000001430511474600 -0.00615345500409603119
-0.34999999403953552200 -0.00614158902317285538
-0.34000000357627868600 -0.00612952001392841339
-0.33000001311302185100 -0.00613876013085246086
-0.31999999284744262700 -0.00612168805673718453
-0.31000000238418579100 -0.00610794592648744583
-0.30000001192092895500 -0.00611393107101321221
-0.28999999165534973100 -0.00610555196180939675
-0.28000000119209289500 -0.00612190412357449532
-0.27000001072883606000 -0.00613915408030152321
-0.25999999046325683600 -0.00613589119166135788
-0.25000000000000000000 -0.00612952001392841339
-0.23999999463558197000 -0.00611527403816580773
-0.23000000417232513400 -0.00610495498403906822
-0.21999999880790710400 -0.00610533589497208596
-0.20999999344348907500 -0.00609550718218088150
-0.20000000298023223900 -0.00608114292845129967
-0.18999999761581420900 -0.00609444500878453255
-0.18000000715255737300 -0.00610832776874303818
-0.17000000178813934300 -0.00610445486381649971
-0.15999999642372131300 -0.00611622678115963936
-0.15000000596046447800 -0.00611065980046987534
-0.14000000059604644800 -0.00607790704816579819
-0.12999999523162841800 -0.00609830394387245178
-0.11999999731779098500 -0.00609854795038700104
-0.10999999940395355200 -0.00606914609670639038
-0.10000000149011611900 -0.00608299300074577332
-0.09000000357627868650 -0.00609148712828755379
-0.07999999821186065670 -0.00609881989657878876
-0.07000000029802322390 -0.00611073710024356842
-0.05999999865889549260 -0.00611703982576727867
-0.05000000074505805970 -0.00609600404277443886
-0.03999999910593032840 -0.00608714995905756951
-0.02999999932944774630 -0.00609749509021639824
-0.01999999955296516420 -0.00608152803033590317
-0.00999999977648258210 -0.00607243413105607033
0.00000000000000000000 -0.00607252679765224457
0.00999999977648258210 -0.00607103109359741211
0.01999999955296516420 -0.00607774499803781510
0.02999999932944774630 -0.00609044078737497330
0.03999999910593032840 -0.00607773987576365471
0.05000000074505805970 -0.00606893002986907959
0.05999999865889549260 -0.00604835012927651406
0.07000000029802322390 -0.00603954214602708817
0.07999999821186065670 -0.00603381218388676644
0.09000000357627868650 -0.00601144414395093918
0.10000000149011611900 -0.00600168015807867050
0.10999999940395355200 -0.00601468514651060105
0.11999999731779098500 -0.00602790992707014084
0.12999999523162841800 -0.00601908192038536072
0.14000000059604644800 -0.00603534514084458351
0.15000000596046447800 -0.00602668104693293572
0.15999999642372131300 -0.00599947292357683182
0.17000000178813934300 -0.00601537618786096573
0.18000000715255737300 -0.00600926578044891358
0.18999999761581420900 -0.00598572986200451851
0.20000000298023223900 -0.00599462212994694710
0.20999999344348907500 -0.00600395910441875458
0.21999999880790710400 -0.00599891413003206253
0.23000000417232513400 -0.00600893981754779816
0.23999999463558197000 -0.00600562896579504013
0.25000000000000000000 -0.00597461918368935585
0.25999999046325683600 -0.00596274901181459427
0.27000001072883606000 -0.00595928402617573738
0.28000000119209289500 -0.00593136297538876534
0.28999999165534973100 -0.00591243989765644074
0.30000001192092895500 -0.00590834720060229302
0.31000000238418579100 -0.00588739104568958283
0.31999999284744262700 -0.00588142685592174530
0.33000001311302185100 -0.00586423091590404511
0.34000000357627868600 -0.00582638615742325783
0.34999999403953552200 -0.00577415619045495987
0.36000001430511474600 -0.00573294376954436302
0.37000000476837158200 -0.00567377218976616860
0.37999999523162841800 -0.00560638215392827988
0.38999998569488525400 -0.00553828105330467224
0.40000000596046447700 -0.00546040199697017670
0.40999999642372131300 -0.00538335321471095085
0.41999998688697814900 -0.00529237184673547745
0.43000000715255737300 -0.00518507696688175202
0.43999999761581420900 -0.00506695220246911049
0.44999998807907104500 -0.00492830388247966766
0.46000000834465026800 -0.00479321181774139404
0.46999999880790710400 -0.00464806798845529556
0.47999998927116394000 -0.00448355218395590782
0.49000000953674316400 -0.00431913882493972778
0.50000000000000000000 -0.00415505515411496163
0.50999999046325683600 -0.00398105895146727562
0.51999998092651367200 -0.00379988201893866062
0.52999997138977050800 -0.00361637189052999020
0.54000002145767211900 -0.00341839203611016274
0.55000001192092895500 -0.00321183400228619576
0.56000000238418579100 -0.00301410700194537640
0.56999999284744262700 -0.00280392495915293694
0.57999998331069946300 -0.00258708302862942219
0.58999997377395629900 -0.00237599504180252552
0.60000002384185791000 -0.00215925998054444790
0.61000001430511474600 -0.00194095901679247618
0.62000000476837158200 -0.00172075303271412849
0.62999999523162841800 -0.00149566400796175003
0.63999998569488525400 -0.00126516295131295919
0.64999997615814209000 -0.00103326700627803803
0.66000002622604370100 -0.00077017571311444044
0.67000001668930053700 -0.00054535677190870047
0.68000000715255737300 -0.00032121920958161354
0.68999999761581420900 -0.00009546783257974312
0.69999998807907104500 0.00012555970170069486
0.70999997854232788100 0.00035306680365465581
0.72000002861022949200 0.00058239308418706059
0.73000001907348632800 0.00081726838834583759
0.74000000953674316400 0.00109583197627216578
0.75000000000000000000 0.00133894395548850298
0.75999999046325683600 0.00158402300439774990
0.76999998092651367200 0.00183458905667066574
0.77999997138977050800 0.00208027893677353859
0.79000002145767211900 0.00232852390035986900
0.80000001192092895500 0.00258003803901374340
0.81000000238418579100 0.00282989302650094032
0.81999999284744262700 0.00307937595061957836
0.82999998331069946300 0.00333040510304272175
0.83999997377395629900 0.00358180794864892960
0.85000002384185791000 0.00383297097869217396
0.86000001430511474600 0.00408850191161036492
0.87000000476837158200 0.00434368988499045372
0.87999999523162841800 0.00459671299904584885
0.88999998569488525400 0.00485294498503208161
0.89999997615814209000 0.00510947499424219132
0.91000002622604370100 0.00536473421379923821
0.92000001668930053700 0.00562148820608854294
0.93000000715255737300 0.00587722007185220719
0.93999999761581420900 0.00613487279042601586
0.94999998807907104500 0.00639301817864179611
0.95999997854232788100 0.00665096798911690712
0.97000002861022949200 0.00691053690388798714
0.98000001907348632800 0.00716992281377315522
0.99000000953674316400 0.00742895388975739479
1.00000000000000000000 0.00768939405679702759
