-1.00000000000000000000 -0.00599498115479946137
-0.99000000953674316400 -0.00599422119557857514
-0.98000001907348632800 -0.00596157787367701531
-0.97000002861022949200 -0.00598278408870100975
-0.95999997854232788100 -0.00598323298618197441
-0.94999998807907104500 -0.00594950001686811447
-0.93999999761581420900 -0.00595871498808264733
-0.93000000715255737300 -0.00597451021894812584
-0.92000001668930053700 -0.00597344385460019112
-0.91000002622604370100 -0.00599075620993971825
-0.89999997615814209000 -0.00600033020600676537
-0.88999998569488525400 -0.00597953516989946366
-0.87999999523162841800 -0.00597163708880543709
-0.87000000476837158200 -0.00598580017685890198
-0.86000001430511474600 -0.00596466613933444023
-0.85000002384185791000 -0.00596273690462112427
-0.83999997377395629900 -0.00597056187689304352
-0.82999998331069946300 -0.00597135908901691437
-0.81999999284744262700 -0.00599813880398869515
-0.81000000238418579100 -0.00600253278389573097
-0.80000001192092895500 -0.00598948122933506966
-0.79000002145767211900 -0.00598186301067471504
-0.77999997138977050800 -0.00598521390929818154
-0.76999998092651367200 -0.00597334187477827072
-0.75999999046325683600 -0.00596674997359514237
-0.75000000000000000000 -0.00596056599169969559
-0.74000000953674316400 -0.00596346193924546242
-0.73000001907348632800 -0.00598790915682911873
-0.72000002861022949200 -0.00598501320928335190
-0.70999997854232788100 -0.00599467009305953980
-0.69999998807907104500 -0.00599294202402234078
-0.68999999761581420900 -0.00596556393429636955
-0.68000000715255737300 -0.00597649812698364258
-0.67000001668930053700 -0.00598338898271322251
-0.66000002622604370100 -0.00595618877559900284
-0.64999997615814209000 -0.00595412310212850571
-0.63999998569488525400 -0.00598208000883460045
-0.62999999523162841800 -0.00598033610731363297
-0.62000000476837158200 -0.00598616292700171471
-0.61000001430511474600 -0.00600448017939925194
-0.60000002384185791000 -0.00597572512924671173
-0.58999997377395629900 -0.00596202211454510689
-0.57999998331069946300 -0.00598575314506888390
-0.56999999284744262700 -0.00595039781183004379
-0.56000000238418579100 -0.00593642285093665123
-0.55000001192092895500 -0.00596131710335612297
-0.54000002145767211900 -0.00594689091667532921
-0.52999997138977050800 -0.00595971010625362396
-0.51999998092651367200 -0.00598065601661801338
-0.50999999046325683600 -0.00595585815608501434
-0.50000000000000000000 -0.00593919819220900536
-0.49000000953674316400 -0.00596384378150105477
-0.47999998927116394000 -0.00593927782028913498
-0.46999999880790710400 -0.00592460902407765389
-0.46000000834465026800 -0.00594455981627106667
-0.44999998807907104500 -0.00593219976872205734
-0.43999999761581420900 -0.00595205416902899742
-0.43000000715255737300 -0.00597649579867720604
-0.41999998688697814900 -0.00596487382426857948
-0.40999999642372131300 -0.00595847703516483307
-0.40000000596046447700 -0.00595276197418570519
-0.38999998569488525400 -0.00595009699463844300
-0.37999999523162841800 -0.00594811979681253433
-0.37000000476837158200 -0.00593961309641599655
-0.36000001430511474600 -0.00593350781127810478
-0.34999999403953552200 -0.00595560111105442047
-0.34000000357627868600 -0.00596886780112981796
-0.33000001311302185100 -0.00596519093960523606
-0.31999999284744262700 -0.00596863497048616410
-0.31000000238418579100 -0.00595236802473664284
-0.30000001192092895500 -0.00594853283837437630
-0.28999999165534973100 -0.00595725700259208679
-0.28000000119209289500 -0.00593341281637549400
-0.27000001072883606000 -0.00592732802033424378
-0.25999999046325683600 -0.00594898313283920288
-0.25000000000000000000 -0.00595470704138278961
-0.23999999463558197000 -0.00595647981390357018
-0.23000000417232513400 -0.00597780896350741387
-0.21999999880790710400 -0.00595680717378854752
-0.20999999344348907500 -0.00592786399647593498
-0.20000000298023223900 -0.00595652405172586441
-0.18999999761581420900 -0.00593550410121679306
-0.18000000715255737300 -0.00591351883485913277
-0.17000000178813934300 -0.00593769410625100136
-0.15999999642372131300 -0.00593367079272866249
-0.15000000596046447800 -0.00594155816361308098
-0.14000000059604644800 -0.00596385216340422630
-0.12999999523162841800 -0.00594314606860280037
-0.11999999731779098500 -0.00592657877132296562
-0.10999999940395355200 -0.00594894308596849442
-0.10000000149011611900 -0.00592733686789870262
-0.09000000357627868650 -0.00590812321752309799
-0.07999999821186065670 -0.00592103414237499237
-0.07000000029802322390 -0.00591130508109927178
-0.05999999865889549260 -0.00592676922678947449
-0.05000000074505805970 -0.00595036288723349571
-0.03999999910593032840 -0.00594008294865489006
-0.02999999932944774630 -0.00593209778890013695
-0.01999999955296516420 -0.00592166883870959282
-0.00999999977648258210 -0.00591974519193172455
0.00000000000000000000 -0.00591375492513179779
0.00999999977648258210 -0.00590673601254820824
0.01999999955296516420 -0.00589679414406418801
0.02999999932944774630 -0.00589859904721379280
0.03999999910593032840 -0.00591978989541530609
0.05000000074505805970 -0.00591499079018831253
0.05999999865889549260 -0.00592331495136022568
0.07000000029802322390 -0.00592313800007104874
0.07999999821186065670 -0.00588594516739249230
0.09000000357627868650 -0.00589869497343897820
0.10000000149011611900 -0.00590351410210132599
0.10999999940395355200 -0.00586351379752159119
0.11999999731779098500 -0.00588295795023441315
0.12999999523162841800 -0.00590499490499496460
0.14000000059604644800 -0.00589539995416998863
0.15000000596046447800 -0.00590640120208263397
0.15999999642372131300 -0.00591526692733168602
0.17000000178813934300 -0.00587754091247916222
0.18000000715255737300 -0.00587956188246607781
0.18999999761581420900 -0.00588499102741479874
0.20000000298023223900 -0.00584850786253809929
0.20999999344348907500 -0.00584818283095955849
0.21999999880790710400 -0.00585580989718437195
0.23000000417232513400 -0.00584909180179238320
0.23999999463558197000 -0.00585782621055841446
0.25000000000000000000 -0.00586119713261723519
0.25999999046325683600 -0.00582943903282284737
0.27000001072883606000 -0.00580951292067766190
0.28000000119209289500 -0.00581105798482894898
0.28999999165534973100 -0.00578593509271740914
0.30000001192092895500 -0.00576727977022528649
0.31000000238418579100 -0.00575873907655477524
0.31999999284744262700 -0.00574825378134846688
0.33000001311302185100 -0.00575250200927257538
0.34000000357627868600 -0.00573972892016172409
0.34999999403953552200 -0.00571589777246117592
0.36000001430511474600 -0.00569000095129013062
0.37000000476837158200 -0.00566040119156241417
0.37999999523162841800 -0.00563436606898903847
0.38999998569488525400 -0.00560899917036294937
0.40000000596046447700 -0.00557613978162407875
0.40999999642372131300 -0.00555189279839396477
0.41999998688697814900 -0.00554564921185374260
0.43000000715255737300 -0.00551527598872780800
0.43999999761581420900 -0.00548672815784811974
0.44999998807907104500 -0.00545859895646572113
0.46000000834465026800 -0.00539180496707558632
0.46999999880790710400 -0.00535677978768944740
0.47999998927116394000 -0.00531963678076863289
0.49000000953674316400 -0.00524306902661919594
0.50000000000000000000 -0.00518732005730271340
0.50999999046325683600 -0.00514529598876833916
0.51999998092651367200 -0.00507331592962145806
0.52999997138977050800 -0.00499727809801697731
0.54000002145767211900 -0.00491990521550178528
0.55000001192092895500 -0.00478499103337526322
0.56000000238418579100 -0.00465354882180690766
0.56999999284744262700 -0.00451848097145557404
0.57999998331069946300 -0.00432402780279517174
0.58999997377395629900 -0.00412124115973711014
0.60000002384185791000 -0.00389669998548924923
0.61000001430511474600 -0.00362711492925882340
0.62000000476837158200 -0.00332872499711811543
0.62999999523162841800 -0.00299217505380511284
0.63999998569488525400 -0.00259923306293785572
0.64999997615814209000 -0.00217698304913938046
0.66000002622604370100 -0.00173303100746124983
0.67000001668930053700 -0.00124225905165076256
0.68000000715255737300 -0.00071678718086332083
0.68999999761581420900 -0.00020944639982189983
0.69999998807907104500 0.00031023309566080570
0.70999997854232788100 0.00090132129844278097
0.72000002861022949200 0.00154692400246858597
0.73000001907348632800 0.00219295499846339226
0.74000000953674316400 0.00284602702595293522
0.75000000000000000000 0.00351871899329125881
0.75999999046325683600 0.00420921621844172478
0.76999998092651367200 0.00490784505382180214
0.77999997138977050800 0.00562328705564141274
0.79000002145767211900 0.00635025510564446450
0.80000001192092895500 0.00708669517189264298
0.81000000238418579100 0.00783915817737579346
0.81999999284744262700 0.00859534926712512970
0.82999998331069946300 0.00936258770525455475
0.83999997377395629900 0.01014383044093847270
0.85000002384185791000 0.01038498990237712860
0.86000001430511474600 0.01113572996109724040
0.87000000476837158200 0.01190306991338729860
0.87999999523162841800 0.01267191022634506230
0.88999998569488525400 0.01343762967735528950
0.89999997615814209000 0.01422226987779140470
0.91000002622604370100 0.01501107960939407350
0.92000001668930053700 0.01579749025404453280
0.93000000715255737300 0.01659893989562988280
0.93999999761581420900 0.01740269921720027920
0.94999998807907104500 0.01819523982703685760
0.95999997854232788100 0.01900495029985904690
0.97000002861022949200 0.01982297003269195560
0.98000001907348632800 0.02062591910362243650
0.99000000953674316400 0.02144585922360420230
1.00000000000000000000 0.02226765081286430360
