-1.00000000000000000000 -0.00604667887091636658
-0.99000000953674316400 -0.00605639489367604256
-0.98000001907348632800 -0.00604618201032280922
-0.97000002861022949200 -0.00603277515619993210
-0.95999997854232788100 -0.00604179408401250839
-0.94999998807907104500 -0.00604681391268968582
-0.93999999761581420900 -0.00605979003012180329
-0.93000000715255737300 -0.00606929510831832886
-0.92000001668930053700 -0.00605844287201762200
-0.91000002622604370100 -0.00603333488106727600
-0.89999997615814209000 -0.00602808780968189240
-0.88999998569488525400 -0.00602961890399456024
-0.87999999523162841800 -0.00600386410951614380
-0.87000000476837158200 -0.00600094301626086235
-0.86000001430511474600 -0.00601004017516970635
-0.85000002384185791000 -0.00601988518610596657
-0.83999997377395629900 -0.00602635415270924568
-0.82999998331069946300 -0.00604632217437028885
-0.81999999284744262700 -0.00603205617517232895
-0.81000000238418579100 -0.00601611798629164696
-0.80000001192092895500 -0.00603665085509419441
-0.79000002145767211900 -0.00603225501254200936
-0.77999997138977050800 -0.00600888021290302277
-0.76999998092651367200 -0.00602332502603530884
-0.75999999046325683600 -0.00603774003684520722
-0.75000000000000000000 -0.00604109605774283409
-0.74000000953674316400 -0.00605748780071735382
-0.73000001907348632800 -0.00606583710759878159
-0.72000002861022949200 -0.00604560598731040955
-0.70999997854232788100 -0.00604077009484171868
-0.69999998807907104500 -0.00605381606146693230
-0.68999999761581420900 -0.00603414000943303108
-0.68000000715255737300 -0.00602676114067435265
-0.67000001668930053700 -0.00603378005325794220
-0.66000002622604370100 -0.00603831605985760689
-0.64999997615814209000 -0.00605755811557173729
-0.63999998569488525400 -0.00605785194784402848
-0.62999999523162841800 -0.00605403678491711617
-0.62000000476837158200 -0.00603829091414809227
-0.61000001430511474600 -0.00603497913107275963
-0.60000002384185791000 -0.00603539403527975083
-0.58999997377395629900 -0.00602249801158905030
-0.57999998331069946300 -0.00601411517709493637
-0.56999999284744262700 -0.00602546380832791329
-0.56000000238418579100 -0.00603528879582881928
-0.55000001192092895500 -0.00603960780426859856
-0.54000002145767211900 -0.00605806615203619004
-0.52999997138977050800 -0.00603971397504210472
-0.51999998092651367200 -0.00602607801556587219
-0.50999999046325683600 -0.00604386907070875168
-0.50000000000000000000 -0.00603336421772837639
-0.49000000953674316400 -0.00601383903995156288
-0.47999998927116394000 -0.00601581810042262078
-0.46999999880790710400 -0.00602330779656767845
-0.46000000834465026800 -0.00602972088381648064
-0.44999998807907104500 -0.00604711007326841355
-0.43999999761581420900 -0.00605121487751603127
-0.43000000715255737300 -0.00603858707472681999
-0.41999998688697814900 -0.00601859297603368759
-0.40999999642372131300 -0.00602556020021438599
-0.40000000596046447700 -0.00601767608895897866
-0.38999998569488525400 -0.00599789107218384743
-0.37999999523162841800 -0.00599695509299635887
-0.37000000476837158200 -0.00599942076951265335
-0.36000001430511474600 -0.00600782083347439766
-0.34999999403953552200 -0.00600978592410683632
-0.34000000357627868600 -0.00600606203079223633
-0.33000001311302185100 -0.00599510082975029946
-0.31999999284744262700 -0.00597766414284706116
-0.31000000238418579100 -0.00598983000963926316
-0.30000001192092895500 -0.00598719995468854904
-0.28999999165534973100 -0.00597424898296594620
-0.28000000119209289500 -0.00597947696223855019
-0.27000001072883606000 -0.00599847082048654556
-0.25999999046325683600 -0.00600777380168437958
-0.25000000000000000000 -0.00601850822567939758
-0.23999999463558197000 -0.00602100696414709091
-0.23000000417232513400 -0.00600250903517007828
-0.21999999880790710400 -0.00600655889138579369
-0.20999999344348907500 -0.00601638201624155045
-0.20000000298023223900 -0.00599498488008975983
-0.18999999761581420900 -0.00599275296553969383
-0.18000000715255737300 -0.00600536679849028588
-0.17000000178813934300 -0.00600535003468394280
-0.15999999642372131300 -0.00601959321647882462
-0.15000000596046447800 -0.00603148806840181351
-0.14000000059604644800 -0.00601727608591318131
-0.12999999523162841800 -0.00599863100796937943
-0.11999999731779098500 -0.00600816402584314346
-0.10999999940395355200 -0.00600074185058474541
-0.10000000149011611900 -0.00598136987537145615
-0.09000000357627868650 -0.00597988395020365715
-0.07999999821186065670 -0.00598226021975278855
-0.07000000029802322390 -0.00599814485758543015
-0.05999999865889549260 -0.00600470695644617081
-0.05000000074505805970 -0.00600733794271945954
-0.03999999910593032840 -0.00599893694743514061
-0.02999999932944774630 -0.00598036590963602066
-0.01999999955296516420 -0.00599253317341208458
-0.00999999977648258210 -0.00598822021856904030
0.00000000000000000000 -0.00596847105771303177
0.00999999977648258210 -0.00596862379461526871
0.01999999955296516420 -0.00598186999559402466
0.02999999932944774630 -0.00598948588594794274
0.03999999910593032840 -0.00600089505314826966
0.05000000074505805970 -0.00600984506309032440
0.05999999865889549260 -0.00599861983209848404
0.07000000029802322390 -0.00598078779876232147
0.07999999821186065670 -0.00599319720640778542
0.09000000357627868650 -0.00598287489265203476
0.10000000149011611900 -0.00595878297463059426
0.10999999940395355200 -0.00596307404339313507
0.11999999731779098500 -0.00597156677395105362
0.12999999523162841800 -0.00597197003662586212
0.14000000059604644800 -0.00598026486113667488
0.15000000596046447800 -0.00598151795566082001
0.15999999642372131300 -0.00595455989241600037
0.17000000178813934300 -0.00593791203573346138
0.18000000715255737300 -0.00594499101862311363
0.18999999761581420900 -0.00593007402494549752
0.20000000298023223900 -0.00591571116819977760
0.20999999344348907500 -0.00591547321528196335
0.21999999880790710400 -0.00592104019597172737
0.23000000417232513400 -0.00593628082424402237
0.23999999463558197000 -0.00594442617148160935
0.25000000000000000000 -0.00594177516177296639
0.25999999046325683600 -0.00592794921249151230
0.27000001072883606000 -0.00591959897428750992
0.28000000119209289500 -0.00592723302543163300
0.28999999165534973100 -0.00591336004436016083
0.30000001192092895500 -0.00590249802917242050
0.31000000238418579100 -0.00590780097991228104
0.31999999284744262700 -0.00591423688456416130
0.33000001311302185100 -0.00592008186504244805
0.34000000357627868600 -0.00592554314061999321
0.34999999403953552200 -0.00591146480292081833
0.36000001430511474600 -0.00588360521942377091
0.37000000476837158200 -0.00589073402807116509
0.37999999523162841800 -0.00588013511151075363
0.38999998569488525400 -0.00584967387840151787
0.40000000596046447700 -0.00584314018487930298
0.40999999642372131300 -0.00584091804921627045
0.41999998688697814900 -0.00583375291898846626
0.43000000715255737300 -0.00582910282537341118
0.43999999761581420900 -0.00582009181380271912
0.44999998807907104500 -0.00577620184049010277
0.46000000834465026800 -0.00574046699330210686
0.46999999880790710400 -0.00572368688881397248
0.47999998927116394000 -0.00567787187173962593
0.49000000953674316400 -0.00562411500141024590
0.50000000000000000000 -0.00557492999359965325
0.50999999046325683600 -0.00551667716354131699
0.51999998092651367200 -0.00544881122186779976
0.52999997138977050800 -0.00535746291279792786
0.54000002145767211900 -0.00523870112374424935
0.55000001192092895500 -0.00507743516936898232
0.56000000238418579100 -0.00490114511922001839
0.56999999284744262700 -0.00470966799184679985
0.57999998331069946300 -0.00447465479373931885
0.58999997377395629900 -0.00421075103804469109
0.60000002384185791000 -0.00393663393333554268
0.61000001430511474600 -0.00363323092460632324
0.62000000476837158200 -0.00331183709204196930
0.62999999523162841800 -0.00296813109889626503
0.63999998569488525400 -0.00259483791887760162
0.64999997615814209000 -0.00220157299190759659
0.66000002622604370100 -0.00180852704215794802
0.67000001668930053700 -0.00139330804813653231
0.68000000715255737300 -0.00093223067233338952
0.68999999761581420900 -0.00051227147923782468
0.69999998807907104500 -0.00008380148210562766
0.70999997854232788100 0.00033911879290826619
0.72000002861022949200 0.00078445882536470890
0.73000001907348632800 0.00130109500605612993
0.74000000953674316400 0.00178611499723047018
0.75000000000000000000 0.00228507397696375847
0.75999999046325683600 0.00279537797905504704
0.76999998092651367200 0.00331141403876245022
0.77999997138977050800 0.00384188001044094563
0.79000002145767211900 0.00438481708988547325
0.80000001192092895500 0.00492942519485950470
0.81000000238418579100 0.00549121014773845673
0.81999999284744262700 0.00606644991785287857
0.82999998331069946300 0.00664945319294929505
0.83999997377395629900 0.00724549219012260437
0.85000002384185791000 0.00785353593528270722
0.86000001430511474600 0.00846490822732448578
0.87000000476837158200 0.00908247753977775574
0.87999999523162841800 0.00972326844930648804
0.88999998569488525400 0.01035923976451158520
0.89999997615814209000 0.01049480028450489040
0.91000002622604370100 0.01110535021871328350
0.92000001668930053700 0.01174018997699022290
0.93000000715255737300 0.01238131988793611530
0.93999999761581420900 0.01302285026758909230
0.94999998807907104500 0.01367479003965854640
0.95999997854232788100 0.01433940976858139040
0.97000002861022949200 0.01502045989036560060
0.98000001907348632800 0.01569622941315174100
0.99000000953674316400 0.01638861931860446930
1.00000000000000000000 0.01707799918949604030
