-1.00000000000000000000 -0.00603748299181461334
-0.99000000953674316400 -0.00601609516888856888
-0.98000001907348632800 -0.00601323880255222321
-0.97000002861022949200 -0.00602660700678825379
-0.95999997854232788100 -0.00603476306423544884
-0.94999998807907104500 -0.00604956783354282379
-0.93999999761581420900 -0.00606296304613351822
-0.93000000715255737300 -0.00604620296508073807
-0.92000001668930053700 -0.00603309879079461098
-0.91000002622604370100 -0.00605058390647172928
-0.89999997615814209000 -0.00603884179145097733
-0.88999998569488525400 -0.00602245004847645760
-0.87999999523162841800 -0.00602863403037190438
-0.87000000476837158200 -0.00603632209822535515
-0.86000001430511474600 -0.00605001300573348999
-0.85000002384185791000 -0.00605736300349235535
-0.83999997377395629900 -0.00605946779251098633
-0.82999998331069946300 -0.00604197708889842034
-0.81999999284744262700 -0.00602491013705730438
-0.81000000238418579100 -0.00603097211569547653
-0.80000001192092895500 -0.00601184600964188576
-0.79000002145767211900 -0.00599829386919736862
-0.77999997138977050800 -0.00600114604458212853
-0.76999998092651367200 -0.00600655796006321907
-0.75999999046325683600 -0.00601414497941732407
-0.75000000000000000000 -0.00602677697315812111
-0.74000000953674316400 -0.00601770915091037750
-0.73000001907348632800 -0.00600171694532036782
-0.72000002861022949200 -0.00601190794259309769
-0.70999997854232788100 -0.00601170118898153305
-0.69999998807907104500 -0.00599484611302614212
-0.68999999761581420900 -0.00600049318745732308
-0.68000000715255737300 -0.00601514382287859917
-0.67000001668930053700 -0.00602337205782532692
-0.66000002622604370100 -0.00603771116584539414
-0.64999997615814209000 -0.00605204701423645020
-0.63999998569488525400 -0.00603646598756313324
-0.62999999523162841800 -0.00602161791175603867
-0.62000000476837158200 -0.00603542011231184006
-0.61000001430511474600 -0.00602107588201761246
-0.60000002384185791000 -0.00601317221298813820
-0.58999997377395629900 -0.00602150009945034981
-0.57999998331069946300 -0.00602068286389112473
-0.56999999284744262700 -0.00603580893948674202
-0.56000000238418579100 -0.00604503601789474488
-0.55000001192092895500 -0.00604067603126168251
-0.54000002145767211900 -0.00602917512878775597
-0.52999997138977050800 -0.00601401412859559059
-0.51999998092651367200 -0.00602011894807219506
-0.50999999046325683600 -0.00600336398929357529
-0.50000000000000000000 -0.00599342212080955506
-0.49000000953674316400 -0.00599942496046423912
-0.47999998927116394000 -0.00600851979106664658
-0.46999999880790710400 -0.00601687282323837280
-0.46000000834465026800 -0.00603357981890439987
-0.44999998807907104500 -0.00601794989779591561
-0.43999999761581420900 -0.00599959399551153183
-0.43000000715255737300 -0.00601198896765708924
-0.41999998688697814900 -0.00600384501740336418
-0.40999999642372131300 -0.00598586490377783776
-0.40000000596046447700 -0.00599262584000825882
-0.38999998569488525400 -0.00600743200629949570
-0.37999999523162841800 -0.00601603090763092041
-0.37000000476837158200 -0.00603001005947589874
-0.36000001430511474600 -0.00603713002055883408
-0.34999999403953552200 -0.00602550711482763291
-0.34000000357627868600 -0.00600420404225587845
-0.33000001311302185100 -0.00601786095649003983
-0.31999999284744262700 -0.00600713398307561875
-0.31000000238418579100 -0.00599114503711462021
-0.30000001192092895500 -0.00600008200854063034
-0.28999999165534973100 -0.00600406900048255921
-0.28000000119209289500 -0.00601605093106627464
-0.27000001072883606000 -0.00601652078330516815
-0.25999999046325683600 -0.00601263809949159622
-0.25000000000000000000 -0.00599406613036990166
-0.23999999463558197000 -0.00598545093089342118
-0.23000000417232513400 -0.00598036777228116989
-0.21999999880790710400 -0.00596733717247843743
-0.20999999344348907500 -0.00596160208806395531
-0.20000000298023223900 -0.00596310896798968315
-0.18999999761581420900 -0.00598055683076381684
-0.18000000715255737300 -0.00598466582596302033
-0.17000000178813934300 -0.00599983707070350647
-0.15999999642372131300 -0.00598551286384463310
-0.15000000596046447800 -0.00597287202253937721
-0.14000000059604644800 -0.00598778016865253449
-0.12999999523162841800 -0.00598412519320845604
-0.11999999731779098500 -0.00596853904426097870
-0.10999999940395355200 -0.00597160588949918747
-0.10000000149011611900 -0.00598144717514514923
-0.09000000357627868650 -0.00598958320915699005
-0.07999999821186065670 -0.00600188691169023514
-0.07000000029802322390 -0.00601319177076220513
-0.05999999865889549260 -0.00599610013887286186
-0.05000000074505805970 -0.00598294707015156746
-0.03999999910593032840 -0.00599703891202807427
-0.02999999932944774630 -0.00598429515957832337
-0.01999999955296516420 -0.00596895487979054451
-0.00999999977648258210 -0.00598133215680718422
0.00000000000000000000 -0.00598013401031494141
0.00999999977648258210 -0.00598799576982855797
0.01999999955296516420 -0.00599391385912895203
0.02999999932944774630 -0.00600415188819169998
0.03999999910593032840 -0.00598301319405436516
0.05000000074505805970 -0.00596030708402395249
0.05999999865889549260 -0.00597213720902800560
0.07000000029802322390 -0.00596627779304981232
0.07999999821186065670 -0.00594244198873639107
0.09000000357627868650 -0.00594829395413398743
0.10000000149011611900 -0.00596547313034534455
0.10999999940395355200 -0.00597711279988288880
0.11999999731779098500 -0.00598227605223655701
0.12999999523162841800 -0.00598174799233675003
0.14000000059604644800 -0.00597171811386942864
0.15000000596046447800 -0.00595613382756710053
0.15999999642372131300 -0.00596962822601199150
0.17000000178813934300 -0.00595666607841849327
0.18000000715255737300 -0.00594068178907036782
0.18999999761581420900 -0.00595567515119910240
0.20000000298023223900 -0.00596537208184599877
0.20999999344348907500 -0.00596811994910240174
0.21999999880790710400 -0.00597729580476880074
0.23000000417232513400 -0.00597196212038397789
0.23999999463558197000 -0.00594294117763638497
0.25000000000000000000 -0.00595206301659345627
0.25999999046325683600 -0.00594389392063021660
0.27000001072883606000 -0.00591577077284455300
0.28000000119209289500 -0.00591278821229934693
0.28999999165534973100 -0.00591383501887321472
0.30000001192092895500 -0.00591593980789184570
0.31000000238418579100 -0.00591430021449923516
0.31999999284744262700 -0.00591591000556945801
0.33000001311302185100 -0.00589721603319048882
0.34000000357627868600 -0.00587168894708156586
0.34999999403953552200 -0.00587635301053524018
0.36000001430511474600 -0.00586832687258720398
0.37000000476837158200 -0.00584227778017520905
0.37999999523162841800 -0.00584676908329129219
0.38999998569488525400 -0.00585294514894485474
0.40000000596046447700 -0.00585321616381406784
0.40999999642372131300 -0.00585483899340033531
0.41999998688697814900 -0.00584877515211701393
0.43000000715255737300 -0.00582306319847702980
0.43999999761581420900 -0.00580252520740032196
0.44999998807907104500 -0.00578765803948044777
0.46000000834465026800 -0.00575180677697062493
0.46999999880790710400 -0.00572204589843750000
0.47999998927116394000 -0.00570420688018202782
0.49000000953674316400 -0.00567846093326807022
0.50000000000000000000 -0.00563237909227609635
0.50999999046325683600 -0.00558472611010074616
0.51999998092651367200 -0.00550386914983391762
0.52999997138977050800 -0.00539276422932744026
0.54000002145767211900 -0.00529597513377666474
0.55000001192092895500 -0.00515821017324924469
0.56000000238418579100 -0.00497759087011218071
0.56999999284744262700 -0.00479719182476401329
0.57999998331069946300 -0.00458613084629178047
0.58999997377395629900 -0.00434208288788795471
0.60000002384185791000 -0.00406752713024616242
0.61000001430511474600 -0.00376628409139811993
0.62000000476837158200 -0.00342189101502299309
0.62999999523162841800 -0.00305792293511331082
0.63999998569488525400 -0.00268718809820711613
0.64999997615814209000 -0.00227702199481427670
0.66000002622604370100 -0.00185776699800044298
0.67000001668930053700 -0.00142540398519486189
0.68000000715255737300 -0.00094543962040916085
0.68999999761581420900 -0.00050512782763689756
0.69999998807907104500 -0.00005844537008670159
0.70999997854232788100 0.00039882288547232747
0.72000002861022949200 0.00086817197734490037
0.73000001907348632800 0.00141719100065529347
0.74000000953674316400 0.00193724897690117359
0.75000000000000000000 0.00246942089870572090
0.75999999046325683600 0.00300704501569271088
0.76999998092651367200 0.00355015695095062256
0.77999997138977050800 0.00411272700875997543
0.79000002145767211900 0.00467287702485918999
0.80000001192092895500 0.00525040784850716591
0.81000000238418579100 0.00584048405289649964
0.81999999284744262700 0.00642989622429013252
0.82999998331069946300 0.00703104911372065544
0.83999997377395629900 0.00763794593513011933
0.85000002384185791000 0.00825455505400896073
0.86000001430511474600 0.00888130813837051392
0.87000000476837158200 0.00951846223324537278
0.87999999523162841800 0.01015418022871017460
0.88999998569488525400 0.01030846964567899700
0.89999997615814209000 0.01093859039247035980
0.91000002622604370100 0.01156747993081808090
0.92000001668930053700 0.01221222989261150360
0.93000000715255737300 0.01287721004337072370
0.93999999761581420900 0.01354231033474206920
0.94999998807907104500 0.01422221958637237550
0.95999997854232788100 0.01491476036608219150
0.97000002861022949200 0.01558499969542026520
0.98000001907348632800 0.01627049967646598820
0.99000000953674316400 0.01698370091617107390
1.00000000000000000000 0.01768065989017486570
