-1.00000000000000000000 -0.00590599887073040009
-0.99000000953674316400 -0.00590497115626931191
-0.98000001907348632800 -0.00590559514239430428
-0.97000002861022949200 -0.00590409385040402413
-0.95999997854232788100 -0.00589567190036177635
-0.94999998807907104500 -0.00590010918676853180
-0.93999999761581420900 -0.00590122910216450691
-0.93000000715255737300 -0.00588448019698262215
-0.92000001668930053700 -0.00589950894936919212
-0.91000002622604370100 -0.00592451076954603195
-0.89999997615814209000 -0.00591232394799590111
-0.88999998569488525400 -0.00593058019876480103
-0.87999999523162841800 -0.00593106402084231377
-0.87000000476837158200 -0.00589485280215740204
-0.86000001430511474600 -0.00591263920068740845
-0.85000002384185791000 -0.00592049118131399155
-0.83999997377395629900 -0.00588259520009160042
-0.82999998331069946300 -0.00588910700753331185
-0.81999999284744262700 -0.00591127714142203331
-0.81000000238418579100 -0.00590354716405272484
-0.80000001192092895500 -0.00592059688642621041
-0.79000002145767211900 -0.00593296810984611511
-0.77999997138977050800 -0.00590421119704842568
-0.76999998092651367200 -0.00589029304683208466
-0.75999999046325683600 -0.00591052696108818054
-0.75000000000000000000 -0.00588646484538912773
-0.74000000953674316400 -0.00587468221783638001
-0.73000001907348632800 -0.00588340684771537781
-0.72000002861022949200 -0.00588171277195215225
-0.70999997854232788100 -0.00590508989989757538
-0.69999998807907104500 -0.00590998306870460510
-0.68999999761581420900 -0.00590179720893502236
-0.68000000715255737300 -0.00589748006314039231
-0.67000001668930053700 -0.00588941015303134918
-0.66000002622604370100 -0.00588687416166067124
-0.64999997615814209000 -0.00588303618133068085
-0.63999998569488525400 -0.00587352085858583450
-0.62999999523162841800 -0.00587326101958751679
-0.62000000476837158200 -0.00589807005599141121
-0.61000001430511474600 -0.00590087799355387688
-0.60000002384185791000 -0.00591025594621896744
-0.58999997377395629900 -0.00591200217604637146
-0.57999998331069946300 -0.00588296307250857353
-0.56999999284744262700 -0.00588613888248801232
-0.56000000238418579100 -0.00589580694213509560
-0.55000001192092895500 -0.00586644094437360764
-0.54000002145767211900 -0.00586004322394728661
-0.52999997138977050800 -0.00588234886527061463
-0.51999998092651367200 -0.00587741285562515259
-0.50999999046325683600 -0.00588239496573805809
-0.50000000000000000000 -0.00590251805260777474
-0.49000000953674316400 -0.00587086984887719155
-0.47999998927116394000 -0.00585541501641273499
-0.46999999880790710400 -0.00587982684373855591
-0.46000000834465026800 -0.00585824484005570412
-0.44999998807907104500 -0.00584449619054794312
-0.43999999761581420900 -0.00586568797007203102
-0.43000000715255737300 -0.00586110819131135941
-0.41999998688697814900 -0.00588566483929753304
-0.40999999642372131300 -0.00590583914890885353
-0.40000000596046447700 -0.00589629402384161949
-0.38999998569488525400 -0.00589161179959774018
-0.37999999523162841800 -0.00589103717356920242
-0.37000000476837158200 -0.00588271021842956543
-0.36000001430511474600 -0.00588231487199664116
-0.34999999403953552200 -0.00588228506967425347
-0.34000000357627868600 -0.00587377278134226799
-0.33000001311302185100 -0.00589647190645337105
-0.31999999284744262700 -0.00590542517602443695
-0.31000000238418579100 -0.00590386008843779564
-0.30000001192092895500 -0.00590359186753630638
-0.28999999165534973100 -0.00589019386097788811
-0.28000000119209289500 -0.00588199682533740998
-0.27000001072883606000 -0.00588893704116344452
-0.25999999046325683600 -0.00586871290579438210
-0.25000000000000000000 -0.00585442921146750450
-0.23999999463558197000 -0.00587091501802206040
-0.23000000417232513400 -0.00587980682030320168
-0.21999999880790710400 -0.00587773416191339493
-0.20999999344348907500 -0.00589471403509378433
-0.20000000298023223900 -0.00588131276890635491
-0.18999999761581420900 -0.00584949785843491554
-0.18000000715255737300 -0.00586935877799987793
-0.17000000178813934300 -0.00585463177412748337
-0.15999999642372131300 -0.00583491194993257523
-0.15000000596046447800 -0.00585858011618256569
-0.14000000059604644800 -0.00585350114852190018
-0.12999999523162841800 -0.00586438691243529320
-0.11999999731779098500 -0.00588388321921229363
-0.10999999940395355200 -0.00587467709556221962
-0.10000000149011611900 -0.00585811492055654526
-0.09000000357627868650 -0.00586448516696691513
-0.07999999821186065670 -0.00585321523249149323
-0.07000000029802322390 -0.00584471412003040314
-0.05999999865889549260 -0.00584795093163847923
-0.05000000074505805970 -0.00583870802074670792
-0.03999999910593032840 -0.00585274212062358856
-0.02999999932944774630 -0.00587182305753231049
-0.01999999955296516420 -0.00586530286818742752
-0.00999999977648258210 -0.00586217502132058144
0.00000000000000000000 -0.00585222896188497544
0.00999999977648258210 -0.00583353592082858086
0.01999999955296516420 -0.00583681417629122734
0.02999999932944774630 -0.00583643699064850807
0.03999999910593032840 -0.00580753199756145478
0.05000000074505805970 -0.00580178992822766304
0.05999999865889549260 -0.00581530714407563210
0.07000000029802322390 -0.00581781100481748581
0.07999999821186065670 -0.00581199117004871369
0.09000000357627868650 -0.00582826603204011917
0.10000000149011611900 -0.00580897415056824684
0.10999999940395355200 -0.00578626990318298340
0.11999999731779098500 -0.00581000698730349541
0.12999999523162841800 -0.00579724321141839028
0.14000000059604644800 -0.00577717414125800133
0.15000000596046447800 -0.00579322082921862602
0.15999999642372131300 -0.00579526182264089585
0.17000000178813934300 -0.00579920876771211624
0.18000000715255737300 -0.00582230091094970703
0.18999999761581420900 -0.00579938013106584549
0.20000000298023223900 -0.00577675318345427513
0.20999999344348907500 -0.00578038394451141358
0.21999999880790710400 -0.00576223013922572136
0.23000000417232513400 -0.00573654519394040108
0.23999999463558197000 -0.00573723902925848961
0.25000000000000000000 -0.00572049384936690331
0.25999999046325683600 -0.00571510009467601776
0.27000001072883606000 -0.00572510482743382454
0.28000000119209289500 -0.00570386322215199471
0.28999999165534973100 -0.00568672781810164452
0.30000001192092895500 -0.00565966218709945679
0.31000000238418579100 -0.00563434092327952385
0.31999999284744262700 -0.00561458803713321686
0.33000001311302185100 -0.00558910891413688660
0.34000000357627868600 -0.00555323483422398567
0.34999999403953552200 -0.00554167805239558220
0.36000001430511474600 -0.00553660886362195015
0.37000000476837158200 -0.00549825979396700859
0.37999999523162841800 -0.00548523012548685074
0.38999998569488525400 -0.00545220077037811279
0.40000000596046447700 -0.00538891786709427834
0.40999999642372131300 -0.00537207815796136856
0.41999998688697814900 -0.00534208305180072785
0.43000000715255737300 -0.00527381291612982750
0.43999999761581420900 -0.00524449581280350685
0.44999998807907104500 -0.00521779712289571762
0.46000000834465026800 -0.00516647705808281899
0.46999999880790710400 -0.00513377087190747261
0.47999998927116394000 -0.00509284622967243195
0.49000000953674316400 -0.00501983007416129112
0.50000000000000000000 -0.00495244422927498818
0.50999999046325683600 -0.00490390602499246597
0.51999998092651367200 -0.00481926789507269859
0.52999997138977050800 -0.00473655108362436295
0.54000002145767211900 -0.00465803314000368118
0.55000001192092895500 -0.00455908989533782005
0.56000000238418579100 -0.00446223979815840721
0.56999999284744262700 -0.00433877017349004746
0.57999998331069946300 -0.00418289704248309136
0.58999997377395629900 -0.00400198996067047119
0.60000002384185791000 -0.00379326101392507553
0.61000001430511474600 -0.00355175998993217945
0.62000000476837158200 -0.00327461911365389824
0.62999999523162841800 -0.00295974011532962322
0.63999998569488525400 -0.00260613509453833103
0.64999997615814209000 -0.00222153193317353726
0.66000002622604370100 -0.00178726098965853453
0.67000001668930053700 -0.00131441897246986628
0.68000000715255737300 -0.00078346667578443885
0.68999999761581420900 -0.00027664931258186698
0.69999998807907104500 0.00024129399389494210
0.70999997854232788100 0.00085734209278598428
0.72000002861022949200 0.00154671596828848124
0.73000001907348632800 0.00222830590792000294
0.74000000953674316400 0.00292784604243934155
0.75000000000000000000 0.00364604499191045761
0.75999999046325683600 0.00439376803115010262
0.76999998092651367200 0.00515703111886978150
0.77999997138977050800 0.00593483494594693184
0.79000002145767211900 0.00673000281676650048
0.80000001192092895500 0.00754171004518866539
0.81000000238418579100 0.00836421456187963486
0.81999999284744262700 0.00920279696583747864
0.82999998331069946300 0.01005498040467500690
0.83999997377395629900 0.01036702003329992290
0.85000002384185791000 0.01120449043810367580
0.86000001430511474600 0.01205230969935655590
0.87000000476837158200 0.01291328016668558120
0.87999999523162841800 0.01377763971686363220
0.88999998569488525400 0.01465008966624736790
0.89999997615814209000 0.01553430035710334780
0.91000002622604370100 0.01641345955431461330
0.92000001668930053700 0.01730890013277530670
0.93000000715255737300 0.01821373030543327330
0.93999999761581420900 0.01912461966276168820
0.94999998807907104500 0.02003541029989719390
0.95999997854232788100 0.02096351981163024900
0.97000002861022949200 0.02202422916889190670
0.98000001907348632800 0.02294814027845859530
0.99000000953674316400 0.02386255934834480290
1.00000000000000000000 0.02479325979948043820
