-1.00000000000000000000 -0.00610924977809190750
-0.99000000953674316400 -0.00609892699867486954
-0.98000001907348632800 -0.00609765714034438133
-0.97000002861022949200 -0.00611065607517957688
-0.95999997854232788100 -0.00612690718844532967
-0.94999998807907104500 -0.00613298499956727028
-0.93999999761581420900 -0.00614460604265332222
-0.93000000715255737300 -0.00614549499005079270
-0.92000001668930053700 -0.00611554784700274468
-0.91000002622604370100 -0.00612939381971955300
-0.89999997615814209000 -0.00613315077498555184
-0.88999998569488525400 -0.00610189186409115792
-0.87999999523162841800 -0.00610449304804205895
-0.87000000476837158200 -0.00611955719068646431
-0.86000001430511474600 -0.00612025987356901169
-0.85000002384185791000 -0.00612463615834712982
-0.83999997377395629900 -0.00613830611109733582
-0.82999998331069946300 -0.00611050007864832878
-0.81999999284744262700 -0.00608734879642724991
-0.81000000238418579100 -0.00609835889190435410
-0.80000001192092895500 -0.00607912614941596985
-0.79000002145767211900 -0.00606335513293743134
-0.77999997138977050800 -0.00607041316106915474
-0.76999998092651367200 -0.00606794701889157295
-0.75999999046325683600 -0.00608348986133933068
-0.75000000000000000000 -0.00609843898564577103
-0.74000000953674316400 -0.00608821399509906769
-0.73000001907348632800 -0.00608534505590796471
-0.72000002861022949200 -0.00608547218143939972
-0.70999997854232788100 -0.00607908377423882485
-0.69999998807907104500 -0.00607522483915090561
-0.68999999761581420900 -0.00607678387314081192
-0.68000000715255737300 -0.00607181107625365257
-0.67000001668930053700 -0.00609153509140014649
-0.66000002622604370100 -0.00610612798482179642
-0.64999997615814209000 -0.00609729019924998284
-0.63999998569488525400 -0.00610719621181488037
-0.62999999523162841800 -0.00609390204772353172
-0.62000000476837158200 -0.00608257483690977097
-0.61000001430511474600 -0.00608757184818387032
-0.60000002384185791000 -0.00607616081833839417
-0.58999997377395629900 -0.00606434978544712067
-0.57999998331069946300 -0.00607391213998198509
-0.56999999284744262700 -0.00608676113188266754
-0.56000000238418579100 -0.00608411990106105805
-0.55000001192092895500 -0.00610127812251448632
-0.54000002145767211900 -0.00609265686944127083
-0.52999997138977050800 -0.00606318889185786247
-0.51999998092651367200 -0.00607657991349697113
-0.50999999046325683600 -0.00607476709410548210
-0.50000000000000000000 -0.00604638084769248963
-0.49000000953674316400 -0.00605100579559803009
-0.47999998927116394000 -0.00606140680611133576
-0.46999999880790710400 -0.00606370717287063599
-0.46000000834465026800 -0.00608337484300136566
-0.44999998807907104500 -0.00609369110316038132
-0.43999999761581420900 -0.00608031405135989189
-0.43000000715255737300 -0.00606702407822012902
-0.41999998688697814900 -0.00608029915019869805
-0.40999999642372131300 -0.00606814585626125336
-0.40000000596046447700 -0.00605899188667535782
-0.38999998569488525400 -0.00606189807876944542
-0.37999999523162841800 -0.00606874795630574227
-0.37000000476837158200 -0.00608713179826736450
-0.36000001430511474600 -0.00609216094017028809
-0.34999999403953552200 -0.00609773490577936173
-0.34000000357627868600 -0.00608330313116312027
-0.33000001311302185100 -0.00606625201180577278
-0.31999999284744262700 -0.00607003597542643547
-0.31000000238418579100 -0.00606580777093768120
-0.30000001192092895500 -0.00604237196967005730
-0.28999999165534973100 -0.00604475382715463638
-0.28000000119209289500 -0.00605317996814846993
-0.27000001072883606000 -0.00604991288855671883
-0.25999999046325683600 -0.00605006096884608269
-0.25000000000000000000 -0.00605143792927265167
-0.23999999463558197000 -0.00602845288813114166
-0.23000000417232513400 -0.00601443508639931679
-0.21999999880790710400 -0.00602368311956524849
-0.20999999344348907500 -0.00600355584174394608
-0.20000000298023223900 -0.00598880602046847344
-0.18999999761581420900 -0.00600690720602869988
-0.18000000715255737300 -0.00601167697459459305
-0.17000000178813934300 -0.00602696090936660767
-0.15999999642372131300 -0.00604076683521270752
-0.15000000596046447800 -0.00603542989119887352
-0.14000000059604644800 -0.00601829914376139641
-0.12999999523162841800 -0.00602688593789935112
-0.11999999731779098500 -0.00601683696731925011
-0.10999999940395355200 -0.00600387481972575188
-0.10000000149011611900 -0.00600705202668905258
-0.09000000357627868650 -0.00600338587537407875
-0.07999999821186065670 -0.00601562578231096268
-0.07000000029802322390 -0.00603092694655060768
-0.05999999865889549260 -0.00602940889075398445
-0.05000000074505805970 -0.00602533388882875443
-0.03999999910593032840 -0.00601449888199567795
-0.02999999932944774630 -0.00600824179127812386
-0.01999999955296516420 -0.00600456912070512772
-0.00999999977648258210 -0.00599560700356960297
0.00000000000000000000 -0.00598198687657713890
0.00999999977648258210 -0.00598138989880681038
0.01999999955296516420 -0.00599303422495722771
0.02999999932944774630 -0.00600129878148436546
0.03999999910593032840 -0.00599622400477528572
0.05000000074505805970 -0.00600201822817325592
0.05999999865889549260 -0.00598403997719287872
0.07000000029802322390 -0.00596887106075882912
0.07999999821186065670 -0.00598110398277640343
0.09000000357627868650 -0.00596322398632764816
0.10000000149011611900 -0.00595294218510389328
0.10999999940395355200 -0.00596323702484369278
0.11999999731779098500 -0.00597414793446660042
0.12999999523162841800 -0.00598399806767702103
0.14000000059604644800 -0.00599949713796377182
0.15000000596046447800 -0.00599008519202470780
0.15999999642372131300 -0.00597184477373957634
0.17000000178813934300 -0.00596917094662785530
0.18000000715255737300 -0.00596327381208539009
0.18999999761581420900 -0.00594209879636764527
0.20000000298023223900 -0.00594477914273738861
0.20999999344348907500 -0.00594546878710389137
0.21999999880790710400 -0.00594800896942615509
0.23000000417232513400 -0.00595104508101940155
0.23999999463558197000 -0.00594729976728558541
0.25000000000000000000 -0.00592561811208724976
0.25999999046325683600 -0.00589666003361344338
0.27000001072883606000 -0.00588111020624637604
0.28000000119209289500 -0.00585900712758302689
0.28999999165534973100 -0.00581604987382888794
0.30000001192092895500 -0.00578912394121289253
0.31000000238418579100 -0.00576330581679940224
0.31999999284744262700 -0.00574303884059190750
0.33000001311302185100 -0.00570296403020620346
0.34000000357627868600 -0.00566977215930819512
0.34999999403953552200 -0.00561855407431721688
0.36000001430511474600 -0.00553858792409300804
0.37000000476837158200 -0.00548813585191965103
0.37999999523162841800 -0.00542016886174678803
0.38999998569488525400 -0.00531863700598478317
0.40000000596046447700 -0.00523686083033680916
0.40999999642372131300 -0.00515171885490417481
0.41999998688697814900 -0.00504171894863247872
0.43000000715255737300 -0.00493252882733941078
0.43999999761581420900 -0.00481778988614678383
0.44999998807907104500 -0.00467468891292810440
0.46000000834465026800 -0.00452628312632441521
0.46999999880790710400 -0.00438918499276041985
0.47999998927116394000 -0.00422653323039412499
0.49000000953674316400 -0.00406173709779977799
0.50000000000000000000 -0.00390064297243952751
0.50999999046325683600 -0.00372883491218090058
0.51999998092651367200 -0.00355661497451364994
0.52999997138977050800 -0.00338088395074009895
0.54000002145767211900 -0.00319277797825634480
0.55000001192092895500 -0.00300035392865538597
0.56000000238418579100 -0.00280515500344336033
0.56999999284744262700 -0.00260650692507624626
0.57999998331069946300 -0.00240549398586153984
0.58999997377395629900 -0.00220119906589388847
0.60000002384185791000 -0.00199307897128164768
0.61000001430511474600 -0.00178872002288699150
0.62000000476837158200 -0.00158086302690207958
0.62999999523162841800 -0.00136690202634781599
0.63999998569488525400 -0.00115330202970653772
0.64999997615814209000 -0.00089342397404834628
0.66000002622604370100 -0.00068522681249305606
0.67000001668930053700 -0.00047674161032773554
0.68000000715255737300 -0.00026538191013969481
0.68999999761581420900 -0.00005105310992803425
0.69999998807907104500 0.00016030519327614456
0.70999997854232788100 0.00037584899109788239
0.72000002861022949200 0.00059225287986919284
0.73000001907348632800 0.00081411749124526978
0.74000000953674316400 0.00103342800866812468
0.75000000000000000000 0.00131272594444453716
0.75999999046325683600 0.00154640094842761755
0.76999998092651367200 0.00178076000884175301
0.77999997138977050800 0.00201652897521853447
0.79000002145767211900 0.00225220504216849804
0.80000001192092895500 0.00248804991133511067
0.81000000238418579100 0.00272518908604979515
0.81999999284744262700 0.00296354503370821476
0.82999998331069946300 0.00320004904642701149
0.83999997377395629900 0.00343781500123441219
0.85000002384185791000 0.00367673393338918686
0.86000001430511474600 0.00391673296689987183
0.87000000476837158200 0.00415768520906567574
0.87999999523162841800 0.00439955713227391243
0.88999998569488525400 0.00464128796011209488
0.89999997615814209000 0.00488418200984597206
0.91000002622604370100 0.00512758782133460045
0.92000001668930053700 0.00537064485251903534
0.93000000715255737300 0.00561338895931839943
0.93999999761581420900 0.00585803389549255371
0.94999998807907104500 0.00610283203423023224
0.95999997854232788100 0.00634750677272677422
0.97000002861022949200 0.00659408979117870331
0.98000001907348632800 0.00684057315811514855
0.99000000953674316400 0.00708659412339329720
1.00000000000000000000 0.00733413314446806908
