-1.00000000000000000000 -0.00592866493389010430
-0.99000000953674316400 -0.00591467320919036865
-0.98000001907348632800 -0.00592046510428190232
-0.97000002861022949200 -0.00592502811923623085
-0.95999997854232788100 -0.00591090321540832520
-0.94999998807907104500 -0.00590942101553082466
-0.93999999761581420900 -0.00592391286045312882
-0.93000000715255737300 -0.00593857280910015106
-0.92000001668930053700 -0.00593557814136147499
-0.91000002622604370100 -0.00594853190705180168
-0.89999997615814209000 -0.00593441305682063103
-0.88999998569488525400 -0.00591330416500568390
-0.87999999523162841800 -0.00592921208590269089
-0.87000000476837158200 -0.00591866392642259598
-0.86000001430511474600 -0.00589822791516780853
-0.85000002384185791000 -0.00590741308405995369
-0.83999997377395629900 -0.00591575819998979569
-0.82999998331069946300 -0.00592106999829411507
-0.81999999284744262700 -0.00593587104231119156
-0.81000000238418579100 -0.00592916877940297127
-0.80000001192092895500 -0.00590721797198057175
-0.79000002145767211900 -0.00591342197731137276
-0.77999997138977050800 -0.00591459684073925018
-0.76999998092651367200 -0.00589860882610082627
-0.75999999046325683600 -0.00590133806690573692
-0.75000000000000000000 -0.00590892089530825615
-0.74000000953674316400 -0.00592327490448951721
-0.73000001907348632800 -0.00593046098947525025
-0.72000002861022949200 -0.00593838701024651528
-0.70999997854232788100 -0.00592943094670772553
-0.69999998807907104500 -0.00590575998649001122
-0.68999999761581420900 -0.00591961201280355454
-0.68000000715255737300 -0.00591375818476080895
-0.67000001668930053700 -0.00589640205726027489
-0.66000002622604370100 -0.00590312900021672249
-0.64999997615814209000 -0.00591300008818507195
-0.63999998569488525400 -0.00592200597748160362
-0.62999999523162841800 -0.00592669798061251640
-0.62000000476837158200 -0.00592023879289627075
-0.61000001430511474600 -0.00589395919814705849
-0.60000002384185791000 -0.00588633818551898003
-0.58999997377395629900 -0.00588899897411465645
-0.57999998331069946300 -0.00587091315537691116
-0.56999999284744262700 -0.00585980014875531197
-0.56000000238418579100 -0.00587248988449573517
-0.55000001192092895500 -0.00588413514196872711
-0.54000002145767211900 -0.00588699895888566971
-0.52999997138977050800 -0.00590240303426980972
-0.51999998092651367200 -0.00589239597320556641
-0.50999999046325683600 -0.00587479677051305771
-0.50000000000000000000 -0.00589363183826208115
-0.49000000953674316400 -0.00588815100491046906
-0.47999998927116394000 -0.00587255693972110748
-0.46999999880790710400 -0.00587948318570852280
-0.46000000834465026800 -0.00589196803048253060
-0.44999998807907104500 -0.00590313505381345749
-0.43999999761581420900 -0.00591569812968373299
-0.43000000715255737300 -0.00590666988864541054
-0.41999998688697814900 -0.00589268421754240990
-0.40999999642372131300 -0.00590419303625822067
-0.40000000596046447700 -0.00589500507339835167
-0.38999998569488525400 -0.00588170299306511879
-0.37999999523162841800 -0.00588543992489576340
-0.37000000476837158200 -0.00589117081835865975
-0.36000001430511474600 -0.00590543821454048157
-0.34999999403953552200 -0.00591707089915871620
-0.34000000357627868600 -0.00590871181339025498
-0.33000001311302185100 -0.00590486591681838036
-0.31999999284744262700 -0.00588438380509614945
-0.31000000238418579100 -0.00589158991351723671
-0.30000001192092895500 -0.00588390696793794632
-0.28999999165534973100 -0.00586264906451106072
-0.28000000119209289500 -0.00587530480697751045
-0.27000001072883606000 -0.00588252488523721695
-0.25999999046325683600 -0.00589216686785221100
-0.25000000000000000000 -0.00590611994266510010
-0.23999999463558197000 -0.00589219620451331139
-0.23000000417232513400 -0.00587546685710549355
-0.21999999880790710400 -0.00588954519480466843
-0.20999999344348907500 -0.00587998377159237862
-0.20000000298023223900 -0.00586305977776646614
-0.18999999761581420900 -0.00587614998221397400
-0.18000000715255737300 -0.00588241219520568848
-0.17000000178813934300 -0.00589180598035454750
-0.15999999642372131300 -0.00589929893612861634
-0.15000000596046447800 -0.00590675603598356247
-0.14000000059604644800 -0.00588983716443181038
-0.12999999523162841800 -0.00587471108883619309
-0.11999999731779098500 -0.00588551722466945648
-0.10999999940395355200 -0.00587016902863979340
-0.10000000149011611900 -0.00585458800196647644
-0.09000000357627868650 -0.00585962180048227310
-0.07999999821186065670 -0.00586646981537342072
-0.07000000029802322390 -0.00587246613577008248
-0.05999999865889549260 -0.00587604008615016937
-0.05000000074505805970 -0.00586346210911870003
-0.03999999910593032840 -0.00583866005763411522
-0.02999999932944774630 -0.00584768597036600113
-0.01999999955296516420 -0.00584350200369954109
-0.00999999977648258210 -0.00582248717546463013
0.00000000000000000000 -0.00582272000610828400
0.00999999977648258210 -0.00582927698269486428
0.01999999955296516420 -0.00584586383774876595
0.02999999932944774630 -0.00585618009790778160
0.03999999910593032840 -0.00586439017206430435
0.05000000074505805970 -0.00586790218949317932
0.05999999865889549260 -0.00584438722580671311
0.07000000029802322390 -0.00585607392713427544
0.07999999821186065670 -0.00585767999291419983
0.09000000357627868650 -0.00583706703037023544
0.10000000149011611900 -0.00584206590428948403
0.10999999940395355200 -0.00585621083155274391
0.11999999731779098500 -0.00586439389735460282
0.12999999523162841800 -0.00587115902453660965
0.14000000059604644800 -0.00587730715051293373
0.15000000596046447800 -0.00585424015298485756
0.15999999642372131300 -0.00584580795839428902
0.17000000178813934300 -0.00585541781038045883
0.18000000715255737300 -0.00583613384515047074
0.18999999761581420900 -0.00582375703379511833
0.20000000298023223900 -0.00583063391968607903
0.20999999344348907500 -0.00583200808614492417
0.21999999880790710400 -0.00583932222798466683
0.23000000417232513400 -0.00585005711764097214
0.23999999463558197000 -0.00583146186545491219
0.25000000000000000000 -0.00581078696995973587
0.25999999046325683600 -0.00581680610775947571
0.27000001072883606000 -0.00581313297152519226
0.28000000119209289500 -0.00579275889322161675
0.28999999165534973100 -0.00579151976853609085
0.30000001192092895500 -0.00579422991722822190
0.31000000238418579100 -0.00580441486090421677
0.31999999284744262700 -0.00580690288916230202
0.33000001311302185100 -0.00580533919855952263
0.34000000357627868600 -0.00578935397788882256
0.34999999403953552200 -0.00576628977432847023
0.36000001430511474600 -0.00577108887955546379
0.37000000476837158200 -0.00575608015060424805
0.37999999523162841800 -0.00572844082489609718
0.38999998569488525400 -0.00572549877688288689
0.40000000596046447700 -0.00571579905226826668
0.40999999642372131300 -0.00571331894025206566
0.41999998688697814900 -0.00570386694744229317
0.43000000715255737300 -0.00567579502239823342
0.43999999761581420900 -0.00562866404652595520
0.44999998807907104500 -0.00560512207448482514
0.46000000834465026800 -0.00556340999901294708
0.46999999880790710400 -0.00549915386363863945
0.47999998927116394000 -0.00545042101293802262
0.49000000953674316400 -0.00538644287735223770
0.50000000000000000000 -0.00531529588624835014
0.50999999046325683600 -0.00523112900555133820
0.51999998092651367200 -0.00512575404718518257
0.52999997138977050800 -0.00497745117172598839
0.54000002145767211900 -0.00480805896222591400
0.55000001192092895500 -0.00463516497984528542
0.56000000238418579100 -0.00441632512956857681
0.56999999284744262700 -0.00417605089023709297
0.57999998331069946300 -0.00392362102866172791
0.58999997377395629900 -0.00364757794886827469
0.60000002384185791000 -0.00335974502377212048
0.61000001430511474600 -0.00305123603902757168
0.62000000476837158200 -0.00271774595603346825
0.62999999523162841800 -0.00237636407837271690
0.63999998569488525400 -0.00202906201593577862
0.64999997615814209000 -0.00167181796859949827
0.66000002622604370100 -0.00131164805497974157
0.67000001668930053700 -0.00091510708443820477
0.68000000715255737300 -0.00056112790480256081
0.68999999761581420900 -0.00020777070312760770
0.69999998807907104500 0.00013663299614563584
0.70999997854232788100 0.00050550152081996202
0.72000002861022949200 0.00086038041627034545
0.73000001907348632800 0.00127775198780000210
0.74000000953674316400 0.00165093899704515934
0.75000000000000000000 0.00202681496739387512
0.75999999046325683600 0.00240215496160089970
0.76999998092651367200 0.00278059998527169228
0.77999997138977050800 0.00316318799741566181
0.79000002145767211900 0.00354505097493529320
0.80000001192092895500 0.00392575189471244812
0.81000000238418579100 0.00431565986946225166
0.81999999284744262700 0.00470843492075800896
0.82999998331069946300 0.00510011799633502960
0.83999997377395629900 0.00549872079864144325
0.85000002384185791000 0.00590637419372797012
0.86000001430511474600 0.00632260413840413094
0.87000000476837158200 0.00674888305366039276
0.87999999523162841800 0.00717947212979197502
0.88999998569488525400 0.00760625302791595459
0.89999997615814209000 0.00803473498672246933
0.91000002622604370100 0.00848873425275087357
0.92000001668930053700 0.00894362293183803559
0.93000000715255737300 0.00938333384692668915
0.93999999761581420900 0.00985529832541942597
0.94999998807907104500 0.01034398004412651060
0.95999997854232788100 0.01035778038203716280
0.97000002861022949200 0.01078242994844913480
0.98000001907348632800 0.01124112028628587720
0.99000000953674316400 0.01172703038901090620
1.00000000000000000000 0.01220590993762016300
