-1.00000000000000000000 -0.00588654680177569390
-0.99000000953674316400 -0.00588447693735361099
-0.98000001907348632800 -0.00589792802929878235
-0.97000002861022949200 -0.00591318309307098389
-0.95999997854232788100 -0.00590916303917765618
-0.94999998807907104500 -0.00591788906604051590
-0.93999999761581420900 -0.00590072385966777802
-0.93000000715255737300 -0.00588203081861138344
-0.92000001668930053700 -0.00588466506451368332
-0.91000002622604370100 -0.00587637117132544518
-0.89999997615814209000 -0.00586064206436276436
-0.88999998569488525400 -0.00586248887702822685
-0.87999999523162841800 -0.00587948691099882126
-0.87000000476837158200 -0.00588879687711596489
-0.86000001430511474600 -0.00589661207050085068
-0.85000002384185791000 -0.00589666981250047684
-0.83999997377395629900 -0.00588289089500904083
-0.82999998331069946300 -0.00588371977210044861
-0.81999999284744262700 -0.00589237501844763756
-0.81000000238418579100 -0.00587720284238457680
-0.80000001192092895500 -0.00587274879217147827
-0.79000002145767211900 -0.00588916521519422531
-0.77999997138977050800 -0.00589870801195502281
-0.76999998092651367200 -0.00590707082301378250
-0.75999999046325683600 -0.00591676216572523117
-0.75000000000000000000 -0.00590763799846172333
-0.74000000953674316400 -0.00588912190869450569
-0.73000001907348632800 -0.00590088777244091034
-0.72000002861022949200 -0.00589099014177918434
-0.70999997854232788100 -0.00587826920673251152
-0.69999998807907104500 -0.00588566996157169342
-0.68999999761581420900 -0.00589128583669662476
-0.68000000715255737300 -0.00590668804943561554
-0.67000001668930053700 -0.00591303408145904541
-0.66000002622604370100 -0.00590520119294524193
-0.64999997615814209000 -0.00589055381715297699
-0.63999998569488525400 -0.00588459381833672524
-0.62999999523162841800 -0.00588025804609060288
-0.62000000476837158200 -0.00586481904610991478
-0.61000001430511474600 -0.00586409121751785278
-0.60000002384185791000 -0.00587051920592784882
-0.58999997377395629900 -0.00588727695867419243
-0.57999998331069946300 -0.00589283090084791184
-0.56999999284744262700 -0.00590617209672927857
-0.56000000238418579100 -0.00589342415332794190
-0.55000001192092895500 -0.00587746500968933106
-0.54000002145767211900 -0.00588707579299807549
-0.52999997138977050800 -0.00588376307860016823
-0.51999998092651367200 -0.00586899882182478905
-0.50999999046325683600 -0.00587301608175039292
-0.50000000000000000000 -0.00588206714019179344
-0.49000000953674316400 -0.00589781021699309349
-0.47999998927116394000 -0.00590718584135174752
-0.46999999880790710400 -0.00590512482449412346
-0.46000000834465026800 -0.00589640578255057335
-0.44999998807907104500 -0.00587989110499620438
-0.43999999761581420900 -0.00589235685765743256
-0.43000000715255737300 -0.00587765406817197800
-0.41999998688697814900 -0.00586055684834718704
-0.40999999642372131300 -0.00587215414270758629
-0.40000000596046447700 -0.00587006285786628723
-0.38999998569488525400 -0.00588173279538750649
-0.37999999523162841800 -0.00589123088866472244
-0.37000000476837158200 -0.00587150780484080315
-0.36000001430511474600 -0.00585281522944569588
-0.34999999403953552200 -0.00586308399215340614
-0.34000000357627868600 -0.00584980193525552750
-0.33000001311302185100 -0.00583539390936493874
-0.31999999284744262700 -0.00583716388791799546
-0.31000000238418579100 -0.00584463682025671005
-0.30000001192092895500 -0.00586087303236126900
-0.28999999165534973100 -0.00586661789566278458
-0.28000000119209289500 -0.00588131509721279144
-0.27000001072883606000 -0.00586230680346488953
-0.25999999046325683600 -0.00585236912593245506
-0.25000000000000000000 -0.00586635991930961609
-0.23999999463558197000 -0.00585893495008349419
-0.23000000417232513400 -0.00584166916087269783
-0.21999999880790710400 -0.00585033185780048371
-0.20999999344348907500 -0.00586195802316069603
-0.20000000298023223900 -0.00587152503430843353
-0.18999999761581420900 -0.00588576914742588997
-0.18000000715255737300 -0.00588352978229522705
-0.17000000178813934300 -0.00586559018120169640
-0.15999999642372131300 -0.00586323300376534462
-0.15000000596046447800 -0.00586946913972496987
-0.14000000059604644800 -0.00584141910076141358
-0.12999999523162841800 -0.00584357604384422302
-0.11999999731779098500 -0.00585061497986316681
-0.10999999940395355200 -0.00584929808974266052
-0.10000000149011611900 -0.00586151611059904099
-0.09000000357627868650 -0.00587286008521914482
-0.07999999821186065670 -0.00585228390991687775
-0.07000000029802322390 -0.00583697389811277390
-0.05999999865889549260 -0.00584839191287755966
-0.05000000074505805970 -0.00583786098286509514
-0.03999999910593032840 -0.00581830600276589394
-0.02999999932944774630 -0.00582725694403052330
-0.01999999955296516420 -0.00583791593089699745
-0.00999999977648258210 -0.00585118681192398072
0.00000000000000000000 -0.00585750583559274674
0.00999999977648258210 -0.00586225604638457298
0.01999999955296516420 -0.00586186582222580910
0.02999999932944774630 -0.00584291294217109680
0.03999999910593032840 -0.00584564311429858208
0.05000000074505805970 -0.00584656093269586563
0.05999999865889549260 -0.00582961319014430046
0.07000000029802322390 -0.00582936685532331467
0.07999999821186065670 -0.00584126310423016548
0.09000000357627868650 -0.00585291301831603050
0.10000000149011611900 -0.00585948117077350617
0.10999999940395355200 -0.00586064998060464859
0.11999999731779098500 -0.00585056003183126450
0.12999999523162841800 -0.00582743715494871140
0.14000000059604644800 -0.00583226000890135765
0.15000000596046447800 -0.00582443596795201302
0.15999999642372131300 -0.00580322276800870896
0.17000000178813934300 -0.00579855311661958695
0.18000000715255737300 -0.00580586493015289307
0.18999999761581420900 -0.00581287313252687454
0.20000000298023223900 -0.00581693416461348534
0.20999999344348907500 -0.00581698585301637650
0.21999999880790710400 -0.00580102391541004181
0.23000000417232513400 -0.00579380989074707031
0.23999999463558197000 -0.00579774379730224610
0.25000000000000000000 -0.00578819122165441513
0.25999999046325683600 -0.00577833503484725952
0.27000001072883606000 -0.00578172784298658371
0.28000000119209289500 -0.00579670676961541176
0.28999999165534973100 -0.00580746401101350784
0.30000001192092895500 -0.00581057602539658547
0.31000000238418579100 -0.00580232823267579079
0.31999999284744262700 -0.00577991502359509468
0.33000001311302185100 -0.00577541394159197808
0.34000000357627868600 -0.00577674107626080513
0.34999999403953552200 -0.00575465103611350060
0.36000001430511474600 -0.00574192497879266739
0.37000000476837158200 -0.00575062120333313942
0.37999999523162841800 -0.00575020723044872284
0.38999998569488525400 -0.00574721815064549446
0.40000000596046447700 -0.00574357993900775910
0.40999999642372131300 -0.00571925379335880280
0.41999998688697814900 -0.00568098388612270355
0.43000000715255737300 -0.00567552400752902031
0.43999999761581420900 -0.00564898923039436340
0.44999998807907104500 -0.00560250505805015564
0.46000000834465026800 -0.00558181712403893471
0.46999999880790710400 -0.00554998312145471573
0.47999998927116394000 -0.00552057521417737007
0.49000000953674316400 -0.00546835316345095635
0.50000000000000000000 -0.00540583580732345581
0.50999999046325683600 -0.00530822994187474251
0.51999998092651367200 -0.00520513579249382019
0.52999997138977050800 -0.00508624222129583359
0.54000002145767211900 -0.00493109878152608872
0.55000001192092895500 -0.00475894892588257790
0.56000000238418579100 -0.00456355791538953781
0.56999999284744262700 -0.00435000611469149590
0.57999998331069946300 -0.00410502217710018158
0.58999997377395629900 -0.00383296189829707146
0.60000002384185791000 -0.00353243295103311539
0.61000001430511474600 -0.00320302811451256275
0.62000000476837158200 -0.00287146400660276413
0.62999999523162841800 -0.00252183806151151657
0.63999998569488525400 -0.00215668207965791226
0.64999997615814209000 -0.00178875401616096497
0.66000002622604370100 -0.00141885597258806229
0.67000001668930053700 -0.00104260095395147800
0.68000000715255737300 -0.00062878482276573777
0.68999999761581420900 -0.00026034939219243824
0.69999998807907104500 0.00010323699825676158
0.70999997854232788100 0.00047752298996783793
0.72000002861022949200 0.00085153302643448114
0.73000001907348632800 0.00128327298443764448
0.74000000953674316400 0.00167276198044419289
0.75000000000000000000 0.00206577801145613194
0.75999999046325683600 0.00245865504257380962
0.76999998092651367200 0.00285423803143203259
0.77999997138977050800 0.00325368810445070267
0.79000002145767211900 0.00365658290684223175
0.80000001192092895500 0.00406491709873080254
0.81000000238418579100 0.00447890022769570351
0.81999999284744262700 0.00488619087263941765
0.82999998331069946300 0.00530293909832835198
0.83999997377395629900 0.00573337683454155922
0.85000002384185791000 0.00615685200318694115
0.86000001430511474600 0.00659104390069842339
0.87000000476837158200 0.00704165315255522728
0.87999999523162841800 0.00749426707625389099
0.88999998569488525400 0.00796051416546106339
0.89999997615814209000 0.00844045355916023255
0.91000002622604370100 0.00890837889164686203
0.92000001668930053700 0.00937133561819791794
0.93000000715255737300 0.00986497569829225540
0.93999999761581420900 0.01035869028419256210
0.94999998807907104500 0.01037580985575914380
0.95999997854232788100 0.01081733033061027530
0.97000002861022949200 0.01129262987524271010
0.98000001907348632800 0.01179775968194007870
0.99000000953674316400 0.01227246969938278200
1.00000000000000000000 0.01276667043566703800
