-1.00000000000000000000 -0.00573104200884699822
-0.99000000953674316400 -0.00570299103856086731
-0.98000001907348632800 -0.00571373105049133301
-0.97000002861022949200 -0.00572323100641369820
-0.95999997854232788100 -0.00569615699350833893
-0.94999998807907104500 -0.00569490296766161919
-0.93999999761581420900 -0.00571672013029456139
-0.93000000715255737300 -0.00572002492845058441
-0.92000001668930053700 -0.00572263076901435852
-0.91000002622604370100 -0.00574436178430914879
-0.89999997615814209000 -0.00571710197255015373
-0.88999998569488525400 -0.00569794187322258949
-0.87999999523162841800 -0.00571913085877895355
-0.87000000476837158200 -0.00569704500958323479
-0.86000001430511474600 -0.00568348821252584458
-0.85000002384185791000 -0.00569524895399808884
-0.83999997377395629900 -0.00569157907739281655
-0.82999998331069946300 -0.00570387812331318855
-0.81999999284744262700 -0.00571915181353688240
-0.81000000238418579100 -0.00569896306842565537
-0.80000001192092895500 -0.00568810896947979927
-0.79000002145767211900 -0.00570172397419810295
-0.77999997138977050800 -0.00568756693974137306
-0.76999998092651367200 -0.00567418197169899941
-0.75999999046325683600 -0.00567919807508587837
-0.75000000000000000000 -0.00568294618278741837
-0.74000000953674316400 -0.00570094119757413864
-0.73000001907348632800 -0.00571983493864536286
-0.72000002861022949200 -0.00572101213037967682
-0.70999997854232788100 -0.00571611616760492325
-0.69999998807907104500 -0.00570467812940478325
-0.68999999761581420900 -0.00570302503183484078
-0.68000000715255737300 -0.00570347812026739121
-0.67000001668930053700 -0.00568874413147568703
-0.66000002622604370100 -0.00568420300260186196
-0.64999997615814209000 -0.00569636607542634010
-0.63999998569488525400 -0.00571053009480237961
-0.62999999523162841800 -0.00570644997060298920
-0.62000000476837158200 -0.00571392290294170380
-0.61000001430511474600 -0.00569544918835163117
-0.60000002384185791000 -0.00567847304046154022
-0.58999997377395629900 -0.00569064402952790260
-0.57999998331069946300 -0.00567521108314394951
-0.56999999284744262700 -0.00566403195261955261
-0.56000000238418579100 -0.00567546486854553223
-0.55000001192092895500 -0.00568399578332901001
-0.54000002145767211900 -0.00568674877285957337
-0.52999997138977050800 -0.00571779301390051842
-0.51999998092651367200 -0.00569394184276461601
-0.50999999046325683600 -0.00567635986953973770
-0.50000000000000000000 -0.00570623716339468956
-0.49000000953674316400 -0.00569285498932003975
-0.47999998927116394000 -0.00567131303250789642
-0.46999999880790710400 -0.00569154415279626846
-0.46000000834465026800 -0.00568734295666217804
-0.44999998807907104500 -0.00570464693009853363
-0.43999999761581420900 -0.00572623498737812042
-0.43000000715255737300 -0.00571584701538085938
-0.41999998688697814900 -0.00570610584691166878
-0.40999999642372131300 -0.00570326903834939003
-0.40000000596046447700 -0.00569653883576393128
-0.38999998569488525400 -0.00568987289443612099
-0.37999999523162841800 -0.00568431802093982697
-0.37000000476837158200 -0.00567950215190649033
-0.36000001430511474600 -0.00569224823266267777
-0.34999999403953552200 -0.00570641318336129189
-0.34000000357627868600 -0.00570460222661495209
-0.33000001311302185100 -0.00570115912705659866
-0.31999999284744262700 -0.00568181788548827172
-0.31000000238418579100 -0.00568369496613740921
-0.30000001192092895500 -0.00568366982042789459
-0.28999999165534973100 -0.00566437514498829842
-0.28000000119209289500 -0.00566133996471762657
-0.27000001072883606000 -0.00567683996632695198
-0.25999999046325683600 -0.00568564422428607941
-0.25000000000000000000 -0.00568041997030377388
-0.23999999463558197000 -0.00569558516144752503
-0.23000000417232513400 -0.00567445298656821251
-0.21999999880790710400 -0.00565903680399060250
-0.20999999344348907500 -0.00568225886672735214
-0.20000000298023223900 -0.00566222192719578743
-0.18999999761581420900 -0.00565034616738557816
-0.18000000715255737300 -0.00566776422783732414
-0.17000000178813934300 -0.00566318305209279061
-0.15999999642372131300 -0.00567497918382287026
-0.15000000596046447800 -0.00569781381636857987
-0.14000000059604644800 -0.00567214097827672959
-0.12999999523162841800 -0.00565695716068148613
-0.11999999731779098500 -0.00568025419488549233
-0.10999999940395355200 -0.00566010084003210068
-0.10000000149011611900 -0.00564729282632470131
-0.09000000357627868650 -0.00565695017576217652
-0.07999999821186065670 -0.00565498787909746170
-0.07000000029802322390 -0.00566719984635710716
-0.05999999865889549260 -0.00567681808024644852
-0.05000000074505805970 -0.00566352996975183487
-0.03999999910593032840 -0.00565872713923454285
-0.02999999932944774630 -0.00565112801268696785
-0.01999999955296516420 -0.00564659619703888893
-0.00999999977648258210 -0.00563415419310331345
0.00000000000000000000 -0.00563066778704524040
0.00999999977648258210 -0.00562242278829216957
0.01999999955296516420 -0.00563469296321272850
0.02999999932944774630 -0.00565493199974298477
0.03999999910593032840 -0.00564370583742856980
0.05000000074505805970 -0.00565508892759680748
0.05999999865889549260 -0.00564926490187644959
0.07000000029802322390 -0.00562741421163082123
0.07999999821186065670 -0.00564124621450901032
0.09000000357627868650 -0.00563612719997763634
0.10000000149011611900 -0.00561389001086354256
0.10999999940395355200 -0.00563020911067724228
0.11999999731779098500 -0.00564228696748614311
0.12999999523162841800 -0.00563722988590598107
0.14000000059604644800 -0.00565562583506107330
0.15000000596046447800 -0.00564249418675899506
0.15999999642372131300 -0.00560996122658252716
0.17000000178813934300 -0.00562454480677843094
0.18000000715255737300 -0.00561161292716860771
0.18999999761581420900 -0.00557929277420043946
0.20000000298023223900 -0.00558564579114317894
0.20999999344348907500 -0.00558446813374757767
0.21999999880790710400 -0.00557896820828318596
0.23000000417232513400 -0.00558810681104660034
0.23999999463558197000 -0.00557160982862114906
0.25000000000000000000 -0.00554433092474937439
0.25999999046325683600 -0.00553667498752474785
0.27000001072883606000 -0.00551739102229475975
0.28000000119209289500 -0.00548428716138005257
0.28999999165534973100 -0.00547226704657077789
0.30000001192092895500 -0.00545243592932820320
0.31000000238418579100 -0.00544178998097777367
0.31999999284744262700 -0.00544292712584137917
0.33000001311302185100 -0.00541457999497652054
0.34000000357627868600 -0.00538620911538600922
0.34999999403953552200 -0.00535161606967449188
0.36000001430511474600 -0.00532152410596609116
0.37000000476837158200 -0.00529120722785592079
0.37999999523162841800 -0.00525412615388631821
0.38999998569488525400 -0.00521718105301260948
0.40000000596046447700 -0.00519196689128875733
0.40999999642372131300 -0.00517117418348789215
0.41999998688697814900 -0.00512746814638376236
0.43000000715255737300 -0.00509757921099662781
0.43999999761581420900 -0.00504706101492047310
0.44999998807907104500 -0.00498277414590120316
0.46000000834465026800 -0.00494387000799179077
0.46999999880790710400 -0.00488892802968621254
0.47999998927116394000 -0.00481415819376707077
0.49000000953674316400 -0.00476469378918409348
0.50000000000000000000 -0.00471039582043886185
0.50999999046325683600 -0.00464021088555455208
0.51999998092651367200 -0.00457954080775380135
0.52999997138977050800 -0.00449077412486076355
0.54000002145767211900 -0.00438327994197607041
0.55000001192092895500 -0.00429206620901823044
0.56000000238418579100 -0.00417619990184903145
0.56999999284744262700 -0.00402982207015156746
0.57999998331069946300 -0.00388740608468651772
0.58999997377395629900 -0.00371857197023928166
0.60000002384185791000 -0.00352049292996525765
0.61000001430511474600 -0.00330207007937133312
0.62000000476837158200 -0.00303023704327642918
0.62999999523162841800 -0.00271611707285046578
0.63999998569488525400 -0.00236920989118516445
0.64999997615814209000 -0.00198383303359150887
0.66000002622604370100 -0.00155127898324280977
0.67000001668930053700 -0.00108116294723004103
0.68000000715255737300 -0.00056979857617989182
0.68999999761581420900 -0.00005706511001335457
0.69999998807907104500 0.00047355951392091811
0.70999997854232788100 0.00110355601646006107
0.72000002861022949200 0.00175195001065731049
0.73000001907348632800 0.00242750695906579495
0.74000000953674316400 0.00312258698977530003
0.75000000000000000000 0.00384640600532293320
0.75999999046325683600 0.00458963494747877121
0.76999998092651367200 0.00534804305061697960
0.77999997138977050800 0.00613112701103091240
0.79000002145767211900 0.00693065905943512917
0.80000001192092895500 0.00773896789178252220
0.81000000238418579100 0.00856293458491563797
0.81999999284744262700 0.00940379500389099121
0.82999998331069946300 0.01025422010570764540
0.83999997377395629900 0.01055516023188829420
0.85000002384185791000 0.01138817984610795970
0.86000001430511474600 0.01223157998174428940
0.87000000476837158200 0.01308833993971347810
0.87999999523162841800 0.01393932010978460310
0.88999998569488525400 0.01480903010815382000
0.89999997615814209000 0.01569708995521068570
0.91000002622604370100 0.01656996086239814760
0.92000001668930053700 0.01746837981045246120
0.93000000715255737300 0.01835004054009914400
0.93999999761581420900 0.01888635009527206420
0.94999998807907104500 0.01908889040350914000
0.95999997854232788100 0.01920467056334018710
0.97000002861022949200 0.01939694024622440340
0.98000001907348632800 0.01939859986305236820
0.99000000953674316400 0.01925132051110267640
1.00000000000000000000 0.01902716979384422300
