-1.00000000000000000000 -0.00594007689505815506
-0.99000000953674316400 -0.00595534080639481545
-0.98000001907348632800 -0.00595892220735549927
-0.97000002861022949200 -0.00596782099455595017
-0.95999997854232788100 -0.00598332006484270096
-0.94999998807907104500 -0.00595372309908270836
-0.93999999761581420900 -0.00594668090343475342
-0.93000000715255737300 -0.00596245797351002693
-0.92000001668930053700 -0.00594399822875857353
-0.91000002622604370100 -0.00593679118901491165
-0.89999997615814209000 -0.00594221986830234528
-0.88999998569488525400 -0.00594257703050971031
-0.87999999523162841800 -0.00595621392130851746
-0.87000000476837158200 -0.00596630806103348732
-0.86000001430511474600 -0.00595465907827019692
-0.85000002384185791000 -0.00594628788530826569
-0.83999997377395629900 -0.00593823101371526718
-0.82999998331069946300 -0.00593530293554067612
-0.81999999284744262700 -0.00592836318537592888
-0.81000000238418579100 -0.00592607306316494942
-0.80000001192092895500 -0.00592561019584536553
-0.79000002145767211900 -0.00594164896756410599
-0.77999997138977050800 -0.00596098694950342179
-0.76999998092651367200 -0.00595619296655058861
-0.75999999046325683600 -0.00596444401890039444
-0.75000000000000000000 -0.00594830885529518128
-0.74000000953674316400 -0.00594120379537343979
-0.73000001907348632800 -0.00594933796674013138
-0.72000002861022949200 -0.00594232697039842606
-0.70999997854232788100 -0.00592765677720308304
-0.69999998807907104500 -0.00593969179317355156
-0.68999999761581420900 -0.00595515407621860504
-0.68000000715255737300 -0.00595273496583104134
-0.67000001668930053700 -0.00596693903207778931
-0.66000002622604370100 -0.00596409803256392479
-0.64999997615814209000 -0.00593563402071595192
-0.63999998569488525400 -0.00594008620828390122
-0.62999999523162841800 -0.00593543797731399536
-0.62000000476837158200 -0.00590666197240352631
-0.61000001430511474600 -0.00590545078739523888
-0.60000002384185791000 -0.00591091113165020943
-0.58999997377395629900 -0.00590738700702786446
-0.57999998331069946300 -0.00591996405273675919
-0.56999999284744262700 -0.00592496804893016815
-0.56000000238418579100 -0.00590849295258522034
-0.55000001192092895500 -0.00589450821280479431
-0.54000002145767211900 -0.00590714393183588982
-0.52999997138977050800 -0.00589550798758864403
-0.51999998092651367200 -0.00588355818763375282
-0.50999999046325683600 -0.00589019991457462311
-0.50000000000000000000 -0.00589476712048053742
-0.49000000953674316400 -0.00591420708224177361
-0.47999998927116394000 -0.00592187698930501938
-0.46999999880790710400 -0.00592699600383639336
-0.46000000834465026800 -0.00592168793082237244
-0.44999998807907104500 -0.00590344984084367752
-0.43999999761581420900 -0.00590323377400636673
-0.43000000715255737300 -0.00590647477656602860
-0.41999998688697814900 -0.00589221296831965447
-0.40999999642372131300 -0.00588969700038433075
-0.40000000596046447700 -0.00590714905411005020
-0.38999998569488525400 -0.00590859400108456612
-0.37999999523162841800 -0.00591175397858023644
-0.37000000476837158200 -0.00591952400282025337
-0.36000001430511474600 -0.00589983584359288216
-0.34999999403953552200 -0.00588507996872067452
-0.34000000357627868600 -0.00589228421449661255
-0.33000001311302185100 -0.00588184595108032227
-0.31999999284744262700 -0.00586596922948956490
-0.31000000238418579100 -0.00587773416191339493
-0.30000001192092895500 -0.00588222080841660500
-0.28999999165534973100 -0.00588744599372148514
-0.28000000119209289500 -0.00589535990729928017
-0.27000001072883606000 -0.00589157501235604286
-0.25999999046325683600 -0.00587657606229186058
-0.25000000000000000000 -0.00587949110195040703
-0.23999999463558197000 -0.00587808107957243920
-0.23000000417232513400 -0.00586584582924842835
-0.21999999880790710400 -0.00586654106155037880
-0.20999999344348907500 -0.00587172107771039009
-0.20000000298023223900 -0.00588594703003764153
-0.18999999761581420900 -0.00589642301201820374
-0.18000000715255737300 -0.00590418884530663490
-0.17000000178813934300 -0.00589792290702462197
-0.15999999642372131300 -0.00588559592142701149
-0.15000000596046447800 -0.00588773097842931748
-0.14000000059604644800 -0.00588378589600324631
-0.12999999523162841800 -0.00587414205074310303
-0.11999999731779098500 -0.00586604001000523567
-0.10999999940395355200 -0.00587337417528033257
-0.10000000149011611900 -0.00588499801233410835
-0.09000000357627868650 -0.00588049879297614098
-0.07999999821186065670 -0.00588477589190006256
-0.07000000029802322390 -0.00587563496083021164
-0.05999999865889549260 -0.00584068009629845619
-0.05000000074505805970 -0.00585383502766489983
-0.03999999910593032840 -0.00584868807345628739
-0.02999999932944774630 -0.00581403821706771851
-0.01999999955296516420 -0.00581964710727334023
-0.00999999977648258210 -0.00583057804033160210
0.00000000000000000000 -0.00582747394219040871
0.00999999977648258210 -0.00583355780690908432
0.01999999955296516420 -0.00585200311616063118
0.02999999932944774630 -0.00583710800856351853
0.03999999910593032840 -0.00582127179950475693
0.05000000074505805970 -0.00583495618775486946
0.05999999865889549260 -0.00582878384739160538
0.07000000029802322390 -0.00581219512969255448
0.07999999821186065670 -0.00581912416964769364
0.09000000357627868650 -0.00582274794578552246
0.10000000149011611900 -0.00582906696945428848
0.10999999940395355200 -0.00584586616605520249
0.11999999731779098500 -0.00584342097863554955
0.12999999523162841800 -0.00583404488861560822
0.14000000059604644800 -0.00581809086725115776
0.15000000596046447800 -0.00581993302330374718
0.15999999642372131300 -0.00581270921975374222
0.17000000178813934300 -0.00580378109589219094
0.18000000715255737300 -0.00579528184607625008
0.18999999761581420900 -0.00579651584848761559
0.20000000298023223900 -0.00581363495439291001
0.20999999344348907500 -0.00580557389184832573
0.21999999880790710400 -0.00580598879605531693
0.23000000417232513400 -0.00579442782327532768
0.23999999463558197000 -0.00575922103598713875
0.25000000000000000000 -0.00575991114601492882
0.25999999046325683600 -0.00575184216722846031
0.27000001072883606000 -0.00571247423067688942
0.28000000119209289500 -0.00570217100903391838
0.28999999165534973100 -0.00570258311927318573
0.30000001192092895500 -0.00568335503339767456
0.31000000238418579100 -0.00566881196573376656
0.31999999284744262700 -0.00564843090251088143
0.33000001311302185100 -0.00559636298567056656
0.34000000357627868600 -0.00554521987214684487
0.34999999403953552200 -0.00551109807565808296
0.36000001430511474600 -0.00544329080730676651
0.37000000476837158200 -0.00537244789302349091
0.37999999523162841800 -0.00531138898804783821
0.38999998569488525400 -0.00522865680977702141
0.40000000596046447700 -0.00514715677127242088
0.40999999642372131300 -0.00505551183596253395
0.41999998688697814900 -0.00494304997846484184
0.43000000715255737300 -0.00482165301218628884
0.43999999761581420900 -0.00469701504334807396
0.44999998807907104500 -0.00456184986978769302
0.46000000834465026800 -0.00441947579383850098
0.46999999880790710400 -0.00427488796412944794
0.47999998927116394000 -0.00412129797041416168
0.49000000953674316400 -0.00397001393139362335
0.50000000000000000000 -0.00381087604910135269
0.50999999046325683600 -0.00364279700443148613
0.51999998092651367200 -0.00347129395231604576
0.52999997138977050800 -0.00329213798977434635
0.54000002145767211900 -0.00311141507700085640
0.55000001192092895500 -0.00293094408698379994
0.56000000238418579100 -0.00274190399795770645
0.56999999284744262700 -0.00255191908217966557
0.57999998331069946300 -0.00236594607122242451
0.58999997377395629900 -0.00217450992204248905
0.60000002384185791000 -0.00197890889830887318
0.61000001430511474600 -0.00178449705708771944
0.62000000476837158200 -0.00158209400251507759
0.62999999523162841800 -0.00137388799339532852
0.63999998569488525400 -0.00117339496500790119
0.64999997615814209000 -0.00092714582569897175
0.66000002622604370100 -0.00072420021751895547
0.67000001668930053700 -0.00052259827498346567
0.68000000715255737300 -0.00032334128627553582
0.68999999761581420900 -0.00011845139670185745
0.69999998807907104500 0.00008255276043200865
0.70999997854232788100 0.00028755288803949952
0.72000002861022949200 0.00049337832024320960
0.73000001907348632800 0.00070189812686294317
0.74000000953674316400 0.00091091491049155593
0.75000000000000000000 0.00117079797200858593
0.75999999046325683600 0.00139390700496733189
0.76999998092651367200 0.00161394802853465080
0.77999997138977050800 0.00183675694279372692
0.79000002145767211900 0.00206099497154355049
0.80000001192092895500 0.00228336895816028118
0.81000000238418579100 0.00250660488381981850
0.81999999284744262700 0.00273164198733866215
0.82999998331069946300 0.00295615592040121555
0.83999997377395629900 0.00318313296884298325
0.85000002384185791000 0.00341116799972951412
0.86000001430511474600 0.00363892992027103901
0.87000000476837158200 0.00386757706291973591
0.87999999523162841800 0.00409724283963441849
0.88999998569488525400 0.00432647299021482468
0.89999997615814209000 0.00455620186403393746
0.91000002622604370100 0.00478578079491853714
0.92000001668930053700 0.00501646613702178002
0.93000000715255737300 0.00524698011577129364
0.93999999761581420900 0.00547984382137656212
0.94999998807907104500 0.00571280717849731446
0.95999997854232788100 0.00594467204064130783
0.97000002861022949200 0.00617795204743742943
0.98000001907348632800 0.00641177408397197724
0.99000000953674316400 0.00664501683786511421
1.00000000000000000000 0.00687869405373930931
