-1.00000000000000000000 -0.00587505009025335312
-0.99000000953674316400 -0.00587008800357580185
-0.98000001907348632800 -0.00584079697728157044
-0.97000002861022949200 -0.00585483200848102570
-0.95999997854232788100 -0.00585576985031366348
-0.94999998807907104500 -0.00582763878628611565
-0.93999999761581420900 -0.00583426887169480324
-0.93000000715255737300 -0.00584814697504043579
-0.92000001668930053700 -0.00585596216842532158
-0.91000002622604370100 -0.00586894014850258827
-0.89999997615814209000 -0.00587755301967263222
-0.88999998569488525400 -0.00586865702643990517
-0.87999999523162841800 -0.00584981078281998634
-0.87000000476837158200 -0.00586213916540145874
-0.86000001430511474600 -0.00585602922365069390
-0.85000002384185791000 -0.00583437411114573479
-0.83999997377395629900 -0.00584935583174228668
-0.82999998331069946300 -0.00585675798356533051
-0.81999999284744262700 -0.00586432404816150666
-0.81000000238418579100 -0.00587682798504829407
-0.80000001192092895500 -0.00588125921785831452
-0.79000002145767211900 -0.00586285302415490151
-0.77999997138977050800 -0.00585321616381406784
-0.76999998092651367200 -0.00585209019482135773
-0.75999999046325683600 -0.00584070011973381043
-0.75000000000000000000 -0.00582707999274134636
-0.74000000953674316400 -0.00583310006186366081
-0.73000001907348632800 -0.00584234017878770828
-0.72000002861022949200 -0.00583572080358862877
-0.70999997854232788100 -0.00585606321692466736
-0.69999998807907104500 -0.00584510900080204010
-0.68999999761581420900 -0.00581795303151011467
-0.68000000715255737300 -0.00583541113883256912
-0.67000001668930053700 -0.00583464419469237328
-0.66000002622604370100 -0.00581145705655217171
-0.64999997615814209000 -0.00582283502444624901
-0.63999998569488525400 -0.00583521183580160141
-0.62999999523162841800 -0.00584295298904180527
-0.62000000476837158200 -0.00585714681074023247
-0.61000001430511474600 -0.00586732802912592888
-0.60000002384185791000 -0.00585590582340955734
-0.58999997377395629900 -0.00584050919860601425
-0.57999998331069946300 -0.00585152301937341690
-0.56999999284744262700 -0.00584200816228985787
-0.56000000238418579100 -0.00582529604434967041
-0.55000001192092895500 -0.00583293521776795387
-0.54000002145767211900 -0.00584814604371786118
-0.52999997138977050800 -0.00585904996842145920
-0.51999998092651367200 -0.00586393708363175392
-0.50999999046325683600 -0.00586808891966938973
-0.50000000000000000000 -0.00584531994536519051
-0.49000000953674316400 -0.00584243517369031906
-0.47999998927116394000 -0.00584262888878583908
-0.46999999880790710400 -0.00582827487960457802
-0.46000000834465026800 -0.00581828784197568894
-0.44999998807907104500 -0.00582569418475031853
-0.43999999761581420900 -0.00583566678687930107
-0.43000000715255737300 -0.00583398807793855667
-0.41999998688697814900 -0.00585014000535011292
-0.40999999642372131300 -0.00584170594811439514
-0.40000000596046447700 -0.00581720098853111267
-0.38999998569488525400 -0.00583022180944681168
-0.37999999523162841800 -0.00583195080980658531
-0.37000000476837158200 -0.00581168988719582558
-0.36000001430511474600 -0.00581463286653161049
-0.34999999403953552200 -0.00582794705405831337
-0.34000000357627868600 -0.00583922304213047028
-0.33000001311302185100 -0.00584704615175724030
-0.31999999284744262700 -0.00585407204926013947
-0.31000000238418579100 -0.00584568781778216362
-0.30000001192092895500 -0.00582779105752706528
-0.28999999165534973100 -0.00584350712597370148
-0.28000000119209289500 -0.00583496317267417908
-0.27000001072883606000 -0.00581390177831053734
-0.25999999046325683600 -0.00582511816173791886
-0.25000000000000000000 -0.00583128305152058602
-0.23999999463558197000 -0.00584047287702560425
-0.23000000417232513400 -0.00584465591236948967
-0.21999999880790710400 -0.00584390992298722267
-0.20999999344348907500 -0.00582027900964021683
-0.20000000298023223900 -0.00581261888146400452
-0.18999999761581420900 -0.00581110082566738129
-0.18000000715255737300 -0.00579835101962089539
-0.17000000178813934300 -0.00578378187492489815
-0.15999999642372131300 -0.00579109787940979004
-0.15000000596046447800 -0.00580366607755422592
-0.14000000059604644800 -0.00580216711387038231
-0.12999999523162841800 -0.00582305015996098519
-0.11999999731779098500 -0.00581187987700104714
-0.10999999940395355200 -0.00578688178211450577
-0.10000000149011611900 -0.00580658018589019776
-0.09000000357627868650 -0.00580608891323208809
-0.07999999821186065670 -0.00578213483095169068
-0.07000000029802322390 -0.00579070020467042923
-0.05999999865889549260 -0.00580268818885087967
-0.05000000074505805970 -0.00580823281779885292
-0.03999999910593032840 -0.00582580408081412316
-0.02999999932944774630 -0.00583200901746749878
-0.01999999955296516420 -0.00581764895468950272
-0.00999999977648258210 -0.00580227980390191078
0.00000000000000000000 -0.00581461982801556587
0.00999999977648258210 -0.00580627983435988426
0.01999999955296516420 -0.00578937400132417679
0.02999999932944774630 -0.00579009298235177994
0.03999999910593032840 -0.00578922918066382408
0.05000000074505805970 -0.00580454990267753601
0.05999999865889549260 -0.00580959208309650421
0.07000000029802322390 -0.00581290014088153839
0.07999999821186065670 -0.00579936988651752472
0.09000000357627868650 -0.00577510194852948189
0.10000000149011611900 -0.00578081794083118439
0.10999999940395355200 -0.00577211519703269005
0.11999999731779098500 -0.00575175322592258454
0.12999999523162841800 -0.00574892293661832810
0.14000000059604644800 -0.00575853418558835983
0.15000000596046447800 -0.00576287182047963143
0.15999999642372131300 -0.00577138317748904228
0.17000000178813934300 -0.00576581992208957672
0.18000000715255737300 -0.00575209083035588265
0.18999999761581420900 -0.00573554122820496559
0.20000000298023223900 -0.00573680317029356957
0.20999999344348907500 -0.00572483707219362259
0.21999999880790710400 -0.00571144605055451393
0.23000000417232513400 -0.00570945208892226219
0.23999999463558197000 -0.00571569008752703667
0.25000000000000000000 -0.00572106195613741875
0.25999999046325683600 -0.00572203984484076500
0.27000001072883606000 -0.00570606999099254608
0.28000000119209289500 -0.00567502295598387718
0.28999999165534973100 -0.00566294789314270020
0.30000001192092895500 -0.00564501807093620300
0.31000000238418579100 -0.00561162689700722695
0.31999999284744262700 -0.00559295294806361199
0.33000001311302185100 -0.00557025382295250893
0.34000000357627868600 -0.00556096807122230530
0.34999999403953552200 -0.00553686683997511864
0.36000001430511474600 -0.00550806289538741112
0.37000000476837158200 -0.00546251609921455383
0.37999999523162841800 -0.00540240108966827393
0.38999998569488525400 -0.00535970600321888924
0.40000000596046447700 -0.00530543504282832146
0.40999999642372131300 -0.00522858789190649986
0.41999998688697814900 -0.00516183022409677506
0.43000000715255737300 -0.00509771099314093590
0.43999999761581420900 -0.00501822819933295250
0.44999998807907104500 -0.00492565799504518509
0.46000000834465026800 -0.00482332194223999977
0.46999999880790710400 -0.00469536194577813149
0.47999998927116394000 -0.00455049099400639534
0.49000000953674316400 -0.00441486900672316551
0.50000000000000000000 -0.00425294507294893265
0.50999999046325683600 -0.00407311692833900452
0.51999998092651367200 -0.00389466900378465653
0.52999997138977050800 -0.00370994606055319309
0.54000002145767211900 -0.00351453106850385666
0.55000001192092895500 -0.00330606708303093910
0.56000000238418579100 -0.00308594806119799614
0.56999999284744262700 -0.00285204802639782429
0.57999998331069946300 -0.00262364093214273453
0.58999997377395629900 -0.00238693808205425739
0.60000002384185791000 -0.00214276905171573162
0.61000001430511474600 -0.00190400099381804466
0.62000000476837158200 -0.00166432803962379694
0.62999999523162841800 -0.00142713100649416447
0.63999998569488525400 -0.00118671299424022436
0.64999997615814209000 -0.00090276642004027963
0.66000002622604370100 -0.00066648208303377032
0.67000001668930053700 -0.00043272689799778163
0.68000000715255737300 -0.00019866619550157338
0.68999999761581420900 0.00003602326978580095
0.69999998807907104500 0.00027293371385894716
0.70999997854232788100 0.00051692512352019548
0.72000002861022949200 0.00076463172445073724
0.73000001907348632800 0.00101954198908060789
0.74000000953674316400 0.00134164805058389902
0.75000000000000000000 0.00162242003716528416
0.75999999046325683600 0.00191457197070121765
0.76999998092651367200 0.00221761595457792282
0.77999997138977050800 0.00252724601887166500
0.79000002145767211900 0.00284686405211687088
0.80000001192092895500 0.00318313599564135075
0.81000000238418579100 0.00352602894417941570
0.81999999284744262700 0.00387653009966015816
0.82999998331069946300 0.00424567889422178269
0.83999997377395629900 0.00462551321834325791
0.85000002384185791000 0.00501434691250324249
0.86000001430511474600 0.00541960680857300759
0.87000000476837158200 0.00583482580259442330
0.87999999523162841800 0.00624708319082856178
0.88999998569488525400 0.00667771697044372559
0.89999997615814209000 0.00712458509951829910
0.91000002622604370100 0.00757219176739454270
0.92000001668930053700 0.00803572032600641251
0.93000000715255737300 0.00851463805884122849
0.93999999761581420900 0.00900712329894304276
0.94999998807907104500 0.00951421819627285004
0.95999997854232788100 0.01003399025648832320
0.97000002861022949200 0.01003106031566858290
0.98000001907348632800 0.01054933015257120130
0.99000000953674316400 0.01107625011354684830
1.00000000000000000000 0.01161452010273933410
