-1.00000000000000000000 -0.00572190899401903153
-0.99000000953674316400 -0.00573471514508128166
-0.98000001907348632800 -0.00573909608647227287
-0.97000002861022949200 -0.00573881994932889939
-0.95999997854232788100 -0.00571727519854903221
-0.94999998807907104500 -0.00572142610326409340
-0.93999999761581420900 -0.00572624709457159043
-0.93000000715255737300 -0.00570324016734957695
-0.92000001668930053700 -0.00570280803367495537
-0.91000002622604370100 -0.00571263581514358521
-0.89999997615814209000 -0.00571989314630627632
-0.88999998569488525400 -0.00572583591565489769
-0.87999999523162841800 -0.00574156781658530235
-0.87000000476837158200 -0.00572136091068387032
-0.86000001430511474600 -0.00570119777694344521
-0.85000002384185791000 -0.00571735901758074761
-0.83999997377395629900 -0.00570276798680424690
-0.82999998331069946300 -0.00568964798003435135
-0.81999999284744262700 -0.00569160515442490578
-0.81000000238418579100 -0.00569702079519629479
-0.80000001192092895500 -0.00570566812530159950
-0.79000002145767211900 -0.00571473501622676850
-0.77999997138977050800 -0.00570055004209280014
-0.76999998092651367200 -0.00567877292633056641
-0.75999999046325683600 -0.00567881902679800987
-0.75000000000000000000 -0.00567235518246889115
-0.74000000953674316400 -0.00564555777236819267
-0.73000001907348632800 -0.00564693892374634743
-0.72000002861022949200 -0.00565101392567157746
-0.70999997854232788100 -0.00565757090225815773
-0.69999998807907104500 -0.00567276682704687119
-0.68999999761581420900 -0.00567508209496736527
-0.68000000715255737300 -0.00566391600295901299
-0.67000001668930053700 -0.00565014919266104698
-0.66000002622604370100 -0.00565782794728875160
-0.64999997615814209000 -0.00565258506685495377
-0.63999998569488525400 -0.00563233112916350365
-0.62999999523162841800 -0.00563709717243909836
-0.62000000476837158200 -0.00565113918855786324
-0.61000001430511474600 -0.00565914995968341828
-0.60000002384185791000 -0.00566460285335779190
-0.58999997377395629900 -0.00566588481888175011
-0.57999998331069946300 -0.00564626697450876236
-0.56999999284744262700 -0.00564652308821678162
-0.56000000238418579100 -0.00564681878313422203
-0.55000001192092895500 -0.00562677579000592232
-0.54000002145767211900 -0.00562260299921035767
-0.52999997138977050800 -0.00563014484941959381
-0.51999998092651367200 -0.00563790416345000267
-0.50999999046325683600 -0.00563353998586535454
-0.50000000000000000000 -0.00564301712438464165
-0.49000000953674316400 -0.00562543980777263642
-0.47999998927116394000 -0.00560083193704485893
-0.46999999880790710400 -0.00561119290068745613
-0.46000000834465026800 -0.00559896789491176605
-0.44999998807907104500 -0.00557608623057603836
-0.43999999761581420900 -0.00558098219335079193
-0.43000000715255737300 -0.00558121409267187119
-0.41999998688697814900 -0.00558818317949771881
-0.40999999642372131300 -0.00559441605582833290
-0.40000000596046447700 -0.00558085786178708077
-0.38999998569488525400 -0.00555958179756999016
-0.37999999523162841800 -0.00555635197088122368
-0.37000000476837158200 -0.00555184483528137207
-0.36000001430511474600 -0.00552996294572949410
-0.34999999403953552200 -0.00551562476903200150
-0.34000000357627868600 -0.00552140315994620323
-0.33000001311302185100 -0.00552669400349259377
-0.31999999284744262700 -0.00551882479339838028
-0.31000000238418579100 -0.00552330305799841881
-0.30000001192092895500 -0.00550612295046448708
-0.28999999165534973100 -0.00546898180618882179
-0.28000000119209289500 -0.00547557510435581207
-0.27000001072883606000 -0.00546190980821847916
-0.25999999046325683600 -0.00542792817577719689
-0.25000000000000000000 -0.00542315514758229256
-0.23999999463558197000 -0.00541882216930389404
-0.23000000417232513400 -0.00541273597627878189
-0.21999999880790710400 -0.00540032191202044487
-0.20999999344348907500 -0.00539241079241037369
-0.20000000298023223900 -0.00535954581573605538
-0.18999999761581420900 -0.00534047512337565422
-0.18000000715255737300 -0.00533451000228524208
-0.17000000178813934300 -0.00530575215816497803
-0.15999999642372131300 -0.00528603186830878258
-0.15000000596046447800 -0.00528251612558960915
-0.14000000059604644800 -0.00527585903182625771
-0.12999999523162841800 -0.00526562519371509552
-0.11999999731779098500 -0.00526287918910384178
-0.10999999940395355200 -0.00522955600172281265
-0.10000000149011611900 -0.00519498297944664955
-0.09000000357627868650 -0.00518899085000157356
-0.07999999821186065670 -0.00515792798250913620
-0.07000000029802322390 -0.00512316590175032616
-0.05999999865889549260 -0.00509730912744998932
-0.05000000074505805970 -0.00508309621363878250
-0.03999999910593032840 -0.00506863417103886604
-0.02999999932944774630 -0.00504817720502614975
-0.01999999955296516420 -0.00501666683703660965
-0.00999999977648258210 -0.00497768493369221687
0.00000000000000000000 -0.00494496710598468781
0.00999999977648258210 -0.00491613801568746567
0.01999999955296516420 -0.00487752119079232216
0.02999999932944774630 -0.00482207117602229118
0.03999999910593032840 -0.00479076290503144264
0.05000000074505805970 -0.00476276688277721405
0.05999999865889549260 -0.00472636194899678230
0.07000000029802322390 -0.00469310209155082703
0.07999999821186065670 -0.00464962888509035111
0.09000000357627868650 -0.00458558602258563042
0.10000000149011611900 -0.00454198010265827179
0.10999999940395355200 -0.00449308287352323532
0.11999999731779098500 -0.00442493008449673653
0.12999999523162841800 -0.00437040487304329872
0.14000000059604644800 -0.00431975582614541054
0.15000000596046447800 -0.00426728185266256333
0.15999999642372131300 -0.00421019596979022026
0.17000000178813934300 -0.00415886612609028816
0.18000000715255737300 -0.00407905690371990204
0.18999999761581420900 -0.00399698503315448761
0.20000000298023223900 -0.00393769890069961548
0.20999999344348907500 -0.00385929504409432411
0.21999999880790710400 -0.00377090601250529289
0.23000000417232513400 -0.00369578995741903782
0.23999999463558197000 -0.00362280104309320450
0.25000000000000000000 -0.00354692107066512108
0.25999999046325683600 -0.00346705294214189053
0.27000001072883606000 -0.00337915797717869282
0.28000000119209289500 -0.00328170694410800934
0.28999999165534973100 -0.00318816397339105606
0.30000001192092895500 -0.00309686688706278801
0.31000000238418579100 -0.00299270800314843655
0.31999999284744262700 -0.00289182597771286964
0.33000001311302185100 -0.00279869488440454006
0.34000000357627868600 -0.00270621594972908497
0.34999999403953552200 -0.00260600494220852852
0.36000001430511474600 -0.00250595598481595516
0.37000000476837158200 -0.00240286393091082573
0.37999999523162841800 -0.00229083304293453693
0.38999998569488525400 -0.00219261390157043934
0.40000000596046447700 -0.00209031393751502037
0.40999999642372131300 -0.00198321603238582611
0.41999998688697814900 -0.00188499595969915390
0.43000000715255737300 -0.00179413298610597849
0.43999999761581420900 -0.00170109001919627190
0.44999998807907104500 -0.00161206396296620369
0.46000000834465026800 -0.00152120005805045366
0.46999999880790710400 -0.00142737000714987516
0.47999998927116394000 -0.00134545494802296162
0.49000000953674316400 -0.00126204802654683590
0.50000000000000000000 -0.00117739604320377111
0.50999999046325683600 -0.00110152305569499731
0.51999998092651367200 -0.00102689501363784075
0.52999997138977050800 -0.00091980851721018553
0.54000002145767211900 -0.00084276602137833834
0.55000001192092895500 -0.00077828462235629559
0.56000000238418579100 -0.00071634689811617136
0.56999999284744262700 -0.00065589969744905829
0.57999998331069946300 -0.00059675850206986070
0.58999997377395629900 -0.00053731142543256283
0.60000002384185791000 -0.00047778920270502567
0.61000001430511474600 -0.00042044310248456895
0.62000000476837158200 -0.00036533208913169801
0.62999999523162841800 -0.00030962110031396151
0.63999998569488525400 -0.00025539589114487171
0.64999997615814209000 -0.00020331139967311174
0.66000002622604370100 -0.00015214410086628050
0.67000001668930053700 -0.00010027040116256103
0.68000000715255737300 -0.00004885718954028562
0.68999999761581420900 0.00000081698067333491
0.69999998807907104500 0.00005289624823490158
0.70999997854232788100 0.00010474149894434959
0.72000002861022949200 0.00015742449613753706
0.73000001907348632800 0.00021031079813838005
0.74000000953674316400 0.00026341731427237391
0.75000000000000000000 0.00031743760337121785
0.75999999046325683600 0.00037157488986849785
0.76999998092651367200 0.00042680470505729318
0.77999997138977050800 0.00048311590217053890
0.79000002145767211900 0.00053945317631587386
0.80000001192092895500 0.00059607671573758125
0.81000000238418579100 0.00065303442534059286
0.81999999284744262700 0.00071210751775652170
0.82999998331069946300 0.00077086617238819599
0.83999997377395629900 0.00083019142039120197
0.85000002384185791000 0.00089150917483493686
0.86000001430511474600 0.00095468189101666212
0.87000000476837158200 0.00102029996924102306
0.87999999523162841800 0.00113282899837940931
0.88999998569488525400 0.00120388600043952465
0.89999997615814209000 0.00127700297161936760
0.91000002622604370100 0.00134804903063923121
0.92000001668930053700 0.00142352795228362083
0.93000000715255737300 0.00149918999522924423
0.93999999761581420900 0.00156789494212716818
0.94999998807907104500 0.00164663605391979218
0.95999997854232788100 0.00172442500479519367
0.97000002861022949200 0.00179608701728284359
0.98000001907348632800 0.00187351601198315620
0.99000000953674316400 0.00195445795543491840
1.00000000000000000000 0.00203494797460734844
