-1.00000000000000000000 -0.00556722609326243401
-0.99000000953674316400 -0.00558011094108223915
-0.98000001907348632800 -0.00555529305711388588
-0.97000002861022949200 -0.00555091490969061852
-0.95999997854232788100 -0.00556893413886427880
-0.94999998807907104500 -0.00557295512408018112
-0.93999999761581420900 -0.00558162294328212738
-0.93000000715255737300 -0.00560322683304548264
-0.92000001668930053700 -0.00559037784114480019
-0.91000002622604370100 -0.00556789478287100792
-0.89999997615814209000 -0.00559191405773162842
-0.88999998569488525400 -0.00558123877272009850
-0.87999999523162841800 -0.00556024303659796715
-0.87000000476837158200 -0.00557531602680683136
-0.86000001430511474600 -0.00557465804740786553
-0.85000002384185791000 -0.00558409607037901879
-0.83999997377395629900 -0.00559788383543491364
-0.82999998331069946300 -0.00559576507657766342
-0.81999999284744262700 -0.00558044295758008957
-0.81000000238418579100 -0.00557643314823508263
-0.80000001192092895500 -0.00557284895330667496
-0.79000002145767211900 -0.00556616717949509621
-0.77999997138977050800 -0.00555723393335938454
-0.76999998092651367200 -0.00554557004943490029
-0.75999999046325683600 -0.00555406510829925537
-0.75000000000000000000 -0.00556968105956912041
-0.74000000953674316400 -0.00556309102103114128
-0.73000001907348632800 -0.00557127688080072403
-0.72000002861022949200 -0.00557192508131265640
-0.70999997854232788100 -0.00554785178974270821
-0.69999998807907104500 -0.00556074921041727066
-0.68999999761581420900 -0.00556392502039670944
-0.68000000715255737300 -0.00554045895114541054
-0.67000001668930053700 -0.00555185507982969284
-0.66000002622604370100 -0.00557290902361273766
-0.64999997615814209000 -0.00557339098304510117
-0.63999998569488525400 -0.00558929983526468277
-0.62999999523162841800 -0.00560105685144662857
-0.62000000476837158200 -0.00557380681857466698
-0.61000001430511474600 -0.00557485315948724747
-0.60000002384185791000 -0.00558394100517034531
-0.58999997377395629900 -0.00555601110681891442
-0.57999998331069946300 -0.00556633993983268738
-0.56999999284744262700 -0.00556892994791269303
-0.56000000238418579100 -0.00557453278452157974
-0.55000001192092895500 -0.00559077505022287369
-0.54000002145767211900 -0.00560210086405277252
-0.52999997138977050800 -0.00558472191914916039
-0.51999998092651367200 -0.00557201215997338295
-0.50999999046325683600 -0.00558170583099126816
-0.50000000000000000000 -0.00556757813319563866
-0.49000000953674316400 -0.00555716594681143761
-0.47999998927116394000 -0.00555418618023395538
-0.46999999880790710400 -0.00556008983403444290
-0.46000000834465026800 -0.00557187711820006371
-0.44999998807907104500 -0.00557595817372202873
-0.43999999761581420900 -0.00557590415701270104
-0.43000000715255737300 -0.00557157490402460098
-0.41999998688697814900 -0.00555044412612915039
-0.40999999642372131300 -0.00555799202993512154
-0.40000000596046447700 -0.00555971590802073479
-0.38999998569488525400 -0.00553550291806459427
-0.37999999523162841800 -0.00554426806047558785
-0.37000000476837158200 -0.00556215317919850350
-0.36000001430511474600 -0.00556611223146319390
-0.34999999403953552200 -0.00557013694196939469
-0.34000000357627868600 -0.00559000018984079361
-0.33000001311302185100 -0.00557031622156500817
-0.31999999284744262700 -0.00554856611415743828
-0.31000000238418579100 -0.00556668778881430626
-0.30000001192092895500 -0.00555288791656494141
-0.28999999165534973100 -0.00553442211821675301
-0.28000000119209289500 -0.00554980291053652764
-0.27000001072883606000 -0.00555285811424255371
-0.25999999046325683600 -0.00555441202595829964
-0.25000000000000000000 -0.00557313021272420883
-0.23999999463558197000 -0.00556607218459248543
-0.23000000417232513400 -0.00555043807253241539
-0.21999999880790710400 -0.00554781313985586167
-0.20999999344348907500 -0.00553809711709618569
-0.20000000298023223900 -0.00552244996652007103
-0.18999999761581420900 -0.00552159221842885018
-0.18000000715255737300 -0.00552073912695050240
-0.17000000178813934300 -0.00552824605256319046
-0.15999999642372131300 -0.00555063597857952118
-0.15000000596046447800 -0.00554162310436367989
-0.14000000059604644800 -0.00554275792092084885
-0.12999999523162841800 -0.00554002216085791588
-0.11999999731779098500 -0.00552465394139289856
-0.10999999940395355200 -0.00553348986431956291
-0.10000000149011611900 -0.00553549220785498619
-0.09000000357627868650 -0.00551664503291249275
-0.07999999821186065670 -0.00553144700825214386
-0.07000000029802322390 -0.00555594498291611672
-0.05999999865889549260 -0.00554816285148262978
-0.05000000074505805970 -0.00556579977273941040
-0.03999999910593032840 -0.00556496018543839455
-0.02999999932944774630 -0.00552991591393947602
-0.01999999955296516420 -0.00554692884907126427
-0.00999999977648258210 -0.00555041199550032616
0.00000000000000000000 -0.00551575701683759690
0.00999999977648258210 -0.00551348784938454628
0.01999999955296516420 -0.00553162815049290657
0.02999999932944774630 -0.00553026888519525528
0.03999999910593032840 -0.00553593691438436508
0.05000000074505805970 -0.00555096287280321121
0.05999999865889549260 -0.00553844496607780457
0.07000000029802322390 -0.00551231997087597847
0.07999999821186065670 -0.00551840383559465408
0.09000000357627868650 -0.00550551805645227432
0.10000000149011611900 -0.00548056606203317642
0.10999999940395355200 -0.00548324920237064362
0.11999999731779098500 -0.00546912988647818566
0.12999999523162841800 -0.00547630619257688522
0.14000000059604644800 -0.00548466481268405914
0.15000000596046447800 -0.00547499815002083779
0.15999999642372131300 -0.00546042015776038170
0.17000000178813934300 -0.00544392922893166542
0.18000000715255737300 -0.00543297501280903816
0.18999999761581420900 -0.00542495120316743851
0.20000000298023223900 -0.00540617201477289200
0.20999999344348907500 -0.00538711715489625931
0.21999999880790710400 -0.00538897980004549027
0.23000000417232513400 -0.00538937188684940338
0.23999999463558197000 -0.00537571590393781662
0.25000000000000000000 -0.00536843622103333473
0.25999999046325683600 -0.00534839415922760964
0.27000001072883606000 -0.00530396122485399246
0.28000000119209289500 -0.00529821077361702919
0.28999999165534973100 -0.00527438800781965256
0.30000001192092895500 -0.00522722210735082626
0.31000000238418579100 -0.00520729413256049156
0.31999999284744262700 -0.00519047491252422333
0.33000001311302185100 -0.00516234384849667549
0.34000000357627868600 -0.00513917999342083931
0.34999999403953552200 -0.00510963005945086479
0.36000001430511474600 -0.00505555793642997742
0.37000000476837158200 -0.00501427799463272095
0.37999999523162841800 -0.00498296599835157395
0.38999998569488525400 -0.00492737814784049988
0.40000000596046447700 -0.00488372799009084702
0.40999999642372131300 -0.00484401779249310494
0.41999998688697814900 -0.00480551691725850105
0.43000000715255737300 -0.00477075483649969101
0.43999999761581420900 -0.00472811004146933556
0.44999998807907104500 -0.00466910609975457192
0.46000000834465026800 -0.00461057899519801140
0.46999999880790710400 -0.00455867080017924309
0.47999998927116394000 -0.00449626101180911064
0.49000000953674316400 -0.00443380977958440781
0.50000000000000000000 -0.00436095194891095162
0.50999999046325683600 -0.00429912609979510307
0.51999998092651367200 -0.00423799501731991768
0.52999997138977050800 -0.00415754411369562149
0.54000002145767211900 -0.00407468108460307121
0.55000001192092895500 -0.00397821096703410149
0.56000000238418579100 -0.00385099602863192558
0.56999999284744262700 -0.00373867503367364407
0.57999998331069946300 -0.00360210402868688107
0.58999997377395629900 -0.00341980508528649807
0.60000002384185791000 -0.00324056507088243961
0.61000001430511474600 -0.00303827202878892422
0.62000000476837158200 -0.00278707710094749928
0.62999999523162841800 -0.00250712991692125797
0.63999998569488525400 -0.00219014193862676621
0.64999997615814209000 -0.00181509903632104397
0.66000002622604370100 -0.00140997802373021841
0.67000001668930053700 -0.00095248152501881123
0.68000000715255737300 -0.00050181738333776593
0.68999999761581420900 -0.00003332615960971452
0.69999998807907104500 0.00048398910439573228
0.70999997854232788100 0.00101503799669444561
0.72000002861022949200 0.00170116999652236700
0.73000001907348632800 0.00235362397506833077
0.74000000953674316400 0.00303056300617754459
0.75000000000000000000 0.00373404193669557572
0.75999999046325683600 0.00445893686264753342
0.76999998092651367200 0.00522376177832484245
0.77999997138977050800 0.00601045181974768639
0.79000002145767211900 0.00681236106902360916
0.80000001192092895500 0.00764739699661731720
0.81000000238418579100 0.00847265031188726425
0.81999999284744262700 0.00932711921632289887
0.82999998331069946300 0.01026295032352209090
0.83999997377395629900 0.01064934954047203060
0.85000002384185791000 0.01100527960807085040
0.86000001430511474600 0.01122219022363424300
0.87000000476837158200 0.01137671992182731630
0.87999999523162841800 0.01142008975148200990
0.88999998569488525400 0.01159492973238229750
0.89999997615814209000 0.01176511961966753010
0.91000002622604370100 0.01182973012328147890
0.92000001668930053700 0.01187011040747165680
0.93000000715255737300 0.01197907980531454090
0.93999999761581420900 0.01168666966259479520
0.94999998807907104500 0.01201929990202188490
0.95999997854232788100 0.01208981964737176900
0.97000002861022949200 0.01214815024286508560
0.98000001907348632800 0.01215154957026243210
0.99000000953674316400 0.01221730001270771030
1.00000000000000000000 0.01229541003704071050
