-1.00000000000000000000 -0.00009104859054787084
-0.99000000953674316400 -0.00009024566679727286
-0.98000001907348632800 -0.00008936983067542315
-0.97000002861022949200 -0.00008856764179654419
-0.95999997854232788100 -0.00008792654989520088
-0.94999998807907104500 -0.00008728779357625172
-0.93999999761581420900 -0.00008666233770782128
-0.93000000715255737300 -0.00008609471842646599
-0.92000001668930053700 -0.00008550233178539202
-0.91000002622604370100 -0.00008490434265695512
-0.89999997615814209000 -0.00008446889842161909
-0.88999998569488525400 -0.00008390720176976174
-0.87999999523162841800 -0.00008329863339895383
-0.87000000476837158200 -0.00008282729686470702
-0.86000001430511474600 -0.00008220467134378850
-0.85000002384185791000 -0.00008171040099114180
-0.83999997377395629900 -0.00008107943722279742
-0.82999998331069946300 -0.00008060849359026179
-0.81999999284744262700 -0.00008007230644579977
-0.81000000238418579100 -0.00007963435200508684
-0.80000001192092895500 -0.00007913635636214167
-0.79000002145767211900 -0.00007861258200136945
-0.77999997138977050800 -0.00007809384260326624
-0.76999998092651367200 -0.00007746418850729242
-0.75999999046325683600 -0.00007703463052166626
-0.75000000000000000000 -0.00007639559771632776
-0.74000000953674316400 -0.00007583061233162880
-0.73000001907348632800 -0.00007528135756729171
-0.72000002861022949200 -0.00007486111280741170
-0.70999997854232788100 -0.00007431909762090072
-0.69999998807907104500 -0.00007381437899312004
-0.68999999761581420900 -0.00007326101331273094
-0.68000000715255737300 -0.00007273728260770440
-0.67000001668930053700 -0.00007223196735139936
-0.66000002622604370100 -0.00007167392323026434
-0.64999997615814209000 -0.00007107898272806779
-0.63999998569488525400 -0.00007047972758300602
-0.62999999523162841800 -0.00007013348658801988
-0.62000000476837158200 -0.00006946193752810359
-0.61000001430511474600 -0.00006901108281454071
-0.60000002384185791000 -0.00006852338992757723
-0.58999997377395629900 -0.00006793712236685678
-0.57999998331069946300 -0.00006748916348442435
-0.56999999284744262700 -0.00006687278073513880
-0.56000000238418579100 -0.00006638022750848904
-0.55000001192092895500 -0.00006583872163901106
-0.54000002145767211900 -0.00006536859291372821
-0.52999997138977050800 -0.00006470063817687333
-0.51999998092651367200 -0.00006435767136281356
-0.50999999046325683600 -0.00006380200647981837
-0.50000000000000000000 -0.00006330742326099426
-0.49000000953674316400 -0.00006281855166889727
-0.47999998927116394000 -0.00006219393981155008
-0.46999999880790710400 -0.00006166448292788118
-0.46000000834465026800 -0.00006119973841123283
-0.44999998807907104500 -0.00006072991891414858
-0.43999999761581420900 -0.00006005600153002888
-0.43000000715255737300 -0.00005972724102321081
-0.41999998688697814900 -0.00005914852954447269
-0.40999999642372131300 -0.00005866958963451907
-0.40000000596046447700 -0.00005818934005219489
-0.38999998569488525400 -0.00005762351065641269
-0.37999999523162841800 -0.00005716913074138574
-0.37000000476837158200 -0.00005662156036123633
-0.36000001430511474600 -0.00005607325874734670
-0.34999999403953552200 -0.00005552771835937165
-0.34000000357627868600 -0.00005506549860001542
-0.33000001311302185100 -0.00005444858834380284
-0.31999999284744262700 -0.00005402629176387563
-0.31000000238418579100 -0.00005354161839932203
-0.30000001192092895500 -0.00005298307951306924
-0.28999999165534973100 -0.00005251410038908944
-0.28000000119209289500 -0.00005192912067286670
-0.27000001072883606000 -0.00005138598135090433
-0.25999999046325683600 -0.00005087845056550577
-0.25000000000000000000 -0.00005046053047408350
-0.23999999463558197000 -0.00004980567973689176
-0.23000000417232513400 -0.00004938841084367596
-0.21999999880790710400 -0.00004887656905339099
-0.20999999344348907500 -0.00004834015999222174
-0.20000000298023223900 -0.00004783257099916227
-0.18999999761581420900 -0.00004734010872198269
-0.18000000715255737300 -0.00004672371869673952
-0.17000000178813934300 -0.00004623702989192680
-0.15999999642372131300 -0.00004580805034493096
-0.15000000596046447800 -0.00004516016997513361
-0.14000000059604644800 -0.00004478007031138986
-0.12999999523162841800 -0.00004421392077347264
-0.11999999731779098500 -0.00004363364860182628
-0.10999999940395355200 -0.00004318114952184260
-0.10000000149011611900 -0.00004267850090400316
-0.09000000357627868650 -0.00004217417153995484
-0.07999999821186065670 -0.00004164930942351930
-0.07000000029802322390 -0.00004124729093746282
-0.05999999865889549260 -0.00004064310996909626
-0.05000000074505805970 -0.00004020315100206062
-0.03999999910593032840 -0.00003961280890507624
-0.02999999932944774630 -0.00003912414831575006
-0.01999999955296516420 -0.00003864771133521572
-0.00999999977648258210 -0.00003808364999713376
0.00000000000000000000 -0.00003751022086362354
0.00999999977648258210 -0.00003698954969877377
0.01999999955296516420 -0.00003656286935438402
0.02999999932944774630 -0.00003596317037590779
0.03999999910593032840 -0.00003545646904967725
0.05000000074505805970 -0.00003493260010145605
0.05999999865889549260 -0.00003447408016654663
0.07000000029802322390 -0.00003388931872905232
0.07999999821186065670 -0.00003347391975694336
0.09000000357627868650 -0.00003291072061983868
0.10000000149011611900 -0.00003240662044845521
0.10999999940395355200 -0.00003199437924195081
0.11999999731779098500 -0.00003137171006528661
0.12999999523162841800 -0.00003089425081270747
0.14000000059604644800 -0.00003031478081538808
0.15000000596046447800 -0.00002987222069350537
0.15999999642372131300 -0.00002927024070231710
0.17000000178813934300 -0.00002887885966629256
0.18000000715255737300 -0.00002829964978445787
0.18999999761581420900 -0.00002783606032608077
0.20000000298023223900 -0.00002739898991421796
0.20999999344348907500 -0.00002681425030459650
0.21999999880790710400 -0.00002634361953823827
0.23000000417232513400 -0.00002579039028205443
0.23999999463558197000 -0.00002531515929149464
0.25000000000000000000 -0.00002468063030391932
0.25999999046325683600 -0.00002434885027469136
0.27000001072883606000 -0.00002375278927502222
0.28000000119209289500 -0.00002328783011762425
0.28999999165534973100 -0.00002275265978823882
0.30000001192092895500 -0.00002224200034106616
0.31000000238418579100 -0.00002173215943912510
0.31999999284744262700 -0.00002119547934853472
0.33000001311302185100 -0.00002068972025881521
0.34000000357627868600 -0.00002009077070397325
0.34999999403953552200 -0.00001973701000679284
0.36000001430511474600 -0.00001908781086967792
0.37000000476837158200 -0.00001868784056568984
0.37999999523162841800 -0.00001817976954043843
0.38999998569488525400 -0.00001757850077410694
0.40000000596046447700 -0.00001714499012450688
0.40999999642372131300 -0.00001661588066781405
0.41999998688697814900 -0.00001611291918379720
0.43000000715255737300 -0.00001559154043206945
0.43999999761581420900 -0.00001509098001406528
0.44999998807907104500 -0.00001444526969862636
0.46000000834465026800 -0.00001407195031788433
0.46999999880790710400 -0.00001355754011456156
0.47999998927116394000 -0.00001300664007430896
0.49000000953674316400 -0.00001255743973160861
0.50000000000000000000 -0.00001200379028887255
0.50999999046325683600 -0.00001141240045399172
0.51999998092651367200 -0.00001095454990718281
0.52999997138977050800 -0.00001045792032527970
0.54000002145767211900 -0.00000996100789052434
0.55000001192092895500 -0.00000944908242672682
0.56000000238418579100 -0.00000887172154762084
0.56999999284744262700 -0.00000850241394800832
0.57999998331069946300 -0.00000789027944847476
0.58999997377395629900 -0.00000739831784812850
0.60000002384185791000 -0.00000691855984769063
0.61000001430511474600 -0.00000634047000858118
0.62000000476837158200 -0.00000580008099859697
0.62999999523162841800 -0.00000531687419424998
0.63999998569488525400 -0.00000483194980915869
0.64999997615814209000 -0.00000425041116614011
0.66000002622604370100 -0.00000385220891985227
0.67000001668930053700 -0.00000317560102303105
0.68000000715255737300 -0.00000280077597381023
0.68999999761581420900 -0.00000225740495807258
0.69999998807907104500 0.00000060358337350408
0.70999997854232788100 0.00000113043097371701
0.72000002861022949200 0.00000160653996772453
0.73000001907348632800 0.00000215743807530089
0.74000000953674316400 0.00000266568099505093
0.75000000000000000000 0.00000308409698845935
0.75999999046325683600 0.00000372741806131671
0.76999998092651367200 0.00000410885604651412
0.77999997138977050800 0.00000464756703877356
0.79000002145767211900 0.00000513259601575555
0.80000001192092895500 0.00000559959289603285
0.81000000238418579100 0.00000609133121542982
0.81999999284744262700 0.00000663542505208170
0.82999998331069946300 0.00000713612416802789
0.83999997377395629900 0.00000758462920202874
0.85000002384185791000 0.00000820225068309810
0.86000001430511474600 0.00000859825740917586
0.87000000476837158200 0.00000917720535653643
0.87999999523162841800 0.00000961859495873796
0.88999998569488525400 0.00001008481012831908
0.89999997615814209000 0.00001054791027854662
0.91000002622604370100 0.00001112007976189489
0.92000001668930053700 0.00001160389001597650
0.93000000715255737300 0.00001208414960274240
0.93999999761581420900 0.00001261590023204917
0.94999998807907104500 0.00001315562985837460
0.95999997854232788100 0.00001355126005364582
0.97000002861022949200 0.00001420865010004491
0.98000001907348632800 0.00001457383041270077
0.99000000953674316400 0.00001505857017036760
1.00000000000000000000 0.00001561120916448999
