-1.00000000000000000000 -0.00571149308234453201
-0.99000000953674316400 -0.00571361603215336800
-0.98000001907348632800 -0.00571700604632496834
-0.97000002861022949200 -0.00570220919325947762
-0.95999997854232788100 -0.00569707015529274941
-0.94999998807907104500 -0.00570698687806725502
-0.93999999761581420900 -0.00572007801383733750
-0.93000000715255737300 -0.00572258979082107544
-0.92000001668930053700 -0.00573019078001379967
-0.91000002622604370100 -0.00572226289659738541
-0.89999997615814209000 -0.00570280477404594422
-0.88999998569488525400 -0.00570700410753488541
-0.87999999523162841800 -0.00570232700556516648
-0.87000000476837158200 -0.00568220112472772598
-0.86000001430511474600 -0.00567689398303627968
-0.85000002384185791000 -0.00568566611036658287
-0.83999997377395629900 -0.00569603592157363892
-0.82999998331069946300 -0.00569283217191696167
-0.81999999284744262700 -0.00569813512265682221
-0.81000000238418579100 -0.00568999582901597023
-0.80000001192092895500 -0.00566648505628108978
-0.79000002145767211900 -0.00567938480526208878
-0.77999997138977050800 -0.00567564601078629494
-0.76999998092651367200 -0.00565918302163481713
-0.75999999046325683600 -0.00566208921372890473
-0.75000000000000000000 -0.00567574286833405495
-0.74000000953674316400 -0.00568528985604643822
-0.73000001907348632800 -0.00568498484790325165
-0.72000002861022949200 -0.00569632882252335549
-0.70999997854232788100 -0.00567780109122395516
-0.69999998807907104500 -0.00566590111702680588
-0.68999999761581420900 -0.00567758409306406975
-0.68000000715255737300 -0.00567109510302543640
-0.67000001668930053700 -0.00565347308292984963
-0.66000002622604370100 -0.00566276395693421364
-0.64999997615814209000 -0.00567269697785377503
-0.63999998569488525400 -0.00567814894020557404
-0.62999999523162841800 -0.00568749802187085152
-0.62000000476837158200 -0.00567658385261893273
-0.61000001430511474600 -0.00565388984978199005
-0.60000002384185791000 -0.00564426695927977562
-0.58999997377395629900 -0.00563849695026874542
-0.57999998331069946300 -0.00562193104997277260
-0.56999999284744262700 -0.00560550298541784287
-0.56000000238418579100 -0.00561250699684023857
-0.55000001192092895500 -0.00561959901824593544
-0.54000002145767211900 -0.00562304817140102387
-0.52999997138977050800 -0.00563440890982747078
-0.51999998092651367200 -0.00562931085005402565
-0.50999999046325683600 -0.00560413207858800888
-0.50000000000000000000 -0.00561666907742619515
-0.49000000953674316400 -0.00561369583010673523
-0.47999998927116394000 -0.00559156900271773338
-0.46999999880790710400 -0.00559744518250226975
-0.46000000834465026800 -0.00560124404728412628
-0.44999998807907104500 -0.00560851301997900009
-0.43999999761581420900 -0.00561482785269618035
-0.43000000715255737300 -0.00562730804085731507
-0.41999998688697814900 -0.00561400409787893295
-0.40999999642372131300 -0.00558903301134705544
-0.40000000596046447700 -0.00559775717556476593
-0.38999998569488525400 -0.00559235597029328346
-0.37999999523162841800 -0.00556780304759740830
-0.37000000476837158200 -0.00556415598839521408
-0.36000001430511474600 -0.00557266082614660263
-0.34999999403953552200 -0.00557318422943353653
-0.34000000357627868600 -0.00558021105825901032
-0.33000001311302185100 -0.00557933887466788292
-0.31999999284744262700 -0.00556389102712273598
-0.31000000238418579100 -0.00553894508630037308
-0.30000001192092895500 -0.00554233789443969727
-0.28999999165534973100 -0.00552958017215132714
-0.28000000119209289500 -0.00549542717635631561
-0.27000001072883606000 -0.00550054805353283882
-0.25999999046325683600 -0.00549685722216963768
-0.25000000000000000000 -0.00549700390547513962
-0.23999999463558197000 -0.00549693685024976731
-0.23000000417232513400 -0.00549654709175229073
-0.21999999880790710400 -0.00547113595530390740
-0.20999999344348907500 -0.00545541895553469658
-0.20000000298023223900 -0.00545605691149830818
-0.18999999761581420900 -0.00543951615691184998
-0.18000000715255737300 -0.00542005710303783417
-0.17000000178813934300 -0.00541941821575164795
-0.15999999642372131300 -0.00542148621752858162
-0.15000000596046447800 -0.00541653390973806381
-0.14000000059604644800 -0.00542000913992524147
-0.12999999523162841800 -0.00540705816820263863
-0.11999999731779098500 -0.00537473615258932114
-0.10999999940395355200 -0.00536362780258059502
-0.10000000149011611900 -0.00535260885953903198
-0.09000000357627868650 -0.00531756877899169922
-0.07999999821186065670 -0.00530040916055440903
-0.07000000029802322390 -0.00529104890301823616
-0.05999999865889549260 -0.00527444202452898026
-0.05000000074505805970 -0.00526688201352953911
-0.03999999910593032840 -0.00525404978543519974
-0.02999999932944774630 -0.00522936182096600533
-0.01999999955296516420 -0.00518484693020582199
-0.00999999977648258210 -0.00516947684809565544
0.00000000000000000000 -0.00514589715749025345
0.00999999977648258210 -0.00511534279212355614
0.01999999955296516420 -0.00507884891703724861
0.02999999932944774630 -0.00505399797111749649
0.03999999910593032840 -0.00503662507981061936
0.05000000074505805970 -0.00501661514863371849
0.05999999865889549260 -0.00499277701601386070
0.07000000029802322390 -0.00496375095099210739
0.07999999821186065670 -0.00492142792791128159
0.09000000357627868650 -0.00488016800954937935
0.10000000149011611900 -0.00484777800738811493
0.10999999940395355200 -0.00480158301070332527
0.11999999731779098500 -0.00475542899221181870
0.12999999523162841800 -0.00471545103937387467
0.14000000059604644800 -0.00468131899833679199
0.15000000596046447800 -0.00464467098936438561
0.15999999642372131300 -0.00459714187309145928
0.17000000178813934300 -0.00454229582101106644
0.18000000715255737300 -0.00447391811758279801
0.18999999761581420900 -0.00442067487165331841
0.20000000298023223900 -0.00435872608795762062
0.20999999344348907500 -0.00428460584953427315
0.21999999880790710400 -0.00422098487615585327
0.23000000417232513400 -0.00415634084492921829
0.23999999463558197000 -0.00409397017210721970
0.25000000000000000000 -0.00402505882084369660
0.25999999046325683600 -0.00395378191024065018
0.27000001072883606000 -0.00386776588857173920
0.28000000119209289500 -0.00377081497572362423
0.28999999165534973100 -0.00368531607091426849
0.30000001192092895500 -0.00359751493670046330
0.31000000238418579100 -0.00349373393692076206
0.31999999284744262700 -0.00339299300685524941
0.33000001311302185100 -0.00330199603922665119
0.34000000357627868600 -0.00320477108471095562
0.34999999403953552200 -0.00310164503753185272
0.36000001430511474600 -0.00300194695591926575
0.37000000476837158200 -0.00288943597115576267
0.37999999523162841800 -0.00276903901249170303
0.38999998569488525400 -0.00266528897918760777
0.40000000596046447700 -0.00255250302143394947
0.40999999642372131300 -0.00243287510238587856
0.41999998688697814900 -0.00232612108811736107
0.43000000715255737300 -0.00221912306733429432
0.43999999761581420900 -0.00211698701605200768
0.44999998807907104500 -0.00201191706582903862
0.46000000834465026800 -0.00191035901661962271
0.46999999880790710400 -0.00180497602559626102
0.47999998927116394000 -0.00169850501697510481
0.49000000953674316400 -0.00160550000146031380
0.50000000000000000000 -0.00151035899762064219
0.50999999046325683600 -0.00141170597635209560
0.51999998092651367200 -0.00132353394292294979
0.52999997138977050800 -0.00123904598876833916
0.54000002145767211900 -0.00115512695629149675
0.55000001192092895500 -0.00107346195727586746
0.56000000238418579100 -0.00094625458586961031
0.56999999284744262700 -0.00086571607971563935
0.57999998331069946300 -0.00079433538485318422
0.58999997377395629900 -0.00072458368958905339
0.60000002384185791000 -0.00065408000955358148
0.61000001430511474600 -0.00058304332196712494
0.62000000476837158200 -0.00051798688946291804
0.62999999523162841800 -0.00045348430285230279
0.63999998569488525400 -0.00038853840669617057
0.64999997615814209000 -0.00032620961428619921
0.66000002622604370100 -0.00026611879002302885
0.67000001668930053700 -0.00020583570585586131
0.68000000715255737300 -0.00014651089441031218
0.68999999761581420900 -0.00008735639130463824
0.69999998807907104500 -0.00002936259079433512
0.70999997854232788100 0.00002738375042099506
0.72000002861022949200 0.00009021907317219302
0.73000001907348632800 0.00015062099555507302
0.74000000953674316400 0.00021136860596016049
0.75000000000000000000 0.00027260289061814547
0.75999999046325683600 0.00033413741039112210
0.76999998092651367200 0.00039658328751102090
0.77999997138977050800 0.00045932389912195504
0.79000002145767211900 0.00052198558114469051
0.80000001192092895500 0.00058694509789347649
0.81000000238418579100 0.00065294350497424603
0.81999999284744262700 0.00071914488216862083
0.82999998331069946300 0.00078794197179377079
0.83999997377395629900 0.00085614190902560949
0.85000002384185791000 0.00092307862360030413
0.86000001430511474600 0.00099547323770821095
0.87000000476837158200 0.00111802096944302321
0.87999999523162841800 0.00119672797154635191
0.88999998569488525400 0.00127458898350596428
0.89999997615814209000 0.00135294301435351372
0.91000002622604370100 0.00143637100700289011
0.92000001668930053700 0.00151992705650627613
0.93000000715255737300 0.00160202500410377979
0.93999999761581420900 0.00168955198023468256
0.94999998807907104500 0.00178182998206466436
0.95999997854232788100 0.00187391205690801144
0.97000002861022949200 0.00196854909881949425
0.98000001907348632800 0.00206234189681708813
0.99000000953674316400 0.00215264107100665569
1.00000000000000000000 0.00224491511471569538
