-1.00000000000000000000 -0.00560278678312897682
-0.99000000953674316400 -0.00558407977223396301
-0.98000001907348632800 -0.00559117086231708527
-0.97000002861022949200 -0.00558227580040693283
-0.95999997854232788100 -0.00556305097416043282
-0.94999998807907104500 -0.00556236086413264275
-0.93999999761581420900 -0.00557300215587019921
-0.93000000715255737300 -0.00558379618450999260
-0.92000001668930053700 -0.00558685092255473137
-0.91000002622604370100 -0.00559374317526817322
-0.89999997615814209000 -0.00557994097471237183
-0.88999998569488525400 -0.00557255698367953301
-0.87999999523162841800 -0.00558179803192615509
-0.87000000476837158200 -0.00557813188061118126
-0.86000001430511474600 -0.00557315582409501076
-0.85000002384185791000 -0.00557738589122891426
-0.83999997377395629900 -0.00559375621378421784
-0.82999998331069946300 -0.00560696795582771301
-0.81999999284744262700 -0.00561287999153137207
-0.81000000238418579100 -0.00561314821243286133
-0.80000001192092895500 -0.00560136977583169937
-0.79000002145767211900 -0.00559165421873331070
-0.77999997138977050800 -0.00560041097924113274
-0.76999998092651367200 -0.00558758014813065529
-0.75999999046325683600 -0.00557775795459747315
-0.75000000000000000000 -0.00558834616094827652
-0.74000000953674316400 -0.00560290599241852760
-0.73000001907348632800 -0.00560529390349984169
-0.72000002861022949200 -0.00561582203954458237
-0.70999997854232788100 -0.00560871697962284088
-0.69999998807907104500 -0.00558397686108946800
-0.68999999761581420900 -0.00558997411280870438
-0.68000000715255737300 -0.00558359595015645027
-0.67000001668930053700 -0.00556115107610821724
-0.66000002622604370100 -0.00556330196559429169
-0.64999997615814209000 -0.00557196093723177910
-0.63999998569488525400 -0.00558233307674527168
-0.62999999523162841800 -0.00558560714125633240
-0.62000000476837158200 -0.00560187594965100289
-0.61000001430511474600 -0.00558996619656682015
-0.60000002384185791000 -0.00557208806276321411
-0.58999997377395629900 -0.00558636803179979325
-0.57999998331069946300 -0.00558360479772090912
-0.56999999284744262700 -0.00556964799761772156
-0.56000000238418579100 -0.00557500217109918595
-0.55000001192092895500 -0.00558858318254351616
-0.54000002145767211900 -0.00560036022216081619
-0.52999997138977050800 -0.00561057077720761299
-0.51999998092651367200 -0.00561353797093033791
-0.50999999046325683600 -0.00560424011200666428
-0.50000000000000000000 -0.00558643601834774018
-0.49000000953674316400 -0.00559613713994622231
-0.47999998927116394000 -0.00559057388454675675
-0.46999999880790710400 -0.00557242007926106453
-0.46000000834465026800 -0.00557658681645989418
-0.44999998807907104500 -0.00558400806039571762
-0.43999999761581420900 -0.00558640900999307633
-0.43000000715255737300 -0.00558848679065704346
-0.41999998688697814900 -0.00559068610891699791
-0.40999999642372131300 -0.00556438695639371872
-0.40000000596046447700 -0.00555793801322579384
-0.38999998569488525400 -0.00555535079911351204
-0.37999999523162841800 -0.00554061913862824440
-0.37000000476837158200 -0.00554013997316360474
-0.36000001430511474600 -0.00554194906726479530
-0.34999999403953552200 -0.00555713521316647530
-0.34000000357627868600 -0.00556680886074900627
-0.33000001311302185100 -0.00557832699269056320
-0.31999999284744262700 -0.00557466410100460053
-0.31000000238418579100 -0.00555963907390832901
-0.30000001192092895500 -0.00556485494598746300
-0.28999999165534973100 -0.00556994881480932236
-0.28000000119209289500 -0.00555151700973510742
-0.27000001072883606000 -0.00555000593885779381
-0.25999999046325683600 -0.00556439114734530449
-0.25000000000000000000 -0.00557212997227907181
-0.23999999463558197000 -0.00557856913655996323
-0.23000000417232513400 -0.00559060601517558098
-0.21999999880790710400 -0.00558653613552451134
-0.20999999344348907500 -0.00556351291015744209
-0.20000000298023223900 -0.00557718100026249886
-0.18999999761581420900 -0.00557393021881580353
-0.18000000715255737300 -0.00554963992908596993
-0.17000000178813934300 -0.00555002503097057343
-0.15999999642372131300 -0.00556094618514180184
-0.15000000596046447800 -0.00556173501536250115
-0.14000000059604644800 -0.00557016208767890930
-0.12999999523162841800 -0.00557710509747266770
-0.11999999731779098500 -0.00555590679869055748
-0.10999999940395355200 -0.00553967477753758431
-0.10000000149011611900 -0.00555298011749982834
-0.09000000357627868650 -0.00554769486188888550
-0.07999999821186065670 -0.00552929984405636788
-0.07000000029802322390 -0.00553881097584962845
-0.05999999865889549260 -0.00554990908131003380
-0.05000000074505805970 -0.00555689400061964989
-0.03999999910593032840 -0.00556656112894415856
-0.02999999932944774630 -0.00557150319218635559
-0.01999999955296516420 -0.00555783184245228768
-0.00999999977648258210 -0.00554737495258450508
0.00000000000000000000 -0.00555674219503998757
0.00999999977648258210 -0.00555140106007456780
0.01999999955296516420 -0.00553703913465142250
0.02999999932944774630 -0.00553911086171865463
0.03999999910593032840 -0.00554563291370868683
0.05000000074505805970 -0.00556141790002584458
0.05999999865889549260 -0.00556246098130941391
0.07000000029802322390 -0.00556642282754182816
0.07999999821186065670 -0.00555562181398272515
0.09000000357627868650 -0.00553694600239396095
0.10000000149011611900 -0.00554225407540798187
0.10999999940395355200 -0.00553314387798309326
0.11999999731779098500 -0.00550835113972425461
0.12999999523162841800 -0.00550489500164985657
0.14000000059604644800 -0.00550976581871509552
0.15000000596046447800 -0.00551267806440591812
0.15999999642372131300 -0.00551414303481578827
0.17000000178813934300 -0.00550976814702153206
0.18000000715255737300 -0.00549554498866200447
0.18999999761581420900 -0.00548392906785011292
0.20000000298023223900 -0.00548350578173995018
0.20999999344348907500 -0.00546712893992662430
0.21999999880790710400 -0.00545871397480368614
0.23000000417232513400 -0.00546366022899746895
0.23999999463558197000 -0.00547063583508133888
0.25000000000000000000 -0.00547752482816576958
0.25999999046325683600 -0.00547529291361570358
0.27000001072883606000 -0.00546440109610557556
0.28000000119209289500 -0.00543896295130252838
0.28999999165534973100 -0.00542839802801609039
0.30000001192092895500 -0.00542127899825572968
0.31000000238418579100 -0.00539596285670995712
0.31999999284744262700 -0.00537919392809271813
0.33000001311302185100 -0.00537368888035416603
0.34000000357627868600 -0.00536867696791887284
0.34999999403953552200 -0.00535442307591438294
0.36000001430511474600 -0.00534467399120330811
0.37000000476837158200 -0.00530930981040000916
0.37999999523162841800 -0.00527017517015337944
0.38999998569488525400 -0.00525003112852573395
0.40000000596046447700 -0.00521439220756292343
0.40999999642372131300 -0.00516779487952589989
0.41999998688697814900 -0.00513263279572129250
0.43000000715255737300 -0.00510443421080708504
0.43999999761581420900 -0.00507516413927078247
0.44999998807907104500 -0.00504236714914441109
0.46000000834465026800 -0.00500433519482612610
0.46999999880790710400 -0.00494813686236739159
0.47999998927116394000 -0.00488868821412324906
0.49000000953674316400 -0.00484540918841958046
0.50000000000000000000 -0.00478674517944455147
0.50999999046325683600 -0.00471697608008980751
0.51999998092651367200 -0.00466278195381164551
0.52999997138977050800 -0.00460274517536163330
0.54000002145767211900 -0.00453851791098713875
0.55000001192092895500 -0.00446030776947736740
0.56000000238418579100 -0.00437953416258096695
0.56999999284744262700 -0.00427662581205368042
0.57999998331069946300 -0.00416051689535379410
0.58999997377395629900 -0.00404504919424653053
0.60000002384185791000 -0.00390119897201657295
0.61000001430511474600 -0.00373077206313610077
0.62000000476837158200 -0.00354325189255177975
0.62999999523162841800 -0.00332451798021793366
0.63999998569488525400 -0.00305869104340672493
0.64999997615814209000 -0.00274039688520133495
0.66000002622604370100 -0.00235474994406104088
0.67000001668930053700 -0.00189321197103708983
0.68000000715255737300 -0.00136697595007717609
0.68999999761581420900 -0.00076316727790981531
0.69999998807907104500 -0.00011395230103516951
0.70999997854232788100 0.00059667538153007627
0.72000002861022949200 0.00148647499736398459
0.73000001907348632800 0.00243740808218717575
0.74000000953674316400 0.00345776206813752651
0.75000000000000000000 0.00455468380823731423
0.75999999046325683600 0.00571464886888861656
0.76999998092651367200 0.00693427911028265953
0.77999997138977050800 0.00821518711745738983
0.79000002145767211900 0.00954465940594673157
0.80000001192092895500 0.01031818985939025880
0.81000000238418579100 0.01169523037970066070
0.81999999284744262700 0.01310241967439651490
0.82999998331069946300 0.01453312020748853680
0.83999997377395629900 0.01600218936800956730
0.85000002384185791000 0.01750144921243190770
0.86000001430511474600 0.01903011091053485870
0.87000000476837158200 0.02058736979961395260
0.87999999523162841800 0.02215567044913768770
0.88999998569488525400 0.02373882010579109190
0.89999997615814209000 0.02536330930888652800
0.91000002622604370100 0.02699371054768562320
0.92000001668930053700 0.02863069064915180210
0.93000000715255737300 0.03029748052358627320
0.93999999761581420900 0.03198257833719253540
0.94999998807907104500 0.03369700163602828980
0.95999997854232788100 0.03542714938521385190
0.97000002861022949200 0.03716294839978218080
0.98000001907348632800 0.03891187906265258790
0.99000000953674316400 0.04065458849072456360
1.00000000000000000000 0.04244465008378028870
