-1.00000000000000000000 -0.00561842182651162148
-0.99000000953674316400 -0.00562573410570621491
-0.98000001907348632800 -0.00561189698055386543
-0.97000002861022949200 -0.00559621397405862808
-0.95999997854232788100 -0.00560390483587980271
-0.94999998807907104500 -0.00560472020879387856
-0.93999999761581420900 -0.00558963604271411896
-0.93000000715255737300 -0.00559298787266016007
-0.92000001668930053700 -0.00560938101261854172
-0.91000002622604370100 -0.00562051497399806976
-0.89999997615814209000 -0.00562942493706941605
-0.88999998569488525400 -0.00563705107197165489
-0.87999999523162841800 -0.00563006987795233727
-0.87000000476837158200 -0.00561150722205638886
-0.86000001430511474600 -0.00562875578179955483
-0.85000002384185791000 -0.00562682282179594040
-0.83999997377395629900 -0.00560588110238313675
-0.82999998331069946300 -0.00561953615397214890
-0.81999999284744262700 -0.00563126895576715470
-0.81000000238418579100 -0.00563584687188267708
-0.80000001192092895500 -0.00565267400816082955
-0.79000002145767211900 -0.00564657012000679970
-0.77999997138977050800 -0.00561903277412056923
-0.76999998092651367200 -0.00563374720513820648
-0.75999999046325683600 -0.00563160283491015434
-0.75000000000000000000 -0.00560350902378559113
-0.74000000953674316400 -0.00561027089133858681
-0.73000001907348632800 -0.00561669981107115746
-0.72000002861022949200 -0.00562359020113945008
-0.70999997854232788100 -0.00563250109553337097
-0.69999998807907104500 -0.00563913909718394280
-0.68999999761581420900 -0.00562657508999109268
-0.68000000715255737300 -0.00561289489269256592
-0.67000001668930053700 -0.00562280789017677307
-0.66000002622604370100 -0.00562013220041990280
-0.64999997615814209000 -0.00560600403696298599
-0.63999998569488525400 -0.00560900382697582245
-0.62999999523162841800 -0.00562482606619596482
-0.62000000476837158200 -0.00563005590811371803
-0.61000001430511474600 -0.00563924899324774742
-0.60000002384185791000 -0.00563707295805215836
-0.58999997377395629900 -0.00562054291367530823
-0.57999998331069946300 -0.00561629701405763626
-0.56999999284744262700 -0.00562250986695289612
-0.56000000238418579100 -0.00560400495305657387
-0.55000001192092895500 -0.00559758720919489861
-0.54000002145767211900 -0.00560915889218449593
-0.52999997138977050800 -0.00561524182558059693
-0.51999998092651367200 -0.00562016991898417473
-0.50999999046325683600 -0.00562829989939928055
-0.50000000000000000000 -0.00561570981517434120
-0.49000000953674316400 -0.00559169286862015724
-0.47999998927116394000 -0.00560119096189737320
-0.46999999880790710400 -0.00559134408831596375
-0.46000000834465026800 -0.00556643586605787277
-0.44999998807907104500 -0.00557480286806821823
-0.43999999761581420900 -0.00558069907128810883
-0.43000000715255737300 -0.00558337802067399025
-0.41999998688697814900 -0.00559963099658489227
-0.40999999642372131300 -0.00560531904920935631
-0.40000000596046447700 -0.00558771984651684761
-0.38999998569488525400 -0.00558545114472508431
-0.37999999523162841800 -0.00559478392824530602
-0.37000000476837158200 -0.00558206299319863320
-0.36000001430511474600 -0.00558185903355479241
-0.34999999403953552200 -0.00558729516342282295
-0.34000000357627868600 -0.00559999793767929077
-0.33000001311302185100 -0.00561380293220281601
-0.31999999284744262700 -0.00562282698228955269
-0.31000000238418579100 -0.00561555614694952965
-0.30000001192092895500 -0.00560255302116274834
-0.28999999165534973100 -0.00560679705813527107
-0.28000000119209289500 -0.00560515001416206360
-0.27000001072883606000 -0.00559242023155093193
-0.25999999046325683600 -0.00558943301439285278
-0.25000000000000000000 -0.00560319004580378533
-0.23999999463558197000 -0.00560853490605950356
-0.23000000417232513400 -0.00561327999457716942
-0.21999999880790710400 -0.00561862206086516380
-0.20999999344348907500 -0.00560432299971580506
-0.20000000298023223900 -0.00558433914557099343
-0.18999999761581420900 -0.00560058280825614929
-0.18000000715255737300 -0.00559355085715651512
-0.17000000178813934300 -0.00556933507323265076
-0.15999999642372131300 -0.00558200618252158165
-0.15000000596046447800 -0.00559369521215558052
-0.14000000059604644800 -0.00560004822909832001
-0.12999999523162841800 -0.00561067089438438416
-0.11999999731779098500 -0.00561062199994921684
-0.10999999940395355200 -0.00559007190167903900
-0.10000000149011611900 -0.00559960398823022843
-0.09000000357627868650 -0.00559846591204404831
-0.07999999821186065670 -0.00557987578213214874
-0.07000000029802322390 -0.00558108417317271233
-0.05999999865889549260 -0.00558878993615508080
-0.05000000074505805970 -0.00559747917577624321
-0.03999999910593032840 -0.00560407899320125580
-0.02999999932944774630 -0.00561313098296523094
-0.01999999955296516420 -0.00559873878955841065
-0.00999999977648258210 -0.00557946506887674332
0.00000000000000000000 -0.00558608397841453552
0.00999999977648258210 -0.00558066414669156075
0.01999999955296516420 -0.00557120796293020249
0.02999999932944774630 -0.00555297685787081719
0.03999999910593032840 -0.00555515987798571587
0.05000000074505805970 -0.00556244980543851853
0.05999999865889549260 -0.00556395109742879868
0.07000000029802322390 -0.00556632410734891892
0.07999999821186065670 -0.00556194595992565155
0.09000000357627868650 -0.00553950481116771698
0.10000000149011611900 -0.00553971901535987854
0.10999999940395355200 -0.00554106477648019791
0.11999999731779098500 -0.00552498782053589821
0.12999999523162841800 -0.00552178220823407173
0.14000000059604644800 -0.00553656881675124169
0.15000000596046447800 -0.00554920081049203873
0.15999999642372131300 -0.00554924178868532181
0.17000000178813934300 -0.00556196691468358040
0.18000000715255737300 -0.00554729485884308815
0.18999999761581420900 -0.00552786979824304581
0.20000000298023223900 -0.00554273184388875961
0.20999999344348907500 -0.00553178787231445313
0.21999999880790710400 -0.00550889596343040466
0.23000000417232513400 -0.00551455887034535408
0.23999999463558197000 -0.00551558705046772957
0.25000000000000000000 -0.00551785901188850403
0.25999999046325683600 -0.00552346790209412575
0.27000001072883606000 -0.00550785101950168610
0.28000000119209289500 -0.00548537820577621460
0.28999999165534973100 -0.00546740321442484856
0.30000001192092895500 -0.00546043599024415016
0.31000000238418579100 -0.00543483207002282143
0.31999999284744262700 -0.00541274994611740112
0.33000001311302185100 -0.00540061201900243759
0.34000000357627868600 -0.00539442477747797966
0.34999999403953552200 -0.00538277905434370041
0.36000001430511474600 -0.00536921015009284020
0.37000000476837158200 -0.00534187909215688706
0.37999999523162841800 -0.00530480407178401947
0.38999998569488525400 -0.00528755178675055504
0.40000000596046447700 -0.00526011688634753227
0.40999999642372131300 -0.00521639222279191017
0.41999998688697814900 -0.00519050192087888718
0.43000000715255737300 -0.00516210822388529778
0.43999999761581420900 -0.00513541093096137047
0.44999998807907104500 -0.00510037178173661232
0.46000000834465026800 -0.00506281480193138123
0.46999999880790710400 -0.00500820111483335495
0.47999998927116394000 -0.00494693918153643608
0.49000000953674316400 -0.00490349996834993363
0.50000000000000000000 -0.00483756698668003082
0.50999999046325683600 -0.00476904585957527161
0.51999998092651367200 -0.00470441579818725586
0.52999997138977050800 -0.00464153382927179337
0.54000002145767211900 -0.00456574419513344765
0.55000001192092895500 -0.00448686210438609123
0.56000000238418579100 -0.00438176514580845833
0.56999999284744262700 -0.00425822706893086434
0.57999998331069946300 -0.00414038589224219322
0.58999997377395629900 -0.00399324111640453339
0.60000002384185791000 -0.00382029707543551922
0.61000001430511474600 -0.00362238008528947830
0.62000000476837158200 -0.00340896309353411198
0.62999999523162841800 -0.00313330092467367649
0.63999998569488525400 -0.00281856209039688110
0.64999997615814209000 -0.00244095502421259880
0.66000002622604370100 -0.00197577802464365959
0.67000001668930053700 -0.00145172094926238060
0.68000000715255737300 -0.00084450369467958808
0.68999999761581420900 -0.00017779540212359279
0.69999998807907104500 0.00052322971168905497
0.70999997854232788100 0.00142085901461541653
0.72000002861022949200 0.00237331097014248371
0.73000001907348632800 0.00342219299636781216
0.74000000953674316400 0.00449270615354180336
0.75000000000000000000 0.00567547185346484184
0.75999999046325683600 0.00689779780805110932
0.76999998092651367200 0.00818009674549102783
0.77999997138977050800 0.00949513539671897888
0.79000002145767211900 0.01031991001218557360
0.80000001192092895500 0.01166848000138998030
0.81000000238418579100 0.01309247966855764390
0.81999999284744262700 0.01451766025274991990
0.82999998331069946300 0.01600942015647888180
0.83999997377395629900 0.01749357022345066070
0.85000002384185791000 0.01904826052486896520
0.86000001430511474600 0.02059159986674785610
0.87000000476837158200 0.02214659936726093290
0.87999999523162841800 0.02375352941453456880
0.88999998569488525400 0.02533126994967460630
0.89999997615814209000 0.02698889002203941350
0.91000002622604370100 0.02860561013221740720
0.92000001668930053700 0.03029008954763412480
0.93000000715255737300 0.03196192160248756410
0.93999999761581420900 0.03371515125036239620
0.94999998807907104500 0.03542516008019447330
0.95999997854232788100 0.03716313093900680540
0.97000002861022949200 0.03893034905195236210
0.98000001907348632800 0.04063468053936958310
0.99000000953674316400 0.04246836900711059570
1.00000000000000000000 0.04423017054796218870
