-1.00000000000000000000 -0.00601083086803555489
-0.99000000953674316400 -0.00601255893707275391
-0.98000001907348632800 -0.00600510695949196816
-0.97000002861022949200 -0.00598291680216789246
-0.95999997854232788100 -0.00598893780261278153
-0.94999998807907104500 -0.00598619785159826279
-0.93999999761581420900 -0.00596073409542441368
-0.93000000715255737300 -0.00598089396953582764
-0.92000001668930053700 -0.00600636983290314675
-0.91000002622604370100 -0.00599474692717194557
-0.89999997615814209000 -0.00601627817377448082
-0.88999998569488525400 -0.00602248916402459145
-0.87999999523162841800 -0.00597901409491896630
-0.87000000476837158200 -0.00600060494616627693
-0.86000001430511474600 -0.00600616680458188057
-0.85000002384185791000 -0.00596592202782630921
-0.83999997377395629900 -0.00598144112154841423
-0.82999998331069946300 -0.00599632691591978073
-0.81999999284744262700 -0.00598934013396501541
-0.81000000238418579100 -0.00600838009268045426
-0.80000001192092895500 -0.00603168597444891930
-0.79000002145767211900 -0.00599926616996526718
-0.77999997138977050800 -0.00598507001996040344
-0.76999998092651367200 -0.00600240891799330712
-0.75999999046325683600 -0.00597831001505255699
-0.75000000000000000000 -0.00596481887623667717
-0.74000000953674316400 -0.00597265502437949181
-0.73000001907348632800 -0.00596198393031954766
-0.72000002861022949200 -0.00597769720479846001
-0.70999997854232788100 -0.00599320884793996811
-0.69999998807907104500 -0.00598612986505031586
-0.68999999761581420900 -0.00598383508622646332
-0.68000000715255737300 -0.00596233410760760308
-0.67000001668930053700 -0.00595966586843132973
-0.66000002622604370100 -0.00596854602918028832
-0.64999997615814209000 -0.00595705211162567139
-0.63999998569488525400 -0.00595568399876356125
-0.62999999523162841800 -0.00598045298829674721
-0.62000000476837158200 -0.00599507102742791176
-0.61000001430511474600 -0.00599027890712022782
-0.60000002384185791000 -0.00601490214467048645
-0.58999997377395629900 -0.00600196188315749169
-0.57999998331069946300 -0.00597528507933020592
-0.56999999284744262700 -0.00599893881008028984
-0.56000000238418579100 -0.00598987098783254624
-0.55000001192092895500 -0.00596371479332447052
-0.54000002145767211900 -0.00598325394093990326
-0.52999997138977050800 -0.00599164515733718872
-0.51999998092651367200 -0.00598529120907187462
-0.50999999046325683600 -0.00601231399923563004
-0.50000000000000000000 -0.00601290585473179817
-0.49000000953674316400 -0.00598341412842273712
-0.47999998927116394000 -0.00598426582291722298
-0.46999999880790710400 -0.00599049916490912438
-0.46000000834465026800 -0.00596575904637575150
-0.44999998807907104500 -0.00596708292141556740
-0.43999999761581420900 -0.00596969295293092728
-0.43000000715255737300 -0.00596846500411629677
-0.41999998688697814900 -0.00599221279844641686
-0.40999999642372131300 -0.00599453784525394440
-0.40000000596046447700 -0.00598590914160013199
-0.38999998569488525400 -0.00597451394423842430
-0.37999999523162841800 -0.00597132090479135514
-0.37000000476837158200 -0.00596540700644254685
-0.36000001430511474600 -0.00595972081646323204
-0.34999999403953552200 -0.00594923319295048714
-0.34000000357627868600 -0.00595618784427642822
-0.33000001311302185100 -0.00598003389313817024
-0.31999999284744262700 -0.00597769115120172501
-0.31000000238418579100 -0.00599227705970406532
-0.30000001192092895500 -0.00599920190870761872
-0.28999999165534973100 -0.00595978088676929474
-0.28000000119209289500 -0.00596721703186631203
-0.27000001072883606000 -0.00597549602389335632
-0.25999999046325683600 -0.00594375701621174812
-0.25000000000000000000 -0.00593893090263009072
-0.23999999463558197000 -0.00596268381923437119
-0.23000000417232513400 -0.00595574406906962395
-0.21999999880790710400 -0.00596703914925456047
-0.20999999344348907500 -0.00599175086244940758
-0.20000000298023223900 -0.00596146285533905030
-0.18999999761581420900 -0.00593310082331299782
-0.18000000715255737300 -0.00595598993822932244
-0.17000000178813934300 -0.00593003118410706520
-0.15999999642372131300 -0.00590829085558652878
-0.15000000596046447800 -0.00592498993501067162
-0.14000000059604644800 -0.00591214792802929878
-0.12999999523162841800 -0.00592404883354902268
-0.11999999731779098500 -0.00594182498753070832
-0.10999999940395355200 -0.00593750411644577980
-0.10000000149011611900 -0.00592885492369532585
-0.09000000357627868650 -0.00591994496062397957
-0.07999999821186065670 -0.00591146387159824372
-0.07000000029802322390 -0.00591356819495558739
-0.05999999865889549260 -0.00590660516172647476
-0.05000000074505805970 -0.00589235080406069756
-0.03999999910593032840 -0.00591115793213248253
-0.02999999932944774630 -0.00592873478308320046
-0.01999999955296516420 -0.00591513188555836678
-0.00999999977648258210 -0.00592722184956073761
0.00000000000000000000 -0.00592215079814195633
0.00999999977648258210 -0.00588769512251019478
0.01999999955296516420 -0.00589740090072154999
0.02999999932944774630 -0.00590312480926513672
0.03999999910593032840 -0.00585643714293837548
0.05000000074505805970 -0.00585614005103707314
0.05999999865889549260 -0.00587137602269649506
0.07000000029802322390 -0.00585646880790591240
0.07999999821186065670 -0.00585803808644413948
0.09000000357627868650 -0.00587299885228276253
0.10000000149011611900 -0.00582128204405307770
0.10999999940395355200 -0.00580987101420760155
0.11999999731779098500 -0.00580993993207812309
0.12999999523162841800 -0.00576509488746523857
0.14000000059604644800 -0.00574917485937476158
0.15000000596046447800 -0.00575240002945065499
0.15999999642372131300 -0.00573183503001928330
0.17000000178813934300 -0.00572936795651912689
0.18000000715255737300 -0.00573185598477721214
0.18999999761581420900 -0.00569207314401865006
0.20000000298023223900 -0.00565948011353611946
0.20999999344348907500 -0.00564150791615247727
0.21999999880790710400 -0.00559947919100522995
0.23000000417232513400 -0.00556480279192328453
0.23999999463558197000 -0.00553632481023669243
0.25000000000000000000 -0.00549653777852654457
0.25999999046325683600 -0.00547569105401635170
0.27000001072883606000 -0.00544681586325168610
0.28000000119209289500 -0.00539879407733678818
0.28999999165534973100 -0.00535263121128082276
0.30000001192092895500 -0.00528170494362711907
0.31000000238418579100 -0.00522171100601553917
0.31999999284744262700 -0.00516072893515229225
0.33000001311302185100 -0.00507463887333869934
0.34000000357627868600 -0.00499550206586718559
0.34999999403953552200 -0.00492915511131286621
0.36000001430511474600 -0.00485331378877162934
0.37000000476837158200 -0.00475732190534472466
0.37999999523162841800 -0.00467732222750782967
0.38999998569488525400 -0.00456221820786595345
0.40000000596046447700 -0.00442575197666883469
0.40999999642372131300 -0.00432303082197904587
0.41999998688697814900 -0.00418963003903627396
0.43000000715255737300 -0.00404070597141981125
0.43999999761581420900 -0.00391238788142800331
0.44999998807907104500 -0.00377296307124197483
0.46000000834465026800 -0.00362727302126586437
0.46999999880790710400 -0.00348415505141019821
0.47999998927116394000 -0.00332189700566232205
0.49000000953674316400 -0.00314492499455809593
0.50000000000000000000 -0.00297471508383750916
0.50999999046325683600 -0.00280731008388102055
0.51999998092651367200 -0.00262901908718049526
0.52999997138977050800 -0.00245565711520612240
0.54000002145767211900 -0.00228482694365084171
0.55000001192092895500 -0.00211531505919992924
0.56000000238418579100 -0.00195806194096803665
0.56999999284744262700 -0.00178866402711719275
0.57999998331069946300 -0.00162570201791822910
0.58999997377395629900 -0.00146704202052205801
0.60000002384185791000 -0.00130286999046802521
0.61000001430511474600 -0.00115244800690561533
0.62000000476837158200 -0.00100607203785330057
0.62999999523162841800 -0.00083276402438059449
0.63999998569488525400 -0.00069056270876899362
0.64999997615814209000 -0.00056148419389501214
0.66000002622604370100 -0.00043159979395568371
0.67000001668930053700 -0.00030682919896207750
0.68000000715255737300 -0.00018790090689435601
0.68999999761581420900 -0.00007272347284015268
0.69999998807907104500 0.00002776168003038038
0.70999997854232788100 0.00016433039854746312
0.72000002861022949200 0.00027965329354628921
0.73000001907348632800 0.00039528068737126887
0.74000000953674316400 0.00051085220184177160
0.75000000000000000000 0.00062913121655583382
0.75999999046325683600 0.00074600538937374949
0.76999998092651367200 0.00086382922017946839
0.77999997138977050800 0.00098662951495498419
0.79000002145767211900 0.00116803904529660940
0.80000001192092895500 0.00129738904070109129
0.81000000238418579100 0.00143099704291671515
0.81999999284744262700 0.00156460504513233900
0.82999998331069946300 0.00170321995392441750
0.83999997377395629900 0.00184700405225157738
0.85000002384185791000 0.00198467797599732876
0.86000001430511474600 0.00213269307278096676
0.87000000476837158200 0.00228914804756641388
0.87999999523162841800 0.00243624905124306679
0.88999998569488525400 0.00259585003368556500
0.89999997615814209000 0.00275677605532109737
0.91000002622604370100 0.00290265888907015324
0.92000001668930053700 0.00306860310956835747
0.93000000715255737300 0.00324246101081371307
0.93999999761581420900 0.00339271710254251957
0.94999998807907104500 0.00356764788739383221
0.95999997854232788100 0.00375606492161750794
0.97000002861022949200 0.00392744783312082291
0.98000001907348632800 0.00412217294797301293
0.99000000953674316400 0.00432613911107182503
1.00000000000000000000 0.00450164405629038811
