-1.00000000000000000000 -0.00632799090817570687
-0.99000000953674316400 -0.00635028583928942681
-0.98000001907348632800 -0.00634074583649635315
-0.97000002861022949200 -0.00632337015122175217
-0.95999997854232788100 -0.00633178697898983956
-0.94999998807907104500 -0.00632517784833908081
-0.93999999761581420900 -0.00630577607080340386
-0.93000000715255737300 -0.00631444295868277550
-0.92000001668930053700 -0.00630749994888901711
-0.91000002622604370100 -0.00632042204961180687
-0.89999997615814209000 -0.00633946713060140610
-0.88999998569488525400 -0.00634168693795800209
-0.87999999523162841800 -0.00632892688736319542
-0.87000000476837158200 -0.00632232706993818283
-0.86000001430511474600 -0.00631830701604485512
-0.85000002384185791000 -0.00631606997922062874
-0.83999997377395629900 -0.00630916981026530266
-0.82999998331069946300 -0.00629942212253808975
-0.81999999284744262700 -0.00631450302898883820
-0.81000000238418579100 -0.00633801799267530442
-0.80000001192092895500 -0.00633964920416474343
-0.79000002145767211900 -0.00634990120306611061
-0.77999997138977050800 -0.00635178992524743080
-0.76999998092651367200 -0.00632251380011439324
-0.75999999046325683600 -0.00633823405951261521
-0.75000000000000000000 -0.00634126411750912666
-0.74000000953674316400 -0.00630752090364694596
-0.73000001907348632800 -0.00631981110200285912
-0.72000002861022949200 -0.00633252412080764771
-0.70999997854232788100 -0.00633210781961679459
-0.69999998807907104500 -0.00633990718051791191
-0.68999999761581420900 -0.00635668681934475899
-0.68000000715255737300 -0.00632421299815177918
-0.67000001668930053700 -0.00630890717729926110
-0.66000002622604370100 -0.00632278481498360634
-0.64999997615814209000 -0.00629590591415762902
-0.63999998569488525400 -0.00628578197211027146
-0.62999999523162841800 -0.00628951378166675568
-0.62000000476837158200 -0.00628336705267429352
-0.61000001430511474600 -0.00630040885880589485
-0.60000002384185791000 -0.00631315587088465691
-0.58999997377395629900 -0.00629494385793805123
-0.57999998331069946300 -0.00629005581140518189
-0.56999999284744262700 -0.00629301322624087334
-0.56000000238418579100 -0.00628263782709836960
-0.55000001192092895500 -0.00627515278756618500
-0.54000002145767211900 -0.00627879099920392037
-0.52999997138977050800 -0.00628204504027962685
-0.51999998092651367200 -0.00629907008260488510
-0.50999999046325683600 -0.00631339289247989655
-0.50000000000000000000 -0.00631576497107744217
-0.49000000953674316400 -0.00631597684696316719
-0.47999998927116394000 -0.00629288610070943833
-0.46999999880790710400 -0.00629551988095045090
-0.46000000834465026800 -0.00629961676895618439
-0.44999998807907104500 -0.00628057494759559632
-0.43999999761581420900 -0.00627760495990514755
-0.43000000715255737300 -0.00629307981580495835
-0.41999998688697814900 -0.00630367500707507134
-0.40999999642372131300 -0.00630565406754612923
-0.40000000596046447700 -0.00631529092788696289
-0.38999998569488525400 -0.00630056206136941910
-0.37999999523162841800 -0.00627991417422890663
-0.37000000476837158200 -0.00629509286954998970
-0.36000001430511474600 -0.00628066016361117363
-0.34999999403953552200 -0.00626152520999312401
-0.34000000357627868600 -0.00626675598323345184
-0.33000001311302185100 -0.00627284403890371323
-0.31999999284744262700 -0.00627906294539570809
-0.31000000238418579100 -0.00629689684137701988
-0.30000001192092895500 -0.00629071192815899849
-0.28999999165534973100 -0.00627434812486171723
-0.28000000119209289500 -0.00628274818882346153
-0.27000001072883606000 -0.00627783499658107758
-0.25999999046325683600 -0.00626534176990389824
-0.25000000000000000000 -0.00626956112682819367
-0.23999999463558197000 -0.00627155182883143425
-0.23000000417232513400 -0.00628380291163921356
-0.21999999880790710400 -0.00630601821467280388
-0.20999999344348907500 -0.00630581378936767578
-0.20000000298023223900 -0.00629781186580657959
-0.18999999761581420900 -0.00628642877563834191
-0.18000000715255737300 -0.00629123812541365624
-0.17000000178813934300 -0.00628805998712778092
-0.15999999642372131300 -0.00626629916951060295
-0.15000000596046447800 -0.00626637507230043411
-0.14000000059604644800 -0.00627028895542025566
-0.12999999523162841800 -0.00628814101219177246
-0.11999999731779098500 -0.00627559702843427658
-0.10999999940395355200 -0.00628460291773080826
-0.10000000149011611900 -0.00627536000683903694
-0.09000000357627868650 -0.00623932713642716408
-0.07999999821186065670 -0.00624817982316017151
-0.07000000029802322390 -0.00624368200078606606
-0.05999999865889549260 -0.00621048687025904656
-0.05000000074505805970 -0.00621681101620197296
-0.03999999910593032840 -0.00623306212946772576
-0.02999999932944774630 -0.00622641481459140778
-0.01999999955296516420 -0.00624245684593915940
-0.00999999977648258210 -0.00625336216762661934
0.00000000000000000000 -0.00622190022841095925
0.00999999977648258210 -0.00621379492804408074
0.01999999955296516420 -0.00623497599735856056
0.02999999932944774630 -0.00622311886399984360
0.03999999910593032840 -0.00620491709560155869
0.05000000074505805970 -0.00621689204126596451
0.05999999865889549260 -0.00621844688430428505
0.07000000029802322390 -0.00622879993170499802
0.07999999821186065670 -0.00624330900609493256
0.09000000357627868650 -0.00624164799228310585
0.10000000149011611900 -0.00622356403619050980
0.10999999940395355200 -0.00621527014300227165
0.11999999731779098500 -0.00621873512864112854
0.12999999523162841800 -0.00620569102466106415
0.14000000059604644800 -0.00620308984071016312
0.15000000596046447800 -0.00619088206440210343
0.15999999642372131300 -0.00619810400530695915
0.17000000178813934300 -0.00621348991990089417
0.18000000715255737300 -0.00621158396825194359
0.18999999761581420900 -0.00620195502415299416
0.20000000298023223900 -0.00619665486738085747
0.20999999344348907500 -0.00617439812049269676
0.21999999880790710400 -0.00616985699161887169
0.23000000417232513400 -0.00615824991837143898
0.23999999463558197000 -0.00613637408241629601
0.25000000000000000000 -0.00613691098988056183
0.25999999046325683600 -0.00614652410149574280
0.27000001072883606000 -0.00614400301128625870
0.28000000119209289500 -0.00614611012861132622
0.28999999165534973100 -0.00613832706585526467
0.30000001192092895500 -0.00609961617738008499
0.31000000238418579100 -0.00610188301652669907
0.31999999284744262700 -0.00609330879524350166
0.33000001311302185100 -0.00604723487049341202
0.34000000357627868600 -0.00603830488398671150
0.34999999403953552200 -0.00603223918005824089
0.36000001430511474600 -0.00600776681676506996
0.37000000476837158200 -0.00598919112235307694
0.37999999523162841800 -0.00597067410126328468
0.38999998569488525400 -0.00590265588834881783
0.40000000596046447700 -0.00584173714742064476
0.40999999642372131300 -0.00580063695088028908
0.41999998688697814900 -0.00571533106267452240
0.43000000715255737300 -0.00562398415058851242
0.43999999761581420900 -0.00553901214152574539
0.44999998807907104500 -0.00543009396642446518
0.46000000834465026800 -0.00531867705285549164
0.46999999880790710400 -0.00519380019977688790
0.47999998927116394000 -0.00503050303086638451
0.49000000953674316400 -0.00486324308440089226
0.50000000000000000000 -0.00467905914410948754
0.50999999046325683600 -0.00448204996064305306
0.51999998092651367200 -0.00427644001320004463
0.52999997138977050800 -0.00406075501814484596
0.54000002145767211900 -0.00383022706955671311
0.55000001192092895500 -0.00360738695599138737
0.56000000238418579100 -0.00337500800378620625
0.56999999284744262700 -0.00312334811314940453
0.57999998331069946300 -0.00287794810719788075
0.58999997377395629900 -0.00261969305574893952
0.60000002384185791000 -0.00235662003979086876
0.61000001430511474600 -0.00210248609073460102
0.62000000476837158200 -0.00183942797593772411
0.62999999523162841800 -0.00157291104551404715
0.63999998569488525400 -0.00131730805151164532
0.64999997615814209000 -0.00106021296232938767
0.66000002622604370100 -0.00077735621016472578
0.67000001668930053700 -0.00051481637638062239
0.68000000715255737300 -0.00026635819813236594
0.68999999761581420900 -0.00003052856845897622
0.69999998807907104500 0.00021855930390302092
0.70999997854232788100 0.00047985120909288526
0.72000002861022949200 0.00073543179314583540
0.73000001907348632800 0.00099377974402159452
0.74000000953674316400 0.00130322400946170092
0.75000000000000000000 0.00158486096188426018
0.75999999046325683600 0.00186665798537433147
0.76999998092651367200 0.00214940798468887806
0.77999997138977050800 0.00243746209889650345
0.79000002145767211900 0.00273039005696773529
0.80000001192092895500 0.00302608800120651722
0.81000000238418579100 0.00332696805708110333
0.81999999284744262700 0.00363280600868165493
0.82999998331069946300 0.00394260091707110405
0.83999997377395629900 0.00425726408138871193
0.85000002384185791000 0.00457539316266775131
0.86000001430511474600 0.00490082008764147759
0.87000000476837158200 0.00523155089467763901
0.87999999523162841800 0.00556328799575567246
0.88999998569488525400 0.00590291712433099747
0.89999997615814209000 0.00624493882060050965
0.91000002622604370100 0.00658651906996965409
0.92000001668930053700 0.00693894317373633385
0.93000000715255737300 0.00729258079081773758
0.93999999761581420900 0.00764599582180380822
0.94999998807907104500 0.00800861977040767670
0.95999997854232788100 0.00837487541139125824
0.97000002861022949200 0.00874188728630542755
0.98000001907348632800 0.00911687500774860382
0.99000000953674316400 0.00949331745505332947
1.00000000000000000000 0.00986731890588998795
