-1.00000000000000000000 -0.00590908294543623924
-0.99000000953674316400 -0.00591354398056864739
-0.98000001907348632800 -0.00590779678896069527
-0.97000002861022949200 -0.00589764304459095001
-0.95999997854232788100 -0.00592316407710313797
-0.94999998807907104500 -0.00593599583953619004
-0.93999999761581420900 -0.00593328289687633515
-0.93000000715255737300 -0.00594044011086225510
-0.92000001668930053700 -0.00592883583158254624
-0.91000002622604370100 -0.00591390812769532204
-0.89999997615814209000 -0.00592938018962740898
-0.88999998569488525400 -0.00591107504442334175
-0.87999999523162841800 -0.00589385908097028732
-0.87000000476837158200 -0.00591566087678074837
-0.86000001430511474600 -0.00592760695144534111
-0.85000002384185791000 -0.00592304999008774758
-0.83999997377395629900 -0.00594791397452354431
-0.82999998331069946300 -0.00592846004292368889
-0.81999999284744262700 -0.00589848821982741356
-0.81000000238418579100 -0.00592731218785047531
-0.80000001192092895500 -0.00590926501899957657
-0.79000002145767211900 -0.00588382780551910401
-0.77999997138977050800 -0.00591125199571251869
-0.76999998092651367200 -0.00590642401948571205
-0.75999999046325683600 -0.00591130089014768601
-0.75000000000000000000 -0.00593583518639206886
-0.74000000953674316400 -0.00592345697805285454
-0.73000001907348632800 -0.00590532179921865463
-0.72000002861022949200 -0.00591107411310076714
-0.70999997854232788100 -0.00590238580480217934
-0.69999998807907104500 -0.00588630000129342079
-0.68999999761581420900 -0.00589465117081999779
-0.68000000715255737300 -0.00588694587349891663
-0.67000001668930053700 -0.00590412691235542298
-0.66000002622604370100 -0.00592909101396799088
-0.64999997615814209000 -0.00592302391305565834
-0.63999998569488525400 -0.00591388810425996781
-0.62999999523162841800 -0.00590577395632863045
-0.62000000476837158200 -0.00589743116870522499
-0.61000001430511474600 -0.00589798903092741966
-0.60000002384185791000 -0.00589157501235604286
-0.58999997377395629900 -0.00587772298604249954
-0.57999998331069946300 -0.00589270284399390221
-0.56999999284744262700 -0.00591179495677351952
-0.56000000238418579100 -0.00590543402358889580
-0.55000001192092895500 -0.00591508997604250908
-0.54000002145767211900 -0.00590986385941505432
-0.52999997138977050800 -0.00588090019300580025
-0.51999998092651367200 -0.00590199418365955353
-0.50999999046325683600 -0.00589211797341704369
-0.50000000000000000000 -0.00586508307605981827
-0.49000000953674316400 -0.00588777102530002594
-0.47999998927116394000 -0.00589397409930825234
-0.46999999880790710400 -0.00589762395247817040
-0.46000000834465026800 -0.00592355802655220032
-0.44999998807907104500 -0.00590720679610967636
-0.43999999761581420900 -0.00588221801444888115
-0.43000000715255737300 -0.00590966595336794853
-0.41999998688697814900 -0.00589631684124469757
-0.40999999642372131300 -0.00586538296192884445
-0.40000000596046447700 -0.00588695378974080086
-0.38999998569488525400 -0.00588530115783214569
-0.37999999523162841800 -0.00589455291628837586
-0.37000000476837158200 -0.00591516820713877678
-0.36000001430511474600 -0.00591287994757294655
-0.34999999403953552200 -0.00589603185653686524
-0.34000000357627868600 -0.00589890405535697937
-0.33000001311302185100 -0.00589252077043056488
-0.31999999284744262700 -0.00588225992396473885
-0.31000000238418579100 -0.00588581012561917305
-0.30000001192092895500 -0.00587300816550850868
-0.28999999165534973100 -0.00588858500123023987
-0.28000000119209289500 -0.00590703589841723442
-0.27000001072883606000 -0.00589849706739187241
-0.25999999046325683600 -0.00589395919814705849
-0.25000000000000000000 -0.00588598009198904038
-0.23999999463558197000 -0.00588343385607004166
-0.23000000417232513400 -0.00588019285351037979
-0.21999999880790710400 -0.00586596783250570297
-0.20999999344348907500 -0.00585550907999277115
-0.20000000298023223900 -0.00587193807587027550
-0.18999999761581420900 -0.00588153116405010224
-0.18000000715255737300 -0.00587797816842794418
-0.17000000178813934300 -0.00589015521109104157
-0.15999999642372131300 -0.00587939610704779625
-0.15000000596046447800 -0.00585520686581730843
-0.14000000059604644800 -0.00587646197527647019
-0.12999999523162841800 -0.00586092518642544747
-0.11999999731779098500 -0.00583817111328244210
-0.10999999940395355200 -0.00586210098117589951
-0.10000000149011611900 -0.00585808884352445603
-0.09000000357627868650 -0.00586519716307520867
-0.07999999821186065670 -0.00589618785306811333
-0.07000000029802322390 -0.00587242003530263901
-0.05999999865889549260 -0.00584719795733690262
-0.05000000074505805970 -0.00587380910292267800
-0.03999999910593032840 -0.00584829505532979965
-0.02999999932944774630 -0.00583040108904242516
-0.01999999955296516420 -0.00585172092542052269
-0.00999999977648258210 -0.00584108615294098854
0.00000000000000000000 -0.00585887581110000611
0.00999999977648258210 -0.00586804421618580818
0.01999999955296516420 -0.00587020022794604302
0.02999999932944774630 -0.00584870902821421623
0.03999999910593032840 -0.00584491807967424393
0.05000000074505805970 -0.00584517605602741242
0.05999999865889549260 -0.00583432801067829132
0.07000000029802322390 -0.00582744413986802101
0.07999999821186065670 -0.00581207219511270523
0.09000000357627868650 -0.00581999681890010834
0.10000000149011611900 -0.00584738096222281456
0.10999999940395355200 -0.00583259481936693192
0.11999999731779098500 -0.00583565700799226761
0.12999999523162841800 -0.00584068801254034043
0.14000000059604644800 -0.00580661883577704430
0.15000000596046447800 -0.00581992603838443756
0.15999999642372131300 -0.00582385621964931488
0.17000000178813934300 -0.00578779913485050202
0.18000000715255737300 -0.00579869281500577927
0.18999999761581420900 -0.00582413608208298683
0.20000000298023223900 -0.00580885400995612145
0.20999999344348907500 -0.00582048483192920685
0.21999999880790710400 -0.00582584599032998085
0.23000000417232513400 -0.00578148895874619484
0.23999999463558197000 -0.00579233188182115555
0.25000000000000000000 -0.00579839991405606270
0.25999999046325683600 -0.00575523590669035912
0.27000001072883606000 -0.00576015282422304154
0.28000000119209289500 -0.00576789909973740578
0.28999999165534973100 -0.00575698586180806160
0.30000001192092895500 -0.00576240383088588715
0.31000000238418579100 -0.00577136594802141190
0.31999999284744262700 -0.00573217310011386872
0.33000001311302185100 -0.00571452081203460694
0.34000000357627868600 -0.00571708008646965027
0.34999999403953552200 -0.00568518601357936859
0.36000001430511474600 -0.00566457398235797882
0.37000000476837158200 -0.00565649522468447685
0.37999999523162841800 -0.00563987018540501595
0.38999998569488525400 -0.00563564104959368706
0.40000000596046447700 -0.00562230078503489494
0.40999999642372131300 -0.00558646395802497864
0.41999998688697814900 -0.00555287115275859833
0.43000000715255737300 -0.00552084809169173241
0.43999999761581420900 -0.00547367194667458534
0.44999998807907104500 -0.00543019082397222519
0.46000000834465026800 -0.00537130702286958695
0.46999999880790710400 -0.00530890189111232758
0.47999998927116394000 -0.00526479119434952736
0.49000000953674316400 -0.00518144806846976280
0.50000000000000000000 -0.00508091878145933151
0.50999999046325683600 -0.00497400620952248573
0.51999998092651367200 -0.00481359893456101418
0.52999997138977050800 -0.00466796196997165680
0.54000002145767211900 -0.00450402311980724335
0.55000001192092895500 -0.00428444705903530121
0.56000000238418579100 -0.00407773302868008614
0.56999999284744262700 -0.00386043498292565346
0.57999998331069946300 -0.00360384210944175720
0.58999997377395629900 -0.00334049505181610584
0.60000002384185791000 -0.00307094096206128597
0.61000001430511474600 -0.00275650504045188427
0.62000000476837158200 -0.00245317700318992138
0.62999999523162841800 -0.00215315888635814190
0.63999998569488525400 -0.00182359502650797367
0.64999997615814209000 -0.00150220200885087252
0.66000002622604370100 -0.00118903396651148796
0.67000001668930053700 -0.00083628669381141663
0.68000000715255737300 -0.00051731517305597663
0.68999999761581420900 -0.00021499810100067407
0.69999998807907104500 0.00008396219345740974
0.70999997854232788100 0.00038824690273031592
0.72000002861022949200 0.00069078832166269422
0.73000001907348632800 0.00099352665711194277
0.74000000953674316400 0.00136172794736921787
0.75000000000000000000 0.00167530495673418045
0.75999999046325683600 0.00199464499019086361
0.76999998092651367200 0.00231005693785846233
0.77999997138977050800 0.00263150897808372974
0.79000002145767211900 0.00296319299377501011
0.80000001192092895500 0.00328656309284269810
0.81000000238418579100 0.00362099800258874893
0.81999999284744262700 0.00396546395495533943
0.82999998331069946300 0.00429161684587597847
0.83999997377395629900 0.00464399810880422592
0.85000002384185791000 0.00500574521720409393
0.86000001430511474600 0.00534521508961915970
0.87000000476837158200 0.00571071589365601540
0.87999999523162841800 0.00609959103167057038
0.88999998569488525400 0.00647141411900520325
0.89999997615814209000 0.00686829490587115288
0.91000002622604370100 0.00727395014837384224
0.92000001668930053700 0.00765063101425766945
0.93000000715255737300 0.00806172285228967667
0.93999999761581420900 0.00848975311964750290
0.94999998807907104500 0.00888187065720558167
0.95999997854232788100 0.00932122115045785904
0.97000002861022949200 0.00976995937526226044
0.98000001907348632800 0.01020906027406454090
0.99000000953674316400 0.01017874013632535930
1.00000000000000000000 0.01062289997935295110
