-1.00000000000000000000 -0.00564841600134968758
-0.99000000953674316400 -0.00566149782389402390
-0.98000001907348632800 -0.00566630810499191284
-0.97000002861022949200 -0.00568352779373526573
-0.95999997854232788100 -0.00567628303542733193
-0.94999998807907104500 -0.00565698277205228806
-0.93999999761581420900 -0.00567420106381177902
-0.93000000715255737300 -0.00566906109452247620
-0.92000001668930053700 -0.00565627682954072952
-0.91000002622604370100 -0.00566145312041044235
-0.89999997615814209000 -0.00567481806501746178
-0.88999998569488525400 -0.00568724190816283226
-0.87999999523162841800 -0.00569554883986711502
-0.87000000476837158200 -0.00569693278521299362
-0.86000001430511474600 -0.00568643398582935333
-0.85000002384185791000 -0.00567791005596518517
-0.83999997377395629900 -0.00568623514845967293
-0.82999998331069946300 -0.00567660899832844734
-0.81999999284744262700 -0.00566955283284187317
-0.81000000238418579100 -0.00567169999703764916
-0.80000001192092895500 -0.00568260299041867256
-0.79000002145767211900 -0.00569473300129175186
-0.77999997138977050800 -0.00569489505141973496
-0.76999998092651367200 -0.00569163681939244270
-0.75999999046325683600 -0.00566592300310730934
-0.75000000000000000000 -0.00566925201565027237
-0.74000000953674316400 -0.00566414184868335724
-0.73000001907348632800 -0.00564792193472385407
-0.72000002861022949200 -0.00564794708043336868
-0.70999997854232788100 -0.00565802119672298432
-0.69999998807907104500 -0.00567253399640321732
-0.68999999761581420900 -0.00567646091803908348
-0.68000000715255737300 -0.00568580999970436096
-0.67000001668930053700 -0.00567257078364491463
-0.66000002622604370100 -0.00565813714638352394
-0.64999997615814209000 -0.00566820614039897919
-0.63999998569488525400 -0.00566804502159357071
-0.62999999523162841800 -0.00565280206501483917
-0.62000000476837158200 -0.00565487798303365708
-0.61000001430511474600 -0.00566938286647200585
-0.60000002384185791000 -0.00568335317075252533
-0.58999997377395629900 -0.00569095602259039879
-0.57999998331069946300 -0.00568945892155170441
-0.56999999284744262700 -0.00566763198003172875
-0.56000000238418579100 -0.00567191094160079956
-0.55000001192092895500 -0.00567092513665556908
-0.54000002145767211900 -0.00564942322671413422
-0.52999997138977050800 -0.00565381813794374466
-0.51999998092651367200 -0.00565500883385539055
-0.50999999046325683600 -0.00566196208819746971
-0.50000000000000000000 -0.00566839613020420075
-0.49000000953674316400 -0.00566374789923429489
-0.47999998927116394000 -0.00565936788916587830
-0.46999999880790710400 -0.00563396001234650612
-0.46000000834465026800 -0.00564092304557561875
-0.44999998807907104500 -0.00563651276752352715
-0.43999999761581420900 -0.00562183186411857605
-0.43000000715255737300 -0.00562770199030637741
-0.41999998688697814900 -0.00563616398721933365
-0.40999999642372131300 -0.00565344979986548424
-0.40000000596046447700 -0.00565611617639660835
-0.38999998569488525400 -0.00566848786547780037
-0.37999999523162841800 -0.00565365608781576157
-0.37000000476837158200 -0.00564420921728014946
-0.36000001430511474600 -0.00565288821235299111
-0.34999999403953552200 -0.00564702879637479782
-0.34000000357627868600 -0.00563806993886828423
-0.33000001311302185100 -0.00564513215795159340
-0.31999999284744262700 -0.00565681420266628266
-0.31000000238418579100 -0.00566792581230401993
-0.30000001192092895500 -0.00567751517519354820
-0.28999999165534973100 -0.00567099312320351601
-0.28000000119209289500 -0.00565200997516512871
-0.27000001072883606000 -0.00566092599183320999
-0.25999999046325683600 -0.00565570313483476639
-0.25000000000000000000 -0.00563770579174160958
-0.23999999463558197000 -0.00563930207863450051
-0.23000000417232513400 -0.00564673217013478279
-0.21999999880790710400 -0.00565578881651163101
-0.20999999344348907500 -0.00566186709329485893
-0.20000000298023223900 -0.00565824983641505242
-0.18999999761581420900 -0.00564828980714082718
-0.18000000715255737300 -0.00563107477501034737
-0.17000000178813934300 -0.00563633581623435021
-0.15999999642372131300 -0.00563158001750707627
-0.15000000596046447800 -0.00561634311452507973
-0.14000000059604644800 -0.00562412710860371590
-0.12999999523162841800 -0.00563652394339442253
-0.11999999731779098500 -0.00564890122041106224
-0.10999999940395355200 -0.00565421115607023239
-0.10000000149011611900 -0.00565721094608306885
-0.09000000357627868650 -0.00564584601670503616
-0.07999999821186065670 -0.00563676282763481140
-0.07000000029802322390 -0.00564100500196218491
-0.05999999865889549260 -0.00563265988603234291
-0.05000000074505805970 -0.00562534388154745102
-0.03999999910593032840 -0.00562677998095750809
-0.02999999932944774630 -0.00564145622774958611
-0.01999999955296516420 -0.00564640015363693238
-0.00999999977648258210 -0.00565691199153661728
0.00000000000000000000 -0.00564691610634326935
0.00999999977648258210 -0.00564039498567581177
0.01999999955296516420 -0.00561858108267188072
0.02999999932944774630 -0.00562710082158446312
0.03999999910593032840 -0.00561374006792902947
0.05000000074505805970 -0.00559839699417352677
0.05999999865889549260 -0.00560026895254850388
0.07000000029802322390 -0.00560271507129073143
0.07999999821186065670 -0.00561160780489444733
0.09000000357627868650 -0.00561165809631347656
0.10000000149011611900 -0.00560742896050214768
0.10999999940395355200 -0.00558730913326144219
0.11999999731779098500 -0.00558937899768352509
0.12999999523162841800 -0.00559303304180502892
0.14000000059604644800 -0.00557414721697568894
0.15000000596046447800 -0.00557682383805513382
0.15999999642372131300 -0.00558343296870589256
0.17000000178813934300 -0.00559370592236518860
0.18000000715255737300 -0.00559908896684646607
0.18999999761581420900 -0.00561194121837615967
0.20000000298023223900 -0.00559865683317184448
0.20999999344348907500 -0.00557820079848170281
0.21999999880790710400 -0.00558511912822723389
0.23000000417232513400 -0.00557653093710541725
0.23999999463558197000 -0.00555618386715650559
0.25000000000000000000 -0.00555286183953285217
0.25999999046325683600 -0.00556231522932648659
0.27000001072883606000 -0.00555585883557796478
0.28000000119209289500 -0.00556402979418635369
0.28999999165534973100 -0.00555781181901693344
0.30000001192092895500 -0.00553039601072669029
0.31000000238418579100 -0.00550799909979104996
0.31999999284744262700 -0.00550239486619830132
0.33000001311302185100 -0.00547619396820664406
0.34000000357627868600 -0.00544947106391191483
0.34999999403953552200 -0.00543513009324669838
0.36000001430511474600 -0.00542587880045175553
0.37000000476837158200 -0.00541786104440689087
0.37999999523162841800 -0.00540155498310923577
0.38999998569488525400 -0.00537888286635279656
0.40000000596046447700 -0.00533854681998491287
0.40999999642372131300 -0.00531755294650793076
0.41999998688697814900 -0.00529175298288464546
0.43000000715255737300 -0.00524499081075191498
0.43999999761581420900 -0.00521496403962373734
0.44999998807907104500 -0.00518859317526221276
0.46000000834465026800 -0.00515882996842265129
0.46999999880790710400 -0.00512734102085232735
0.47999998927116394000 -0.00509733799844980240
0.49000000953674316400 -0.00503803603351116181
0.50000000000000000000 -0.00497473077848553658
0.50999999046325683600 -0.00492864195257425308
0.51999998092651367200 -0.00486448919400572777
0.52999997138977050800 -0.00478272186592221260
0.54000002145767211900 -0.00471387105062603951
0.55000001192092895500 -0.00464418483898043633
0.56000000238418579100 -0.00455634202808141709
0.56999999284744262700 -0.00445773778483271599
0.57999998331069946300 -0.00434162421151995659
0.58999997377395629900 -0.00419302983209490776
0.60000002384185791000 -0.00402666116133332253
0.61000001430511474600 -0.00384437688626348972
0.62000000476837158200 -0.00361806596629321575
0.62999999523162841800 -0.00335771590471267700
0.63999998569488525400 -0.00306713604368269444
0.64999997615814209000 -0.00272542098537087441
0.66000002622604370100 -0.00233600405044853687
0.67000001668930053700 -0.00188567000441253185
0.68000000715255737300 -0.00137379602529108524
0.68999999761581420900 -0.00079761701636016369
0.69999998807907104500 -0.00021672940056305379
0.70999997854232788100 0.00038870060234330595
0.72000002861022949200 0.00115426804404705763
0.73000001907348632800 0.00192844995763152838
0.74000000953674316400 0.00273797009140253067
0.75000000000000000000 0.00358737702481448650
0.75999999046325683600 0.00447574304416775704
0.76999998092651367200 0.00538222491741180420
0.77999997138977050800 0.00623365212231874466
0.79000002145767211900 0.00731243984773755074
0.80000001192092895500 0.00830100569874048233
0.81000000238418579100 0.00932269915938377381
0.81999999284744262700 0.01037590019404888150
0.82999998331069946300 0.01084235962480306630
0.83999997377395629900 0.01186618022620677950
0.85000002384185791000 0.01291691977530717850
0.86000001430511474600 0.01397524029016494750
0.87000000476837158200 0.01505098957568407060
0.87999999523162841800 0.01612441055476665500
0.88999998569488525400 0.01722411997616291050
0.89999997615814209000 0.01831831969320774080
0.91000002622604370100 0.01941728964447975160
0.92000001668930053700 0.02054405026137828830
0.93000000715255737300 0.02166669070720672610
0.93999999761581420900 0.02278918959200382230
0.94999998807907104500 0.02393981069326400760
0.95999997854232788100 0.02509053982794284820
0.97000002861022949200 0.02625665068626403810
0.98000001907348632800 0.02743770927190780640
0.99000000953674316400 0.02861276082694530490
1.00000000000000000000 0.02978567965328693390
