-1.00000000000000000000 -0.00569514790549874306
-0.99000000953674316400 -0.00567677197977900505
-0.98000001907348632800 -0.00567744998261332512
-0.97000002861022949200 -0.00568600511178374291
-0.95999997854232788100 -0.00566698377951979637
-0.94999998807907104500 -0.00566995702683925629
-0.93999999761581420900 -0.00568205816671252251
-0.93000000715255737300 -0.00569054018706083298
-0.92000001668930053700 -0.00570909818634390831
-0.91000002622604370100 -0.00572132086381316185
-0.89999997615814209000 -0.00570517498999834061
-0.88999998569488525400 -0.00569559680297970772
-0.87999999523162841800 -0.00570689979940652847
-0.87000000476837158200 -0.00569959403946995735
-0.86000001430511474600 -0.00568351102992892266
-0.85000002384185791000 -0.00568667287006974220
-0.83999997377395629900 -0.00569860916584730148
-0.82999998331069946300 -0.00570652401074767113
-0.81999999284744262700 -0.00570861296728253365
-0.81000000238418579100 -0.00571231218054890633
-0.80000001192092895500 -0.00569360796362161637
-0.79000002145767211900 -0.00568457785993814469
-0.77999997138977050800 -0.00569557119160890579
-0.76999998092651367200 -0.00568165490403771401
-0.75999999046325683600 -0.00567066017538309097
-0.75000000000000000000 -0.00568462815135717392
-0.74000000953674316400 -0.00569289596751332283
-0.73000001907348632800 -0.00570208299905061722
-0.72000002861022949200 -0.00571479089558124542
-0.70999997854232788100 -0.00570508698001503945
-0.69999998807907104500 -0.00568671477958559990
-0.68999999761581420900 -0.00570123782381415367
-0.68000000715255737300 -0.00569539004936814308
-0.67000001668930053700 -0.00567387416958808899
-0.66000002622604370100 -0.00568597018718719483
-0.64999997615814209000 -0.00569221284240484238
-0.63999998569488525400 -0.00570004200562834740
-0.62999999523162841800 -0.00570995593443512917
-0.62000000476837158200 -0.00571139482781291008
-0.61000001430511474600 -0.00569145195186138153
-0.60000002384185791000 -0.00568397715687751770
-0.58999997377395629900 -0.00568510498851537705
-0.57999998331069946300 -0.00566434813663363457
-0.56999999284744262700 -0.00565899582579731941
-0.56000000238418579100 -0.00566237419843673706
-0.55000001192092895500 -0.00567400595173239708
-0.54000002145767211900 -0.00567636685445904732
-0.52999997138977050800 -0.00567834777757525444
-0.51999998092651367200 -0.00566552393138408661
-0.50999999046325683600 -0.00565012916922569275
-0.50000000000000000000 -0.00565915601328015328
-0.49000000953674316400 -0.00565814878791570664
-0.47999998927116394000 -0.00564344413578510285
-0.46999999880790710400 -0.00564931007102131844
-0.46000000834465026800 -0.00566997518762946129
-0.44999998807907104500 -0.00568197481334209442
-0.43999999761581420900 -0.00569217884913086891
-0.43000000715255737300 -0.00569311017170548439
-0.41999998688697814900 -0.00567590910941362381
-0.40999999642372131300 -0.00567589420825242996
-0.40000000596046447700 -0.00567945791408419609
-0.38999998569488525400 -0.00566418003290891648
-0.37999999523162841800 -0.00565984891727566719
-0.37000000476837158200 -0.00567943695932626724
-0.36000001430511474600 -0.00568856718018651009
-0.34999999403953552200 -0.00569507014006376267
-0.34000000357627868600 -0.00569850997999310494
-0.33000001311302185100 -0.00568153802305459976
-0.31999999284744262700 -0.00567298009991645813
-0.31000000238418579100 -0.00568266678601503372
-0.30000001192092895500 -0.00566384382545948029
-0.28999999165534973100 -0.00564907584339380264
-0.28000000119209289500 -0.00565956486389040947
-0.27000001072883606000 -0.00566219585016369820
-0.25999999046325683600 -0.00567520922049880028
-0.25000000000000000000 -0.00568216294050216675
-0.23999999463558197000 -0.00567055819556117058
-0.23000000417232513400 -0.00565677089616656304
-0.21999999880790710400 -0.00567154586315155029
-0.20999999344348907500 -0.00566342007368803024
-0.20000000298023223900 -0.00565047515556216240
-0.18999999761581420900 -0.00565899815410375595
-0.18000000715255737300 -0.00566546386107802391
-0.17000000178813934300 -0.00567980716004967690
-0.15999999642372131300 -0.00568348681554198265
-0.15000000596046447800 -0.00568545702844858170
-0.14000000059604644800 -0.00567478500306606293
-0.12999999523162841800 -0.00566539820283651352
-0.11999999731779098500 -0.00566885108128190041
-0.10999999940395355200 -0.00565378693863749504
-0.10000000149011611900 -0.00565059017390012741
-0.09000000357627868650 -0.00565497018396854401
-0.07999999821186065670 -0.00566701218485832215
-0.07000000029802322390 -0.00567242177203297615
-0.05999999865889549260 -0.00568181183189153671
-0.05000000074505805970 -0.00566200586035847664
-0.03999999910593032840 -0.00563881779089570046
-0.02999999932944774630 -0.00564455380663275719
-0.01999999955296516420 -0.00563473487272858620
-0.00999999977648258210 -0.00561298104003071785
0.00000000000000000000 -0.00561293587088584900
0.00999999977648258210 -0.00561865605413913727
0.01999999955296516420 -0.00562539510428905487
0.02999999932944774630 -0.00563300121575593949
0.03999999910593032840 -0.00564265577122569084
0.05000000074505805970 -0.00563084520399570465
0.05999999865889549260 -0.00561204785481095314
0.07000000029802322390 -0.00563237397000193596
0.07999999821186065670 -0.00562448799610137940
0.09000000357627868650 -0.00560656422749161720
0.10000000149011611900 -0.00561526184901595116
0.10999999940395355200 -0.00562121113762259484
0.11999999731779098500 -0.00563283497467637062
0.12999999523162841800 -0.00564329000189900398
0.14000000059604644800 -0.00564084714278578758
0.15000000596046447800 -0.00562780816107988358
0.15999999642372131300 -0.00562041113153100014
0.17000000178813934300 -0.00562370708212256432
0.18000000715255737300 -0.00560964597389101982
0.18999999761581420900 -0.00560084776952862740
0.20000000298023223900 -0.00559755414724349976
0.20999999344348907500 -0.00560733815655112267
0.21999999880790710400 -0.00561132095754146576
0.23000000417232513400 -0.00561203202232718468
0.23999999463558197000 -0.00559274619445204735
0.25000000000000000000 -0.00557231716811656952
0.25999999046325683600 -0.00557244196534156800
0.27000001072883606000 -0.00556031195446848870
0.28000000119209289500 -0.00553656183183193207
0.28999999165534973100 -0.00552891986444592476
0.30000001192092895500 -0.00553335808217525482
0.31000000238418579100 -0.00553062511608004570
0.31999999284744262700 -0.00552420597523450852
0.33000001311302185100 -0.00551556982100009918
0.34000000357627868600 -0.00549232494086027146
0.34999999403953552200 -0.00546257803216576576
0.36000001430511474600 -0.00545524619519710541
0.37000000476837158200 -0.00543095078319311142
0.37999999523162841800 -0.00539428088814020157
0.38999998569488525400 -0.00538567500188946724
0.40000000596046447700 -0.00536762317642569542
0.40999999642372131300 -0.00534567702561616898
0.41999998688697814900 -0.00532549200579524040
0.43000000715255737300 -0.00528997508808970452
0.43999999761581420900 -0.00523704104125499726
0.44999998807907104500 -0.00520883686840534210
0.46000000834465026800 -0.00517576886340975762
0.46999999880790710400 -0.00510244909673929215
0.47999998927116394000 -0.00507221696898341179
0.49000000953674316400 -0.00501899281516671181
0.50000000000000000000 -0.00496686296537518501
0.50999999046325683600 -0.00491993501782417298
0.51999998092651367200 -0.00486080301925539971
0.52999997138977050800 -0.00477598281577229500
0.54000002145767211900 -0.00470209401100873947
0.55000001192092895500 -0.00464918510988354683
0.56000000238418579100 -0.00450511882081627846
0.56999999284744262700 -0.00447087781503796578
0.57999998331069946300 -0.00430587120354175568
0.58999997377395629900 -0.00415044790133833885
0.60000002384185791000 -0.00404413091018795967
0.61000001430511474600 -0.00382776302285492420
0.62000000476837158200 -0.00356811797246336937
0.62999999523162841800 -0.00336013105697929859
0.63999998569488525400 -0.00304981810040771961
0.64999997615814209000 -0.00256005907431244850
0.66000002622604370100 -0.00236247410066425800
0.67000001668930053700 -0.00164125196170061827
0.68000000715255737300 -0.00111874495632946491
0.68999999761581420900 -0.00070048240013420582
0.69999998807907104500 0.00019856609287671745
0.70999997854232788100 0.00093032279983162880
0.72000002861022949200 0.00182245904579758644
0.73000001907348632800 0.00238071498461067677
0.74000000953674316400 0.00370362796820700169
0.75000000000000000000 0.00436692917719483376
0.75999999046325683600 0.00552331889048218727
0.76999998092651367200 0.00681107910349965096
0.77999997138977050800 0.00771626597270369530
0.79000002145767211900 0.00879839155822992325
0.80000001192092895500 0.01005669031292200090
0.81000000238418579100 0.01082567963749170300
0.81999999284744262700 0.01165378000587224960
0.82999998331069946300 0.01300159003585577010
0.83999997377395629900 0.01419511996209621430
0.85000002384185791000 0.01524499990046024320
0.86000001430511474600 0.01641410030424594880
0.87000000476837158200 0.01797466911375522610
0.87999999523162841800 0.01865888014435768130
0.88999998569488525400 0.02053312957286834720
0.89999997615814209000 0.02181592956185340880
0.91000002622604370100 0.02283854968845844270
0.92000001668930053700 0.02446969971060752870
0.93000000715255737300 0.02555341087281703950
0.93999999761581420900 0.02679719030857086180
0.94999998807907104500 0.02823786996304988860
0.95999997854232788100 0.02965841069817543030
0.97000002861022949200 0.03055775910615921020
0.98000001907348632800 0.03257542103528976440
0.99000000953674316400 0.03373584896326065060
1.00000000000000000000 0.03509226813912391660
