-1.00000000000000000000 -0.00628523109480738640
-0.99000000953674316400 -0.00629207585006952286
-0.98000001907348632800 -0.00630337418988347054
-0.97000002861022949200 -0.00632388191297650337
-0.95999997854232788100 -0.00631546415388584137
-0.94999998807907104500 -0.00630217604339122772
-0.93999999761581420900 -0.00631627021357417107
-0.93000000715255737300 -0.00630434509366750717
-0.92000001668930053700 -0.00628113001585006714
-0.91000002622604370100 -0.00629446608945727348
-0.89999997615814209000 -0.00629327492788434029
-0.88999998569488525400 -0.00630321400240063668
-0.87999999523162841800 -0.00632463581860065460
-0.87000000476837158200 -0.00632295897230505944
-0.86000001430511474600 -0.00631637498736381531
-0.85000002384185791000 -0.00629992596805095673
-0.83999997377395629900 -0.00630044285207986832
-0.82999998331069946300 -0.00629734201356768608
-0.81999999284744262700 -0.00628645112738013268
-0.81000000238418579100 -0.00627377582713961601
-0.80000001192092895500 -0.00628567114472389221
-0.79000002145767211900 -0.00630409503355622292
-0.77999997138977050800 -0.00629612617194652558
-0.76999998092651367200 -0.00630797911435365677
-0.75999999046325683600 -0.00630023982375860214
-0.75000000000000000000 -0.00627325102686882019
-0.74000000953674316400 -0.00628775078803300858
-0.73000001907348632800 -0.00628504389896988869
-0.72000002861022949200 -0.00626783678308129311
-0.70999997854232788100 -0.00627768179401755333
-0.69999998807907104500 -0.00629788404330611229
-0.68999999761581420900 -0.00630012620240449906
-0.68000000715255737300 -0.00631819292902946472
-0.67000001668930053700 -0.00631966721266508103
-0.66000002622604370100 -0.00629620719701051712
-0.64999997615814209000 -0.00629969779402017594
-0.63999998569488525400 -0.00630034087225794792
-0.62999999523162841800 -0.00627344986423850060
-0.62000000476837158200 -0.00627702893689274788
-0.61000001430511474600 -0.00628941180184483528
-0.60000002384185791000 -0.00629269098863005638
-0.58999997377395629900 -0.00630678888410329819
-0.57999998331069946300 -0.00631056679412722588
-0.56999999284744262700 -0.00629049586132168770
-0.56000000238418579100 -0.00626888684928417206
-0.55000001192092895500 -0.00627613486722111702
-0.54000002145767211900 -0.00625810213387012482
-0.52999997138977050800 -0.00623615412041544914
-0.51999998092651367200 -0.00623786076903343201
-0.50999999046325683600 -0.00623948406428098679
-0.50000000000000000000 -0.00625577615574002266
-0.49000000953674316400 -0.00625288300216197968
-0.47999998927116394000 -0.00625860178843140602
-0.46999999880790710400 -0.00624667713418602944
-0.46000000834465026800 -0.00623516691848635674
-0.44999998807907104500 -0.00623925076797604561
-0.43999999761581420900 -0.00623425608500838280
-0.43000000715255737300 -0.00622012000530958176
-0.41999998688697814900 -0.00623240089043974877
-0.40999999642372131300 -0.00625276006758213043
-0.40000000596046447700 -0.00625502178445458412
-0.38999998569488525400 -0.00626773480325937271
-0.37999999523162841800 -0.00626921281218528748
-0.37000000476837158200 -0.00623964890837669373
-0.36000001430511474600 -0.00625028181821107865
-0.34999999403953552200 -0.00625256123021245003
-0.34000000357627868600 -0.00622017495334148407
-0.33000001311302185100 -0.00621855678036808968
-0.31999999284744262700 -0.00624163215979933739
-0.31000000238418579100 -0.00624183099716901779
-0.30000001192092895500 -0.00625170115381479264
-0.28999999165534973100 -0.00626811198890209198
-0.28000000119209289500 -0.00624388502910733223
-0.27000001072883606000 -0.00621875096112489700
-0.25999999046325683600 -0.00624090293422341347
-0.25000000000000000000 -0.00622231001034379006
-0.23999999463558197000 -0.00620121788233518601
-0.23000000417232513400 -0.00621459586545825005
-0.21999999880790710400 -0.00621053809300065041
-0.20999999344348907500 -0.00622135307639837265
-0.20000000298023223900 -0.00623724283650517464
-0.18999999761581420900 -0.00623330799862742424
-0.18000000715255737300 -0.00621831510215997696
-0.17000000178813934300 -0.00621955189853906632
-0.15999999642372131300 -0.00621352391317486763
-0.15000000596046447800 -0.00620603095740079880
-0.14000000059604644800 -0.00620574597269296646
-0.12999999523162841800 -0.00620038295164704323
-0.11999999731779098500 -0.00622026296332478523
-0.10999999940395355200 -0.00623581511899828911
-0.10000000149011611900 -0.00623281206935644150
-0.09000000357627868650 -0.00622982485219836235
-0.07999999821186065670 -0.00621936609968543053
-0.07000000029802322390 -0.00621190201491117478
-0.05999999865889549260 -0.00621080398559570313
-0.05000000074505805970 -0.00619269488379359246
-0.03999999910593032840 -0.00618239678442478180
-0.02999999932944774630 -0.00619067018851637840
-0.01999999955296516420 -0.00620390800759196282
-0.00999999977648258210 -0.00619630794972181320
0.00000000000000000000 -0.00620273500680923462
0.00999999977648258210 -0.00619480293244123459
0.01999999955296516420 -0.00616539595648646355
0.02999999932944774630 -0.00615215813741087914
0.03999999910593032840 -0.00615763990208506584
0.05000000074505805970 -0.00612442381680011749
0.05999999865889549260 -0.00611608987674117088
0.07000000029802322390 -0.00612870696932077408
0.07999999821186065670 -0.00612766481935977936
0.09000000357627868650 -0.00613454403355717659
0.10000000149011611900 -0.00615569623187184334
0.10999999940395355200 -0.00613369699567556381
0.11999999731779098500 -0.00611105794087052346
0.12999999523162841800 -0.00612968485802412033
0.14000000059604644800 -0.00611242698505520821
0.15000000596046447800 -0.00608734413981437683
0.15999999642372131300 -0.00609372789040207863
0.17000000178813934300 -0.00608856789767742157
0.18000000715255737300 -0.00609197420999407768
0.18999999761581420900 -0.00610166182741522789
0.20000000298023223900 -0.00608702190220355988
0.20999999344348907500 -0.00606840290129184723
0.21999999880790710400 -0.00605178903788328171
0.23000000417232513400 -0.00603936519473791123
0.23999999463558197000 -0.00602349080145359040
0.25000000000000000000 -0.00600287783890962601
0.25999999046325683600 -0.00597950583323836327
0.27000001072883606000 -0.00597614701837301254
0.28000000119209289500 -0.00597727391868829727
0.28999999165534973100 -0.00594784598797559738
0.30000001192092895500 -0.00593257881700992584
0.31000000238418579100 -0.00590047985315322876
0.31999999284744262700 -0.00585278077051043511
0.33000001311302185100 -0.00583113683387637139
0.34000000357627868600 -0.00578833511099219322
0.34999999403953552200 -0.00573706300929188729
0.36000001430511474600 -0.00570383109152317047
0.37000000476837158200 -0.00567066902294754982
0.37999999523162841800 -0.00561599712818861008
0.38999998569488525400 -0.00556621514260768891
0.40000000596046447700 -0.00549228908494114876
0.40999999642372131300 -0.00538764102384448052
0.41999998688697814900 -0.00530680222436785698
0.43000000715255737300 -0.00519943190738558769
0.43999999761581420900 -0.00505489297211170197
0.44999998807907104500 -0.00492228195071220398
0.46000000834465026800 -0.00477509200572967529
0.46999999880790710400 -0.00460235495120286942
0.47999998927116394000 -0.00442067021504044533
0.49000000953674316400 -0.00421950500458478928
0.50000000000000000000 -0.00398845784366130829
0.50999999046325683600 -0.00374524504877626896
0.51999998092651367200 -0.00350142689421772957
0.52999997138977050800 -0.00323248794302344322
0.54000002145767211900 -0.00295171397738158703
0.55000001192092895500 -0.00266851391643285751
0.56000000238418579100 -0.00237288302741944790
0.56999999284744262700 -0.00207442604005336762
0.57999998331069946300 -0.00176222599111497402
0.58999997377395629900 -0.00143886602018028498
0.60000002384185791000 -0.00110969401430338621
0.61000001430511474600 -0.00075551099143922329
0.62000000476837158200 -0.00042253689025528729
0.62999999523162841800 -0.00009662898082751781
0.63999998569488525400 0.00022820850426796824
0.64999997615814209000 0.00057206361088901758
0.66000002622604370100 0.00091389298904687166
0.67000001668930053700 0.00131463294383138418
0.68000000715255737300 0.00168263004161417484
0.68999999761581420900 0.00205512298271059990
0.69999998807907104500 0.00242690695449709892
0.70999997854232788100 0.00280206697061657906
0.72000002861022949200 0.00318523193709552288
0.73000001907348632800 0.00356754800304770470
0.74000000953674316400 0.00395051902160048485
0.75000000000000000000 0.00434284796938300133
0.75999999046325683600 0.00473451288416981697
0.76999998092651367200 0.00512673798948526383
0.77999997138977050800 0.00552598806098103523
0.79000002145767211900 0.00592587096616625786
0.80000001192092895500 0.00632697204127907753
0.81000000238418579100 0.00673480285331606865
0.81999999284744262700 0.00714376615360379219
0.82999998331069946300 0.00755362818017601967
0.83999997377395629900 0.00796901807188987732
0.85000002384185791000 0.00838382542133331299
0.86000001430511474600 0.00880298484116792679
0.87000000476837158200 0.00922531075775623322
0.87999999523162841800 0.00964743085205554962
0.88999998569488525400 0.01007330976426601410
0.89999997615814209000 0.01050002966076135640
0.91000002622604370100 0.01040198002010583880
0.92000001668930053700 0.01081717014312744140
0.93000000715255737300 0.01123126968741416930
0.93999999761581420900 0.01164704002439975740
0.94999998807907104500 0.01206311956048011780
0.95999997854232788100 0.01247968990355730060
0.97000002861022949200 0.01289999019354581830
0.98000001907348632800 0.01332021970301866530
0.99000000953674316400 0.01374161988496780400
1.00000000000000000000 0.01416551042348146440
