-1.00000000000000000000 -0.00585873099043965340
-0.99000000953674316400 -0.00583668006584048271
-0.98000001907348632800 -0.00584904616698622704
-0.97000002861022949200 -0.00584763800725340843
-0.95999997854232788100 -0.00582878617569804192
-0.94999998807907104500 -0.00583132309839129448
-0.93999999761581420900 -0.00583946891129016876
-0.93000000715255737300 -0.00584755185991525650
-0.92000001668930053700 -0.00586565118283033371
-0.91000002622604370100 -0.00587114598602056504
-0.89999997615814209000 -0.00586239388212561608
-0.88999998569488525400 -0.00584744010120630264
-0.87999999523162841800 -0.00586074683815240860
-0.87000000476837158200 -0.00585442315787076950
-0.86000001430511474600 -0.00583827821537852288
-0.85000002384185791000 -0.00584389083087444306
-0.83999997377395629900 -0.00584944197908043862
-0.82999998331069946300 -0.00586435711011290550
-0.81999999284744262700 -0.00587292201817035675
-0.81000000238418579100 -0.00587139185518026352
-0.80000001192092895500 -0.00585789605975151062
-0.79000002145767211900 -0.00584274297580122948
-0.77999997138977050800 -0.00585298985242843628
-0.76999998092651367200 -0.00583835784345865250
-0.75999999046325683600 -0.00581859378144145012
-0.75000000000000000000 -0.00582216121256351471
-0.74000000953674316400 -0.00582897197455167771
-0.73000001907348632800 -0.00582975009456276894
-0.72000002861022949200 -0.00584129896014928818
-0.70999997854232788100 -0.00583325792104005814
-0.69999998807907104500 -0.00580967217683792114
-0.68999999761581420900 -0.00581853790208697319
-0.68000000715255737300 -0.00582412211224436760
-0.67000001668930053700 -0.00580642791464924812
-0.66000002622604370100 -0.00581026077270507813
-0.64999997615814209000 -0.00582373701035976410
-0.63999998569488525400 -0.00582938501611351967
-0.62999999523162841800 -0.00584875000640749932
-0.62000000476837158200 -0.00586106814444065094
-0.61000001430511474600 -0.00584693718701601029
-0.60000002384185791000 -0.00583480391651391983
-0.58999997377395629900 -0.00584949180483818054
-0.57999998331069946300 -0.00583763793110847473
-0.56999999284744262700 -0.00582832796499133110
-0.56000000238418579100 -0.00583817809820175171
-0.55000001192092895500 -0.00583474477753043175
-0.54000002145767211900 -0.00585287483409047127
-0.52999997138977050800 -0.00586139177903532982
-0.51999998092651367200 -0.00586308911442756653
-0.50999999046325683600 -0.00584821309894323349
-0.50000000000000000000 -0.00583282299339771271
-0.49000000953674316400 -0.00583689194172620774
-0.47999998927116394000 -0.00583645189180970192
-0.46999999880790710400 -0.00581668317317962647
-0.46000000834465026800 -0.00581092480570077896
-0.44999998807907104500 -0.00582507299259305000
-0.43999999761581420900 -0.00583169702440500260
-0.43000000715255737300 -0.00583595782518386841
-0.41999998688697814900 -0.00584711180999875069
-0.40999999642372131300 -0.00583413988351821900
-0.40000000596046447700 -0.00582292210310697556
-0.38999998569488525400 -0.00583662977442145348
-0.37999999523162841800 -0.00582659197971224785
-0.37000000476837158200 -0.00581264914944767952
-0.36000001430511474600 -0.00582256587222218514
-0.34999999403953552200 -0.00582627300173044205
-0.34000000357627868600 -0.00584194203838706017
-0.33000001311302185100 -0.00584962405264377594
-0.31999999284744262700 -0.00584702193737030030
-0.31000000238418579100 -0.00583381392061710358
-0.30000001192092895500 -0.00582619197666645050
-0.28999999165534973100 -0.00583307305350899697
-0.28000000119209289500 -0.00581723777577280998
-0.27000001072883606000 -0.00580236921086907387
-0.25999999046325683600 -0.00581321818754076958
-0.25000000000000000000 -0.00582412211224436760
-0.23999999463558197000 -0.00581953115761280060
-0.23000000417232513400 -0.00582958990707993508
-0.21999999880790710400 -0.00581920007243752480
-0.20999999344348907500 -0.00579452794045209885
-0.20000000298023223900 -0.00579522689804434776
-0.18999999761581420900 -0.00579621782526373863
-0.18000000715255737300 -0.00577733293175697327
-0.17000000178813934300 -0.00577235221862792969
-0.15999999642372131300 -0.00578672019764780998
-0.15000000596046447800 -0.00579462992027401924
-0.14000000059604644800 -0.00580491218715906143
-0.12999999523162841800 -0.00581472599878907204
-0.11999999731779098500 -0.00580864399671554566
-0.10999999940395355200 -0.00578563613817095757
-0.10000000149011611900 -0.00581110315397381783
-0.09000000357627868650 -0.00580447399988770485
-0.07999999821186065670 -0.00578057020902633667
-0.07000000029802322390 -0.00579627603292465210
-0.05999999865889549260 -0.00580164417624473572
-0.05000000074505805970 -0.00580959580838680268
-0.03999999910593032840 -0.00582163501530885697
-0.02999999932944774630 -0.00582454586401581764
-0.01999999955296516420 -0.00580869801342487335
-0.00999999977648258210 -0.00580008793622255326
0.00000000000000000000 -0.00580329215154051781
0.00999999977648258210 -0.00580309797078371048
0.01999999955296516420 -0.00578578095883131027
0.02999999932944774630 -0.00577950989827513695
0.03999999910593032840 -0.00578330503776669502
0.05000000074505805970 -0.00579413399100303650
0.05999999865889549260 -0.00579768698662519455
0.07000000029802322390 -0.00579474680125713349
0.07999999821186065670 -0.00579054607078433037
0.09000000357627868650 -0.00576886208727955818
0.10000000149011611900 -0.00577181717380881310
0.10999999940395355200 -0.00576975010335445404
0.11999999731779098500 -0.00575238978490233422
0.12999999523162841800 -0.00575774302706122399
0.14000000059604644800 -0.00576517218723893166
0.15000000596046447800 -0.00577610405161976814
0.15999999642372131300 -0.00578214321285486222
0.17000000178813934300 -0.00578941917046904564
0.18000000715255737300 -0.00577100599184632302
0.18999999761581420900 -0.00575805502012372017
0.20000000298023223900 -0.00576398521661758423
0.20999999344348907500 -0.00575338397175073624
0.21999999880790710400 -0.00573315005749464035
0.23000000417232513400 -0.00573027692735195160
0.23999999463558197000 -0.00573700712993741036
0.25000000000000000000 -0.00574050704017281532
0.25999999046325683600 -0.00573582807555794716
0.27000001072883606000 -0.00572743685916066170
0.28000000119209289500 -0.00570619292557239533
0.28999999165534973100 -0.00568249914795160294
0.30000001192092895500 -0.00567874219268560410
0.31000000238418579100 -0.00565343117341399193
0.31999999284744262700 -0.00562622584402561188
0.33000001311302185100 -0.00562006514519453049
0.34000000357627868600 -0.00561689585447311402
0.34999999403953552200 -0.00560649903491139412
0.36000001430511474600 -0.00559996720403432846
0.37000000476837158200 -0.00557997403666377068
0.37999999523162841800 -0.00554153183475136757
0.38999998569488525400 -0.00552656780928373337
0.40000000596046447700 -0.00550777418538928032
0.40999999642372131300 -0.00547120301052927971
0.41999998688697814900 -0.00544244097545742989
0.43000000715255737300 -0.00542952818796038628
0.43999999761581420900 -0.00541025307029485703
0.44999998807907104500 -0.00538125494495034218
0.46000000834465026800 -0.00536414189264178276
0.46999999880790710400 -0.00531505420804023743
0.47999998927116394000 -0.00525868311524391174
0.49000000953674316400 -0.00523138605058193207
0.50000000000000000000 -0.00517594302073121071
0.50999999046325683600 -0.00510501395910978317
0.51999998092651367200 -0.00505131110548973084
0.52999997138977050800 -0.00499050179496407509
0.54000002145767211900 -0.00492366403341293335
0.55000001192092895500 -0.00484879221767187119
0.56000000238418579100 -0.00474688503891229630
0.56999999284744262700 -0.00462436117231845856
0.57999998331069946300 -0.00448086485266685486
0.58999997377395629900 -0.00433031003922224045
0.60000002384185791000 -0.00414211722090840340
0.61000001430511474600 -0.00391345983371138573
0.62000000476837158200 -0.00366107211448252201
0.62999999523162841800 -0.00337265897542238236
0.63999998569488525400 -0.00303269410505890846
0.64999997615814209000 -0.00264470302499830723
0.66000002622604370100 -0.00220580911263823509
0.67000001668930053700 -0.00170689495280385017
0.68000000715255737300 -0.00116787594743072987
0.68999999761581420900 -0.00058903178432956338
0.69999998807907104500 -0.00000159071703365044
0.70999997854232788100 0.00061992672272026539
0.72000002861022949200 0.00134421803522855043
0.73000001907348632800 0.00209458102472126484
0.74000000953674316400 0.00286999903619289398
0.75000000000000000000 0.00367347500286996365
0.75999999046325683600 0.00450288597494363785
0.76999998092651367200 0.00534722488373517990
0.77999997138977050800 0.00621667876839637757
0.79000002145767211900 0.00710510788485407830
0.80000001192092895500 0.00800856202840805054
0.81000000238418579100 0.00892023555934429169
0.81999999284744262700 0.00984978396445512772
0.82999998331069946300 0.01027298998087644580
0.83999997377395629900 0.01108042988926172260
0.85000002384185791000 0.01191177964210510250
0.86000001430511474600 0.01271022018045187000
0.87000000476837158200 0.01349502988159656520
0.87999999523162841800 0.01450475025922060010
0.88999998569488525400 0.01542290020734071730
0.89999997615814209000 0.01645630039274692540
0.91000002622604370100 0.01745041087269783020
0.92000001668930053700 0.01845729909837245940
0.93000000715255737300 0.01948326081037521360
0.93999999761581420900 0.02061787061393260960
0.94999998807907104500 0.02169587090611457820
0.95999997854232788100 0.02268647961318492890
0.97000002861022949200 0.02375251054763793950
0.98000001907348632800 0.02484833076596260070
0.99000000953674316400 0.02592571079730987550
1.00000000000000000000 0.02697744965553283690
