-1.00000000000000000000 -0.00640289206057786942
-0.99000000953674316400 -0.00639896001666784287
-0.98000001907348632800 -0.00637008994817733765
-0.97000002861022949200 -0.00637128995731472969
-0.95999997854232788100 -0.00638978509232401848
-0.94999998807907104500 -0.00638991594314575196
-0.93999999761581420900 -0.00640137493610382080
-0.93000000715255737300 -0.00641151703894138336
-0.92000001668930053700 -0.00639091990888118744
-0.91000002622604370100 -0.00638370495289564133
-0.89999997615814209000 -0.00639841007068753243
-0.88999998569488525400 -0.00637636799365282059
-0.87999999523162841800 -0.00637163314968347550
-0.87000000476837158200 -0.00639095390215516091
-0.86000001430511474600 -0.00639103399589657784
-0.85000002384185791000 -0.00640787696465849877
-0.83999997377395629900 -0.00642294203862547875
-0.82999998331069946300 -0.00641141878440976143
-0.81999999284744262700 -0.00639865081757307053
-0.81000000238418579100 -0.00641095684841275215
-0.80000001192092895500 -0.00639140699058771134
-0.79000002145767211900 -0.00637821992859244347
-0.77999997138977050800 -0.00638512615114450455
-0.76999998092651367200 -0.00637683505192399025
-0.75999999046325683600 -0.00639082305133342743
-0.75000000000000000000 -0.00640126084908843041
-0.74000000953674316400 -0.00639884220436215401
-0.73000001907348632800 -0.00638338783755898476
-0.72000002861022949200 -0.00636412994936108589
-0.70999997854232788100 -0.00635902211070060730
-0.69999998807907104500 -0.00635457411408424378
-0.68999999761581420900 -0.00633604777976870537
-0.68000000715255737300 -0.00632432196289300919
-0.67000001668930053700 -0.00634167017415165901
-0.66000002622604370100 -0.00635234499350190163
-0.64999997615814209000 -0.00635840184986591339
-0.63999998569488525400 -0.00637078098952770233
-0.62999999523162841800 -0.00636154599487781525
-0.62000000476837158200 -0.00633804406970739365
-0.61000001430511474600 -0.00636191107332706452
-0.60000002384185791000 -0.00635223882272839546
-0.58999997377395629900 -0.00633409200236201286
-0.57999998331069946300 -0.00634761806577444077
-0.56999999284744262700 -0.00635757297277450562
-0.56000000238418579100 -0.00636504497379064560
-0.55000001192092895500 -0.00637754192575812340
-0.54000002145767211900 -0.00637788092717528343
-0.52999997138977050800 -0.00635589519515633583
-0.51999998092651367200 -0.00635693687945604325
-0.50999999046325683600 -0.00635795295238494873
-0.50000000000000000000 -0.00633203703910112381
-0.49000000953674316400 -0.00633359095081686974
-0.47999998927116394000 -0.00634032301604747772
-0.46999999880790710400 -0.00634593190625309944
-0.46000000834465026800 -0.00635560695081949234
-0.44999998807907104500 -0.00636661704629659653
-0.43999999761581420900 -0.00635010004043579102
-0.43000000715255737300 -0.00633403984829783440
-0.41999998688697814900 -0.00634093722328543663
-0.40999999642372131300 -0.00632675411179661751
-0.40000000596046447700 -0.00630688620731234551
-0.38999998569488525400 -0.00630680611357092858
-0.37999999523162841800 -0.00631569279357790947
-0.37000000476837158200 -0.00633217720314860344
-0.36000001430511474600 -0.00633814092725515366
-0.34999999403953552200 -0.00634640594944357872
-0.34000000357627868600 -0.00634064897894859314
-0.33000001311302185100 -0.00631937477737665177
-0.31999999284744262700 -0.00633081700652837754
-0.31000000238418579100 -0.00632952479645609856
-0.30000001192092895500 -0.00631108786910772324
-0.28999999165534973100 -0.00631662085652351380
-0.28000000119209289500 -0.00632741488516330719
-0.27000001072883606000 -0.00633671414107084274
-0.25999999046325683600 -0.00634161802008748055
-0.25000000000000000000 -0.00635492894798517227
-0.23999999463558197000 -0.00633049895986914635
-0.23000000417232513400 -0.00631687883287668228
-0.21999999880790710400 -0.00633107917383313179
-0.20999999344348907500 -0.00630558608099818230
-0.20000000298023223900 -0.00629138993099331856
-0.18999999761581420900 -0.00629896903410553932
-0.18000000715255737300 -0.00629783701151609421
-0.17000000178813934300 -0.00630283681675791741
-0.15999999642372131300 -0.00631512980908155442
-0.15000000596046447800 -0.00629394501447677612
-0.14000000059604644800 -0.00627160305157303810
-0.12999999523162841800 -0.00627944385632872582
-0.11999999731779098500 -0.00626298598945140839
-0.10999999940395355200 -0.00624297885224223137
-0.10000000149011611900 -0.00624834187328815460
-0.09000000357627868650 -0.00624294998124241829
-0.07999999821186065670 -0.00625804299488663674
-0.07000000029802322390 -0.00628031697124242783
-0.05999999865889549260 -0.00627007801085710526
-0.05000000074505805970 -0.00627262005582451821
-0.03999999910593032840 -0.00625601410865783692
-0.02999999932944774630 -0.00625563180074095726
-0.01999999955296516420 -0.00625293422490358353
-0.00999999977648258210 -0.00623817509040236473
0.00000000000000000000 -0.00623098993673920632
0.00999999977648258210 -0.00623013917356729508
0.01999999955296516420 -0.00624490203335881233
0.02999999932944774630 -0.00624525407329201698
0.03999999910593032840 -0.00625364622101187706
0.05000000074505805970 -0.00624467711895704270
0.05999999865889549260 -0.00621538795530796051
0.07000000029802322390 -0.00622197519987821579
0.07999999821186065670 -0.00622197519987821579
0.09000000357627868650 -0.00618608202785253525
0.10000000149011611900 -0.00618203589692711830
0.10999999940395355200 -0.00619208114221692085
0.11999999731779098500 -0.00618425197899341583
0.12999999523162841800 -0.00618573511019349098
0.14000000059604644800 -0.00619510514661669731
0.15000000596046447800 -0.00616470212116837502
0.15999999642372131300 -0.00613425718620419502
0.17000000178813934300 -0.00613915920257568360
0.18000000715255737300 -0.00611779000610113144
0.18999999761581420900 -0.00608992809429764748
0.20000000298023223900 -0.00608757697045803070
0.20999999344348907500 -0.00607997318729758263
0.21999999880790710400 -0.00608017994090914726
0.23000000417232513400 -0.00607942603528499603
0.23999999463558197000 -0.00606542499735951424
0.25000000000000000000 -0.00603578984737396240
0.25999999046325683600 -0.00601049885153770447
0.27000001072883606000 -0.00599179603159427643
0.28000000119209289500 -0.00595891894772648812
0.28999999165534973100 -0.00592700717970728874
0.30000001192092895500 -0.00589525280520319939
0.31000000238418579100 -0.00587185192853212357
0.31999999284744262700 -0.00585000077262520790
0.33000001311302185100 -0.00580779509618878365
0.34000000357627868600 -0.00576214678585529328
0.34999999403953552200 -0.00570859620347619057
0.36000001430511474600 -0.00563859706744551659
0.37000000476837158200 -0.00557899894192814827
0.37999999523162841800 -0.00550192920491099358
0.38999998569488525400 -0.00541118485853075981
0.40000000596046447700 -0.00533057888969779015
0.40999999642372131300 -0.00524043897166848183
0.41999998688697814900 -0.00513025093823671341
0.43000000715255737300 -0.00502063799649477005
0.43999999761581420900 -0.00488462112843990326
0.44999998807907104500 -0.00471650902181863785
0.46000000834465026800 -0.00456624710932374001
0.46999999880790710400 -0.00439256103709340096
0.47999998927116394000 -0.00418288400396704674
0.49000000953674316400 -0.00398411601781845093
0.50000000000000000000 -0.00377165898680686951
0.50999999046325683600 -0.00353737897239625454
0.51999998092651367200 -0.00329868099652230740
0.52999997138977050800 -0.00304777408018708229
0.54000002145767211900 -0.00276741804555058479
0.55000001192092895500 -0.00248587410897016525
0.56000000238418579100 -0.00220210407860577107
0.56999999284744262700 -0.00189724599476903677
0.57999998331069946300 -0.00159035297110676766
0.58999997377395629900 -0.00127995095681399107
0.60000002384185791000 -0.00092227879213169217
0.61000001430511474600 -0.00060514197684824467
0.62000000476837158200 -0.00028789578936994076
0.62999999523162841800 0.00002689219945750665
0.63999998569488525400 0.00035405359813012183
0.64999997615814209000 0.00069034111220389605
0.66000002622604370100 0.00103178003337234259
0.67000001668930053700 0.00143718498293310404
0.68000000715255737300 0.00180225202348083258
0.68999999761581420900 0.00216891290619969368
0.69999998807907104500 0.00254680193029344082
0.70999997854232788100 0.00292272097431123257
0.72000002861022949200 0.00329897692427039147
0.73000001907348632800 0.00368289602920413017
0.74000000953674316400 0.00406703399494290352
0.75000000000000000000 0.00445345276966691017
0.75999999046325683600 0.00484864506870508194
0.76999998092651367200 0.00524271093308925629
0.77999997138977050800 0.00563763780519366265
0.79000002145767211900 0.00604025879874825478
0.80000001192092895500 0.00644102413207292557
0.81000000238418579100 0.00684380019083619118
0.81999999284744262700 0.00725197698920965195
0.82999998331069946300 0.00765814213082194329
0.83999997377395629900 0.00806737691164016724
0.85000002384185791000 0.00848106853663921356
0.86000001430511474600 0.00889571942389011383
0.87000000476837158200 0.00931113678961992264
0.87999999523162841800 0.00972984358668327332
0.88999998569488525400 0.01015030965209007260
0.89999997615814209000 0.01006872020661830900
0.91000002622604370100 0.01047393027693033220
0.92000001668930053700 0.01088184956461191180
0.93000000715255737300 0.01128809992223978040
0.93999999761581420900 0.01169740036129951480
0.94999998807907104500 0.01210886985063552860
0.95999997854232788100 0.01251855958253145220
0.97000002861022949200 0.01293171010911464690
0.98000001907348632800 0.01334637962281703950
0.99000000953674316400 0.01375981979072093960
1.00000000000000000000 0.01417621038854122160
