-1.00000000000000000000 -0.00599018577486276627
-0.99000000953674316400 -0.00598486792296171189
-0.98000001907348632800 -0.00600999221205711365
-0.97000002861022949200 -0.00600568810477852822
-0.95999997854232788100 -0.00596731808036565781
-0.94999998807907104500 -0.00598316499963402748
-0.93999999761581420900 -0.00598643999546766281
-0.93000000715255737300 -0.00595286022871732712
-0.92000001668930053700 -0.00595973711460828781
-0.91000002622604370100 -0.00597533909603953362
-0.89999997615814209000 -0.00597293814644217491
-0.88999998569488525400 -0.00599066214635968208
-0.87999999523162841800 -0.00600215978920459748
-0.87000000476837158200 -0.00598068721592426300
-0.86000001430511474600 -0.00596989877521991730
-0.85000002384185791000 -0.00598134100437164307
-0.83999997377395629900 -0.00596240814775228501
-0.82999998331069946300 -0.00595596898347139359
-0.81999999284744262700 -0.00596067123115062714
-0.81000000238418579100 -0.00595824699848890305
-0.80000001192092895500 -0.00598468212410807610
-0.79000002145767211900 -0.00598739320412278176
-0.77999997138977050800 -0.00598261784762144089
-0.76999998092651367200 -0.00598222622647881508
-0.75999999046325683600 -0.00596855115145444870
-0.75000000000000000000 -0.00596228521317243576
-0.74000000953674316400 -0.00596919516101479530
-0.73000001907348632800 -0.00595004204660654068
-0.72000002861022949200 -0.00595391495153307915
-0.70999997854232788100 -0.00598399480804800987
-0.69999998807907104500 -0.00597759522497653961
-0.68999999761581420900 -0.00598759623244404793
-0.68000000715255737300 -0.00599371781572699547
-0.67000001668930053700 -0.00595549587160348892
-0.66000002622604370100 -0.00596828293055295944
-0.64999997615814209000 -0.00597913982346653938
-0.63999998569488525400 -0.00593862496316432953
-0.62999999523162841800 -0.00594398891553282738
-0.62000000476837158200 -0.00596915977075695992
-0.61000001430511474600 -0.00595694780349731446
-0.60000002384185791000 -0.00596942706033587456
-0.58999997377395629900 -0.00598928891122341156
-0.57999998331069946300 -0.00595950987190008164
-0.56999999284744262700 -0.00594520615413784981
-0.56000000238418579100 -0.00597070809453725815
-0.55000001192092895500 -0.00594328390434384346
-0.54000002145767211900 -0.00593607686460018158
-0.52999997138977050800 -0.00595725886523723602
-0.51999998092651367200 -0.00595224602147936821
-0.50999999046325683600 -0.00596863916143774986
-0.50000000000000000000 -0.00598860392346978188
-0.49000000953674316400 -0.00597384106367826462
-0.47999998927116394000 -0.00596067495644092560
-0.46999999880790710400 -0.00597385503351688385
-0.46000000834465026800 -0.00595954898744821549
-0.44999998807907104500 -0.00595139805227518082
-0.43999999761581420900 -0.00595482485368847847
-0.43000000715255737300 -0.00594725878909230232
-0.41999998688697814900 -0.00596922310069203377
-0.40999999642372131300 -0.00597911980003118515
-0.40000000596046447700 -0.00597879895940423012
-0.38999998569488525400 -0.00597583316266536713
-0.37999999523162841800 -0.00595911312848329544
-0.37000000476837158200 -0.00595944002270698548
-0.36000001430511474600 -0.00596535485237836838
-0.34999999403953552200 -0.00594560708850622177
-0.34000000357627868600 -0.00593334389850497246
-0.33000001311302185100 -0.00595637178048491478
-0.31999999284744262700 -0.00596413202583789826
-0.31000000238418579100 -0.00596383400261402130
-0.30000001192092895500 -0.00597650976851582527
-0.28999999165534973100 -0.00595591403543949127
-0.28000000119209289500 -0.00593775277957320214
-0.27000001072883606000 -0.00596338277682662010
-0.25999999046325683600 -0.00593486800789833069
-0.25000000000000000000 -0.00591918500140309334
-0.23999999463558197000 -0.00594683596864342690
-0.23000000417232513400 -0.00594079121947288513
-0.21999999880790710400 -0.00594899198040366173
-0.20999999344348907500 -0.00597449811175465584
-0.20000000298023223900 -0.00595003692433238030
-0.18999999761581420900 -0.00592997577041387558
-0.18000000715255737300 -0.00596010684967041016
-0.17000000178813934300 -0.00593490805476903916
-0.15999999642372131300 -0.00591695681214332581
-0.15000000596046447800 -0.00593802798539400101
-0.14000000059604644800 -0.00592512078583240509
-0.12999999523162841800 -0.00594316190108656883
-0.11999999731779098500 -0.00596747500821948052
-0.10999999940395355200 -0.00595247419551014900
-0.10000000149011611900 -0.00594241591170430184
-0.09000000357627868650 -0.00593966105952858925
-0.07999999821186065670 -0.00593680003657937050
-0.07000000029802322390 -0.00593039020895957947
-0.05999999865889549260 -0.00592577503994107247
-0.05000000074505805970 -0.00591414887458086014
-0.03999999910593032840 -0.00593248801305890084
-0.02999999932944774630 -0.00594818685203790665
-0.01999999955296516420 -0.00594237400218844414
-0.00999999977648258210 -0.00594091787934303284
0.00000000000000000000 -0.00593415601179003716
0.00999999977648258210 -0.00591395096853375435
0.01999999955296516420 -0.00592858996242284775
0.02999999932944774630 -0.00593465287238359452
0.03999999910593032840 -0.00589894177392125130
0.05000000074505805970 -0.00590880494564771652
0.05999999865889549260 -0.00593434693291783333
0.07000000029802322390 -0.00592838320881128311
0.07999999821186065670 -0.00593917490914463997
0.09000000357627868650 -0.00595438107848167420
0.10000000149011611900 -0.00591712119057774544
0.10999999940395355200 -0.00592404697090387345
0.11999999731779098500 -0.00593746080994606018
0.12999999523162841800 -0.00590091105550527573
0.14000000059604644800 -0.00590756209567189217
0.15000000596046447800 -0.00592334102839231491
0.15999999642372131300 -0.00592268211767077446
0.17000000178813934300 -0.00593595905229449272
0.18000000715255737300 -0.00595213519409298897
0.18999999761581420900 -0.00592205394059419632
0.20000000298023223900 -0.00591051997616887093
0.20999999344348907500 -0.00592759018763899803
0.21999999880790710400 -0.00590400910004973412
0.23000000417232513400 -0.00589046394452452660
0.23999999463558197000 -0.00589642999693751335
0.25000000000000000000 -0.00589439412578940392
0.25999999046325683600 -0.00591201521456241608
0.27000001072883606000 -0.00591641711071133614
0.28000000119209289500 -0.00590517278760671616
0.28999999165534973100 -0.00589775480329990387
0.30000001192092895500 -0.00588747486472129822
0.31000000238418579100 -0.00587540678679943085
0.31999999284744262700 -0.00587017321959137917
0.33000001311302185100 -0.00585252605378627777
0.34000000357627868600 -0.00585201801732182503
0.34999999403953552200 -0.00587414298206567764
0.36000001430511474600 -0.00586539180949330330
0.37000000476837158200 -0.00586323486641049385
0.37999999523162841800 -0.00586567213758826256
0.38999998569488525400 -0.00582482619211077690
0.40000000596046447700 -0.00583015102893114090
0.40999999642372131300 -0.00583011377602815628
0.41999998688697814900 -0.00578150199726223946
0.43000000715255737300 -0.00577597599476575852
0.43999999761581420900 -0.00578492600470781326
0.44999998807907104500 -0.00576360290870070458
0.46000000834465026800 -0.00574979092925786972
0.46999999880790710400 -0.00574709381908178330
0.47999998927116394000 -0.00568565400317311287
0.49000000953674316400 -0.00564625905826687813
0.50000000000000000000 -0.00562066677957773209
0.50999999046325683600 -0.00554091716185212136
0.51999998092651367200 -0.00547086121514439583
0.52999997138977050800 -0.00540457200258970261
0.54000002145767211900 -0.00529956584796309471
0.55000001192092895500 -0.00518458290025591850
0.56000000238418579100 -0.00504829781129956246
0.56999999284744262700 -0.00484561594203114510
0.57999998331069946300 -0.00462056789547204971
0.58999997377395629900 -0.00438372604548931122
0.60000002384185791000 -0.00408893777057528496
0.61000001430511474600 -0.00376948807388544083
0.62000000476837158200 -0.00342635298147797585
0.62999999523162841800 -0.00304875196889042854
0.63999998569488525400 -0.00265972199849784374
0.64999997615814209000 -0.00224219891242682934
0.66000002622604370100 -0.00179476698394864798
0.67000001668930053700 -0.00133183202706277370
0.68000000715255737300 -0.00083175767213106155
0.68999999761581420900 -0.00036820259992964566
0.69999998807907104500 0.00010379529703641310
0.70999997854232788100 0.00057620502775534987
0.72000002861022949200 0.00111884099896997213
0.73000001907348632800 0.00163983996026217938
0.74000000953674316400 0.00215785903856158257
0.75000000000000000000 0.00268472102470695973
0.75999999046325683600 0.00321150408126413822
0.76999998092651367200 0.00374291301704943180
0.77999997138977050800 0.00428263889625668526
0.79000002145767211900 0.00481304200366139412
0.80000001192092895500 0.00535517791286110878
0.81000000238418579100 0.00590811390429735184
0.81999999284744262700 0.00644479505717754364
0.82999998331069946300 0.00699874479323625565
0.83999997377395629900 0.00756363011896610260
0.85000002384185791000 0.00811971630901098252
0.86000001430511474600 0.00870513822883367539
0.87000000476837158200 0.00928929541260004044
0.87999999523162841800 0.00985551066696643830
0.88999998569488525400 0.01045131962746381760
0.89999997615814209000 0.01057291962206363680
0.91000002622604370100 0.01111674029380083080
0.92000001668930053700 0.01169618964195251460
0.93000000715255737300 0.01229348033666610720
0.93999999761581420900 0.01287779025733470920
0.94999998807907104500 0.01349022984504699710
0.95999997854232788100 0.01410793978720903400
0.97000002861022949200 0.01470588985830545430
0.98000001907348632800 0.01535344962030649190
0.99000000953674316400 0.01602209918200969700
1.00000000000000000000 0.01664990000426769260
