-1.00000000000000000000 -0.00579016190022230148
-0.99000000953674316400 -0.00580380205065011978
-0.98000001907348632800 -0.00579319521784782410
-0.97000002861022949200 -0.00577752385288476944
-0.95999997854232788100 -0.00578559003770351410
-0.94999998807907104500 -0.00579780619591474533
-0.93999999761581420900 -0.00581316277384757996
-0.93000000715255737300 -0.00582164619117975235
-0.92000001668930053700 -0.00583558203652501106
-0.91000002622604370100 -0.00582088623195886612
-0.89999997615814209000 -0.00580792408436536789
-0.88999998569488525400 -0.00581867480650544167
-0.87999999523162841800 -0.00581451412290334702
-0.87000000476837158200 -0.00580025417730212212
-0.86000001430511474600 -0.00580320507287979126
-0.85000002384185791000 -0.00581307895481586456
-0.83999997377395629900 -0.00582646997645497322
-0.82999998331069946300 -0.00583720114082098007
-0.81999999284744262700 -0.00583620788529515267
-0.81000000238418579100 -0.00582658499479293823
-0.80000001192092895500 -0.00581501098349690438
-0.79000002145767211900 -0.00582298822700977326
-0.77999997138977050800 -0.00581302400678396225
-0.76999998092651367200 -0.00579602411016821861
-0.75999999046325683600 -0.00579995103180408478
-0.75000000000000000000 -0.00580671895295381546
-0.74000000953674316400 -0.00581942219287157059
-0.73000001907348632800 -0.00581912184134125710
-0.72000002861022949200 -0.00581899518147110939
-0.70999997854232788100 -0.00580730615183711052
-0.69999998807907104500 -0.00579772284254431725
-0.68999999761581420900 -0.00579950399696826935
-0.68000000715255737300 -0.00579337589442729950
-0.67000001668930053700 -0.00578470388427376747
-0.66000002622604370100 -0.00578969903290271759
-0.64999997615814209000 -0.00580395478755235672
-0.63999998569488525400 -0.00581591809168457985
-0.62999999523162841800 -0.00582613609731197357
-0.62000000476837158200 -0.00581868505105376244
-0.61000001430511474600 -0.00580979697406291962
-0.60000002384185791000 -0.00581006379798054695
-0.58999997377395629900 -0.00581147102639079094
-0.57999998331069946300 -0.00580194406211376190
-0.56999999284744262700 -0.00579083291813731194
-0.56000000238418579100 -0.00580024719238281250
-0.55000001192092895500 -0.00581112690269947052
-0.54000002145767211900 -0.00581925315782427788
-0.52999997138977050800 -0.00582303386181592942
-0.51999998092651367200 -0.00581731600686907768
-0.50999999046325683600 -0.00579267088323831558
-0.50000000000000000000 -0.00579117517918348313
-0.49000000953674316400 -0.00579005619511008263
-0.47999998927116394000 -0.00576925184577703476
-0.46999999880790710400 -0.00576516613364219666
-0.46000000834465026800 -0.00576468696817755699
-0.44999998807907104500 -0.00577650405466556549
-0.43999999761581420900 -0.00578413112089037895
-0.43000000715255737300 -0.00579058984294533730
-0.41999998688697814900 -0.00577893387526273728
-0.40999999642372131300 -0.00576520292088389397
-0.40000000596046447700 -0.00577272707596421242
-0.38999998569488525400 -0.00577367702499032021
-0.37999999523162841800 -0.00576065899804234505
-0.37000000476837158200 -0.00576107902452349663
-0.36000001430511474600 -0.00577706890180706978
-0.34999999403953552200 -0.00579126784577965737
-0.34000000357627868600 -0.00579740200191736222
-0.33000001311302185100 -0.00581028405576944351
-0.31999999284744262700 -0.00580092705786228180
-0.31000000238418579100 -0.00577925099059939385
-0.30000001192092895500 -0.00579840596765279770
-0.28999999165534973100 -0.00579287810251116753
-0.28000000119209289500 -0.00577030796557664871
-0.27000001072883606000 -0.00577873503789305687
-0.25999999046325683600 -0.00578661682084202767
-0.25000000000000000000 -0.00579697499051690102
-0.23999999463558197000 -0.00579620292410254479
-0.23000000417232513400 -0.00580340204760432244
-0.21999999880790710400 -0.00578982383012771607
-0.20999999344348907500 -0.00576849607750773430
-0.20000000298023223900 -0.00577425304800271988
-0.18999999761581420900 -0.00577087607234716416
-0.18000000715255737300 -0.00575223285704851151
-0.17000000178813934300 -0.00575214996933937073
-0.15999999642372131300 -0.00576642295345664025
-0.15000000596046447800 -0.00577317597344517708
-0.14000000059604644800 -0.00578290317207574845
-0.12999999523162841800 -0.00578682217746973038
-0.11999999731779098500 -0.00577436201274394989
-0.10999999940395355200 -0.00576064921915531159
-0.10000000149011611900 -0.00577265489846467972
-0.09000000357627868650 -0.00577007187530398369
-0.07999999821186065670 -0.00575286196544766426
-0.07000000029802322390 -0.00575758190825581551
-0.05999999865889549260 -0.00576765602454543114
-0.05000000074505805970 -0.00578165194019675255
-0.03999999910593032840 -0.00578370597213506699
-0.02999999932944774630 -0.00579317891970276833
-0.01999999955296516420 -0.00577401509508490563
-0.00999999977648258210 -0.00576200708746910095
0.00000000000000000000 -0.00577261205762624741
0.00999999977648258210 -0.00576810399070382118
0.01999999955296516420 -0.00574413593858480454
0.02999999932944774630 -0.00573896104469895363
0.03999999910593032840 -0.00574999209493398667
0.05000000074505805970 -0.00575553299859166146
0.05999999865889549260 -0.00575882382690906525
0.07000000029802322390 -0.00575942080467939377
0.07999999821186065670 -0.00574283301830291748
0.09000000357627868650 -0.00571832107380032540
0.10000000149011611900 -0.00572673603892326355
0.10999999940395355200 -0.00571721699088811875
0.11999999731779098500 -0.00570082617923617363
0.12999999523162841800 -0.00570148508995771408
0.14000000059604644800 -0.00570932216942310333
0.15000000596046447800 -0.00572021305561065674
0.15999999642372131300 -0.00572039419785141945
0.17000000178813934300 -0.00572907319292426110
0.18000000715255737300 -0.00571456504985690117
0.18999999761581420900 -0.00569561496376991272
0.20000000298023223900 -0.00570926582440733910
0.20999999344348907500 -0.00569696910679340363
0.21999999880790710400 -0.00567679805681109429
0.23000000417232513400 -0.00568109983578324318
0.23999999463558197000 -0.00568403210490942002
0.25000000000000000000 -0.00568658206611871720
0.25999999046325683600 -0.00568479904904961586
0.27000001072883606000 -0.00567668303847312927
0.28000000119209289500 -0.00565444305539131165
0.28999999165534973100 -0.00564086576923727989
0.30000001192092895500 -0.00563218584284186363
0.31000000238418579100 -0.00560739822685718537
0.31999999284744262700 -0.00558423297479748726
0.33000001311302185100 -0.00557702407240867615
0.34000000357627868600 -0.00556800421327352524
0.34999999403953552200 -0.00555934989824891091
0.36000001430511474600 -0.00554243801161646843
0.37000000476837158200 -0.00552071677520871163
0.37999999523162841800 -0.00548168877139687538
0.38999998569488525400 -0.00545826880261301994
0.40000000596046447700 -0.00543434219434857369
0.40999999642372131300 -0.00539385387673974037
0.41999998688697814900 -0.00536900898441672325
0.43000000715255737300 -0.00534627586603164673
0.43999999761581420900 -0.00532932905480265618
0.44999998807907104500 -0.00529737118631601334
0.46000000834465026800 -0.00527228089049458504
0.46999999880790710400 -0.00522593315690755844
0.47999998927116394000 -0.00516947498545050621
0.49000000953674316400 -0.00513254478573799133
0.50000000000000000000 -0.00508483499288558960
0.50999999046325683600 -0.00501810200512409210
0.51999998092651367200 -0.00496406201273202896
0.52999997138977050800 -0.00491113821044564247
0.54000002145767211900 -0.00485191494226455689
0.55000001192092895500 -0.00478152278810739517
0.56000000238418579100 -0.00470459414646029472
0.56999999284744262700 -0.00460181385278701782
0.57999998331069946300 -0.00447535002604126930
0.58999997377395629900 -0.00436185300350189209
0.60000002384185791000 -0.00420795613899827004
0.61000001430511474600 -0.00402715383097529411
0.62000000476837158200 -0.00382677698507905007
0.62999999523162841800 -0.00359362806193530560
0.63999998569488525400 -0.00332165998406708241
0.64999997615814209000 -0.00300248689018189907
0.66000002622604370100 -0.00263670599088072777
0.67000001668930053700 -0.00221586809493601322
0.68000000715255737300 -0.00174175004940479994
0.68999999761581420900 -0.00123454001732170582
0.69999998807907104500 -0.00067193241557106376
0.70999997854232788100 -0.00012554510612972081
0.72000002861022949200 0.00045490488992072642
0.73000001907348632800 0.00119071896187961102
0.74000000953674316400 0.00191841996274888516
0.75000000000000000000 0.00267373188398778439
0.75999999046325683600 0.00345775205641984940
0.76999998092651367200 0.00426551187410950661
0.77999997138977050800 0.00509717501699924469
0.79000002145767211900 0.00594892399385571480
0.80000001192092895500 0.00681719789281487465
0.81000000238418579100 0.00770926708355545998
0.81999999284744262700 0.00860730279237031937
0.82999998331069946300 0.00953293219208717346
0.83999997377395629900 0.01046128012239933010
0.85000002384185791000 0.01083135046064853670
0.86000001430511474600 0.01145401969552040100
0.87000000476837158200 0.01267005968838930130
0.87999999523162841800 0.01360168028622865680
0.88999998569488525400 0.01461162976920604710
0.89999997615814209000 0.01526844035834074020
0.91000002622604370100 0.01618712022900581360
0.92000001668930053700 0.01726461015641689300
0.93000000715255737300 0.01833575963973999020
0.93999999761581420900 0.01928604021668434140
0.94999998807907104500 0.02034267038106918340
0.95999997854232788100 0.02135965973138809200
0.97000002861022949200 0.02238010987639427190
0.98000001907348632800 0.02338216081261634830
0.99000000953674316400 0.02441686950623989110
1.00000000000000000000 0.02537349984049797060
