-1.00000000000000000000 -0.00594732491299510002
-0.99000000953674316400 -0.00594909489154815674
-0.98000001907348632800 -0.00595027813687920571
-0.97000002861022949200 -0.00596821680665016174
-0.95999997854232788100 -0.00597889116033911705
-0.94999998807907104500 -0.00598486606031656265
-0.93999999761581420900 -0.00598102388903498650
-0.93000000715255737300 -0.00596523191779851914
-0.92000001668930053700 -0.00597355002537369728
-0.91000002622604370100 -0.00597373908385634422
-0.89999997615814209000 -0.00595108093693852425
-0.88999998569488525400 -0.00595467211678624153
-0.87999999523162841800 -0.00596708199009299278
-0.87000000476837158200 -0.00597119610756635666
-0.86000001430511474600 -0.00597837613895535469
-0.85000002384185791000 -0.00597975309938192368
-0.83999997377395629900 -0.00596171105280518532
-0.82999998331069946300 -0.00595033913850784302
-0.81999999284744262700 -0.00595891103148460388
-0.81000000238418579100 -0.00594257190823554993
-0.80000001192092895500 -0.00593403214588761330
-0.79000002145767211900 -0.00594355585053563118
-0.77999997138977050800 -0.00595792289823293686
-0.76999998092651367200 -0.00597386201843619347
-0.75999999046325683600 -0.00598796689882874489
-0.75000000000000000000 -0.00597407622262835503
-0.74000000953674316400 -0.00595846492797136307
-0.73000001907348632800 -0.00597335211932659149
-0.72000002861022949200 -0.00596716813743114472
-0.70999997854232788100 -0.00594686018303036690
-0.69999998807907104500 -0.00595504697412252426
-0.68999999761581420900 -0.00596090313047170639
-0.68000000715255737300 -0.00597403105348348618
-0.67000001668930053700 -0.00598656898364424706
-0.66000002622604370100 -0.00598778808489441872
-0.64999997615814209000 -0.00597676681354641915
-0.63999998569488525400 -0.00595965282991528511
-0.62999999523162841800 -0.00596346613019704819
-0.62000000476837158200 -0.00595645001158118248
-0.61000001430511474600 -0.00594155117869377136
-0.60000002384185791000 -0.00594192789867520332
-0.58999997377395629900 -0.00594669114798307419
-0.57999998331069946300 -0.00595340505242347718
-0.56999999284744262700 -0.00595545209944248200
-0.56000000238418579100 -0.00595028698444366455
-0.55000001192092895500 -0.00593328289687633515
-0.54000002145767211900 -0.00593355391174554825
-0.52999997138977050800 -0.00593283399939537048
-0.51999998092651367200 -0.00591528508812189102
-0.50999999046325683600 -0.00591412698850035668
-0.50000000000000000000 -0.00592417921870946884
-0.49000000953674316400 -0.00594070879742503166
-0.47999998927116394000 -0.00595407281070947647
-0.46999999880790710400 -0.00596399791538715363
-0.46000000834465026800 -0.00595616502687335015
-0.44999998807907104500 -0.00593987479805946350
-0.43999999761581420900 -0.00595598202198743820
-0.43000000715255737300 -0.00594254396855831146
-0.41999998688697814900 -0.00592939415946602822
-0.40999999642372131300 -0.00594405317679047585
-0.40000000596046447700 -0.00594701990485191345
-0.38999998569488525400 -0.00596226705238223076
-0.37999999523162841800 -0.00597083615139126778
-0.37000000476837158200 -0.00597385596483945847
-0.36000001430511474600 -0.00595470098778605461
-0.34999999403953552200 -0.00594592001289129257
-0.34000000357627868600 -0.00594708789139986038
-0.33000001311302185100 -0.00593535089865326882
-0.31999999284744262700 -0.00592809403315186501
-0.31000000238418579100 -0.00592555990442633629
-0.30000001192092895500 -0.00594042101874947548
-0.28999999165534973100 -0.00594226410612463951
-0.28000000119209289500 -0.00595319597050547600
-0.27000001072883606000 -0.00594481686130166054
-0.25999999046325683600 -0.00592736108228564263
-0.25000000000000000000 -0.00593345612287521362
-0.23999999463558197000 -0.00593474786728620529
-0.23000000417232513400 -0.00591401197016239166
-0.21999999880790710400 -0.00591802783310413361
-0.20999999344348907500 -0.00592875108122825623
-0.20000000298023223900 -0.00593775184825062752
-0.18999999761581420900 -0.00594741385430097580
-0.18000000715255737300 -0.00595284998416900635
-0.17000000178813934300 -0.00594350881874561310
-0.15999999642372131300 -0.00592712685465812683
-0.15000000596046447800 -0.00593993719667196274
-0.14000000059604644800 -0.00593528198078274727
-0.12999999523162841800 -0.00591654190793633461
-0.11999999731779098500 -0.00592038780450820923
-0.10999999940395355200 -0.00593221606686711312
-0.10000000149011611900 -0.00594119122251868248
-0.09000000357627868650 -0.00594131788238883019
-0.07999999821186065670 -0.00594653701409697533
-0.07000000029802322390 -0.00592905096709728241
-0.05999999865889549260 -0.00591518683359026909
-0.05000000074505805970 -0.00591313093900680542
-0.03999999910593032840 -0.00589876295998692513
-0.02999999932944774630 -0.00588939990848302841
-0.01999999955296516420 -0.00588682712987065315
-0.00999999977648258210 -0.00589974597096443176
0.00000000000000000000 -0.00590645894408226013
0.00999999977648258210 -0.00590537209063768387
0.01999999955296516420 -0.00591053999960422516
0.02999999932944774630 -0.00589730404317378998
0.03999999910593032840 -0.00588260497897863388
0.05000000074505805970 -0.00588902691379189491
0.05999999865889549260 -0.00587625196203589440
0.07000000029802322390 -0.00587394693866372109
0.07999999821186065670 -0.00588701618835330010
0.09000000357627868650 -0.00589856784790754318
0.10000000149011611900 -0.00590953510254621506
0.10999999940395355200 -0.00592260994017124176
0.11999999731779098500 -0.00591709604486823082
0.12999999523162841800 -0.00588736310601234436
0.14000000059604644800 -0.00590596813708543778
0.15000000596046447800 -0.00590050406754016876
0.15999999642372131300 -0.00587083492428064346
0.17000000178813934300 -0.00588349904865026474
0.18000000715255737300 -0.00589006720110774040
0.18999999761581420900 -0.00589531008154153824
0.20000000298023223900 -0.00590050918981432915
0.20999999344348907500 -0.00590418884530663490
0.21999999880790710400 -0.00588219612836837769
0.23000000417232513400 -0.00586705002933740616
0.23999999463558197000 -0.00586724514141678810
0.25000000000000000000 -0.00584675604477524758
0.25999999046325683600 -0.00583319319412112236
0.27000001072883606000 -0.00582994986325502396
0.28000000119209289500 -0.00583986984565854073
0.28999999165534973100 -0.00584153318777680397
0.30000001192092895500 -0.00584374414756894112
0.31000000238418579100 -0.00582605507224798203
0.31999999284744262700 -0.00580326002091169358
0.33000001311302185100 -0.00580497877672314644
0.34000000357627868600 -0.00579441012814640999
0.34999999403953552200 -0.00576705485582351685
0.36000001430511474600 -0.00575955212116241455
0.37000000476837158200 -0.00575692905113101006
0.37999999523162841800 -0.00575229385867714882
0.38999998569488525400 -0.00574833201244473458
0.40000000596046447700 -0.00573953799903392792
0.40999999642372131300 -0.00571352196857333183
0.41999998688697814900 -0.00567548209801316261
0.43000000715255737300 -0.00566667085513472557
0.43999999761581420900 -0.00563756097108125687
0.44999998807907104500 -0.00559050589799880982
0.46000000834465026800 -0.00557535281404852867
0.46999999880790710400 -0.00554852979257702828
0.47999998927116394000 -0.00551867019385099411
0.49000000953674316400 -0.00548698613420128822
0.50000000000000000000 -0.00544087821617722511
0.50999999046325683600 -0.00536713423207402229
0.51999998092651367200 -0.00531590403988957405
0.52999997138977050800 -0.00524767814204096794
0.54000002145767211900 -0.00515916803851723671
0.55000001192092895500 -0.00507364422082901001
0.56000000238418579100 -0.00497941300272941590
0.56999999284744262700 -0.00486954022198915482
0.57999998331069946300 -0.00473243184387683869
0.58999997377395629900 -0.00457017077133059502
0.60000002384185791000 -0.00435795309022068978
0.61000001430511474600 -0.00410852488130331040
0.62000000476837158200 -0.00383606506511569023
0.62999999523162841800 -0.00350980297662317753
0.63999998569488525400 -0.00313274399377405644
0.64999997615814209000 -0.00271823792718350887
0.66000002622604370100 -0.00226713111624121666
0.67000001668930053700 -0.00176695396658033133
0.68000000715255737300 -0.00122162699699401856
0.68999999761581420900 -0.00062203098786994815
0.69999998807907104500 -0.00003944693889934570
0.70999997854232788100 0.00057138327974826098
0.72000002861022949200 0.00126905599609017372
0.73000001907348632800 0.00198943307623267174
0.74000000953674316400 0.00272289291024208069
0.75000000000000000000 0.00348217692226171494
0.75999999046325683600 0.00428348593413829804
0.76999998092651367200 0.00507904216647148132
0.77999997138977050800 0.00589287187904119492
0.79000002145767211900 0.00671954499557614327
0.80000001192092895500 0.00757125206291675568
0.81000000238418579100 0.00840555969625711441
0.81999999284744262700 0.00926247518509626389
0.82999998331069946300 0.01013989001512527470
0.83999997377395629900 0.01048348005861043930
0.85000002384185791000 0.01133364997804164890
0.86000001430511474600 0.01219005975872278210
0.87000000476837158200 0.01305968966335058210
0.87999999523162841800 0.01400533039122819900
0.88999998569488525400 0.01481384970247745510
0.89999997615814209000 0.01570029929280281070
0.91000002622604370100 0.01659674942493438720
0.92000001668930053700 0.01751003973186016080
0.93000000715255737300 0.01843144930899143220
0.93999999761581420900 0.01936551928520202640
0.94999998807907104500 0.02028753049671649930
0.95999997854232788100 0.02119865082204341890
0.97000002861022949200 0.02214347943663597110
0.98000001907348632800 0.02308816090226173400
0.99000000953674316400 0.02400895021855831150
1.00000000000000000000 0.02496461011469364170
