-1.00000000000000000000 -0.00611007912084460259
-0.99000000953674316400 -0.00610522087663412094
-0.98000001907348632800 -0.00610528793185949326
-0.97000002861022949200 -0.00609795888885855675
-0.95999997854232788100 -0.00609497912228107453
-0.94999998807907104500 -0.00608319602906703949
-0.93999999761581420900 -0.00609343592077493668
-0.93000000715255737300 -0.00611244793981313706
-0.92000001668930053700 -0.00610635522753000260
-0.91000002622604370100 -0.00611376995220780373
-0.89999997615814209000 -0.00611487915739417076
-0.88999998569488525400 -0.00607922393828630448
-0.87999999523162841800 -0.00609464291483163834
-0.87000000476837158200 -0.00609300006181001663
-0.86000001430511474600 -0.00606406107544898987
-0.85000002384185791000 -0.00607743114233016968
-0.83999997377395629900 -0.00609401613473892212
-0.82999998331069946300 -0.00609358819201588631
-0.81999999284744262700 -0.00610823696479201317
-0.81000000238418579100 -0.00611642515286803246
-0.80000001192092895500 -0.00607971521094441414
-0.79000002145767211900 -0.00609889114275574684
-0.77999997138977050800 -0.00610054004937410355
-0.76999998092651367200 -0.00606695609167218208
-0.75999999046325683600 -0.00607748189941048622
-0.75000000000000000000 -0.00608926778659224510
-0.74000000953674316400 -0.00609239796176552773
-0.73000001907348632800 -0.00610905420035123825
-0.72000002861022949200 -0.00612007686868309975
-0.70999997854232788100 -0.00609384616836905480
-0.69999998807907104500 -0.00608178600668907166
-0.68999999761581420900 -0.00609429087489843369
-0.68000000715255737300 -0.00607870705425739288
-0.67000001668930053700 -0.00606683222576975823
-0.66000002622604370100 -0.00606853188946843148
-0.64999997615814209000 -0.00607299292460083962
-0.63999998569488525400 -0.00608701398596167565
-0.62999999523162841800 -0.00609373999759554863
-0.62000000476837158200 -0.00608714204281568527
-0.61000001430511474600 -0.00608111312612891197
-0.60000002384185791000 -0.00607387581840157509
-0.58999997377395629900 -0.00606663385406136513
-0.57999998331069946300 -0.00606544781476259232
-0.56999999284744262700 -0.00605273479595780373
-0.56000000238418579100 -0.00606238888576626778
-0.55000001192092895500 -0.00609140284359455109
-0.54000002145767211900 -0.00608708523213863373
-0.52999997138977050800 -0.00610006088390946388
-0.51999998092651367200 -0.00610711518675088883
-0.50999999046325683600 -0.00607023015618324280
-0.50000000000000000000 -0.00608863215893507004
-0.49000000953674316400 -0.00609516305848956108
-0.47999998927116394000 -0.00605396786704659462
-0.46999999880790710400 -0.00606773886829614640
-0.46000000834465026800 -0.00609198212623596192
-0.44999998807907104500 -0.00608542095869779587
-0.43999999761581420900 -0.00610180199146270752
-0.43000000715255737300 -0.00611276086419820786
-0.41999998688697814900 -0.00607494916766881943
-0.40999999642372131300 -0.00607819808647036553
-0.40000000596046447700 -0.00608954299241304398
-0.38999998569488525400 -0.00605667196214199066
-0.37999999523162841800 -0.00605883914977312088
-0.37000000476837158200 -0.00607357686385512352
-0.36000001430511474600 -0.00607294403016567230
-0.34999999403953552200 -0.00609014695510268212
-0.34000000357627868600 -0.00610521202906966210
-0.33000001311302185100 -0.00607684813439846039
-0.31999999284744262700 -0.00606353301554918289
-0.31000000238418579100 -0.00607260176911950112
-0.30000001192092895500 -0.00605614390224218369
-0.28999999165534973100 -0.00604830402880907059
-0.28000000119209289500 -0.00605142302811145783
-0.27000001072883606000 -0.00605540303513407707
-0.25999999046325683600 -0.00607204297557473183
-0.25000000000000000000 -0.00607999879866838455
-0.23999999463558197000 -0.00607673311606049538
-0.23000000417232513400 -0.00607442809268832207
-0.21999999880790710400 -0.00606069387868046761
-0.20999999344348907500 -0.00606013089418411255
-0.20000000298023223900 -0.00605444982647895813
-0.18999999761581420900 -0.00604753615334630013
-0.18000000715255737300 -0.00605048099532723427
-0.17000000178813934300 -0.00607543205842375756
-0.15999999642372131300 -0.00607694406062364578
-0.15000000596046447800 -0.00608382700011134148
-0.14000000059604644800 -0.00608851620927453041
-0.12999999523162841800 -0.00604871800169348717
-0.11999999731779098500 -0.00606274092569947243
-0.10999999940395355200 -0.00606645690277218819
-0.10000000149011611900 -0.00602655904367566109
-0.09000000357627868650 -0.00603246083483099938
-0.07999999821186065670 -0.00605196505784988404
-0.07000000029802322390 -0.00604334287345409394
-0.05999999865889549260 -0.00605448102578520775
-0.05000000074505805970 -0.00606749299913644791
-0.03999999910593032840 -0.00603237980976700783
-0.02999999932944774630 -0.00603305408731102944
-0.01999999955296516420 -0.00604506395757198334
-0.00999999977648258210 -0.00601368583738803864
0.00000000000000000000 -0.00602175202220678330
0.00999999977648258210 -0.00603643013164401055
0.01999999955296516420 -0.00603070622310042382
0.02999999932944774630 -0.00605140114203095436
0.03999999910593032840 -0.00607400899752974510
0.05000000074505805970 -0.00605426402762532234
0.05999999865889549260 -0.00604871893301606178
0.07000000029802322390 -0.00605892809107899666
0.07999999821186065670 -0.00604255218058824539
0.09000000357627868650 -0.00602972786873579025
0.10000000149011611900 -0.00603865785524249077
0.10999999940395355200 -0.00603226618841290474
0.11999999731779098500 -0.00605012103915214539
0.12999999523162841800 -0.00606534909456968308
0.14000000059604644800 -0.00605886382982134819
0.15000000596046447800 -0.00605270080268383026
0.15999999642372131300 -0.00603503221645951271
0.17000000178813934300 -0.00603919615969061852
0.18000000715255737300 -0.00603430299088358879
0.18999999761581420900 -0.00602066284045577049
0.20000000298023223900 -0.00600941106677055359
0.20999999344348907500 -0.00602472899481654167
0.21999999880790710400 -0.00603651814162731171
0.23000000417232513400 -0.00602684309706091881
0.23999999463558197000 -0.00603744899854063988
0.25000000000000000000 -0.00601283414289355278
0.25999999046325683600 -0.00600282521918416023
0.27000001072883606000 -0.00601046299561858177
0.28000000119209289500 -0.00599405495449900627
0.28999999165534973100 -0.00596953323110938072
0.30000001192092895500 -0.00599263701587915421
0.31000000238418579100 -0.00599075108766555786
0.31999999284744262700 -0.00599332712590694428
0.33000001311302185100 -0.00601569004356861115
0.34000000357627868600 -0.00598835712298750878
0.34999999403953552200 -0.00595898414030671120
0.36000001430511474600 -0.00597940292209386826
0.37000000476837158200 -0.00595738692209124565
0.37999999523162841800 -0.00592660903930664063
0.38999998569488525400 -0.00593487918376922608
0.40000000596046447700 -0.00592564698308706284
0.40999999642372131300 -0.00592317711561918259
0.41999998688697814900 -0.00593638280406594277
0.43000000715255737300 -0.00591572513803839684
0.43999999761581420900 -0.00588646577671170235
0.44999998807907104500 -0.00586421787738800049
0.46000000834465026800 -0.00584064098075032234
0.46999999880790710400 -0.00581308221444487572
0.47999998927116394000 -0.00578198488801717758
0.49000000953674316400 -0.00573933590203523636
0.50000000000000000000 -0.00571174407377839089
0.50999999046325683600 -0.00569049408659338951
0.51999998092651367200 -0.00562061322852969170
0.52999997138977050800 -0.00555431190878152847
0.54000002145767211900 -0.00546473916620016098
0.55000001192092895500 -0.00534535897895693779
0.56000000238418579100 -0.00522208819165825844
0.56999999284744262700 -0.00505839800462126732
0.57999998331069946300 -0.00485544884577393532
0.58999997377395629900 -0.00464446796104311943
0.60000002384185791000 -0.00440158601850271225
0.61000001430511474600 -0.00409550499171018601
0.62000000476837158200 -0.00376903195865452290
0.62999999523162841800 -0.00339271500706672669
0.63999998569488525400 -0.00296529196202754974
0.64999997615814209000 -0.00253574200905859470
0.66000002622604370100 -0.00206770002841949463
0.67000001668930053700 -0.00155598600395023823
0.68000000715255737300 -0.00104361900594085455
0.68999999761581420900 -0.00050047738477587700
0.69999998807907104500 0.00001558022086101118
0.70999997854232788100 0.00056389439851045609
0.72000002861022949200 0.00117146898992359638
0.73000001907348632800 0.00177844299469143152
0.74000000953674316400 0.00239323009736835957
0.75000000000000000000 0.00302018108777701855
0.75999999046325683600 0.00365331000648438931
0.76999998092651367200 0.00429299706593155861
0.77999997138977050800 0.00494409305974841118
0.79000002145767211900 0.00559592014178633690
0.80000001192092895500 0.00625880807638168335
0.81000000238418579100 0.00693726912140846253
0.81999999284744262700 0.00760983722284436226
0.82999998331069946300 0.00829760916531085968
0.83999997377395629900 0.00899328012019395829
0.85000002384185791000 0.00967520568519830704
0.86000001430511474600 0.01038904022425413130
0.87000000476837158200 0.01060223020613193510
0.87999999523162841800 0.01126687973737716670
0.88999998569488525400 0.01194558013230562210
0.89999997615814209000 0.01266799028962850570
0.91000002622604370100 0.01336153037846088410
0.92000001668930053700 0.01406437996774911880
0.93000000715255737300 0.01480069011449813840
0.93999999761581420900 0.01551876962184906010
0.94999998807907104500 0.01625517010688781740
0.95999997854232788100 0.01702277921140193940
0.97000002861022949200 0.01774819009006023410
0.98000001907348632800 0.01849124953150749210
0.99000000953674316400 0.01927696913480758670
1.00000000000000000000 0.02002172917127609250
