-1.00000000000000000000 -0.00598527211695909500
-0.99000000953674316400 -0.00595951220020651818
-0.98000001907348632800 -0.00596403190866112709
-0.97000002861022949200 -0.00597378797829151154
-0.95999997854232788100 -0.00597827415913343430
-0.94999998807907104500 -0.00599281117320060730
-0.93999999761581420900 -0.00599227007478475571
-0.93000000715255737300 -0.00597918685525655747
-0.92000001668930053700 -0.00596731901168823242
-0.91000002622604370100 -0.00598302204161882401
-0.89999997615814209000 -0.00597566505894064903
-0.88999998569488525400 -0.00595984701067209244
-0.87999999523162841800 -0.00596680305898189545
-0.87000000476837158200 -0.00597848184406757355
-0.86000001430511474600 -0.00599220581352710724
-0.85000002384185791000 -0.00599444378167390824
-0.83999997377395629900 -0.00600212020799517632
-0.82999998331069946300 -0.00598113005980849266
-0.81999999284744262700 -0.00597844598814845085
-0.81000000238418579100 -0.00598860112950205803
-0.80000001192092895500 -0.00596936000511050224
-0.79000002145767211900 -0.00596352899447083473
-0.77999997138977050800 -0.00597174093127250672
-0.76999998092651367200 -0.00597746390849351883
-0.75999999046325683600 -0.00597879989072680474
-0.75000000000000000000 -0.00599246378988027573
-0.74000000953674316400 -0.00597279099747538567
-0.73000001907348632800 -0.00594755820930004120
-0.72000002861022949200 -0.00596107495948672295
-0.70999997854232788100 -0.00595095986500382424
-0.69999998807907104500 -0.00592752313241362572
-0.68999999761581420900 -0.00592970801517367363
-0.68000000715255737300 -0.00594106316566467285
-0.67000001668930053700 -0.00594815099611878395
-0.66000002622604370100 -0.00596372317522764206
-0.64999997615814209000 -0.00596814183518290520
-0.63999998569488525400 -0.00595594104379415512
-0.62999999523162841800 -0.00594728998839855194
-0.62000000476837158200 -0.00595745397731661797
-0.61000001430511474600 -0.00594629580155014992
-0.60000002384185791000 -0.00594463478773832321
-0.58999997377395629900 -0.00595238618552684784
-0.57999998331069946300 -0.00596234621480107308
-0.56999999284744262700 -0.00598029885441064835
-0.56000000238418579100 -0.00598834315314888954
-0.55000001192092895500 -0.00598501786589622498
-0.54000002145767211900 -0.00596905592828989029
-0.52999997138977050800 -0.00596830714493989945
-0.51999998092651367200 -0.00597055209800601006
-0.50999999046325683600 -0.00595452217385172844
-0.50000000000000000000 -0.00594662595540285111
-0.49000000953674316400 -0.00595958903431892395
-0.47999998927116394000 -0.00597095908597111702
-0.46999999880790710400 -0.00596966315060853958
-0.46000000834465026800 -0.00598222715780138970
-0.44999998807907104500 -0.00596109079197049141
-0.43999999761581420900 -0.00594250392168760300
-0.43000000715255737300 -0.00595903303474187851
-0.41999998688697814900 -0.00594961782917380333
-0.40999999642372131300 -0.00592706305906176567
-0.40000000596046447700 -0.00593841681256890297
-0.38999998569488525400 -0.00595087092369794846
-0.37999999523162841800 -0.00595579622313380242
-0.37000000476837158200 -0.00597197096794843674
-0.36000001430511474600 -0.00597414700314402580
-0.34999999403953552200 -0.00596060883253812790
-0.34000000357627868600 -0.00595443323254585266
-0.33000001311302185100 -0.00596345914527773857
-0.31999999284744262700 -0.00594802387058734894
-0.31000000238418579100 -0.00594003219157457352
-0.30000001192092895500 -0.00594908092170953751
-0.28999999165534973100 -0.00595518713817000389
-0.28000000119209289500 -0.00596779212355613709
-0.27000001072883606000 -0.00597521616145968437
-0.25999999046325683600 -0.00596544612199068070
-0.25000000000000000000 -0.00594425806775689125
-0.23999999463558197000 -0.00594761921092867851
-0.23000000417232513400 -0.00594111019745469094
-0.21999999880790710400 -0.00592078501358628273
-0.20999999344348907500 -0.00591753190383315087
-0.20000000298023223900 -0.00592094007879495621
-0.18999999761581420900 -0.00592883815988898278
-0.18000000715255737300 -0.00593075016513466835
-0.17000000178813934300 -0.00593679398298263550
-0.15999999642372131300 -0.00592131121084094048
-0.15000000596046447800 -0.00590282818302512169
-0.14000000059604644800 -0.00591843901202082634
-0.12999999523162841800 -0.00591332186013460160
-0.11999999731779098500 -0.00589738087728619576
-0.10999999940395355200 -0.00590786896646022797
-0.10000000149011611900 -0.00591915892437100411
-0.09000000357627868650 -0.00592760089784860611
-0.07999999821186065670 -0.00594249507412314415
-0.07000000029802322390 -0.00594267388805747032
-0.05999999865889549260 -0.00592425605282187462
-0.05000000074505805970 -0.00592786399647593498
-0.03999999910593032840 -0.00593464914709329605
-0.02999999932944774630 -0.00591666810214519501
-0.01999999955296516420 -0.00591156398877501488
-0.00999999977648258210 -0.00592151889577507973
0.00000000000000000000 -0.00592926982790231705
0.00999999977648258210 -0.00593814486637711525
0.01999999955296516420 -0.00593909388408064842
0.02999999932944774630 -0.00594418589025735855
0.03999999910593032840 -0.00593080976977944374
0.05000000074505805970 -0.00591501407325267792
0.05999999865889549260 -0.00592109793797135353
0.07000000029802322390 -0.00591329205781221390
0.07999999821186065670 -0.00589569518342614174
0.09000000357627868650 -0.00589712196961045265
0.10000000149011611900 -0.00590978423133492470
0.10999999940395355200 -0.00591057399287819863
0.11999999731779098500 -0.00592209817841649056
0.12999999523162841800 -0.00591709092259407044
0.14000000059604644800 -0.00589761510491371155
0.15000000596046447800 -0.00589935109019279480
0.15999999642372131300 -0.00590226100757718086
0.17000000178813934300 -0.00588065711781382561
0.18000000715255737300 -0.00587496813386678696
0.18999999761581420900 -0.00588723085820674896
0.20000000298023223900 -0.00589117920026183129
0.20999999344348907500 -0.00589652499184012413
0.21999999880790710400 -0.00589502183720469475
0.23000000417232513400 -0.00588131789118051529
0.23999999463558197000 -0.00586216198280453682
0.25000000000000000000 -0.00587260816246271134
0.25999999046325683600 -0.00585865415632724762
0.27000001072883606000 -0.00583356479182839394
0.28000000119209289500 -0.00583156291395425797
0.28999999165534973100 -0.00582918804138898850
0.30000001192092895500 -0.00583391916006803513
0.31000000238418579100 -0.00582611514255404473
0.31999999284744262700 -0.00581346778199076653
0.33000001311302185100 -0.00578580191358923912
0.34000000357627868600 -0.00576368393376469612
0.34999999403953552200 -0.00575285777449607849
0.36000001430511474600 -0.00573360500857234001
0.37000000476837158200 -0.00571008119732141495
0.37999999523162841800 -0.00569669902324676514
0.38999998569488525400 -0.00569763686507940293
0.40000000596046447700 -0.00568863004446029663
0.40999999642372131300 -0.00567948399111628533
0.41999998688697814900 -0.00565431313589215279
0.43000000715255737300 -0.00561382807791233063
0.43999999761581420900 -0.00559555785730481148
0.44999998807907104500 -0.00557731185108423233
0.46000000834465026800 -0.00553042721003293991
0.46999999880790710400 -0.00549477804452180863
0.47999998927116394000 -0.00547478208318352699
0.49000000953674316400 -0.00544451503083109856
0.50000000000000000000 -0.00540274986997246742
0.50999999046325683600 -0.00536113092675805092
0.51999998092651367200 -0.00529483100399374962
0.52999997138977050800 -0.00521008204668760300
0.54000002145767211900 -0.00514773512259125710
0.55000001192092895500 -0.00505294976755976677
0.56000000238418579100 -0.00492877513170242310
0.56999999284744262700 -0.00481082592159509659
0.57999998331069946300 -0.00466268276795744896
0.58999997377395629900 -0.00448914710432291031
0.60000002384185791000 -0.00428606616333127022
0.61000001430511474600 -0.00403565121814608574
0.62000000476837158200 -0.00373257696628570557
0.62999999523162841800 -0.00340338307432830334
0.63999998569488525400 -0.00302547798492014408
0.64999997615814209000 -0.00259687495417892933
0.66000002622604370100 -0.00213207304477691650
0.67000001668930053700 -0.00162679096683859825
0.68000000715255737300 -0.00108826905488967896
0.68999999761581420900 -0.00049281161045655608
0.69999998807907104500 0.00007509871647926047
0.70999997854232788100 0.00068432709667831659
0.72000002861022949200 0.00138025498017668724
0.73000001907348632800 0.00209325808100402355
0.74000000953674316400 0.00282414793036878109
0.75000000000000000000 0.00357520300894975662
0.75999999046325683600 0.00434302305802702904
0.76999998092651367200 0.00512387184426188469
0.77999997138977050800 0.00592131493613123894
0.79000002145767211900 0.00673149200156331063
0.80000001192092895500 0.00755272619426250458
0.81000000238418579100 0.00838818028569221497
0.81999999284744262700 0.00923329219222068787
0.82999998331069946300 0.01008328981697559360
0.83999997377395629900 0.01039898023009300230
0.85000002384185791000 0.01123332977294921880
0.86000001430511474600 0.01207649987190961840
0.87000000476837158200 0.01291893981397151950
0.87999999523162841800 0.01376749016344547270
0.88999998569488525400 0.01463455986231565480
0.89999997615814209000 0.01550178974866867070
0.91000002622604370100 0.01636680960655212400
0.92000001668930053700 0.01725254952907562260
0.93000000715255737300 0.01814216002821922300
0.93999999761581420900 0.01904807984828948970
0.94999998807907104500 0.01996254920959472660
0.95999997854232788100 0.02088206075131893160
0.97000002861022949200 0.02179340086877346040
0.98000001907348632800 0.02270869910717010500
0.99000000953674316400 0.02365922927856445310
1.00000000000000000000 0.02458810992538928990
