-1.00000000000000000000 -0.00648974301293492317
-0.99000000953674316400 -0.00647675013169646263
-0.98000001907348632800 -0.00646619405597448349
-0.97000002861022949200 -0.00646487111225724220
-0.95999997854232788100 -0.00645811017602682114
-0.94999998807907104500 -0.00644630799070000649
-0.93999999761581420900 -0.00644063577055931092
-0.93000000715255737300 -0.00644939299672842026
-0.92000001668930053700 -0.00646926509216427803
-0.91000002622604370100 -0.00646836683154106140
-0.89999997615814209000 -0.00647969404235482216
-0.88999998569488525400 -0.00647749984636902809
-0.87999999523162841800 -0.00645390385761857033
-0.87000000476837158200 -0.00647078081965446472
-0.86000001430511474600 -0.00646741315722465515
-0.85000002384185791000 -0.00644616922363638878
-0.83999997377395629900 -0.00645921984687447548
-0.82999998331069946300 -0.00647804187610745430
-0.81999999284744262700 -0.00647566607221961022
-0.81000000238418579100 -0.00648884894326329232
-0.80000001192092895500 -0.00649318704381585121
-0.79000002145767211900 -0.00646245712414383888
-0.77999997138977050800 -0.00647114496678113938
-0.76999998092651367200 -0.00647269608452916146
-0.75999999046325683600 -0.00644153915345668793
-0.75000000000000000000 -0.00644254218786954880
-0.74000000953674316400 -0.00644992617890238762
-0.73000001907348632800 -0.00644681183621287346
-0.72000002861022949200 -0.00645946199074387551
-0.70999997854232788100 -0.00646417681127786637
-0.69999998807907104500 -0.00644048396497964859
-0.68999999761581420900 -0.00642139604315161705
-0.68000000715255737300 -0.00643253698945045471
-0.67000001668930053700 -0.00641380017623305321
-0.66000002622604370100 -0.00639912998303771019
-0.64999997615814209000 -0.00640617078170180321
-0.63999998569488525400 -0.00640595518052577973
-0.62999999523162841800 -0.00642971089109778404
-0.62000000476837158200 -0.00643535284325480461
-0.61000001430511474600 -0.00644052587449550629
-0.60000002384185791000 -0.00643634609878063202
-0.58999997377395629900 -0.00642008194699883461
-0.57999998331069946300 -0.00642517022788524628
-0.56999999284744262700 -0.00642555113881826401
-0.56000000238418579100 -0.00641230912879109383
-0.55000001192092895500 -0.00640708999708294869
-0.54000002145767211900 -0.00642839400097727776
-0.52999997138977050800 -0.00643387902528047562
-0.51999998092651367200 -0.00643242197111248970
-0.50999999046325683600 -0.00644354196265339852
-0.50000000000000000000 -0.00642753811553120613
-0.49000000953674316400 -0.00641437992453575134
-0.47999998927116394000 -0.00642433110624551773
-0.46999999880790710400 -0.00640627183020114899
-0.46000000834465026800 -0.00639210594817996025
-0.44999998807907104500 -0.00640536099672317505
-0.43999999761581420900 -0.00641084322705864906
-0.43000000715255737300 -0.00641730800271034241
-0.41999998688697814900 -0.00642757210880517960
-0.40999999642372131300 -0.00641671521589159966
-0.40000000596046447700 -0.00638903491199016571
-0.38999998569488525400 -0.00640244688838720322
-0.37999999523162841800 -0.00639145821332931519
-0.37000000476837158200 -0.00637119216844439507
-0.36000001430511474600 -0.00637581804767251015
-0.34999999403953552200 -0.00638520903885364533
-0.34000000357627868600 -0.00639987597241997719
-0.33000001311302185100 -0.00641215220093727112
-0.31999999284744262700 -0.00642270501703023911
-0.31000000238418579100 -0.00641013216227293015
-0.30000001192092895500 -0.00639585079625248909
-0.28999999165534973100 -0.00640070484951138497
-0.28000000119209289500 -0.00639522401615977288
-0.27000001072883606000 -0.00638160901144146919
-0.25999999046325683600 -0.00638197781518101692
-0.25000000000000000000 -0.00639275880530476570
-0.23999999463558197000 -0.00640639010816812515
-0.23000000417232513400 -0.00640828814357519150
-0.21999999880790710400 -0.00640716589987277985
-0.20999999344348907500 -0.00639968505129218102
-0.20000000298023223900 -0.00637544086202979088
-0.18999999761581420900 -0.00637627486139535904
-0.18000000715255737300 -0.00636788783594965935
-0.17000000178813934300 -0.00634179683402180672
-0.15999999642372131300 -0.00634322501718997956
-0.15000000596046447800 -0.00635503511875867844
-0.14000000059604644800 -0.00634976522997021675
-0.12999999523162841800 -0.00635310821235179901
-0.11999999731779098500 -0.00635346816852688790
-0.10999999940395355200 -0.00632242485880851746
-0.10000000149011611900 -0.00632595783099532128
-0.09000000357627868650 -0.00633401889353990555
-0.07999999821186065670 -0.00629848986864089966
-0.07000000029802322390 -0.00630232784897089005
-0.05999999865889549260 -0.00631853984668850899
-0.05000000074505805970 -0.00632033217698335648
-0.03999999910593032840 -0.00633248081430792809
-0.02999999932944774630 -0.00635132007300853729
-0.01999999955296516420 -0.00632641091942787171
-0.00999999977648258210 -0.00630393298342823982
0.00000000000000000000 -0.00632390286773443222
0.00999999977648258210 -0.00631088111549615860
0.01999999955296516420 -0.00628443388268351555
0.02999999932944774630 -0.00628199381753802300
0.03999999910593032840 -0.00628406181931495667
0.05000000074505805970 -0.00628647208213806153
0.05999999865889549260 -0.00629779091104865074
0.07000000029802322390 -0.00629693502560257912
0.07999999821186065670 -0.00628143921494483948
0.09000000357627868650 -0.00626566819846630097
0.10000000149011611900 -0.00625915685668587685
0.10999999940395355200 -0.00624698586761951447
0.11999999731779098500 -0.00622662715613842011
0.12999999523162841800 -0.00621542613953351975
0.14000000059604644800 -0.00621041515842080116
0.15000000596046447800 -0.00622225878760218620
0.15999999642372131300 -0.00620577996596693993
0.17000000178813934300 -0.00620068004354834557
0.18000000715255737300 -0.00618466688320040703
0.18999999761581420900 -0.00614574877545237541
0.20000000298023223900 -0.00614447006955742836
0.20999999344348907500 -0.00612859707325696945
0.21999999880790710400 -0.00609202496707439423
0.23000000417232513400 -0.00607998622581362724
0.23999999463558197000 -0.00607832102105021477
0.25000000000000000000 -0.00605814391747117043
0.25999999046325683600 -0.00604595616459846497
0.27000001072883606000 -0.00602900190278887749
0.28000000119209289500 -0.00598014611750841141
0.28999999165534973100 -0.00594692211598157883
0.30000001192092895500 -0.00592094520106911659
0.31000000238418579100 -0.00586057780310511589
0.31999999284744262700 -0.00581517210230231285
0.33000001311302185100 -0.00578305218368768692
0.34000000357627868600 -0.00572879519313573837
0.34999999403953552200 -0.00568347610533237457
0.36000001430511474600 -0.00562808290123939514
0.37000000476837158200 -0.00554254883900284767
0.37999999523162841800 -0.00544737419113516808
0.38999998569488525400 -0.00536679383367300034
0.40000000596046447700 -0.00525135919451713562
0.40999999642372131300 -0.00512993382290005684
0.41999998688697814900 -0.00501404423266649246
0.43000000715255737300 -0.00487457495182752609
0.43999999761581420900 -0.00473837880417704582
0.44999998807907104500 -0.00458457414060831070
0.46000000834465026800 -0.00440972996875643730
0.46999999880790710400 -0.00422480283305048943
0.47999998927116394000 -0.00402099313214421272
0.49000000953674316400 -0.00381173798814415932
0.50000000000000000000 -0.00359346810728311539
0.50999999046325683600 -0.00335767795331776142
0.51999998092651367200 -0.00311143789440393448
0.52999997138977050800 -0.00286872498691082001
0.54000002145767211900 -0.00261305598542094231
0.55000001192092895500 -0.00234388001263141632
0.56000000238418579100 -0.00207160599529743195
0.56999999284744262700 -0.00178698194213211536
0.57999998331069946300 -0.00149251194670796394
0.58999997377395629900 -0.00120166596025228500
0.60000002384185791000 -0.00086932437261566520
0.61000001430511474600 -0.00056768849026411772
0.62000000476837158200 -0.00027514860266819596
0.62999999523162841800 0.00001694989987299778
0.63999998569488525400 0.00031842291355133057
0.64999997615814209000 0.00062975729815661907
0.66000002622604370100 0.00093879172345623374
0.67000001668930053700 0.00131307600531727076
0.68000000715255737300 0.00164727796800434589
0.68999999761581420900 0.00198440998792648316
0.69999998807907104500 0.00232140999287366867
0.70999997854232788100 0.00266084796749055386
0.72000002861022949200 0.00300569809041917324
0.73000001907348632800 0.00335164810530841351
0.74000000953674316400 0.00370009499602019787
0.75000000000000000000 0.00405203085392713547
0.75999999046325683600 0.00440405495464801788
0.76999998092651367200 0.00475774612277746201
0.77999997138977050800 0.00511632114648818970
0.79000002145767211900 0.00547263119369745255
0.80000001192092895500 0.00583003507927060127
0.81000000238418579100 0.00619267206639051438
0.81999999284744262700 0.00655389390885829926
0.82999998331069946300 0.00691783521324396134
0.83999997377395629900 0.00728582497686147690
0.85000002384185791000 0.00765064777806401253
0.86000001430511474600 0.00802020356059074402
0.87000000476837158200 0.00839261058717966080
0.87999999523162841800 0.00876189209520816803
0.88999998569488525400 0.00913517922163009644
0.89999997615814209000 0.00951104331761598587
0.91000002622604370100 0.00988419074565172196
0.92000001668930053700 0.01026144996285438540
0.93000000715255737300 0.01013551000505685810
0.93999999761581420900 0.01049800962209701540
0.94999998807907104500 0.01085980981588363650
0.95999997854232788100 0.01122330967336893080
0.97000002861022949200 0.01158676017075777050
0.98000001907348632800 0.01195012032985687260
0.99000000953674316400 0.01231618970632553100
1.00000000000000000000 0.01268204022198915480
