-1.00000000000000000000 -0.00604607816785573960
-0.99000000953674316400 -0.00605682376772165299
-0.98000001907348632800 -0.00607263902202248574
-0.97000002861022949200 -0.00607591681182384491
-0.95999997854232788100 -0.00607642903923988342
-0.94999998807907104500 -0.00605725310742855072
-0.93999999761581420900 -0.00605134200304746628
-0.93000000715255737300 -0.00605067377910017967
-0.92000001668930053700 -0.00603354815393686295
-0.91000002622604370100 -0.00602090684697031975
-0.89999997615814209000 -0.00602607894688844681
-0.88999998569488525400 -0.00603461498394608498
-0.87999999523162841800 -0.00604031188413500786
-0.87000000476837158200 -0.00605335086584091187
-0.86000001430511474600 -0.00604037102311849594
-0.85000002384185791000 -0.00602205889299511910
-0.83999997377395629900 -0.00603613210842013359
-0.82999998331069946300 -0.00603029690682888031
-0.81999999284744262700 -0.00601819204166531563
-0.81000000238418579100 -0.00602769805118441582
-0.80000001192092895500 -0.00603707088157534600
-0.79000002145767211900 -0.00605337601155042648
-0.77999997138977050800 -0.00606628693640232086
-0.76999998092651367200 -0.00606495281681418419
-0.75999999046325683600 -0.00606078980490565300
-0.75000000000000000000 -0.00604721577838063240
-0.74000000953674316400 -0.00605267798528075218
-0.73000001907348632800 -0.00605323677882552147
-0.72000002861022949200 -0.00604035519063472748
-0.70999997854232788100 -0.00604286184534430504
-0.69999998807907104500 -0.00605286378413438797
-0.68999999761581420900 -0.00606420822441577912
-0.68000000715255737300 -0.00606912607327103615
-0.67000001668930053700 -0.00606838101521134377
-0.66000002622604370100 -0.00604681484401226044
-0.64999997615814209000 -0.00604529306292533875
-0.63999998569488525400 -0.00604355707764625550
-0.62999999523162841800 -0.00602463819086551666
-0.62000000476837158200 -0.00601723417639732361
-0.61000001430511474600 -0.00602333387359976769
-0.60000002384185791000 -0.00603717286139726639
-0.58999997377395629900 -0.00604403112083673477
-0.57999998331069946300 -0.00605769315734505654
-0.56999999284744262700 -0.00604492891579866410
-0.56000000238418579100 -0.00602857396006584168
-0.55000001192092895500 -0.00604025088250637055
-0.54000002145767211900 -0.00603512302041053772
-0.52999997138977050800 -0.00601566722616553307
-0.51999998092651367200 -0.00602064002305269242
-0.50999999046325683600 -0.00603493209928274155
-0.50000000000000000000 -0.00604261597618460655
-0.49000000953674316400 -0.00605533178895711899
-0.47999998927116394000 -0.00605595204979181290
-0.46999999880790710400 -0.00604880601167678833
-0.46000000834465026800 -0.00603379821404814720
-0.44999998807907104500 -0.00604135403409600258
-0.43999999761581420900 -0.00603216094896197319
-0.43000000715255737300 -0.00601944001391530037
-0.41999998688697814900 -0.00602760398760437966
-0.40999999642372131300 -0.00603380100801587105
-0.40000000596046447700 -0.00604528095573186875
-0.38999998569488525400 -0.00604602694511413574
-0.37999999523162841800 -0.00603917706757783890
-0.37000000476837158200 -0.00601211702451109886
-0.36000001430511474600 -0.00601700507104396820
-0.34999999403953552200 -0.00600924110040068627
-0.34000000357627868600 -0.00598992500454187393
-0.33000001311302185100 -0.00598623882979154587
-0.31999999284744262700 -0.00599145703017711640
-0.31000000238418579100 -0.00600342499092221260
-0.30000001192092895500 -0.00601307814940810204
-0.28999999165534973100 -0.00603015022352337837
-0.28000000119209289500 -0.00601647514849901200
-0.27000001072883606000 -0.00600329600274562836
-0.25999999046325683600 -0.00602146517485380173
-0.25000000000000000000 -0.00601363694295287132
-0.23999999463558197000 -0.00600092997774481774
-0.23000000417232513400 -0.00600835215300321579
-0.21999999880790710400 -0.00601627677679061890
-0.20999999344348907500 -0.00602762121707201004
-0.20000000298023223900 -0.00603889301419258118
-0.18999999761581420900 -0.00603703781962394715
-0.18000000715255737300 -0.00603012181818485260
-0.17000000178813934300 -0.00601596711203455925
-0.15999999642372131300 -0.00601825816556811333
-0.15000000596046447800 -0.00601498084142804146
-0.14000000059604644800 -0.00600330717861652374
-0.12999999523162841800 -0.00600272184237837792
-0.11999999731779098500 -0.00601979717612266541
-0.10999999940395355200 -0.00602593505755066872
-0.10000000149011611900 -0.00602689618244767189
-0.09000000357627868650 -0.00602700188755989075
-0.07999999821186065670 -0.00600799918174743653
-0.07000000029802322390 -0.00599920609965920448
-0.05999999865889549260 -0.00599996279925107956
-0.05000000074505805970 -0.00598291680216789246
-0.03999999910593032840 -0.00598048092797398567
-0.02999999932944774630 -0.00598445488139986992
-0.01999999955296516420 -0.00599435903131961823
-0.00999999977648258210 -0.00600421801209449768
0.00000000000000000000 -0.00601938599720597267
0.00999999977648258210 -0.00601622089743614197
0.01999999955296516420 -0.00600022496655583382
0.02999999932944774630 -0.00598797900602221489
0.03999999910593032840 -0.00599808199331164360
0.05000000074505805970 -0.00598412100225687027
0.05999999865889549260 -0.00597383920103311539
0.07000000029802322390 -0.00598470121622085572
0.07999999821186065670 -0.00599723123013973236
0.09000000357627868650 -0.00600486388429999352
0.10000000149011611900 -0.00601285789161920548
0.10999999940395355200 -0.00600684620440006256
0.11999999731779098500 -0.00598190398886799812
0.12999999523162841800 -0.00598852010443806648
0.14000000059604644800 -0.00598167581483721733
0.15000000596046447800 -0.00595443323254585266
0.15999999642372131300 -0.00595117500051856041
0.17000000178813934300 -0.00595273496583104134
0.18000000715255737300 -0.00595786888152360916
0.18999999761581420900 -0.00595489097759127617
0.20000000298023223900 -0.00596310803666710854
0.20999999344348907500 -0.00594606297090649605
0.21999999880790710400 -0.00591663923114538193
0.23000000417232513400 -0.00592492520809173584
0.23999999463558197000 -0.00592144206166267395
0.25000000000000000000 -0.00589510798454284668
0.25999999046325683600 -0.00589851802214980126
0.27000001072883606000 -0.00590816186740994454
0.28000000119209289500 -0.00590790901333093643
0.28999999165534973100 -0.00592240504920482636
0.30000001192092895500 -0.00592200597748160362
0.31000000238418579100 -0.00589880999177694321
0.31999999284744262700 -0.00588181288912892342
0.33000001311302185100 -0.00588545808568596840
0.34000000357627868600 -0.00586177501827478409
0.34999999403953552200 -0.00584795093163847923
0.36000001430511474600 -0.00584545498713850975
0.37000000476837158200 -0.00584076996892690659
0.37999999523162841800 -0.00584147498011589050
0.38999998569488525400 -0.00583477783948183060
0.40000000596046447700 -0.00581750785931944847
0.40999999642372131300 -0.00578232388943433762
0.41999998688697814900 -0.00576053420081734657
0.43000000715255737300 -0.00574096897616982460
0.43999999761581420900 -0.00570059008896350861
0.44999998807907104500 -0.00566975306719541550
0.46000000834465026800 -0.00564906606450676918
0.46999999880790710400 -0.00562657322734594345
0.47999998927116394000 -0.00559710990637540817
0.49000000953674316400 -0.00557125313207507134
0.50000000000000000000 -0.00551896216347813606
0.50999999046325683600 -0.00545609090477228165
0.51999998092651367200 -0.00541044212877750397
0.52999997138977050800 -0.00534594012424349785
0.54000002145767211900 -0.00525282416492700577
0.55000001192092895500 -0.00517048081383109093
0.56000000238418579100 -0.00507541000843048096
0.56999999284744262700 -0.00494969589635729790
0.57999998331069946300 -0.00480950577184557915
0.58999997377395629900 -0.00463281897827982903
0.60000002384185791000 -0.00440351013094186783
0.61000001430511474600 -0.00414442317560315132
0.62000000476837158200 -0.00386422197334468365
0.62999999523162841800 -0.00352354208007454872
0.63999998569488525400 -0.00314334803260862827
0.64999997615814209000 -0.00273503409698605538
0.66000002622604370100 -0.00228422996588051319
0.67000001668930053700 -0.00179535103961825371
0.68000000715255737300 -0.00127270701341331005
0.68999999761581420900 -0.00068887678207829595
0.69999998807907104500 -0.00013946919352747500
0.70999997854232788100 0.00042566849151626229
0.72000002861022949200 0.00110417394898831844
0.73000001907348632800 0.00176836200989782810
0.74000000953674316400 0.00244163605384528637
0.75000000000000000000 0.00313617801293730736
0.75999999046325683600 0.00384629191830754280
0.76999998092651367200 0.00456582894548773766
0.77999997138977050800 0.00529911695048213005
0.79000002145767211900 0.00604494614526629448
0.80000001192092895500 0.00679729506373405457
0.81000000238418579100 0.00755517277866601944
0.81999999284744262700 0.00833036191761493683
0.82999998331069946300 0.00911083165556192398
0.83999997377395629900 0.00990111287683248520
0.85000002384185791000 0.01017524022608995440
0.86000001430511474600 0.01093770004808902740
0.87000000476837158200 0.01171800959855318070
0.87999999523162841800 0.01250545028597116470
0.88999998569488525400 0.01330148987472057340
0.89999997615814209000 0.01411148998886346820
0.91000002622604370100 0.01490974985063076020
0.92000001668930053700 0.01571338064968585970
0.93000000715255737300 0.01653758063912391660
0.93999999761581420900 0.01736742071807384490
0.94999998807907104500 0.01818705908954143520
0.95999997854232788100 0.01901552081108093260
0.97000002861022949200 0.01986829936504364010
0.98000001907348632800 0.02072896063327789310
0.99000000953674316400 0.02158256061375141140
1.00000000000000000000 0.02245493978261947630
