-1.00000000000000000000 -0.00607857201248407364
-0.99000000953674316400 -0.00606957077980041504
-0.98000001907348632800 -0.00608230801299214363
-0.97000002861022949200 -0.00606787996366620064
-0.95999997854232788100 -0.00605791714042425156
-0.94999998807907104500 -0.00606642710044980049
-0.93999999761581420900 -0.00607947399839758873
-0.93000000715255737300 -0.00609058607369661331
-0.92000001668930053700 -0.00609938381239771843
-0.91000002622604370100 -0.00610443297773599625
-0.89999997615814209000 -0.00607802579179406166
-0.88999998569488525400 -0.00608496507629752159
-0.87999999523162841800 -0.00609261216595768929
-0.87000000476837158200 -0.00606439821422100067
-0.86000001430511474600 -0.00606549996882677078
-0.85000002384185791000 -0.00608002208173274994
-0.83999997377395629900 -0.00608630804345011711
-0.82999998331069946300 -0.00609159888699650765
-0.81999999284744262700 -0.00610562507063150406
-0.81000000238418579100 -0.00608735810965299606
-0.80000001192092895500 -0.00606701988726854325
-0.79000002145767211900 -0.00608125794678926468
-0.77999997138977050800 -0.00606736820191144943
-0.76999998092651367200 -0.00604324415326118469
-0.75999999046325683600 -0.00604835990816354752
-0.75000000000000000000 -0.00605456996709108353
-0.74000000953674316400 -0.00605591293424367905
-0.73000001907348632800 -0.00607008207589387894
-0.72000002861022949200 -0.00606688391417264939
-0.70999997854232788100 -0.00605021091178059578
-0.69999998807907104500 -0.00604852987453341484
-0.68999999761581420900 -0.00605052988976240158
-0.68000000715255737300 -0.00604385277256369591
-0.67000001668930053700 -0.00603972701355814934
-0.66000002622604370100 -0.00604526000097393990
-0.64999997615814209000 -0.00606015417724847794
-0.63999998569488525400 -0.00607507722452282906
-0.62999999523162841800 -0.00608187308534979820
-0.62000000476837158200 -0.00608229078352451325
-0.61000001430511474600 -0.00605883589014410973
-0.60000002384185791000 -0.00606670277193188668
-0.58999997377395629900 -0.00607255706563591957
-0.57999998331069946300 -0.00605507194995880127
-0.56999999284744262700 -0.00605304120108485222
-0.56000000238418579100 -0.00606541521847248078
-0.55000001192092895500 -0.00608194386586546898
-0.54000002145767211900 -0.00608056411147117615
-0.52999997138977050800 -0.00609247107058763504
-0.51999998092651367200 -0.00608189404010772705
-0.50999999046325683600 -0.00605972995981574059
-0.50000000000000000000 -0.00607450492680072785
-0.49000000953674316400 -0.00606429576873779297
-0.47999998927116394000 -0.00603764317929744721
-0.46999999880790710400 -0.00604214193299412728
-0.46000000834465026800 -0.00605353619903326035
-0.44999998807907104500 -0.00605464307591319084
-0.43999999761581420900 -0.00607355218380689621
-0.43000000715255737300 -0.00607329001650214195
-0.41999998688697814900 -0.00605463515967130661
-0.40999999642372131300 -0.00605116877704858780
-0.40000000596046447700 -0.00606017885729670525
-0.38999998569488525400 -0.00605053780600428581
-0.37999999523162841800 -0.00603633699938654900
-0.37000000476837158200 -0.00604359386488795281
-0.36000001430511474600 -0.00605973508208990097
-0.34999999403953552200 -0.00606855796650052071
-0.34000000357627868600 -0.00608047377318143845
-0.33000001311302185100 -0.00607787305489182472
-0.31999999284744262700 -0.00604836409911513329
-0.31000000238418579100 -0.00605861004441976547
-0.30000001192092895500 -0.00606181006878614426
-0.28999999165534973100 -0.00603522080928087235
-0.28000000119209289500 -0.00603563897311687470
-0.27000001072883606000 -0.00604361994192004204
-0.25999999046325683600 -0.00604794919490814209
-0.25000000000000000000 -0.00605231011286377907
-0.23999999463558197000 -0.00606086198240518570
-0.23000000417232513400 -0.00604039477184414864
-0.21999999880790710400 -0.00601700507104396820
-0.20999999344348907500 -0.00603132322430610657
-0.20000000298023223900 -0.00601891381666064263
-0.18999999761581420900 -0.00599008379504084587
-0.18000000715255737300 -0.00600427482277154923
-0.17000000178813934300 -0.00601316709071397782
-0.15999999642372131300 -0.00601459015160799027
-0.15000000596046447800 -0.00603442685678601265
-0.14000000059604644800 -0.00603484595194458962
-0.12999999523162841800 -0.00601750100031495094
-0.11999999731779098500 -0.00601630099117755890
-0.10999999940395355200 -0.00602746289223432541
-0.10000000149011611900 -0.00601557688787579537
-0.09000000357627868650 -0.00600993912667036057
-0.07999999821186065670 -0.00601619994267821312
-0.07000000029802322390 -0.00602847198024392128
-0.05999999865889549260 -0.00604384392499923706
-0.05000000074505805970 -0.00604932615533471108
-0.03999999910593032840 -0.00604547606781125069
-0.02999999932944774630 -0.00602313783019781113
-0.01999999955296516420 -0.00603091577067971230
-0.00999999977648258210 -0.00603249995037913323
0.00000000000000000000 -0.00600808300077915192
0.00999999977648258210 -0.00600562710314989090
0.01999999955296516420 -0.00600368203595280648
0.02999999932944774630 -0.00601867213845252991
0.03999999910593032840 -0.00601849984377622605
0.05000000074505805970 -0.00602874206379055977
0.05999999865889549260 -0.00602481095120310784
0.07000000029802322390 -0.00600230088457465172
0.07999999821186065670 -0.00600069900974631310
0.09000000357627868650 -0.00600776216015219689
0.10000000149011611900 -0.00598659412935376168
0.10999999940395355200 -0.00598286604508757591
0.11999999731779098500 -0.00598758412525057793
0.12999999523162841800 -0.00599520606920123100
0.14000000059604644800 -0.00601153494790196419
0.15000000596046447800 -0.00601915176957845688
0.15999999642372131300 -0.00600779894739389420
0.17000000178813934300 -0.00598832918331027031
0.18000000715255737300 -0.00599538814276456833
0.18999999761581420900 -0.00598847912624478340
0.20000000298023223900 -0.00597231322899460793
0.20999999344348907500 -0.00597458379343152046
0.21999999880790710400 -0.00597770186141133309
0.23000000417232513400 -0.00598803302273154259
0.23999999463558197000 -0.00598495919257402420
0.25000000000000000000 -0.00598917389288544655
0.25999999046325683600 -0.00596757279708981514
0.27000001072883606000 -0.00594166992232203484
0.28000000119209289500 -0.00594322802498936653
0.28999999165534973100 -0.00593094481155276299
0.30000001192092895500 -0.00589954992756247521
0.31000000238418579100 -0.00589147582650184632
0.31999999284744262700 -0.00589615385979413986
0.33000001311302185100 -0.00589075498282909394
0.34000000357627868600 -0.00588902318850159645
0.34999999403953552200 -0.00587887689471244812
0.36000001430511474600 -0.00584877515211701393
0.37000000476837158200 -0.00583597784861922264
0.37999999523162841800 -0.00583510985597968102
0.38999998569488525400 -0.00580418994650244713
0.40000000596046447700 -0.00578349409624934197
0.40999999642372131300 -0.00578239606693387032
0.41999998688697814900 -0.00576991587877273560
0.43000000715255737300 -0.00576587906107306481
0.43999999761581420900 -0.00575406104326248169
0.44999998807907104500 -0.00571894319728016854
0.46000000834465026800 -0.00567875802516937256
0.46999999880790710400 -0.00565776089206337929
0.47999998927116394000 -0.00561900017783045769
0.49000000953674316400 -0.00557000888511538506
0.50000000000000000000 -0.00553124910220503807
0.50999999046325683600 -0.00548222614452242851
0.51999998092651367200 -0.00543880416080355644
0.52999997138977050800 -0.00537519901990890503
0.54000002145767211900 -0.00529591785743832588
0.55000001192092895500 -0.00519214291125535965
0.56000000238418579100 -0.00506076216697692871
0.56999999284744262700 -0.00492643984034657478
0.57999998331069946300 -0.00476029701530933380
0.58999997377395629900 -0.00454820087179541588
0.60000002384185791000 -0.00431570177897810936
0.61000001430511474600 -0.00406027678400278092
0.62000000476837158200 -0.00375430705025792122
0.62999999523162841800 -0.00340875494293868542
0.63999998569488525400 -0.00302288704551756382
0.64999997615814209000 -0.00258790189400315285
0.66000002622604370100 -0.00211687106639146805
0.67000001668930053700 -0.00162020896095782518
0.68000000715255737300 -0.00108171999454498291
0.68999999761581420900 -0.00051440688548609614
0.69999998807907104500 0.00001920736031024717
0.70999997854232788100 0.00059869297547265887
0.72000002861022949200 0.00126418098807334900
0.73000001907348632800 0.00192227901425212622
0.74000000953674316400 0.00259355898015201092
0.75000000000000000000 0.00328350509516894817
0.75999999046325683600 0.00398517120629549027
0.76999998092651367200 0.00469484180212020874
0.77999997138977050800 0.00542255584150552750
0.79000002145767211900 0.00614860095083713532
0.80000001192092895500 0.00688174506649374962
0.81000000238418579100 0.00763793895021080971
0.81999999284744262700 0.00839581899344921112
0.82999998331069946300 0.00917128007858991623
0.83999997377395629900 0.00995406322181224823
0.85000002384185791000 0.01021238975226879120
0.86000001430511474600 0.01094324979931116100
0.87000000476837158200 0.01172285992652177810
0.87999999523162841800 0.01249772030860185620
0.88999998569488525400 0.01328662037849426270
0.89999997615814209000 0.01406132988631725310
0.91000002622604370100 0.01484784018248319630
0.92000001668930053700 0.01565971039235591890
0.93000000715255737300 0.01641923002898693080
0.93999999761581420900 0.01721322908997535710
0.94999998807907104500 0.01806736923754215240
0.95999997854232788100 0.01884724944829940800
0.97000002861022949200 0.01973254047334194180
0.98000001907348632800 0.02050041034817695620
0.99000000953674316400 0.02143684960901737210
1.00000000000000000000 0.02228190004825592040
