-1.00000000000000000000 -0.00649466086179018021
-0.99000000953674316400 -0.00650267489254474640
-0.98000001907348632800 -0.00652462290599942208
-0.97000002861022949200 -0.00652001379057765007
-0.95999997854232788100 -0.00651191500946879387
-0.94999998807907104500 -0.00649735517799854279
-0.93999999761581420900 -0.00649966299533843994
-0.93000000715255737300 -0.00649149296805262566
-0.92000001668930053700 -0.00647646188735961914
-0.91000002622604370100 -0.00646999804303050041
-0.89999997615814209000 -0.00648003397509455681
-0.88999998569488525400 -0.00649988884106278420
-0.87999999523162841800 -0.00649610487744212151
-0.87000000476837158200 -0.00651238998398184776
-0.86000001430511474600 -0.00650401879101991654
-0.85000002384185791000 -0.00648071989417076111
-0.83999997377395629900 -0.00649919221177697182
-0.82999998331069946300 -0.00649842713028192520
-0.81999999284744262700 -0.00647479714825749398
-0.81000000238418579100 -0.00648693786934018135
-0.80000001192092895500 -0.00650365883484482765
-0.79000002145767211900 -0.00650247186422348023
-0.77999997138977050800 -0.00651923101395368576
-0.76999998092651367200 -0.00652285385876893997
-0.75999999046325683600 -0.00649690581485629082
-0.75000000000000000000 -0.00649704597890377045
-0.74000000953674316400 -0.00650609796866774559
-0.73000001907348632800 -0.00647198408842086792
-0.72000002861022949200 -0.00646790908649563790
-0.70999997854232788100 -0.00647747889161109924
-0.69999998807907104500 -0.00647087115794420242
-0.68999999761581420900 -0.00648208614438772202
-0.68000000715255737300 -0.00648854300379753113
-0.67000001668930053700 -0.00646532885730266571
-0.66000002622604370100 -0.00644304184243083000
-0.64999997615814209000 -0.00645226379856467247
-0.63999998569488525400 -0.00643566297367215157
-0.62999999523162841800 -0.00641919719055294991
-0.62000000476837158200 -0.00642378022894263268
-0.61000001430511474600 -0.00642497418448328972
-0.60000002384185791000 -0.00644553313031792641
-0.58999997377395629900 -0.00645573390647768974
-0.57999998331069946300 -0.00645907688885927200
-0.56999999284744262700 -0.00645209103822708130
-0.56000000238418579100 -0.00643672607839107514
-0.55000001192092895500 -0.00644475780427455902
-0.54000002145767211900 -0.00644702091813087464
-0.52999997138977050800 -0.00642753392457962036
-0.51999998092651367200 -0.00642744498327374458
-0.50999999046325683600 -0.00644783303141593933
-0.50000000000000000000 -0.00645679282024502754
-0.49000000953674316400 -0.00645778421312570572
-0.47999998927116394000 -0.00646404083818197251
-0.46999999880790710400 -0.00644894689321517945
-0.46000000834465026800 -0.00643423106521368027
-0.44999998807907104500 -0.00644781300798058510
-0.43999999761581420900 -0.00643139285966753960
-0.43000000715255737300 -0.00641605816781520844
-0.41999998688697814900 -0.00642586778849363327
-0.40999999642372131300 -0.00643065618351101876
-0.40000000596046447700 -0.00643760291859507561
-0.38999998569488525400 -0.00644824514165520668
-0.37999999523162841800 -0.00643840804696083069
-0.37000000476837158200 -0.00641682418063282967
-0.36000001430511474600 -0.00642155995592474938
-0.34999999403953552200 -0.00641482090577483177
-0.34000000357627868600 -0.00639383913949131966
-0.33000001311302185100 -0.00640029506757855416
-0.31999999284744262700 -0.00640180706977844238
-0.31000000238418579100 -0.00641542719677090645
-0.30000001192092895500 -0.00642807595431804657
-0.28999999165534973100 -0.00643923785537481308
-0.28000000119209289500 -0.00642544077709317208
-0.27000001072883606000 -0.00641401996836066246
-0.25999999046325683600 -0.00642075901851058006
-0.25000000000000000000 -0.00641486281529068947
-0.23999999463558197000 -0.00640337495133280754
-0.23000000417232513400 -0.00639783404767513275
-0.21999999880790710400 -0.00640875892713665962
-0.20999999344348907500 -0.00642067613080143929
-0.20000000298023223900 -0.00642122607678174973
-0.18999999761581420900 -0.00642528897151350975
-0.18000000715255737300 -0.00641856109723448754
-0.17000000178813934300 -0.00638832291588187218
-0.15999999642372131300 -0.00639766920357942581
-0.15000000596046447800 -0.00639106798917055130
-0.14000000059604644800 -0.00635723816230893135
-0.12999999523162841800 -0.00635946588590741158
-0.11999999731779098500 -0.00636838283389806748
-0.10999999940395355200 -0.00636471481993794441
-0.10000000149011611900 -0.00636610807850956917
-0.09000000357627868650 -0.00637156888842582703
-0.07999999821186065670 -0.00634065410122275353
-0.07000000029802322390 -0.00633457908406853676
-0.05999999865889549260 -0.00634399522095918656
-0.05000000074505805970 -0.00631640478968620300
-0.03999999910593032840 -0.00631207507103681565
-0.02999999932944774630 -0.00632447097450494766
-0.01999999955296516420 -0.00632320391014218331
-0.00999999977648258210 -0.00633662799373269081
0.00000000000000000000 -0.00635279901325702667
0.00999999977648258210 -0.00634097494184970856
0.01999999955296516420 -0.00632624607533216477
0.02999999932944774630 -0.00631430000066757202
0.03999999910593032840 -0.00631733704358339310
0.05000000074505805970 -0.00630046008154749870
0.05999999865889549260 -0.00628506997600197792
0.07000000029802322390 -0.00628429884091019631
0.07999999821186065670 -0.00628427788615226746
0.09000000357627868650 -0.00629483396187424660
0.10000000149011611900 -0.00628947094082832337
0.10999999940395355200 -0.00628575216978788376
0.11999999731779098500 -0.00626682909205555916
0.12999999523162841800 -0.00624615605920553208
0.14000000059604644800 -0.00623845402151346207
0.15000000596046447800 -0.00621836213394999504
0.15999999642372131300 -0.00619973894208669663
0.17000000178813934300 -0.00618699798360466957
0.18000000715255737300 -0.00619014492258429528
0.18999999761581420900 -0.00617621978744864464
0.20000000298023223900 -0.00617298809811472893
0.20999999344348907500 -0.00615703500807285309
0.21999999880790710400 -0.00611425703391432762
0.23000000417232513400 -0.00610476406291127205
0.23999999463558197000 -0.00608826801180839539
0.25000000000000000000 -0.00604208000004291535
0.25999999046325683600 -0.00601777713745832443
0.27000001072883606000 -0.00600958801805973053
0.28000000119209289500 -0.00598330702632665634
0.28999999165534973100 -0.00596213107928633690
0.30000001192092895500 -0.00593705987557768822
0.31000000238418579100 -0.00588145293295383454
0.31999999284744262700 -0.00582097517326474190
0.33000001311302185100 -0.00578749319538474083
0.34000000357627868600 -0.00571928406134247780
0.34999999403953552200 -0.00564223900437355042
0.36000001430511474600 -0.00558214122429490090
0.37000000476837158200 -0.00550397485494613648
0.37999999523162841800 -0.00542573910206556320
0.38999998569488525400 -0.00533670280128717423
0.40000000596046447700 -0.00522331101819872856
0.40999999642372131300 -0.00509748514741659165
0.41999998688697814900 -0.00496484804898500443
0.43000000715255737300 -0.00481791701167821884
0.43999999761581420900 -0.00466238101944327355
0.44999998807907104500 -0.00449727103114128113
0.46000000834465026800 -0.00431609107181429863
0.46999999880790710400 -0.00413939217105507851
0.47999998927116394000 -0.00394773902371525765
0.49000000953674316400 -0.00373913394287228584
0.50000000000000000000 -0.00352677609771490097
0.50999999046325683600 -0.00329977204091846943
0.51999998092651367200 -0.00306004402227699757
0.52999997138977050800 -0.00282372790388762951
0.54000002145767211900 -0.00257387990131974220
0.55000001192092895500 -0.00231254496611654759
0.56000000238418579100 -0.00205722590908408165
0.56999999284744262700 -0.00179518701042979956
0.57999998331069946300 -0.00152084801811724901
0.58999997377395629900 -0.00124811695422977209
0.60000002384185791000 -0.00092085037613287568
0.61000001430511474600 -0.00064662989461794496
0.62000000476837158200 -0.00037190050352364779
0.62999999523162841800 -0.00009282474638894200
0.63999998569488525400 0.00018678730702959001
0.64999997615814209000 0.00047392080887220800
0.66000002622604370100 0.00076027010800316930
0.67000001668930053700 0.00110458803828805685
0.68000000715255737300 0.00141583697404712439
0.68999999761581420900 0.00172524503432214260
0.69999998807907104500 0.00203542597591876984
0.70999997854232788100 0.00235257507301867008
0.72000002861022949200 0.00266958703286945820
0.73000001907348632800 0.00298972497694194317
0.74000000953674316400 0.00331216701306402683
0.75000000000000000000 0.00363506306894123554
0.75999999046325683600 0.00396020291373133660
0.76999998092651367200 0.00428762100636959076
0.77999997138977050800 0.00461517879739403725
0.79000002145767211900 0.00494219316169619560
0.80000001192092895500 0.00527269579470157623
0.81000000238418579100 0.00560386618599295616
0.81999999284744262700 0.00593597488477826119
0.82999998331069946300 0.00627197185531258583
0.83999997377395629900 0.00660638883709907532
0.85000002384185791000 0.00694032106548547745
0.86000001430511474600 0.00728060817345976830
0.87000000476837158200 0.00761851202696561814
0.87999999523162841800 0.00795456301420927048
0.88999998569488525400 0.00829628668725490570
0.89999997615814209000 0.00863670464605093003
0.91000002622604370100 0.00897624995559453964
0.92000001668930053700 0.00932122766971588135
0.93000000715255737300 0.00966347102075815201
0.93999999761581420900 0.01000687014311552050
0.94999998807907104500 0.01035400014370679860
0.95999997854232788100 0.01019528973847627640
0.97000002861022949200 0.01052642986178398130
0.98000001907348632800 0.01085755042731761930
0.99000000953674316400 0.01118976995348930360
1.00000000000000000000 0.01152198016643524170
