-1.00000000000000000000 -0.00595607003197073937
-0.99000000953674316400 -0.00595070002600550652
-0.98000001907348632800 -0.00595813803374767304
-0.97000002861022949200 -0.00595784094184637070
-0.95999997854232788100 -0.00597602315247058869
-0.94999998807907104500 -0.00598979322239756584
-0.93999999761581420900 -0.00597512489184737206
-0.93000000715255737300 -0.00596732599660754204
-0.92000001668930053700 -0.00597466295585036278
-0.91000002622604370100 -0.00596278999000787735
-0.89999997615814209000 -0.00595325278118252754
-0.88999998569488525400 -0.00595227116718888283
-0.87999999523162841800 -0.00595359317958354950
-0.87000000476837158200 -0.00598165206611156464
-0.86000001430511474600 -0.00598022900521755219
-0.85000002384185791000 -0.00598174799233675003
-0.83999997377395629900 -0.00598403578624129296
-0.82999998331069946300 -0.00595671217888593674
-0.81999999284744262700 -0.00596694089472293854
-0.81000000238418579100 -0.00597674399614334107
-0.80000001192092895500 -0.00594153301790356636
-0.79000002145767211900 -0.00594739383086562157
-0.77999997138977050800 -0.00596961798146367073
-0.76999998092651367200 -0.00597069412469863892
-0.75999999046325683600 -0.00597452092915773392
-0.75000000000000000000 -0.00599634787067770958
-0.74000000953674316400 -0.00596986804157495499
-0.73000001907348632800 -0.00594930211082100868
-0.72000002861022949200 -0.00597419217228889466
-0.70999997854232788100 -0.00594223896041512490
-0.69999998807907104500 -0.00593791808933019638
-0.68999999761581420900 -0.00595450820401310921
-0.68000000715255737300 -0.00595004204660654068
-0.67000001668930053700 -0.00596197601407766342
-0.66000002622604370100 -0.00599064212292432785
-0.64999997615814209000 -0.00596031919121742249
-0.63999998569488525400 -0.00594620220363140106
-0.62999999523162841800 -0.00596647011116147042
-0.62000000476837158200 -0.00594928907230496407
-0.61000001430511474600 -0.00593393715098500252
-0.60000002384185791000 -0.00594275491312146187
-0.58999997377395629900 -0.00593996001407504082
-0.57999998331069946300 -0.00595802720636129379
-0.56999999284744262700 -0.00597196398302912712
-0.56000000238418579100 -0.00596436997875571251
-0.55000001192092895500 -0.00596327707171440125
-0.54000002145767211900 -0.00594859290868043900
-0.52999997138977050800 -0.00594917405396699906
-0.51999998092651367200 -0.00594924995675683022
-0.50999999046325683600 -0.00593607081100344658
-0.50000000000000000000 -0.00593183515593409538
-0.49000000953674316400 -0.00595084717497229576
-0.47999998927116394000 -0.00596584985032677651
-0.46999999880790710400 -0.00595768913626670838
-0.46000000834465026800 -0.00597536377608776093
-0.44999998807907104500 -0.00596014503389596939
-0.43999999761581420900 -0.00594221521168947220
-0.43000000715255737300 -0.00595900602638721466
-0.41999998688697814900 -0.00594684807583689690
-0.40999999642372131300 -0.00592462997883558274
-0.40000000596046447700 -0.00595143577083945275
-0.38999998569488525400 -0.00595148792490363121
-0.37999999523162841800 -0.00595332495868206024
-0.37000000476837158200 -0.00598300900310277939
-0.36000001430511474600 -0.00595971709117293358
-0.34999999403953552200 -0.00593314412981271744
-0.34000000357627868600 -0.00595851102843880654
-0.33000001311302185100 -0.00594168622046709061
-0.31999999284744262700 -0.00591611210256814957
-0.31000000238418579100 -0.00593150919303297997
-0.30000001192092895500 -0.00592814618721604347
-0.28999999165534973100 -0.00593737186864018440
-0.28000000119209289500 -0.00596440304070711136
-0.27000001072883606000 -0.00595160108059644699
-0.25999999046325683600 -0.00593795487657189369
-0.25000000000000000000 -0.00593562982976436615
-0.23999999463558197000 -0.00593197112902998924
-0.23000000417232513400 -0.00592432916164398194
-0.21999999880790710400 -0.00592221412807703018
-0.20999999344348907500 -0.00591536099091172218
-0.20000000298023223900 -0.00592696713283658028
-0.18999999761581420900 -0.00595174077898263931
-0.18000000715255737300 -0.00594222685322165489
-0.17000000178813934300 -0.00594676379114389420
-0.15999999642372131300 -0.00593458488583564758
-0.15000000596046447800 -0.00592786585912108422
-0.14000000059604644800 -0.00592866679653525353
-0.12999999523162841800 -0.00591230299323797226
-0.11999999731779098500 -0.00590188195928931236
-0.10999999940395355200 -0.00591706996783614159
-0.10000000149011611900 -0.00593295414000749588
-0.09000000357627868650 -0.00592625280842185021
-0.07999999821186065670 -0.00594925787299871445
-0.07000000029802322390 -0.00593614485114812851
-0.05999999865889549260 -0.00590780982747673989
-0.05000000074505805970 -0.00592631613835692406
-0.03999999910593032840 -0.00591972097754478455
-0.02999999932944774630 -0.00589220179244875908
-0.01999999955296516420 -0.00591030810028314591
-0.00999999977648258210 -0.00591445900499820709
0.00000000000000000000 -0.00591805903241038323
0.00999999977648258210 -0.00592908309772610665
0.01999999955296516420 -0.00593851180747151375
0.02999999932944774630 -0.00591468997299671173
0.03999999910593032840 -0.00590294878929853440
0.05000000074505805970 -0.00592125998809933663
0.05999999865889549260 -0.00590128405019640923
0.07000000029802322390 -0.00589088909327983856
0.07999999821186065670 -0.00589498598128557205
0.09000000357627868650 -0.00589449796825647354
0.10000000149011611900 -0.00591650092974305153
0.10999999940395355200 -0.00591795286163687706
0.11999999731779098500 -0.00591706298291683197
0.12999999523162841800 -0.00591254001483321190
0.14000000059604644800 -0.00589616922661662102
0.15000000596046447800 -0.00589064322412014008
0.15999999642372131300 -0.00589304510504007340
0.17000000178813934300 -0.00587984593585133553
0.18000000715255737300 -0.00587912695482373238
0.18999999761581420900 -0.00590695301070809364
0.20000000298023223900 -0.00589779019355773926
0.20999999344348907500 -0.00590678583830595017
0.21999999880790710400 -0.00591022288426756859
0.23000000417232513400 -0.00587152503430843353
0.23999999463558197000 -0.00588555494323372841
0.25000000000000000000 -0.00588910980150103569
0.25999999046325683600 -0.00584982801228761673
0.27000001072883606000 -0.00585401803255081177
0.28000000119209289500 -0.00587256811559200287
0.28999999165534973100 -0.00586564978584647179
0.30000001192092895500 -0.00587449502199888230
0.31000000238418579100 -0.00587658816948533058
0.31999999284744262700 -0.00584140187129378319
0.33000001311302185100 -0.00583414686843752861
0.34000000357627868600 -0.00584449898451566696
0.34999999403953552200 -0.00580825284123420716
0.36000001430511474600 -0.00580077292397618294
0.37000000476837158200 -0.00580650800839066506
0.37999999523162841800 -0.00579572096467018128
0.38999998569488525400 -0.00580488704144954682
0.40000000596046447700 -0.00580589193850755692
0.40999999642372131300 -0.00577461393550038338
0.41999998688697814900 -0.00575646385550498963
0.43000000715255737300 -0.00575062585994601250
0.43999999761581420900 -0.00572353601455688477
0.44999998807907104500 -0.00569937378168106079
0.46000000834465026800 -0.00567888794466853142
0.46999999880790710400 -0.00565489009022712708
0.47999998927116394000 -0.00565459998324513436
0.49000000953674316400 -0.00561729399487376213
0.50000000000000000000 -0.00557919917628169060
0.50999999046325683600 -0.00553719187155365944
0.51999998092651367200 -0.00545400800183415413
0.52999997138977050800 -0.00539477122947573662
0.54000002145767211900 -0.00531281298026442528
0.55000001192092895500 -0.00518633611500263214
0.56000000238418579100 -0.00506447581574320793
0.56999999284744262700 -0.00493195001035928726
0.57999998331069946300 -0.00474090687930583954
0.58999997377395629900 -0.00453264405950903893
0.60000002384185791000 -0.00427744491025805473
0.61000001430511474600 -0.00395889021456241608
0.62000000476837158200 -0.00363229401409626007
0.62999999523162841800 -0.00326511706225574017
0.63999998569488525400 -0.00283927703276276589
0.64999997615814209000 -0.00239849300123751164
0.66000002622604370100 -0.00193909904919564724
0.67000001668930053700 -0.00143551395740360022
0.68000000715255737300 -0.00087607267778366804
0.68999999761581420900 -0.00036615220597013831
0.69999998807907104500 0.00013692029460798949
0.70999997854232788100 0.00072836951585486531
0.72000002861022949200 0.00136316101998090744
0.73000001907348632800 0.00197727605700492859
0.74000000953674316400 0.00259808707050979138
0.75000000000000000000 0.00323104602284729481
0.75999999046325683600 0.00387528003193438053
0.76999998092651367200 0.00452203908935189247
0.77999997138977050800 0.00518116401508450508
0.79000002145767211900 0.00584463588893413544
0.80000001192092895500 0.00650746515020728112
0.81000000238418579100 0.00718563096597790718
0.81999999284744262700 0.00786162167787551880
0.82999998331069946300 0.00853975769132375717
0.83999997377395629900 0.00923960097134113312
0.85000002384185791000 0.00993246678262948990
0.86000001430511474600 0.01012421026825904850
0.87000000476837158200 0.01078594010323286060
0.87999999523162841800 0.01148067973554134370
0.88999998569488525400 0.01215054001659154890
0.89999997615814209000 0.01284816954284906390
0.91000002622604370100 0.01355831976979970930
0.92000001668930053700 0.01422782987356185910
0.93000000715255737300 0.01493204012513160710
0.93999999761581420900 0.01566868089139461520
0.94999998807907104500 0.01634811051189899440
0.95999997854232788100 0.01706523075699806210
0.97000002861022949200 0.01782168075442314150
0.98000001907348632800 0.01853797025978565220
0.99000000953674316400 0.01929222047328948970
1.00000000000000000000 0.02006898075342178340
