-1.00000000000000000000 -0.00606791907921433449
-0.99000000953674316400 -0.00608401978388428688
-0.98000001907348632800 -0.00608960306271910668
-0.97000002861022949200 -0.00611087679862976074
-0.95999997854232788100 -0.00612574722617864609
-0.94999998807907104500 -0.00611269101500511170
-0.93999999761581420900 -0.00610644184052944184
-0.93000000715255737300 -0.00610917899757623673
-0.92000001668930053700 -0.00610500620678067208
-0.91000002622604370100 -0.00609785877168178559
-0.89999997615814209000 -0.00610028300434350968
-0.88999998569488525400 -0.00609839288517832756
-0.87999999523162841800 -0.00612032786011695862
-0.87000000476837158200 -0.00612638890743255615
-0.86000001430511474600 -0.00613893289119005203
-0.85000002384185791000 -0.00612516514956951142
-0.83999997377395629900 -0.00609998218715190888
-0.82999998331069946300 -0.00610751286149024964
-0.81999999284744262700 -0.00610656477510929108
-0.81000000238418579100 -0.00608482817187905312
-0.80000001192092895500 -0.00608835695311427117
-0.79000002145767211900 -0.00609496189281344414
-0.77999997138977050800 -0.00609987601637840271
-0.76999998092651367200 -0.00611587101593613625
-0.75999999046325683600 -0.00611677812412381172
-0.75000000000000000000 -0.00610090000554919243
-0.74000000953674316400 -0.00609305500984191895
-0.73000001907348632800 -0.00610477617010474205
-0.72000002861022949200 -0.00609287293627858162
-0.70999997854232788100 -0.00608226610347628594
-0.69999998807907104500 -0.00608788710087537766
-0.68999999761581420900 -0.00609982898458838463
-0.68000000715255737300 -0.00611309707164764404
-0.67000001668930053700 -0.00611859094351530075
-0.66000002622604370100 -0.00610968703404068947
-0.64999997615814209000 -0.00609469413757324219
-0.63999998569488525400 -0.00610140198841691017
-0.62999999523162841800 -0.00609449995681643486
-0.62000000476837158200 -0.00607416685670614243
-0.61000001430511474600 -0.00607720809057354927
-0.60000002384185791000 -0.00608182977885007858
-0.58999997377395629900 -0.00609409017488360405
-0.57999998331069946300 -0.00609183078631758690
-0.56999999284744262700 -0.00610483204945921898
-0.56000000238418579100 -0.00608919607475399971
-0.55000001192092895500 -0.00606153113767504692
-0.54000002145767211900 -0.00607695803046226502
-0.52999997138977050800 -0.00606884201988577843
-0.51999998092651367200 -0.00604477198794484139
-0.50999999046325683600 -0.00605168519541621208
-0.50000000000000000000 -0.00606120098382234574
-0.49000000953674316400 -0.00606586690992116928
-0.47999998927116394000 -0.00608217716217041016
-0.46999999880790710400 -0.00608398206532001496
-0.46000000834465026800 -0.00606385199353098870
-0.44999998807907104500 -0.00607145996764302254
-0.43999999761581420900 -0.00608110893517732620
-0.43000000715255737300 -0.00605888618156313896
-0.41999998688697814900 -0.00606079492717981339
-0.40999999642372131300 -0.00607248023152351380
-0.40000000596046447700 -0.00607444206252694130
-0.38999998569488525400 -0.00609930418431758881
-0.37999999523162841800 -0.00610511982813477516
-0.37000000476837158200 -0.00609151786193251610
-0.36000001430511474600 -0.00607856409624218941
-0.34999999403953552200 -0.00609230995178222656
-0.34000000357627868600 -0.00608313921838998795
-0.33000001311302185100 -0.00606607506051659584
-0.31999999284744262700 -0.00606622407212853432
-0.31000000238418579100 -0.00607852591201663017
-0.30000001192092895500 -0.00608854414895176888
-0.28999999165534973100 -0.00608388520777225495
-0.28000000119209289500 -0.00609240680932998657
-0.27000001072883606000 -0.00607108185067772866
-0.25999999046325683600 -0.00605976302176713944
-0.25000000000000000000 -0.00607143109664320946
-0.23999999463558197000 -0.00606001121923327446
-0.23000000417232513400 -0.00604747515171766281
-0.21999999880790710400 -0.00606055511161684990
-0.20999999344348907500 -0.00607372913509607315
-0.20000000298023223900 -0.00608134688809514046
-0.18999999761581420900 -0.00609723199158906937
-0.18000000715255737300 -0.00608596019446849823
-0.17000000178813934300 -0.00606530485674738884
-0.15999999642372131300 -0.00608116900548338890
-0.15000000596046447800 -0.00607639085501432419
-0.14000000059604644800 -0.00604747887700796128
-0.12999999523162841800 -0.00605513388291001320
-0.11999999731779098500 -0.00606178399175405502
-0.10999999940395355200 -0.00607381621375679970
-0.10000000149011611900 -0.00608160020783543587
-0.09000000357627868650 -0.00608271919190883637
-0.07999999821186065670 -0.00606980780139565468
-0.07000000029802322390 -0.00604911008849740029
-0.05999999865889549260 -0.00605840003117918968
-0.05000000074505805970 -0.00604608701542019844
-0.03999999910593032840 -0.00602159323170781136
-0.02999999932944774630 -0.00602523609995841980
-0.01999999955296516420 -0.00603126408532261849
-0.00999999977648258210 -0.00603822292760014534
0.00000000000000000000 -0.00604112492874264717
0.00999999977648258210 -0.00604293309152126312
0.01999999955296516420 -0.00603279611095786095
0.02999999932944774630 -0.00601383019238710404
0.03999999910593032840 -0.00602619582787156105
0.05000000074505805970 -0.00602146983146667481
0.05999999865889549260 -0.00600246200338006020
0.07000000029802322390 -0.00601213378831744194
0.07999999821186065670 -0.00602657813578844071
0.09000000357627868650 -0.00603164499625563622
0.10000000149011611900 -0.00604396918788552284
0.10999999940395355200 -0.00604302715510129929
0.11999999731779098500 -0.00603207992389798165
0.12999999523162841800 -0.00602294690907001496
0.14000000059604644800 -0.00603460380807518959
0.15000000596046447800 -0.00601930078119039536
0.15999999642372131300 -0.00601287791505455971
0.17000000178813934300 -0.00601976690813899040
0.18000000715255737300 -0.00602300278842449188
0.18999999761581420900 -0.00603896379470825196
0.20000000298023223900 -0.00604415778070688248
0.20999999344348907500 -0.00602992903441190720
0.21999999880790710400 -0.00600787578150629997
0.23000000417232513400 -0.00601209886372089386
0.23999999463558197000 -0.00600305804982781410
0.25000000000000000000 -0.00598399294540286064
0.25999999046325683600 -0.00598026998341083527
0.27000001072883606000 -0.00597417680546641350
0.28000000119209289500 -0.00598898483440279961
0.28999999165534973100 -0.00599320186302065850
0.30000001192092895500 -0.00599003117531538010
0.31000000238418579100 -0.00598452985286712647
0.31999999284744262700 -0.00595731195062398911
0.33000001311302185100 -0.00595965096727013588
0.34000000357627868600 -0.00595130678266286850
0.34999999403953552200 -0.00592860393226146698
0.36000001430511474600 -0.00592250889167189598
0.37000000476837158200 -0.00592698110267519951
0.37999999523162841800 -0.00592502020299434662
0.38999998569488525400 -0.00592839298769831658
0.40000000596046447700 -0.00591465877369046211
0.40999999642372131300 -0.00588779291138052941
0.41999998688697814900 -0.00586329493671655655
0.43000000715255737300 -0.00585073698312044144
0.43999999761581420900 -0.00582275306805968285
0.44999998807907104500 -0.00578873418271541596
0.46000000834465026800 -0.00576639221981167793
0.46999999880790710400 -0.00575069896876811981
0.47999998927116394000 -0.00573022197932004929
0.49000000953674316400 -0.00569545803591609001
0.50000000000000000000 -0.00564528210088610649
0.50999999046325683600 -0.00557489600032567978
0.51999998092651367200 -0.00552326114848256111
0.52999997138977050800 -0.00544907199218869209
0.54000002145767211900 -0.00534956203773617745
0.55000001192092895500 -0.00525324512273073197
0.56000000238418579100 -0.00512966094538569451
0.56999999284744262700 -0.00499878684058785439
0.57999998331069946300 -0.00482557481154799462
0.58999997377395629900 -0.00461821118369698525
0.60000002384185791000 -0.00436984281986951828
0.61000001430511474600 -0.00407365197315812111
0.62000000476837158200 -0.00375482998788356781
0.62999999523162841800 -0.00338694802485406399
0.63999998569488525400 -0.00297978497110307217
0.64999997615814209000 -0.00253570708446204662
0.66000002622604370100 -0.00207115989178419113
0.67000001668930053700 -0.00156658003106713295
0.68000000715255737300 -0.00103087502066046000
0.68999999761581420900 -0.00046066200593486428
0.69999998807907104500 0.00008527129102731124
0.70999997854232788100 0.00066020042868331075
0.72000002861022949200 0.00131517404224723578
0.73000001907348632800 0.00189395702909678221
0.74000000953674316400 0.00020563229918479919
0.75000000000000000000 0.00020850609871558845
0.75999999046325683600 0.00021887039474677294
0.76999998092651367200 0.00022305110178422183
0.77999997138977050800 0.00023846079420763999
0.79000002145767211900 0.00025340658612549305
0.80000001192092895500 0.00025253050262108445
0.81000000238418579100 0.00028860699967481196
0.81999999284744262700 0.00027302961098030210
0.82999998331069946300 0.00027971158851869404
0.83999997377395629900 0.00030294578755274415
0.85000002384185791000 0.00031286710873246193
0.86000001430511474600 0.00031901200418360531
0.87000000476837158200 0.00033651321427896619
0.87999999523162841800 0.00035514921182766557
0.88999998569488525400 0.00026698180590756238
0.89999997615814209000 0.00024758180370554328
0.91000002622604370100 0.00024745520204305649
0.92000001668930053700 0.00023913520271889865
0.93000000715255737300 0.00023791860439814627
0.93999999761581420900 0.00024190549447666854
0.94999998807907104500 0.00023665079788770527
0.95999997854232788100 0.00023852680169511586
0.97000002861022949200 0.00023746349324937910
0.98000001907348632800 0.00023557250096928328
0.99000000953674316400 0.00022578809875994921
1.00000000000000000000 0.00019965290266554803
