-1.00000000000000000000 -0.00651177903637290001
-0.99000000953674316400 -0.00648885220289230347
-0.98000001907348632800 -0.00650243507698178292
-0.97000002861022949200 -0.00650972919538617134
-0.95999997854232788100 -0.00651701493188738823
-0.94999998807907104500 -0.00652869883924722672
-0.93999999761581420900 -0.00651919422671198845
-0.93000000715255737300 -0.00649922294542193413
-0.92000001668930053700 -0.00650899577885866165
-0.91000002622604370100 -0.00650106184184551239
-0.89999997615814209000 -0.00647965585812926293
-0.88999998569488525400 -0.00648376112803816796
-0.87999999523162841800 -0.00648282002657651901
-0.87000000476837158200 -0.00649597821757197380
-0.86000001430511474600 -0.00651085609570145607
-0.85000002384185791000 -0.00651276716962456703
-0.83999997377395629900 -0.00650690821930766106
-0.82999998331069946300 -0.00649699522182345390
-0.81999999284744262700 -0.00650515593588352204
-0.81000000238418579100 -0.00650085322558879852
-0.80000001192092895500 -0.00649210298433899880
-0.79000002145767211900 -0.00648738723248243332
-0.77999997138977050800 -0.00649697799235582352
-0.76999998092651367200 -0.00651928177103400231
-0.75999999046325683600 -0.00651946803554892540
-0.75000000000000000000 -0.00653029978275299072
-0.74000000953674316400 -0.00652352301403880120
-0.73000001907348632800 -0.00649226317182183266
-0.72000002861022949200 -0.00650497619062662125
-0.70999997854232788100 -0.00650338781997561455
-0.69999998807907104500 -0.00647312402725219727
-0.68999999761581420900 -0.00647612288594245911
-0.68000000715255737300 -0.00649199588224291802
-0.67000001668930053700 -0.00648395204916596413
-0.66000002622604370100 -0.00649336585775017739
-0.64999997615814209000 -0.00649827020242810250
-0.63999998569488525400 -0.00646533397957682610
-0.62999999523162841800 -0.00645643286406993866
-0.62000000476837158200 -0.00646225409582257271
-0.61000001430511474600 -0.00643282104283571244
-0.60000002384185791000 -0.00643138913437724114
-0.58999997377395629900 -0.00644289795309305191
-0.57999998331069946300 -0.00644107721745967865
-0.56999999284744262700 -0.00646175397560000420
-0.56000000238418579100 -0.00647450378164649010
-0.55000001192092895500 -0.00646018702536821366
-0.54000002145767211900 -0.00644819810986518860
-0.52999997138977050800 -0.00646215584129095078
-0.51999998092651367200 -0.00645001512020826340
-0.50999999046325683600 -0.00643608998507261276
-0.50000000000000000000 -0.00644138222560286522
-0.49000000953674316400 -0.00644214777275919914
-0.47999998927116394000 -0.00646179402247071266
-0.46999999880790710400 -0.00647095916792750359
-0.46000000834465026800 -0.00647399621084332466
-0.44999998807907104500 -0.00646512210369110108
-0.43999999761581420900 -0.00644494686275720596
-0.43000000715255737300 -0.00644831685349345207
-0.41999998688697814900 -0.00644371192902326584
-0.40999999642372131300 -0.00642957119271159172
-0.40000000596046447700 -0.00642200512811541558
-0.38999998569488525400 -0.00643662782385945320
-0.37999999523162841800 -0.00644393498077988625
-0.37000000476837158200 -0.00644438201561570168
-0.36000001430511474600 -0.00645065912976861000
-0.34999999403953552200 -0.00643672700971364975
-0.34000000357627868600 -0.00641338108107447624
-0.33000001311302185100 -0.00642484379932284355
-0.31999999284744262700 -0.00641418481245636940
-0.31000000238418579100 -0.00639417301863431931
-0.30000001192092895500 -0.00640531117096543312
-0.28999999165534973100 -0.00641426490619778633
-0.28000000119209289500 -0.00642545800656080246
-0.27000001072883606000 -0.00643607787787914276
-0.25999999046325683600 -0.00643932819366455078
-0.25000000000000000000 -0.00642183609306812287
-0.23999999463558197000 -0.00641802279278635979
-0.23000000417232513400 -0.00642035715281963349
-0.21999999880790710400 -0.00640244595706462860
-0.20999999344348907500 -0.00640068389475345612
-0.20000000298023223900 -0.00640250183641910553
-0.18999999761581420900 -0.00641530798748135567
-0.18000000715255737300 -0.00642661890015006066
-0.17000000178813934300 -0.00643134210258722306
-0.15999999642372131300 -0.00642064493149518967
-0.15000000596046447800 -0.00640517100691795349
-0.14000000059604644800 -0.00640174420550465584
-0.12999999523162841800 -0.00639640586450695992
-0.11999999731779098500 -0.00637042894959449768
-0.10999999940395355200 -0.00636063609272241593
-0.10000000149011611900 -0.00636219512671232224
-0.09000000357627868650 -0.00636754417791962624
-0.07999999821186065670 -0.00636194506660103798
-0.07000000029802322390 -0.00636628596112132073
-0.05999999865889549260 -0.00635675899684429169
-0.05000000074505805970 -0.00632311915978789330
-0.03999999910593032840 -0.00633469689637422562
-0.02999999932944774630 -0.00633197277784347534
-0.01999999955296516420 -0.00630250619724392891
-0.00999999977648258210 -0.00630409503355622292
0.00000000000000000000 -0.00632304279133677483
0.00999999977648258210 -0.00632437784224748612
0.01999999955296516420 -0.00631967512890696526
0.02999999932944774630 -0.00633914489299058914
0.03999999910593032840 -0.00632758392021059990
0.05000000074505805970 -0.00629560882225632668
0.05999999865889549260 -0.00630740309134125710
0.07000000029802322390 -0.00629657506942749024
0.07999999821186065670 -0.00626559183001518250
0.09000000357627868650 -0.00626547308638691902
0.10000000149011611900 -0.00626737903803586960
0.10999999940395355200 -0.00626403279602527619
0.11999999731779098500 -0.00627018790692090988
0.12999999523162841800 -0.00626857811585068703
0.14000000059604644800 -0.00624315300956368447
0.15000000596046447800 -0.00621713791042566300
0.15999999642372131300 -0.00621446501463651657
0.17000000178813934300 -0.00619023805484175682
0.18000000715255737300 -0.00616093212738633156
0.18999999761581420900 -0.00614795600995421410
0.20000000298023223900 -0.00613229116424918175
0.20999999344348907500 -0.00612831721082329750
0.21999999880790710400 -0.00610962696373462677
0.23000000417232513400 -0.00608974602073431015
0.23999999463558197000 -0.00605404702946543694
0.25000000000000000000 -0.00601440109312534332
0.25999999046325683600 -0.00599400419741868973
0.27000001072883606000 -0.00596281001344323158
0.28000000119209289500 -0.00591500289738178253
0.28999999165534973100 -0.00587868085131049156
0.30000001192092895500 -0.00585120311006903649
0.31000000238418579100 -0.00581234693527221680
0.31999999284744262700 -0.00576679781079292298
0.33000001311302185100 -0.00571370311081409455
0.34000000357627868600 -0.00563875399529933930
0.34999999403953552200 -0.00556384678930044174
0.36000001430511474600 -0.00549005391076207161
0.37000000476837158200 -0.00539224687963724137
0.37999999523162841800 -0.00528899487107992172
0.38999998569488525400 -0.00519145699217915535
0.40000000596046447700 -0.00507744122296571732
0.40999999642372131300 -0.00495840702205896378
0.41999998688697814900 -0.00482824817299842835
0.43000000715255737300 -0.00467353686690330506
0.43999999761581420900 -0.00450540613383054733
0.44999998807907104500 -0.00434813182801008225
0.46000000834465026800 -0.00416435301303863526
0.46999999880790710400 -0.00397169217467308045
0.47999998927116394000 -0.00378491310402750969
0.49000000953674316400 -0.00358182494528591633
0.50000000000000000000 -0.00337944203056395054
0.50999999046325683600 -0.00317063299007713795
0.51999998092651367200 -0.00294696493074297905
0.52999997138977050800 -0.00271660811267793179
0.54000002145767211900 -0.00248287804424762726
0.55000001192092895500 -0.00224402011372148991
0.56000000238418579100 -0.00200096401385962963
0.56999999284744262700 -0.00175207201391458511
0.57999998331069946300 -0.00149782001972198486
0.58999997377395629900 -0.00124597002286463976
0.60000002384185791000 -0.00094484427245333791
0.61000001430511474600 -0.00068966258550062776
0.62000000476837158200 -0.00043724229908548296
0.62999999523162841800 -0.00018550890672486275
0.63999998569488525400 0.00007054884918034077
0.64999997615814209000 0.00033449998591095209
0.66000002622604370100 0.00059551559388637543
0.67000001668930053700 0.00085974397370591760
0.68000000715255737300 0.00118083599954843521
0.68999999761581420900 0.00146713701542466879
0.69999998807907104500 0.00175032194238156080
0.70999997854232788100 0.00203671399503946304
0.72000002861022949200 0.00232323701493442059
0.73000001907348632800 0.00261078588664531708
0.74000000953674316400 0.00290013803169131279
0.75000000000000000000 0.00319454190321266651
0.75999999046325683600 0.00348851806484162808
0.76999998092651367200 0.00378236803226172924
0.77999997138977050800 0.00407971488311886788
0.79000002145767211900 0.00437721097841858864
0.80000001192092895500 0.00467525096610188484
0.81000000238418579100 0.00497447000816464424
0.81999999284744262700 0.00527324108406901360
0.82999998331069946300 0.00557419797405600548
0.83999997377395629900 0.00587648199871182442
0.85000002384185791000 0.00617799023166298866
0.86000001430511474600 0.00648363819345831871
0.87000000476837158200 0.00678799301385879517
0.87999999523162841800 0.00709143187850713730
0.88999998569488525400 0.00739888008683919907
0.89999997615814209000 0.00770590920001268387
0.91000002622604370100 0.00801075529307126999
0.92000001668930053700 0.00832009408622980118
0.93000000715255737300 0.00862760096788406372
0.93999999761581420900 0.00893597770482301712
0.94999998807907104500 0.00924756471067667008
0.95999997854232788100 0.00955702364444732666
0.97000002861022949200 0.00986753404140472412
0.98000001907348632800 0.01018102001398801800
0.99000000953674316400 0.01049282029271125790
1.00000000000000000000 0.01029760017991065980
