-1.00000000000000000000 -0.00617892108857631684
-0.99000000953674316400 -0.00620013987645506859
-0.98000001907348632800 -0.00618774117901921272
-0.97000002861022949200 -0.00615256000310182572
-0.95999997854232788100 -0.00617341790348291397
-0.94999998807907104500 -0.00617223186418414116
-0.93999999761581420900 -0.00613626698032021523
-0.93000000715255737300 -0.00615226291120052338
-0.92000001668930053700 -0.00616680085659027100
-0.91000002622604370100 -0.00616314215585589409
-0.89999997615814209000 -0.00618780497461557388
-0.88999998569488525400 -0.00619890680536627770
-0.87999999523162841800 -0.00617337180301547051
-0.87000000476837158200 -0.00617549289017915726
-0.86000001430511474600 -0.00618948182091116905
-0.85000002384185791000 -0.00616607721894979477
-0.83999997377395629900 -0.00616745417937636376
-0.82999998331069946300 -0.00617570197209715843
-0.81999999284744262700 -0.00617648521438241005
-0.81000000238418579100 -0.00619904184713959694
-0.80000001192092895500 -0.00620751082897186280
-0.79000002145767211900 -0.00619021477177739144
-0.77999997138977050800 -0.00617922609671950340
-0.76999998092651367200 -0.00618519121780991554
-0.75999999046325683600 -0.00617227889597415924
-0.75000000000000000000 -0.00616182386875152588
-0.74000000953674316400 -0.00616068020462989807
-0.73000001907348632800 -0.00616165017709136009
-0.72000002861022949200 -0.00618547806516289711
-0.70999997854232788100 -0.00618740590289235115
-0.69999998807907104500 -0.00619069719687104225
-0.68999999761581420900 -0.00619139196351170540
-0.68000000715255737300 -0.00616253120824694634
-0.67000001668930053700 -0.00616698293015360832
-0.66000002622604370100 -0.00617781886830925942
-0.64999997615814209000 -0.00614734785631299019
-0.63999998569488525400 -0.00614707777276635170
-0.62999999523162841800 -0.00617267703637480736
-0.62000000476837158200 -0.00617043208330869675
-0.61000001430511474600 -0.00617578206583857536
-0.60000002384185791000 -0.00619305577129125595
-0.58999997377395629900 -0.00615773582831025124
-0.57999998331069946300 -0.00615739682689309120
-0.56999999284744262700 -0.00617773504927754402
-0.56000000238418579100 -0.00614461721852421761
-0.55000001192092895500 -0.00614185398444533348
-0.54000002145767211900 -0.00616977503523230553
-0.52999997138977050800 -0.00616361619904637337
-0.51999998092651367200 -0.00618003122508525849
-0.50999999046325683600 -0.00620228704065084458
-0.50000000000000000000 -0.00617383001372218132
-0.49000000953674316400 -0.00615799520164728165
-0.47999998927116394000 -0.00618133088573813439
-0.46999999880790710400 -0.00615479983389377594
-0.46000000834465026800 -0.00614308286458253861
-0.44999998807907104500 -0.00615531299263238907
-0.43999999761581420900 -0.00614754389971494675
-0.43000000715255737300 -0.00616538198664784432
-0.41999998688697814900 -0.00617575598880648613
-0.40999999642372131300 -0.00616679387167096138
-0.40000000596046447700 -0.00615748204290866852
-0.38999998569488525400 -0.00614553596824407578
-0.37999999523162841800 -0.00613708514720201492
-0.37000000476837158200 -0.00612865015864372254
-0.36000001430511474600 -0.00612494815140962601
-0.34999999403953552200 -0.00611910782754421234
-0.34000000357627868600 -0.00614417111501097679
-0.33000001311302185100 -0.00615297118201851845
-0.31999999284744262700 -0.00616042595356702805
-0.31000000238418579100 -0.00616328977048397064
-0.30000001192092895500 -0.00614251615479588509
-0.28999999165534973100 -0.00615230109542608261
-0.28000000119209289500 -0.00616067089140415192
-0.27000001072883606000 -0.00613505998626351357
-0.25999999046325683600 -0.00613497896119952202
-0.25000000000000000000 -0.00616064993664622307
-0.23999999463558197000 -0.00616125995293259621
-0.23000000417232513400 -0.00616718688979744911
-0.21999999880790710400 -0.00619042618200182915
-0.20999999344348907500 -0.00616189604625105858
-0.20000000298023223900 -0.00614490779116749764
-0.18999999761581420900 -0.00617178296670317650
-0.18000000715255737300 -0.00614340091124176979
-0.17000000178813934300 -0.00612686714157462120
-0.15999999642372131300 -0.00615172507241368294
-0.15000000596046447800 -0.00614315504208207131
-0.14000000059604644800 -0.00615779077634215355
-0.12999999523162841800 -0.00617835391312837601
-0.11999999731779098500 -0.00615175906568765640
-0.10999999940395355200 -0.00613619619980454445
-0.10000000149011611900 -0.00615609716624021530
-0.09000000357627868650 -0.00613398803398013115
-0.07999999821186065670 -0.00611400697380304337
-0.07000000029802322390 -0.00612464314326643944
-0.05999999865889549260 -0.00611832318827509880
-0.05000000074505805970 -0.00614139297977089882
-0.03999999910593032840 -0.00614551501348614693
-0.02999999932944774630 -0.00614558300003409386
-0.01999999955296516420 -0.00613567791879177094
-0.00999999977648258210 -0.00612558703869581223
0.00000000000000000000 -0.00612351577728986740
0.00999999977648258210 -0.00612809602171182633
0.01999999955296516420 -0.00611745892092585564
0.02999999932944774630 -0.00610665185377001763
0.03999999910593032840 -0.00612322008237242699
0.05000000074505805970 -0.00613797502592206002
0.05999999865889549260 -0.00613383017480373383
0.07000000029802322390 -0.00614342978224158287
0.07999999821186065670 -0.00613810587674379349
0.09000000357627868650 -0.00610628398135304451
0.10000000149011611900 -0.00612568482756614685
0.10999999940395355200 -0.00611906405538320542
0.11999999731779098500 -0.00608976278454065323
0.12999999523162841800 -0.00610413588583469391
0.14000000059604644800 -0.00611389614641666413
0.15000000596046447800 -0.00611337507143616676
0.15999999642372131300 -0.00612627016380429268
0.17000000178813934300 -0.00612081401050090790
0.18000000715255737300 -0.00608259998261928559
0.18999999761581420900 -0.00609316909685730934
0.20000000298023223900 -0.00608370918780565262
0.20999999344348907500 -0.00605383981019258499
0.21999999880790710400 -0.00606488902121782303
0.23000000417232513400 -0.00606303196400403977
0.23999999463558197000 -0.00606936123222112656
0.25000000000000000000 -0.00609064800664782524
0.25999999046325683600 -0.00609079282730817795
0.27000001072883606000 -0.00606673909351229668
0.28000000119209289500 -0.00606648903340101242
0.28999999165534973100 -0.00605973321944475174
0.30000001192092895500 -0.00604738015681505203
0.31000000238418579100 -0.00604628305882215500
0.31999999284744262700 -0.00602767383679747582
0.33000001311302185100 -0.00603684922680258751
0.34000000357627868600 -0.00605214620009064675
0.34999999403953552200 -0.00603793282061815262
0.36000001430511474600 -0.00602551689371466637
0.37000000476837158200 -0.00601024599745869637
0.37999999523162841800 -0.00598412193357944489
0.38999998569488525400 -0.00597749603912234306
0.40000000596046447700 -0.00595652312040328980
0.40999999642372131300 -0.00592612102627754212
0.41999998688697814900 -0.00592743000015616417
0.43000000715255737300 -0.00592634500935673714
0.43999999761581420900 -0.00590167893096804619
0.44999998807907104500 -0.00589147303253412247
0.46000000834465026800 -0.00586142903193831444
0.46999999880790710400 -0.00580361485481262207
0.47999998927116394000 -0.00579001707956194878
0.49000000953674316400 -0.00575111387297511101
0.50000000000000000000 -0.00567673798650503159
0.50999999046325683600 -0.00564146507531404495
0.51999998092651367200 -0.00559076806530356407
0.52999997138977050800 -0.00552080385386943817
0.54000002145767211900 -0.00544579979032278061
0.55000001192092895500 -0.00533919222652912140
0.56000000238418579100 -0.00518531491979956627
0.56999999284744262700 -0.00503837596625089646
0.57999998331069946300 -0.00484839081764221192
0.58999997377395629900 -0.00460977805778384209
0.60000002384185791000 -0.00435976311564445496
0.61000001430511474600 -0.00406698416918516159
0.62000000476837158200 -0.00373818911612033844
0.62999999523162841800 -0.00337477610446512699
0.63999998569488525400 -0.00296394806355237961
0.64999997615814209000 -0.00250805704854428768
0.66000002622604370100 -0.00203096191398799419
0.67000001668930053700 -0.00152244896162301302
0.68000000715255737300 -0.00096053112065419555
0.68999999761581420900 -0.00043377280235290527
0.69999998807907104500 0.00010975899931509048
0.70999997854232788100 0.00067256978945806623
0.72000002861022949200 0.00132985704112797976
0.73000001907348632800 0.00196085311472415924
0.74000000953674316400 0.00260464195162057877
0.75000000000000000000 0.00326094194315373898
0.75999999046325683600 0.00392997311428189278
0.76999998092651367200 0.00460513914003968239
0.77999997138977050800 0.00528900092467665672
0.79000002145767211900 0.00598661322146654129
0.80000001192092895500 0.00668126717209815979
0.81000000238418579100 0.00738384900614619255
0.81999999284744262700 0.00810408871620893479
0.82999998331069946300 0.00881710927933454514
0.83999997377395629900 0.00954361725598573685
0.85000002384185791000 0.01028611045330762860
0.86000001430511474600 0.01049736980348825450
0.87000000476837158200 0.01118666958063840870
0.87999999523162841800 0.01190568041056394580
0.88999998569488525400 0.01263696979731321340
0.89999997615814209000 0.01335067953914403920
0.91000002622604370100 0.01407681964337825780
0.92000001668930053700 0.01481864973902702330
0.93000000715255737300 0.01554039958864450450
0.93999999761581420900 0.01627996005117893220
0.94999998807907104500 0.01703494042158126830
0.95999997854232788100 0.01777411997318267820
0.97000002861022949200 0.01855178922414779660
0.98000001907348632800 0.01933070085942745210
0.99000000953674316400 0.02009014040231704710
1.00000000000000000000 0.02087114937603473660
