-1.00000000000000000000 -0.00607943721115589142
-0.99000000953674316400 -0.00607667118310928345
-0.98000001907348632800 -0.00606350088492035866
-0.97000002861022949200 -0.00607160804793238640
-0.95999997854232788100 -0.00607998017221689224
-0.94999998807907104500 -0.00609782477840781212
-0.93999999761581420900 -0.00610701879486441612
-0.93000000715255737300 -0.00610637012869119644
-0.92000001668930053700 -0.00609369110316038132
-0.91000002622604370100 -0.00607668282464146614
-0.89999997615814209000 -0.00608037691563367844
-0.88999998569488525400 -0.00607269816100597382
-0.87999999523162841800 -0.00605560420081019402
-0.87000000476837158200 -0.00606068177148699761
-0.86000001430511474600 -0.00606931187212467194
-0.85000002384185791000 -0.00607963511720299721
-0.83999997377395629900 -0.00608692178502678871
-0.82999998331069946300 -0.00608062604442238808
-0.81999999284744262700 -0.00606979988515377045
-0.81000000238418579100 -0.00606886716559529305
-0.80000001192092895500 -0.00606855889782309532
-0.79000002145767211900 -0.00606073113158345223
-0.77999997138977050800 -0.00605349382385611534
-0.76999998092651367200 -0.00606001401320099831
-0.75999999046325683600 -0.00607463298365473747
-0.75000000000000000000 -0.00609003612771630287
-0.74000000953674316400 -0.00610181177034974098
-0.73000001907348632800 -0.00609378796070814133
-0.72000002861022949200 -0.00606985017657279968
-0.70999997854232788100 -0.00608507078140974045
-0.69999998807907104500 -0.00607385998591780663
-0.68999999761581420900 -0.00605721911415457726
-0.68000000715255737300 -0.00606192089617252350
-0.67000001668930053700 -0.00606263708323240280
-0.66000002622604370100 -0.00607785722240805626
-0.64999997615814209000 -0.00608335016295313835
-0.63999998569488525400 -0.00608604121953248978
-0.62999999523162841800 -0.00606789812445640564
-0.62000000476837158200 -0.00604814803227782250
-0.61000001430511474600 -0.00605141883715987206
-0.60000002384185791000 -0.00604393798857927323
-0.58999997377395629900 -0.00602814182639122010
-0.57999998331069946300 -0.00602877419441938400
-0.56999999284744262700 -0.00604068906977772713
-0.56000000238418579100 -0.00604728981852531433
-0.55000001192092895500 -0.00606020493432879448
-0.54000002145767211900 -0.00605984078720211983
-0.52999997138977050800 -0.00605032220482826233
-0.51999998092651367200 -0.00604322087019681931
-0.50999999046325683600 -0.00605169497430324555
-0.50000000000000000000 -0.00604849215596914292
-0.49000000953674316400 -0.00603523803874850273
-0.47999998927116394000 -0.00604806514456868172
-0.46999999880790710400 -0.00605432176962494850
-0.46000000834465026800 -0.00606910092756152153
-0.44999998807907104500 -0.00607503205537796021
-0.43999999761581420900 -0.00607647188007831574
-0.43000000715255737300 -0.00606041308492422104
-0.41999998688697814900 -0.00606250902637839318
-0.40999999642372131300 -0.00605784077197313309
-0.40000000596046447700 -0.00604216801002621651
-0.38999998569488525400 -0.00604368280619382858
-0.37999999523162841800 -0.00604464206844568253
-0.37000000476837158200 -0.00606290902942419052
-0.36000001430511474600 -0.00606674607843160629
-0.34999999403953552200 -0.00608000811189413071
-0.34000000357627868600 -0.00606250483542680741
-0.33000001311302185100 -0.00604110909625887871
-0.31999999284744262700 -0.00604813219979405403
-0.31000000238418579100 -0.00604332005605101586
-0.30000001192092895500 -0.00601841090247035027
-0.28999999165534973100 -0.00602477323263883591
-0.28000000119209289500 -0.00603217491880059242
-0.27000001072883606000 -0.00604505278170108795
-0.25999999046325683600 -0.00605576019734144211
-0.25000000000000000000 -0.00606410717591643334
-0.23999999463558197000 -0.00605400279164314270
-0.23000000417232513400 -0.00603789417073130608
-0.21999999880790710400 -0.00604650098830461502
-0.20999999344348907500 -0.00603990582749247551
-0.20000000298023223900 -0.00602804915979504585
-0.18999999761581420900 -0.00603590300306677818
-0.18000000715255737300 -0.00604263413697481156
-0.17000000178813934300 -0.00605597812682390213
-0.15999999642372131300 -0.00606539519503712654
-0.15000000596046447800 -0.00607160478830337525
-0.14000000059604644800 -0.00605311011895537377
-0.12999999523162841800 -0.00604042178019881249
-0.11999999731779098500 -0.00604112492874264717
-0.10999999940395355200 -0.00603651301935315132
-0.10000000149011611900 -0.00601802999153733254
-0.09000000357627868650 -0.00601074704900383950
-0.07999999821186065670 -0.00602166121825575829
-0.07000000029802322390 -0.00602945080026984215
-0.05999999865889549260 -0.00602615484967827797
-0.05000000074505805970 -0.00603028107434511185
-0.03999999910593032840 -0.00601420598104596138
-0.02999999932944774630 -0.00599549897015094757
-0.01999999955296516420 -0.00600652117282152176
-0.00999999977648258210 -0.00599778210744261742
0.00000000000000000000 -0.00598632404580712319
0.00999999977648258210 -0.00599148590117692948
0.01999999955296516420 -0.00600250484421849251
0.02999999932944774630 -0.00600985903292894364
0.03999999910593032840 -0.00602464703842997551
0.05000000074505805970 -0.00603502383455634117
0.05999999865889549260 -0.00601686211302876473
0.07000000029802322390 -0.00600355910137295723
0.07999999821186065670 -0.00601899204775691033
0.09000000357627868650 -0.00600506784394383431
0.10000000149011611900 -0.00599295692518353462
0.10999999940395355200 -0.00599699001759290695
0.11999999731779098500 -0.00600337795913219452
0.12999999523162841800 -0.00601479783654212952
0.14000000059604644800 -0.00602303305640816689
0.15000000596046447800 -0.00602451898157596588
0.15999999642372131300 -0.00601577199995517731
0.17000000178813934300 -0.00599265098571777344
0.18000000715255737300 -0.00599743612110614777
0.18999999761581420900 -0.00598677620291709900
0.20000000298023223900 -0.00596828619018197060
0.20999999344348907500 -0.00597107410430908203
0.21999999880790710400 -0.00597267784178256989
0.23000000417232513400 -0.00597839010879397392
0.23999999463558197000 -0.00597942294552922249
0.25000000000000000000 -0.00598046509549021721
0.25999999046325683600 -0.00596306286752223969
0.27000001072883606000 -0.00594512093812227249
0.28000000119209289500 -0.00595102785155177117
0.28999999165534973100 -0.00593947991728782654
0.30000001192092895500 -0.00592306582257151604
0.31000000238418579100 -0.00592803396284580231
0.31999999284744262700 -0.00593230221420526505
0.33000001311302185100 -0.00593566009774804116
0.34000000357627868600 -0.00593855185434222222
0.34999999403953552200 -0.00593177508562803269
0.36000001430511474600 -0.00590774277225136757
0.37000000476837158200 -0.00589118804782629013
0.37999999523162841800 -0.00588286807760596276
0.38999998569488525400 -0.00585790211334824562
0.40000000596046447700 -0.00584113784134387970
0.40999999642372131300 -0.00583040481433272362
0.41999998688697814900 -0.00582467019557952881
0.43000000715255737300 -0.00582320895045995712
0.43999999761581420900 -0.00580483581870794296
0.44999998807907104500 -0.00577310286462306976
0.46000000834465026800 -0.00573311001062393189
0.46999999880790710400 -0.00570567278191447258
0.47999998927116394000 -0.00567158497869968414
0.49000000953674316400 -0.00561842182651162148
0.50000000000000000000 -0.00557919498533010483
0.50999999046325683600 -0.00553489988669753075
0.51999998092651367200 -0.00548952398821711540
0.52999997138977050800 -0.00543364090844988823
0.54000002145767211900 -0.00536434212699532509
0.55000001192092895500 -0.00526092620566487312
0.56000000238418579100 -0.00513674179092049599
0.56999999284744262700 -0.00501194177195429802
0.57999998331069946300 -0.00484592886641621590
0.58999997377395629900 -0.00463985977694392204
0.60000002384185791000 -0.00441476516425609589
0.61000001430511474600 -0.00415437109768390656
0.62000000476837158200 -0.00385447707958519459
0.62999999523162841800 -0.00351188704371452332
0.63999998569488525400 -0.00312618911266326904
0.64999997615814209000 -0.00269110989756882191
0.66000002622604370100 -0.00222120690159499645
0.67000001668930053700 -0.00172556901816278696
0.68000000715255737300 -0.00119480502326041460
0.68999999761581420900 -0.00062417320441454649
0.69999998807907104500 -0.00006495365960290655
0.70999997854232788100 0.00049761089030653238
0.72000002861022949200 0.00115016102790832520
0.73000001907348632800 0.00180688302498310804
0.74000000953674316400 0.00247477390803396702
0.75000000000000000000 0.00316193397156894207
0.75999999046325683600 0.00386454304680228233
0.76999998092651367200 0.00457877898588776589
0.77999997138977050800 0.00530772795900702477
0.79000002145767211900 0.00604875013232231140
0.80000001192092895500 0.00679787388071417809
0.81000000238418579100 0.00755860796198248863
0.81999999284744262700 0.00833352189511060715
0.82999998331069946300 0.00911345239728689194
0.83999997377395629900 0.00991072691977024079
0.85000002384185791000 0.01019239984452724460
0.86000001430511474600 0.01096777990460395810
0.87000000476837158200 0.01175741013139486310
0.87999999523162841800 0.01255393028259277340
0.88999998569488525400 0.01336324028670787810
0.89999997615814209000 0.01418338995426893230
0.91000002622604370100 0.01500494964420795440
0.92000001668930053700 0.01582128927111625670
0.93000000715255737300 0.01666373945772647860
0.93999999761581420900 0.01751022972166538240
0.94999998807907104500 0.01834446005523204800
0.95999997854232788100 0.01920164935290813450
0.97000002861022949200 0.02006825059652328490
0.98000001907348632800 0.02093981951475143430
0.99000000953674316400 0.02182291075587272640
1.00000000000000000000 0.02272023074328899380
