-1.00000000000000000000 -0.00643685692921280861
-0.99000000953674316400 -0.00641393894329667092
-0.98000001907348632800 -0.00640946207568049431
-0.97000002861022949200 -0.00642174202948808670
-0.95999997854232788100 -0.00640609022229909897
-0.94999998807907104500 -0.00640160311013460160
-0.93999999761581420900 -0.00641435012221336365
-0.93000000715255737300 -0.00641848100349307060
-0.92000001668930053700 -0.00643876381218433380
-0.91000002622604370100 -0.00644904514774680138
-0.89999997615814209000 -0.00644138595089316368
-0.88999998569488525400 -0.00643044104799628258
-0.87999999523162841800 -0.00643334491178393364
-0.87000000476837158200 -0.00642526708543300629
-0.86000001430511474600 -0.00641737878322601319
-0.85000002384185791000 -0.00641197385266423226
-0.83999997377395629900 -0.00640947418287396431
-0.82999998331069946300 -0.00643324898555874825
-0.81999999284744262700 -0.00644005183130502701
-0.81000000238418579100 -0.00644370680674910546
-0.80000001192092895500 -0.00643978919833898544
-0.79000002145767211900 -0.00641511287540197373
-0.77999997138977050800 -0.00642044702544808388
-0.76999998092651367200 -0.00642293319106101990
-0.75999999046325683600 -0.00639861309900879860
-0.75000000000000000000 -0.00639320816844701767
-0.74000000953674316400 -0.00640842877328395844
-0.73000001907348632800 -0.00641380809247493744
-0.72000002861022949200 -0.00641740486025810242
-0.70999997854232788100 -0.00642933417111635208
-0.69999998807907104500 -0.00641583278775215149
-0.68999999761581420900 -0.00639305496588349343
-0.68000000715255737300 -0.00641319015994668007
-0.67000001668930053700 -0.00640521803870797158
-0.66000002622604370100 -0.00638744188472628594
-0.64999997615814209000 -0.00639755278825759888
-0.63999998569488525400 -0.00640667509287595749
-0.62999999523162841800 -0.00642017507925629616
-0.62000000476837158200 -0.00643076095730066300
-0.61000001430511474600 -0.00643124384805560112
-0.60000002384185791000 -0.00641762884333729744
-0.58999997377395629900 -0.00642204005271196366
-0.57999998331069946300 -0.00641652010381221771
-0.56999999284744262700 -0.00639995094388723374
-0.56000000238418579100 -0.00640350999310612679
-0.55000001192092895500 -0.00639832392334938050
-0.54000002145767211900 -0.00640957197174429894
-0.52999997138977050800 -0.00642226403579115868
-0.51999998092651367200 -0.00642056018114089966
-0.50999999046325683600 -0.00641450705006718636
-0.50000000000000000000 -0.00639864290133118630
-0.49000000953674316400 -0.00638486677780747414
-0.47999998927116394000 -0.00637705484405159950
-0.46999999880790710400 -0.00636547291651368141
-0.46000000834465026800 -0.00634679105132818222
-0.44999998807907104500 -0.00635391194373369217
-0.43999999761581420900 -0.00636812997981905937
-0.43000000715255737300 -0.00636726478114724159
-0.41999998688697814900 -0.00637629721313714981
-0.40999999642372131300 -0.00637617381289601326
-0.40000000596046447700 -0.00634313607588410378
-0.38999998569488525400 -0.00636154599487781525
-0.37999999523162841800 -0.00636842101812362671
-0.37000000476837158200 -0.00633710809051990509
-0.36000001430511474600 -0.00634423317387700081
-0.34999999403953552200 -0.00636490480974316597
-0.34000000357627868600 -0.00636145705357193947
-0.33000001311302185100 -0.00637662690132856369
-0.31999999284744262700 -0.00639453297480940819
-0.31000000238418579100 -0.00636306311935186386
-0.30000001192092895500 -0.00635020621120929718
-0.28999999165534973100 -0.00636910786852240563
-0.28000000119209289500 -0.00634630396962165833
-0.27000001072883606000 -0.00633795000612735748
-0.25999999046325683600 -0.00634493585675954819
-0.25000000000000000000 -0.00634370697662234307
-0.23999999463558197000 -0.00635922001674771309
-0.23000000417232513400 -0.00637026503682136536
-0.21999999880790710400 -0.00635524699464440346
-0.20999999344348907500 -0.00634757895022630692
-0.20000000298023223900 -0.00634509278461337090
-0.18999999761581420900 -0.00633266381919384003
-0.18000000715255737300 -0.00632003881037235260
-0.17000000178813934300 -0.00631480896845459938
-0.15999999642372131300 -0.00631013605743646622
-0.15000000596046447800 -0.00632402114570140839
-0.14000000059604644800 -0.00633437512442469597
-0.12999999523162841800 -0.00632767798379063606
-0.11999999731779098500 -0.00633469317108392716
-0.10999999940395355200 -0.00631531700491905213
-0.10000000149011611900 -0.00631671398878097534
-0.09000000357627868650 -0.00631399499252438545
-0.07999999821186065670 -0.00630400190129876137
-0.07000000029802322390 -0.00629694387316703797
-0.05999999865889549260 -0.00630823383107781410
-0.05000000074505805970 -0.00632051797583699227
-0.03999999910593032840 -0.00631883693858981133
-0.02999999932944774630 -0.00633215485140681267
-0.01999999955296516420 -0.00631520617753267288
-0.00999999977648258210 -0.00628611585125327110
0.00000000000000000000 -0.00630300212651491165
0.00999999977648258210 -0.00629917206242680550
0.01999999955296516420 -0.00625831400975584984
0.02999999932944774630 -0.00625328114256262779
0.03999999910593032840 -0.00626310100778937340
0.05000000074505805970 -0.00625116284936666489
0.05999999865889549260 -0.00625678477808833122
0.07000000029802322390 -0.00625753402709960938
0.07999999821186065670 -0.00622570421546697617
0.09000000357627868650 -0.00620036199688911438
0.10000000149011611900 -0.00620627589523792267
0.10999999940395355200 -0.00617383513599634171
0.11999999731779098500 -0.00615215906873345375
0.12999999523162841800 -0.00615088408812880516
0.14000000059604644800 -0.00613546418026089668
0.15000000596046447800 -0.00614053010940551758
0.15999999642372131300 -0.00614385912194848061
0.17000000178813934300 -0.00612730905413627625
0.18000000715255737300 -0.00611056294292211533
0.18999999761581420900 -0.00608189310878515244
0.20000000298023223900 -0.00606206990778446198
0.20999999344348907500 -0.00604722695425152779
0.21999999880790710400 -0.00601504510268568993
0.23000000417232513400 -0.00598894106224179268
0.23999999463558197000 -0.00597812701016664505
0.25000000000000000000 -0.00595601322129368782
0.25999999046325683600 -0.00592301599681377411
0.27000001072883606000 -0.00589427584782242775
0.28000000119209289500 -0.00584511784836649895
0.28999999165534973100 -0.00578976608812808991
0.30000001192092895500 -0.00574852991849184036
0.31000000238418579100 -0.00568189611658453942
0.31999999284744262700 -0.00560848694294691086
0.33000001311302185100 -0.00555080408230423928
0.34000000357627868600 -0.00548237096518278122
0.34999999403953552200 -0.00540144182741641998
0.36000001430511474600 -0.00532182306051254273
0.37000000476837158200 -0.00521681178361177445
0.37999999523162841800 -0.00509418314322829247
0.38999998569488525400 -0.00498320907354354859
0.40000000596046447700 -0.00485439319163560867
0.40999999642372131300 -0.00470983795821666718
0.41999998688697814900 -0.00457261502742767334
0.43000000715255737300 -0.00442322809249162674
0.43999999761581420900 -0.00426779920235276222
0.44999998807907104500 -0.00410703010857105255
0.46000000834465026800 -0.00393479503691196442
0.46999999880790710400 -0.00374779803678393364
0.47999998927116394000 -0.00355446897447109223
0.49000000953674316400 -0.00336253992281854153
0.50000000000000000000 -0.00316002289764583111
0.50999999046325683600 -0.00295013096183538437
0.51999998092651367200 -0.00273872702382504940
0.52999997138977050800 -0.00252485694363713265
0.54000002145767211900 -0.00230855401605367661
0.55000001192092895500 -0.00208443799056112766
0.56000000238418579100 -0.00185564602725207806
0.56999999284744262700 -0.00162163795903325081
0.57999998331069946300 -0.00138012797106057406
0.58999997377395629900 -0.00114213698543608189
0.60000002384185791000 -0.00086311227641999722
0.61000001430511474600 -0.00062536512268707156
0.62000000476837158200 -0.00038636580575257540
0.62999999523162841800 -0.00014807090337853879
0.63999998569488525400 0.00009275617048842832
0.64999997615814209000 0.00033331749727949500
0.66000002622604370100 0.00057984289014711976
0.67000001668930053700 0.00082386471331119537
0.68000000715255737300 0.00112009898293763399
0.68999999761581420900 0.00138704304117709398
0.69999998807907104500 0.00165255402680486441
0.70999997854232788100 0.00191653601359575987
0.72000002861022949200 0.00218624109402298927
0.73000001907348632800 0.00245601893402636051
0.74000000953674316400 0.00272434903308749199
0.75000000000000000000 0.00299714389257133007
0.75999999046325683600 0.00326800602488219738
0.76999998092651367200 0.00354008888825774193
0.77999997138977050800 0.00381633499637246132
0.79000002145767211900 0.00409234222024679184
0.80000001192092895500 0.00436979718506336212
0.81000000238418579100 0.00464819604530930519
0.81999999284744262700 0.00492754392325878143
0.82999998331069946300 0.00520716281607747078
0.83999997377395629900 0.00548848090693354607
0.85000002384185791000 0.00576836522668600083
0.86000001430511474600 0.00605039577931165695
0.87000000476837158200 0.00633404077962040901
0.87999999523162841800 0.00661628879606723786
0.88999998569488525400 0.00690153893083333969
0.89999997615814209000 0.00718775484710931778
0.91000002622604370100 0.00747234001755714417
0.92000001668930053700 0.00775929680094122887
0.93000000715255737300 0.00804616045206785202
0.93999999761581420900 0.00833373889327049256
0.94999998807907104500 0.00862180534750223160
0.95999997854232788100 0.00890986435115337372
0.97000002861022949200 0.00919886305928230286
0.98000001907348632800 0.00948900543153285980
0.99000000953674316400 0.00977858342230319977
1.00000000000000000000 0.01006929017603397370
