-1.00000000000000000000 -0.00623456714674830437
-0.99000000953674316400 -0.00622582295909523964
-0.98000001907348632800 -0.00621979497373104096
-0.97000002861022949200 -0.00621817680075764656
-0.95999997854232788100 -0.00621066195890307427
-0.94999998807907104500 -0.00620368495583534241
-0.93999999761581420900 -0.00619529280811548233
-0.93000000715255737300 -0.00620458414778113365
-0.92000001668930053700 -0.00623025884851813317
-0.91000002622604370100 -0.00621371716260910034
-0.89999997615814209000 -0.00622514123097062111
-0.88999998569488525400 -0.00622205808758735657
-0.87999999523162841800 -0.00619423389434814453
-0.87000000476837158200 -0.00620748894289135933
-0.86000001430511474600 -0.00620732503011822701
-0.85000002384185791000 -0.00618609320372343064
-0.83999997377395629900 -0.00619846209883689881
-0.82999998331069946300 -0.00622146902605891228
-0.81999999284744262700 -0.00621188618242740631
-0.81000000238418579100 -0.00623277900740504265
-0.80000001192092895500 -0.00623774016276001930
-0.79000002145767211900 -0.00620094500482082367
-0.77999997138977050800 -0.00621202215552330017
-0.76999998092651367200 -0.00621913000941276550
-0.75999999046325683600 -0.00618064915761351586
-0.75000000000000000000 -0.00618914281949400902
-0.74000000953674316400 -0.00620426610112190247
-0.73000001907348632800 -0.00620057992637157440
-0.72000002861022949200 -0.00621696095913648606
-0.70999997854232788100 -0.00622678920626640320
-0.69999998807907104500 -0.00619795778766274452
-0.68999999761581420900 -0.00618626596406102181
-0.68000000715255737300 -0.00619898783043026924
-0.67000001668930053700 -0.00617979792878031731
-0.66000002622604370100 -0.00616590678691864014
-0.64999997615814209000 -0.00617402419447898865
-0.63999998569488525400 -0.00617648521438241005
-0.62999999523162841800 -0.00620184279978275299
-0.62000000476837158200 -0.00620738789439201355
-0.61000001430511474600 -0.00620601512491703034
-0.60000002384185791000 -0.00620671780779957772
-0.58999997377395629900 -0.00619405182078480721
-0.57999998331069946300 -0.00619744090363383293
-0.56999999284744262700 -0.00620151218026876450
-0.56000000238418579100 -0.00619005411863327027
-0.55000001192092895500 -0.00618950277566909790
-0.54000002145767211900 -0.00621643196791410446
-0.52999997138977050800 -0.00621865177527070046
-0.51999998092651367200 -0.00622301083058118820
-0.50999999046325683600 -0.00623374478891491890
-0.50000000000000000000 -0.00620880722999572754
-0.49000000953674316400 -0.00620132498443126679
-0.47999998927116394000 -0.00622063782066106796
-0.46999999880790710400 -0.00619242992252111435
-0.46000000834465026800 -0.00617645122110843659
-0.44999998807907104500 -0.00620275316759943962
-0.43999999761581420900 -0.00620245188474655152
-0.43000000715255737300 -0.00620978092774748802
-0.41999998688697814900 -0.00623147794976830483
-0.40999999642372131300 -0.00621173391118645668
-0.40000000596046447700 -0.00617893412709236145
-0.38999998569488525400 -0.00620514713227748871
-0.37999999523162841800 -0.00618191482499241829
-0.37000000476837158200 -0.00616022711619734764
-0.36000001430511474600 -0.00618128897622227669
-0.34999999403953552200 -0.00617340486496686936
-0.34000000357627868600 -0.00618712604045867920
-0.33000001311302185100 -0.00621103914454579354
-0.31999999284744262700 -0.00619802484288811684
-0.31000000238418579100 -0.00619165506213903427
-0.30000001192092895500 -0.00618465198203921318
-0.28999999165534973100 -0.00617623515427112580
-0.28000000119209289500 -0.00617408705875277519
-0.27000001072883606000 -0.00617303280159831047
-0.25999999046325683600 -0.00616076914593577385
-0.25000000000000000000 -0.00617945799604058266
-0.23999999463558197000 -0.00619996618479490280
-0.23000000417232513400 -0.00619065482169389725
-0.21999999880790710400 -0.00620021997019648552
-0.20999999344348907500 -0.00619387114420533180
-0.20000000298023223900 -0.00616940716281533242
-0.18999999761581420900 -0.00617656484246253968
-0.18000000715255737300 -0.00616883113980293274
-0.17000000178813934300 -0.00614805985242128372
-0.15999999642372131300 -0.00615709600970149040
-0.15000000596046447800 -0.00617792084813117981
-0.14000000059604644800 -0.00617123208940029144
-0.12999999523162841800 -0.00618917588144540787
-0.11999999731779098500 -0.00618508504703640938
-0.10999999940395355200 -0.00614076992496848107
-0.10000000149011611900 -0.00616096798330545426
-0.09000000357627868650 -0.00615656701847910881
-0.07999999821186065670 -0.00612441496923565865
-0.07000000029802322390 -0.00613969797268509865
-0.05999999865889549260 -0.00615075509995222092
-0.05000000074505805970 -0.00615582102909684181
-0.03999999910593032840 -0.00617731222882866860
-0.02999999932944774630 -0.00618825294077396393
-0.01999999955296516420 -0.00616485718637704849
-0.00999999977648258210 -0.00616114586591720581
0.00000000000000000000 -0.00616910494863986969
0.00999999977648258210 -0.00615793885663151741
0.01999999955296516420 -0.00614431593567132950
0.02999999932944774630 -0.00615681707859039307
0.03999999910593032840 -0.00614977208897471428
0.05000000074505805970 -0.00616695405915379524
0.05999999865889549260 -0.00618446199223399162
0.07000000029802322390 -0.00617813318967819214
0.07999999821186065670 -0.00617063511162996292
0.09000000357627868650 -0.00615146616473793984
0.10000000149011611900 -0.00614658184349536896
0.10999999940395355200 -0.00614796299487352371
0.11999999731779098500 -0.00613269209861755371
0.12999999523162841800 -0.00612291879951953888
0.14000000059604644800 -0.00613832985982298851
0.15000000596046447800 -0.00615493999794125557
0.15999999642372131300 -0.00614148983731865883
0.17000000178813934300 -0.00616023084148764610
0.18000000715255737300 -0.00614498509094119072
0.18999999761581420900 -0.00610922416672110558
0.20000000298023223900 -0.00612524384632706642
0.20999999344348907500 -0.00611078692600131035
0.21999999880790710400 -0.00608026096597313881
0.23000000417232513400 -0.00609313510358333588
0.23999999463558197000 -0.00609935820102691651
0.25000000000000000000 -0.00609343592077493668
0.25999999046325683600 -0.00611875113099813462
0.27000001072883606000 -0.00609514722600579262
0.28000000119209289500 -0.00605805078521370888
0.28999999165534973100 -0.00607865909114480019
0.30000001192092895500 -0.00605667009949684143
0.31000000238418579100 -0.00602353783324360848
0.31999999284744262700 -0.00603124499320983887
0.33000001311302185100 -0.00601874385029077530
0.34000000357627868600 -0.00601875223219394684
0.34999999403953552200 -0.00602719979360699654
0.36000001430511474600 -0.00600648112595081330
0.37000000476837158200 -0.00598267186433076859
0.37999999523162841800 -0.00596112385392189026
0.38999998569488525400 -0.00593649782240390778
0.40000000596046447700 -0.00591483805328607559
0.40999999642372131300 -0.00588772399351000786
0.41999998688697814900 -0.00585807999595999718
0.43000000715255737300 -0.00584927899762988091
0.43999999761581420900 -0.00584221584722399712
0.44999998807907104500 -0.00580769916996359825
0.46000000834465026800 -0.00578157184645533562
0.46999999880790710400 -0.00573445297777652741
0.47999998927116394000 -0.00568986684083938599
0.49000000953674316400 -0.00565398205071687699
0.50000000000000000000 -0.00558984605595469475
0.50999999046325683600 -0.00553202396258711815
0.51999998092651367200 -0.00548499217256903649
0.52999997138977050800 -0.00542582105845212937
0.54000002145767211900 -0.00533733097836375237
0.55000001192092895500 -0.00525383278727531433
0.56000000238418579100 -0.00511804083362221718
0.56999999284744262700 -0.00494365999475121498
0.57999998331069946300 -0.00478163082152605057
0.58999997377395629900 -0.00456669786944985390
0.60000002384185791000 -0.00430175382643938065
0.61000001430511474600 -0.00402912497520446777
0.62000000476837158200 -0.00370758608914911747
0.62999999523162841800 -0.00334354094229638577
0.63999998569488525400 -0.00295495800673961640
0.64999997615814209000 -0.00250967009924352169
0.66000002622604370100 -0.00202371808700263500
0.67000001668930053700 -0.00151715695392340422
0.68000000715255737300 -0.00095530191902071238
0.68999999761581420900 -0.00041614120709709823
0.69999998807907104500 0.00010745300096459687
0.70999997854232788100 0.00073594728019088507
0.72000002861022949200 0.00139884802047163248
0.73000001907348632800 0.00205938704311847687
0.74000000953674316400 0.00273204292170703411
0.75000000000000000000 0.00342281698249280453
0.75999999046325683600 0.00412368308752775192
0.76999998092651367200 0.00483694020658731461
0.77999997138977050800 0.00555896107107400894
0.79000002145767211900 0.00629380391910672188
0.80000001192092895500 0.00703946501016616822
0.81000000238418579100 0.00778798479586839676
0.81999999284744262700 0.00855432730168104172
0.82999998331069946300 0.00932699907571077347
0.83999997377395629900 0.01009111013263463970
0.85000002384185791000 0.01035223994404077530
0.86000001430511474600 0.01111697964370250700
0.87000000476837158200 0.01187914982438087460
0.87999999523162841800 0.01262984983623027800
0.88999998569488525400 0.01341455988585948940
0.89999997615814209000 0.01419271994382143020
0.91000002622604370100 0.01495727989822626110
0.92000001668930053700 0.01575906015932559970
0.93000000715255737300 0.01655126921832561490
0.93999999761581420900 0.01734537072479724880
0.94999998807907104500 0.01816996000707149510
0.95999997854232788100 0.01898276992142200470
0.97000002861022949200 0.01978652924299240110
0.98000001907348632800 0.02062199078500270840
0.99000000953674316400 0.02143971063196659090
1.00000000000000000000 0.02225708961486816410
