-1.00000000000000000000 -0.00610247207805514336
-0.99000000953674316400 -0.00610294984653592110
-0.98000001907348632800 -0.00608271081000566483
-0.97000002861022949200 -0.00607575522735714913
-0.95999997854232788100 -0.00609155185520648956
-0.94999998807907104500 -0.00609832489863038063
-0.93999999761581420900 -0.00609855819493532181
-0.93000000715255737300 -0.00610724603757262230
-0.92000001668930053700 -0.00609184801578521729
-0.91000002622604370100 -0.00606719776988029480
-0.89999997615814209000 -0.00608275411650538445
-0.88999998569488525400 -0.00607170816510915756
-0.87999999523162841800 -0.00604904303327202797
-0.87000000476837158200 -0.00605658302083611489
-0.86000001430511474600 -0.00606563081964850426
-0.85000002384185791000 -0.00608143908903002739
-0.83999997377395629900 -0.00608364306390285492
-0.82999998331069946300 -0.00609545689076185227
-0.81999999284744262700 -0.00608173198997974396
-0.81000000238418579100 -0.00606819381937384606
-0.80000001192092895500 -0.00608162581920623780
-0.79000002145767211900 -0.00607955921441316605
-0.77999997138977050800 -0.00607360294088721276
-0.76999998092651367200 -0.00607517780736088753
-0.75999999046325683600 -0.00609426293522119522
-0.75000000000000000000 -0.00610823417082428932
-0.74000000953674316400 -0.00611374899744987488
-0.73000001907348632800 -0.00611176621168851853
-0.72000002861022949200 -0.00609105220064520836
-0.70999997854232788100 -0.00609421078115701676
-0.69999998807907104500 -0.00609702384099364281
-0.68999999761581420900 -0.00607438199222087860
-0.68000000715255737300 -0.00607094913721084595
-0.67000001668930053700 -0.00608748896047472954
-0.66000002622604370100 -0.00608912901952862740
-0.64999997615814209000 -0.00609158910810947418
-0.63999998569488525400 -0.00610398920252919197
-0.62999999523162841800 -0.00608982704579830170
-0.62000000476837158200 -0.00607087183743715286
-0.61000001430511474600 -0.00608626520261168480
-0.60000002384185791000 -0.00607973802834749222
-0.58999997377395629900 -0.00606130482628941536
-0.57999998331069946300 -0.00606567692011594773
-0.56999999284744262700 -0.00607379898428916931
-0.56000000238418579100 -0.00609466899186372757
-0.55000001192092895500 -0.00609906995669007302
-0.54000002145767211900 -0.00609801616519689560
-0.52999997138977050800 -0.00608872715383768082
-0.51999998092651367200 -0.00607827492058277130
-0.50999999046325683600 -0.00608418881893157959
-0.50000000000000000000 -0.00607258500531315804
-0.49000000953674316400 -0.00606502918526530266
-0.47999998927116394000 -0.00607304507866501808
-0.46999999880790710400 -0.00608486821874976158
-0.46000000834465026800 -0.00609096186235547066
-0.44999998807907104500 -0.00609959615394473076
-0.43999999761581420900 -0.00608788803219795227
-0.43000000715255737300 -0.00606253510341048241
-0.41999998688697814900 -0.00607153493911027908
-0.40999999642372131300 -0.00606396002694964409
-0.40000000596046447700 -0.00604064203798770905
-0.38999998569488525400 -0.00604051118716597557
-0.37999999523162841800 -0.00604937179014086724
-0.37000000476837158200 -0.00604908494278788567
-0.36000001430511474600 -0.00606130622327327728
-0.34999999403953552200 -0.00606631301343441010
-0.34000000357627868600 -0.00604773405939340592
-0.33000001311302185100 -0.00603349599987268448
-0.31999999284744262700 -0.00604663090780377388
-0.31000000238418579100 -0.00603913795202970505
-0.30000001192092895500 -0.00602862006053328514
-0.28999999165534973100 -0.00603944296017289162
-0.28000000119209289500 -0.00604567816480994225
-0.27000001072883606000 -0.00606746878474950791
-0.25999999046325683600 -0.00607735197991132736
-0.25000000000000000000 -0.00607280712574720383
-0.23999999463558197000 -0.00605962006375193596
-0.23000000417232513400 -0.00606670603156089783
-0.21999999880790710400 -0.00606029806658625603
-0.20999999344348907500 -0.00604722881689667702
-0.20000000298023223900 -0.00605184212327003479
-0.18999999761581420900 -0.00604850286617875099
-0.18000000715255737300 -0.00606793118640780449
-0.17000000178813934300 -0.00607653381302952767
-0.15999999642372131300 -0.00607720389962196350
-0.15000000596046447800 -0.00607303483411669731
-0.14000000059604644800 -0.00605268497020006180
-0.12999999523162841800 -0.00605298578739166260
-0.11999999731779098500 -0.00605045678094029427
-0.10999999940395355200 -0.00602972507476806641
-0.10000000149011611900 -0.00603030994534492493
-0.09000000357627868650 -0.00604103086516261101
-0.07999999821186065670 -0.00604863977059721947
-0.07000000029802322390 -0.00605850992724299431
-0.05999999865889549260 -0.00606231810525059700
-0.05000000074505805970 -0.00605140579864382744
-0.03999999910593032840 -0.00603761384263634682
-0.02999999932944774630 -0.00605197018012404442
-0.01999999955296516420 -0.00604678783565759659
-0.00999999977648258210 -0.00602599419653415680
0.00000000000000000000 -0.00602821586653590202
0.00999999977648258210 -0.00603786390274763108
0.01999999955296516420 -0.00604930100962519646
0.02999999932944774630 -0.00605859002098441124
0.03999999910593032840 -0.00606338120996952057
0.05000000074505805970 -0.00605258299037814140
0.05999999865889549260 -0.00603283103555440903
0.07000000029802322390 -0.00604464113712310791
0.07999999821186065670 -0.00603924784809350968
0.09000000357627868650 -0.00601076101884245873
0.10000000149011611900 -0.00601070513948798180
0.10999999940395355200 -0.00602563004940748215
0.11999999731779098500 -0.00602540513500571251
0.12999999523162841800 -0.00602859817445278168
0.14000000059604644800 -0.00602904101833701134
0.15000000596046447800 -0.00600434700027108193
0.15999999642372131300 -0.00598832499235868454
0.17000000178813934300 -0.00599598884582519531
0.18000000715255737300 -0.00598062109202146530
0.18999999761581420900 -0.00596586614847183228
0.20000000298023223900 -0.00597491022199392319
0.20999999344348907500 -0.00599101185798645020
0.21999999880790710400 -0.00599199905991554260
0.23000000417232513400 -0.00600607600063085556
0.23999999463558197000 -0.00600573979318141937
0.25000000000000000000 -0.00597364315763115883
0.25999999046325683600 -0.00598692009225487709
0.27000001072883606000 -0.00598903698846697808
0.28000000119209289500 -0.00595663581043481827
0.28999999165534973100 -0.00596555182710289955
0.30000001192092895500 -0.00596824986860156059
0.31000000238418579100 -0.00597012788057327271
0.31999999284744262700 -0.00598302623257040978
0.33000001311302185100 -0.00598956691101193428
0.34000000357627868600 -0.00596705218777060509
0.34999999403953552200 -0.00594881176948547364
0.36000001430511474600 -0.00595191214233636856
0.37000000476837158200 -0.00593604007735848427
0.37999999523162841800 -0.00590843008831143379
0.38999998569488525400 -0.00590041792020201683
0.40000000596046447700 -0.00589736877009272576
0.40999999642372131300 -0.00589482998475432396
0.41999998688697814900 -0.00588302500545978546
0.43000000715255737300 -0.00587140908464789391
0.43999999761581420900 -0.00583526119589805603
0.44999998807907104500 -0.00580166280269622803
0.46000000834465026800 -0.00579056888818740845
0.46999999880790710400 -0.00575751205906271935
0.47999998927116394000 -0.00571199087426066399
0.49000000953674316400 -0.00568967079743742943
0.50000000000000000000 -0.00565424514934420586
0.50999999046325683600 -0.00561174517497420311
0.51999998092651367200 -0.00556064397096633911
0.52999997138977050800 -0.00548349320888519287
0.54000002145767211900 -0.00536721805110573769
0.55000001192092895500 -0.00526561588048934937
0.56000000238418579100 -0.00513072917237877846
0.56999999284744262700 -0.00495276413857936859
0.57999998331069946300 -0.00476149190217256546
0.58999997377395629900 -0.00454149022698402405
0.60000002384185791000 -0.00428868783637881279
0.61000001430511474600 -0.00400366121903061867
0.62000000476837158200 -0.00368527299724519253
0.62999999523162841800 -0.00332096801139414311
0.63999998569488525400 -0.00292726303450763226
0.64999997615814209000 -0.00252237194217741489
0.66000002622604370100 -0.00208628200925886631
0.67000001668930053700 -0.00162429804913699627
0.68000000715255737300 -0.00115390995051711798
0.68999999761581420900 -0.00065351650118827820
0.69999998807907104500 -0.00017662539903540164
0.70999997854232788100 0.00029531939071603119
0.72000002861022949200 0.00080404290929436684
0.73000001907348632800 0.00136711401864886284
0.74000000953674316400 0.00190007500350475311
0.75000000000000000000 0.00244272989220917225
0.75999999046325683600 0.00298897805623710156
0.76999998092651367200 0.00353871495462954044
0.77999997138977050800 0.00409632083028554916
0.79000002145767211900 0.00466362899169325829
0.80000001192092895500 0.00523147778585553169
0.81000000238418579100 0.00579984812065958977
0.81999999284744262700 0.00638391682878136635
0.82999998331069946300 0.00697150081396102906
0.83999997377395629900 0.00755546987056732178
0.85000002384185791000 0.00815316941589117050
0.86000001430511474600 0.00632359506562352181
0.87000000476837158200 0.00916238408535718918
0.87999999523162841800 0.00961454492062330246
0.88999998569488525400 0.00912357866764068604
0.89999997615814209000 0.00874555669724941254
0.91000002622604370100 0.01116278022527694700
0.92000001668930053700 0.01190564036369323730
0.93000000715255737300 0.01193911023437976840
0.93999999761581420900 0.01204072032123804090
0.94999998807907104500 0.01141627971082925800
0.95999997854232788100 0.01199695002287626270
0.97000002861022949200 0.01231987029314041140
0.98000001907348632800 0.01359760016202926640
0.99000000953674316400 0.01537956018000841140
1.00000000000000000000 0.01592805050313472750
