-1.00000000000000000000 -0.00609159097075462342
-0.99000000953674316400 -0.00609856285154819489
-0.98000001907348632800 -0.00611185608431696892
-0.97000002861022949200 -0.00610540807247161865
-0.95999997854232788100 -0.00608085095882415772
-0.94999998807907104500 -0.00610080407932400704
-0.93999999761581420900 -0.00609605107456445694
-0.93000000715255737300 -0.00607256591320037842
-0.92000001668930053700 -0.00608060602098703385
-0.91000002622604370100 -0.00608996022492647171
-0.89999997615814209000 -0.00610050000250339508
-0.88999998569488525400 -0.00610326603055000305
-0.87999999523162841800 -0.00610324414446949959
-0.87000000476837158200 -0.00607775105163455010
-0.86000001430511474600 -0.00607535801827907562
-0.85000002384185791000 -0.00607347721233963967
-0.83999997377395629900 -0.00605533691123127938
-0.82999998331069946300 -0.00605128798633813858
-0.81999999284744262700 -0.00605764286592602730
-0.81000000238418579100 -0.00607221014797687531
-0.80000001192092895500 -0.00608641700819134712
-0.79000002145767211900 -0.00608909502625465393
-0.77999997138977050800 -0.00608163513243198395
-0.76999998092651367200 -0.00606752093881368637
-0.75999999046325683600 -0.00607426278293132782
-0.75000000000000000000 -0.00607577292248606682
-0.74000000953674316400 -0.00606129691004753113
-0.73000001907348632800 -0.00606459798291325569
-0.72000002861022949200 -0.00608222791925072670
-0.70999997854232788100 -0.00609286502003669739
-0.69999998807907104500 -0.00609923712909221649
-0.68999999761581420900 -0.00610399898141622544
-0.68000000715255737300 -0.00608245283365249634
-0.67000001668930053700 -0.00609157420694828034
-0.66000002622604370100 -0.00609065778553485871
-0.64999997615814209000 -0.00606763083487749100
-0.63999998569488525400 -0.00606658076867461205
-0.62999999523162841800 -0.00607706420123577118
-0.62000000476837158200 -0.00608765101060271263
-0.61000001430511474600 -0.00609611906111240387
-0.60000002384185791000 -0.00609729578718543053
-0.58999997377395629900 -0.00608407892286777497
-0.57999998331069946300 -0.00606558797881007195
-0.56999999284744262700 -0.00607553217560052872
-0.56000000238418579100 -0.00606094580143690109
-0.55000001192092895500 -0.00604882091283798218
-0.54000002145767211900 -0.00605917489156126976
-0.52999997138977050800 -0.00606619101017713547
-0.51999998092651367200 -0.00608058087527751923
-0.50999999046325683600 -0.00609054183587431908
-0.50000000000000000000 -0.00607921183109283447
-0.49000000953674316400 -0.00606206897646188736
-0.47999998927116394000 -0.00607632379978895188
-0.46999999880790710400 -0.00606619520112872124
-0.46000000834465026800 -0.00605115294456481934
-0.44999998807907104500 -0.00605804892256855965
-0.43999999761581420900 -0.00606965599581599236
-0.43000000715255737300 -0.00608360115438699722
-0.41999998688697814900 -0.00609228899702429772
-0.40999999642372131300 -0.00609827414155006409
-0.40000000596046447700 -0.00608025398105382920
-0.38999998569488525400 -0.00606875820085406304
-0.37999999523162841800 -0.00607595918700098992
-0.37000000476837158200 -0.00605954788625240326
-0.36000001430511474600 -0.00605025002732872963
-0.34999999403953552200 -0.00605213502421975136
-0.34000000357627868600 -0.00606123404577374458
-0.33000001311302185100 -0.00606599496677517891
-0.31999999284744262700 -0.00607629399746656418
-0.31000000238418579100 -0.00606451323255896568
-0.30000001192092895500 -0.00603181822225451470
-0.28999999165534973100 -0.00604764511808753014
-0.28000000119209289500 -0.00604202412068843842
-0.27000001072883606000 -0.00600816821679472924
-0.25999999046325683600 -0.00602054595947265625
-0.25000000000000000000 -0.00603069877251982689
-0.23999999463558197000 -0.00603390717878937721
-0.23000000417232513400 -0.00605183001607656479
-0.21999999880790710400 -0.00606122612953186035
-0.20999999344348907500 -0.00604226486757397652
-0.20000000298023223900 -0.00603594910353422165
-0.18999999761581420900 -0.00604536989703774452
-0.18000000715255737300 -0.00603802502155303955
-0.17000000178813934300 -0.00602779397740960121
-0.15999999642372131300 -0.00603703502565622330
-0.15000000596046447800 -0.00604393705725669861
-0.14000000059604644800 -0.00605550315231084824
-0.12999999523162841800 -0.00606703292578458786
-0.11999999731779098500 -0.00606481404975056648
-0.10999999940395355200 -0.00603783782571554184
-0.10000000149011611900 -0.00605224911123514176
-0.09000000357627868650 -0.00605111010372638703
-0.07999999821186065670 -0.00602543400600552559
-0.07000000029802322390 -0.00603142101317644119
-0.05999999865889549260 -0.00603696983307600022
-0.05000000074505805970 -0.00604990823194384575
-0.03999999910593032840 -0.00604951009154319763
-0.02999999932944774630 -0.00605910317972302437
-0.01999999955296516420 -0.00604512821882963181
-0.00999999977648258210 -0.00601950520649552345
0.00000000000000000000 -0.00602927291765809059
0.00999999977648258210 -0.00602308008819818497
0.01999999955296516420 -0.00600281497463583946
0.02999999932944774630 -0.00600050203502178192
0.03999999910593032840 -0.00601008301600813866
0.05000000074505805970 -0.00602336321026086807
0.05999999865889549260 -0.00603748206049203873
0.07000000029802322390 -0.00604502996429800987
0.07999999821186065670 -0.00603216188028454781
0.09000000357627868650 -0.00601477082818746567
0.10000000149011611900 -0.00603026291355490685
0.10999999940395355200 -0.00602021580561995506
0.11999999731779098500 -0.00600733002647757530
0.12999999523162841800 -0.00601147720590233803
0.14000000059604644800 -0.00602265214547514916
0.15000000596046447800 -0.00603605294600129128
0.15999999642372131300 -0.00604422297328710556
0.17000000178813934300 -0.00603585410863161087
0.18000000715255737300 -0.00601913500577211380
0.18999999761581420900 -0.00601511122658848763
0.20000000298023223900 -0.00600800476968288422
0.20999999344348907500 -0.00599213503301143646
0.21999999880790710400 -0.00598317990079522133
0.23000000417232513400 -0.00598118919879198075
0.23999999463558197000 -0.00599010987207293511
0.25000000000000000000 -0.00599381700158119202
0.25999999046325683600 -0.00599606614559888840
0.27000001072883606000 -0.00597862806171178818
0.28000000119209289500 -0.00595228979364037514
0.28999999165534973100 -0.00595980696380138397
0.30000001192092895500 -0.00595228513702750206
0.31000000238418579100 -0.00592954782769083977
0.31999999284744262700 -0.00593349477276206017
0.33000001311302185100 -0.00594175420701503754
0.34000000357627868600 -0.00594319496303796768
0.34999999403953552200 -0.00595138780772686005
0.36000001430511474600 -0.00595193915069103241
0.37000000476837158200 -0.00592807494103908539
0.37999999523162841800 -0.00591404689475893974
0.38999998569488525400 -0.00591264199465513230
0.40000000596046447700 -0.00588463898748159409
0.40999999642372131300 -0.00587092386558651924
0.41999998688697814900 -0.00587009219452738762
0.43000000715255737300 -0.00586199713870882988
0.43999999761581420900 -0.00585956918075680733
0.44999998807907104500 -0.00585287204012274742
0.46000000834465026800 -0.00581196323037147522
0.46999999880790710400 -0.00577495107427239418
0.47999998927116394000 -0.00575989484786987305
0.49000000953674316400 -0.00570990890264511109
0.50000000000000000000 -0.00565551221370697022
0.50999999046325683600 -0.00561456708237528801
0.51999998092651367200 -0.00555838318541646004
0.52999997138977050800 -0.00549534987658262253
0.54000002145767211900 -0.00541262980550527573
0.55000001192092895500 -0.00530622480437159538
0.56000000238418579100 -0.00516763003543019295
0.56999999284744262700 -0.00499946996569633484
0.57999998331069946300 -0.00481759803369641304
0.58999997377395629900 -0.00459179515019059181
0.60000002384185791000 -0.00433476502075791359
0.61000001430511474600 -0.00404573092237114906
0.62000000476837158200 -0.00373154599219560623
0.62999999523162841800 -0.00337571301497519016
0.63999998569488525400 -0.00299097108654677868
0.64999997615814209000 -0.00256656389683485031
0.66000002622604370100 -0.00211402797140181065
0.67000001668930053700 -0.00164804398082196713
0.68000000715255737300 -0.00115651800297200680
0.68999999761581420900 -0.00063670962117612362
0.69999998807907104500 -0.00013435640721581876
0.70999997854232788100 0.00036040181294083595
0.72000002861022949200 0.00089264981215819716
0.73000001907348632800 0.00150320096872746944
0.74000000953674316400 0.00207373709417879582
0.75000000000000000000 0.00264854799024760723
0.75999999046325683600 0.00323019595816731453
0.76999998092651367200 0.00381926889531314373
0.77999997138977050800 0.00440191291272640228
0.79000002145767211900 0.00501656392589211464
0.80000001192092895500 0.00560355512425303459
0.81000000238418579100 0.00621855119243264198
0.81999999284744262700 0.00684366282075643540
0.82999998331069946300 0.00745225278660655022
0.83999997377395629900 0.00808018911629915238
0.85000002384185791000 0.00871158670634031296
0.86000001430511474600 0.00933459214866161347
0.87000000476837158200 0.00997388921678066254
0.87999999523162841800 0.01014691963791847230
0.88999998569488525400 0.01076047960668802260
0.89999997615814209000 0.01138870976865291600
0.91000002622604370100 0.01202306989580392840
0.92000001668930053700 0.01267706044018268590
0.93000000715255737300 0.01334984041750431060
0.93999999761581420900 0.01402391958981752400
0.94999998807907104500 0.01471631973981857300
0.95999997854232788100 0.01537971012294292450
0.97000002861022949200 0.01606011018157005310
0.98000001907348632800 0.01678108051419258120
0.99000000953674316400 0.01748141087591648100
1.00000000000000000000 0.01816925965249538420
