-1.00000000000000000000 -0.00605604518204927445
-0.99000000953674316400 -0.00605097506195306778
-0.98000001907348632800 -0.00604971218854188919
-0.97000002861022949200 -0.00603514909744262696
-0.95999997854232788100 -0.00602648081257939339
-0.94999998807907104500 -0.00603424618020653725
-0.93999999761581420900 -0.00603690277785062790
-0.93000000715255737300 -0.00604678085073828697
-0.92000001668930053700 -0.00605386681854724884
-0.91000002622604370100 -0.00603397609665989876
-0.89999997615814209000 -0.00601775199174880982
-0.88999998569488525400 -0.00603358214721083641
-0.87999999523162841800 -0.00602045282721519470
-0.87000000476837158200 -0.00600937614217400551
-0.86000001430511474600 -0.00602144515141844750
-0.85000002384185791000 -0.00602573994547128678
-0.83999997377395629900 -0.00604511285200715065
-0.82999998331069946300 -0.00605344912037253380
-0.81999999284744262700 -0.00606456818059086800
-0.81000000238418579100 -0.00605658302083611489
-0.80000001192092895500 -0.00604009302332997322
-0.79000002145767211900 -0.00605044607073068619
-0.77999997138977050800 -0.00604537595063447952
-0.76999998092651367200 -0.00602943496778607369
-0.75999999046325683600 -0.00603901594877243042
-0.75000000000000000000 -0.00604989798739552498
-0.74000000953674316400 -0.00605850713327527046
-0.73000001907348632800 -0.00606866879388689995
-0.72000002861022949200 -0.00606469903141260147
-0.70999997854232788100 -0.00604677200317382813
-0.69999998807907104500 -0.00604663696140050888
-0.68999999761581420900 -0.00604833196848630905
-0.68000000715255737300 -0.00602873181924223900
-0.67000001668930053700 -0.00601769099012017250
-0.66000002622604370100 -0.00603143405169248581
-0.64999997615814209000 -0.00603925390169024468
-0.63999998569488525400 -0.00605145702138543129
-0.62999999523162841800 -0.00606214208528399468
-0.62000000476837158200 -0.00604629795998334885
-0.61000001430511474600 -0.00602998491376638413
-0.60000002384185791000 -0.00604810612276196480
-0.58999997377395629900 -0.00603737682104110718
-0.57999998331069946300 -0.00601803092285990715
-0.56999999284744262700 -0.00602557091042399407
-0.56000000238418579100 -0.00603133998811244965
-0.55000001192092895500 -0.00604584114626049996
-0.54000002145767211900 -0.00605617696419358254
-0.52999997138977050800 -0.00606134394183754921
-0.51999998092651367200 -0.00604969495907425881
-0.50999999046325683600 -0.00603214884176850319
-0.50000000000000000000 -0.00604216009378433228
-0.49000000953674316400 -0.00603192904964089394
-0.47999998927116394000 -0.00601765699684619904
-0.46999999880790710400 -0.00602267822250723839
-0.46000000834465026800 -0.00603093300014734268
-0.44999998807907104500 -0.00604632822796702385
-0.43999999761581420900 -0.00605072779580950737
-0.43000000715255737300 -0.00604682788252830506
-0.41999998688697814900 -0.00603059818968176842
-0.40999999642372131300 -0.00601559411734342575
-0.40000000596046447700 -0.00601507304236292839
-0.38999998569488525400 -0.00600320985540747643
-0.37999999523162841800 -0.00599033990874886513
-0.37000000476837158200 -0.00599924288690090180
-0.36000001430511474600 -0.00600260682404041290
-0.34999999403953552200 -0.00601374777033925057
-0.34000000357627868600 -0.00602664798498153687
-0.33000001311302185100 -0.00601890822872519493
-0.31999999284744262700 -0.00600027199834585190
-0.31000000238418579100 -0.00601133005693554878
-0.30000001192092895500 -0.00600898498669266701
-0.28999999165534973100 -0.00599694298580288887
-0.28000000119209289500 -0.00600408995524048805
-0.27000001072883606000 -0.00600351719185709954
-0.25999999046325683600 -0.00602305820211768150
-0.25000000000000000000 -0.00603170879185199738
-0.23999999463558197000 -0.00603966508060693741
-0.23000000417232513400 -0.00603319983929395676
-0.21999999880790710400 -0.00601504510268568993
-0.20999999344348907500 -0.00602423585951328278
-0.20000000298023223900 -0.00601899996399879456
-0.18999999761581420900 -0.00600363593548536301
-0.18000000715255737300 -0.00600466504693031311
-0.17000000178813934300 -0.00601589912548661232
-0.15999999642372131300 -0.00601900089532136917
-0.15000000596046447800 -0.00602698279544711113
-0.14000000059604644800 -0.00602742983028292656
-0.12999999523162841800 -0.00601456919685006142
-0.11999999731779098500 -0.00599452294409275055
-0.10999999940395355200 -0.00600195210427045822
-0.10000000149011611900 -0.00599312596023082733
-0.09000000357627868650 -0.00597613118588924408
-0.07999999821186065670 -0.00597821082919836044
-0.07000000029802322390 -0.00599241908639669418
-0.05999999865889549260 -0.00600548321381211281
-0.05000000074505805970 -0.00601617107167840004
-0.03999999910593032840 -0.00601615803316235542
-0.02999999932944774630 -0.00599300209432840348
-0.01999999955296516420 -0.00599709013476967812
-0.00999999977648258210 -0.00599920004606246948
0.00000000000000000000 -0.00598709098994731903
0.00999999977648258210 -0.00597546994686126709
0.01999999955296516420 -0.00598835200071334839
0.02999999932944774630 -0.00600211508572101593
0.03999999910593032840 -0.00600670278072357178
0.05000000074505805970 -0.00601854687556624413
0.05999999865889549260 -0.00602085608989000321
0.07000000029802322390 -0.00600274279713630676
0.07999999821186065670 -0.00599192688241600990
0.09000000357627868650 -0.00599844381213188172
0.10000000149011611900 -0.00598603999242186546
0.10999999940395355200 -0.00596894184127449990
0.11999999731779098500 -0.00597594399005174637
0.12999999523162841800 -0.00598455686122179032
0.14000000059604644800 -0.00598730193451046944
0.15000000596046447800 -0.00599110592156648636
0.15999999642372131300 -0.00598756317049264908
0.17000000178813934300 -0.00595470378175377846
0.18000000715255737300 -0.00596070708706974983
0.18999999761581420900 -0.00596147403120994568
0.20000000298023223900 -0.00593403214588761330
0.20999999344348907500 -0.00593919120728969574
0.21999999880790710400 -0.00594482477754354477
0.23000000417232513400 -0.00595356617122888565
0.23999999463558197000 -0.00596626289188861847
0.25000000000000000000 -0.00597766414284706116
0.25999999046325683600 -0.00596430804580450058
0.27000001072883606000 -0.00594277214258909226
0.28000000119209289500 -0.00595503486692905426
0.28999999165534973100 -0.00594746880233287812
0.30000001192092895500 -0.00592797901481390000
0.31000000238418579100 -0.00592594221234321594
0.31999999284744262700 -0.00593337602913379669
0.33000001311302185100 -0.00594115722924470902
0.34000000357627868600 -0.00594365689903497696
0.34999999403953552200 -0.00594309018924832344
0.36000001430511474600 -0.00592528516426682472
0.37000000476837158200 -0.00590170314535498619
0.37999999523162841800 -0.00590427406132221222
0.38999998569488525400 -0.00588621990755200386
0.40000000596046447700 -0.00585947278887033463
0.40999999642372131300 -0.00585616892203688622
0.41999998688697814900 -0.00584986805915832520
0.43000000715255737300 -0.00584347406402230263
0.43999999761581420900 -0.00583360297605395317
0.44999998807907104500 -0.00581822777166962624
0.46000000834465026800 -0.00577460695058107376
0.46999999880790710400 -0.00575302494689822197
0.47999998927116394000 -0.00573180196806788445
0.49000000953674316400 -0.00568138388916850090
0.50000000000000000000 -0.00564043177291750908
0.50999999046325683600 -0.00560623593628406525
0.51999998092651367200 -0.00555631192401051521
0.52999997138977050800 -0.00549417315050959587
0.54000002145767211900 -0.00542430719360709191
0.55000001192092895500 -0.00530633609741926193
0.56000000238418579100 -0.00515952799469232559
0.56999999284744262700 -0.00501929689198732376
0.57999998331069946300 -0.00483236601576209068
0.58999997377395629900 -0.00460158102214336395
0.60000002384185791000 -0.00435902783647179604
0.61000001430511474600 -0.00408709608018398285
0.62000000476837158200 -0.00377649604342877865
0.62999999523162841800 -0.00344035099260509014
0.63999998569488525400 -0.00307008996605873108
0.64999997615814209000 -0.00266578397713601589
0.66000002622604370100 -0.00224309298209846020
0.67000001668930053700 -0.00180552504025399685
0.68000000715255737300 -0.00134590000379830599
0.68999999761581420900 -0.00084473588503897190
0.69999998807907104500 -0.00037746099405921996
0.70999997854232788100 0.00009807458263821900
0.72000002861022949200 0.00057147612096741796
0.73000001907348632800 0.00111689395271241665
0.74000000953674316400 0.00164911302272230387
0.75000000000000000000 0.00219572708010673523
0.75999999046325683600 0.00273824390023946762
0.76999998092651367200 0.00328065291978418827
0.77999997138977050800 0.00385226891376078129
0.79000002145767211900 0.00441903993487358093
0.80000001192092895500 0.00498774601146578789
0.81000000238418579100 0.00557121122255921364
0.81999999284744262700 0.00616567488759756088
0.82999998331069946300 0.00675692083314061165
0.83999997377395629900 0.00737231504172086716
0.85000002384185791000 0.00791913177818059922
0.86000001430511474600 0.00843911990523338318
0.87000000476837158200 0.00917682237923145294
0.87999999523162841800 0.00972001906484365464
0.88999998569488525400 0.01032415963709354400
0.89999997615814209000 0.01063526980578899380
0.91000002622604370100 0.01057295966893434520
0.92000001668930053700 0.01193143986165523530
0.93000000715255737300 0.01257144007831811900
0.93999999761581420900 0.01327438000589609150
0.94999998807907104500 0.01383498031646013260
0.95999997854232788100 0.01446523983031511310
0.97000002861022949200 0.01498651038855314250
0.98000001907348632800 0.01560861989855766300
0.99000000953674316400 0.01589895039796829220
1.00000000000000000000 0.01687775924801826480
