-1.00000000000000000000 -0.00613308977335691452
-0.99000000953674316400 -0.00615039514377713204
-0.98000001907348632800 -0.00613588979467749596
-0.97000002861022949200 -0.00611546402797102928
-0.95999997854232788100 -0.00613960484042763710
-0.94999998807907104500 -0.00611410709097981453
-0.93999999761581420900 -0.00610254798084497452
-0.93000000715255737300 -0.00612584222108125687
-0.92000001668930053700 -0.00612660078331828118
-0.91000002622604370100 -0.00613068789243698120
-0.89999997615814209000 -0.00615907507017254830
-0.88999998569488525400 -0.00613402202725410462
-0.87999999523162841800 -0.00610661087557673454
-0.87000000476837158200 -0.00613755220547318459
-0.86000001430511474600 -0.00612135883420705796
-0.85000002384185791000 -0.00609554490074515343
-0.83999997377395629900 -0.00611565401777625084
-0.82999998331069946300 -0.00611546402797102928
-0.81999999284744262700 -0.00612222496420145035
-0.81000000238418579100 -0.00615009805187582970
-0.80000001192092895500 -0.00614123698323965073
-0.79000002145767211900 -0.00612659612670540810
-0.77999997138977050800 -0.00612889602780342102
-0.76999998092651367200 -0.00612476188689470291
-0.75999999046325683600 -0.00612122099846601486
-0.75000000000000000000 -0.00611983984708786011
-0.74000000953674316400 -0.00610662298277020455
-0.73000001907348632800 -0.00612094998359680176
-0.72000002861022949200 -0.00615053996443748474
-0.70999997854232788100 -0.00613612821325659752
-0.69999998807907104500 -0.00614017713814973831
-0.68999999761581420900 -0.00613161223009228707
-0.68000000715255737300 -0.00612486805766820908
-0.67000001668930053700 -0.00612668506801128388
-0.66000002622604370100 -0.00611573504284024239
-0.64999997615814209000 -0.00609794585034251213
-0.63999998569488525400 -0.00611089309677481652
-0.62999999523162841800 -0.00613432284444570542
-0.62000000476837158200 -0.00612620590254664421
-0.61000001430511474600 -0.00614345213398337364
-0.60000002384185791000 -0.00613371282815933228
-0.58999997377395629900 -0.00610243622213602066
-0.57999998331069946300 -0.00612507201731204987
-0.56999999284744262700 -0.00612744688987731934
-0.56000000238418579100 -0.00609274115413427353
-0.55000001192092895500 -0.00610347092151641846
-0.54000002145767211900 -0.00612020399421453476
-0.52999997138977050800 -0.00611257879063487053
-0.51999998092651367200 -0.00613142084330320358
-0.50999999046325683600 -0.00613685091957449913
-0.50000000000000000000 -0.00611032918095588684
-0.49000000953674316400 -0.00611126981675624848
-0.47999998927116394000 -0.00611800886690616608
-0.46999999880790710400 -0.00609302101656794548
-0.46000000834465026800 -0.00609318213537335396
-0.44999998807907104500 -0.00610300898551940918
-0.43999999761581420900 -0.00610536895692348480
-0.43000000715255737300 -0.00613023480400443077
-0.41999998688697814900 -0.00613167881965637207
-0.40999999642372131300 -0.00611313804984092713
-0.40000000596046447700 -0.00610981695353984833
-0.38999998569488525400 -0.00611444283276796341
-0.37999999523162841800 -0.00610038917511701584
-0.37000000476837158200 -0.00609386293217539788
-0.36000001430511474600 -0.00608707312494516373
-0.34999999403953552200 -0.00609593093395233154
-0.34000000357627868600 -0.00612557912245392800
-0.33000001311302185100 -0.00611235387623310089
-0.31999999284744262700 -0.00611792085692286492
-0.31000000238418579100 -0.00611562281847000122
-0.30000001192092895500 -0.00608900422230362892
-0.28999999165534973100 -0.00610114494338631630
-0.28000000119209289500 -0.00609710020944476128
-0.27000001072883606000 -0.00607270002365112305
-0.25999999046325683600 -0.00608497997745871544
-0.25000000000000000000 -0.00610842788591980934
-0.23999999463558197000 -0.00610087485983967781
-0.23000000417232513400 -0.00611966196447610855
-0.21999999880790710400 -0.00611407402902841568
-0.20999999344348907500 -0.00608067680150270462
-0.20000000298023223900 -0.00610376801341772080
-0.18999999761581420900 -0.00610218895599246025
-0.18000000715255737300 -0.00606898916885256767
-0.17000000178813934300 -0.00608067680150270462
-0.15999999642372131300 -0.00609633279964327812
-0.15000000596046447800 -0.00609753606840968132
-0.14000000059604644800 -0.00611845916137099266
-0.12999999523162841800 -0.00611663796007633209
-0.11999999731779098500 -0.00609427876770496369
-0.10999999940395355200 -0.00609783316031098366
-0.10000000149011611900 -0.00610098801553249359
-0.09000000357627868650 -0.00607170397415757179
-0.07999999821186065670 -0.00608009099960327149
-0.07000000029802322390 -0.00608318299055099488
-0.05999999865889549260 -0.00608767103403806687
-0.05000000074505805970 -0.00611702213063836098
-0.03999999910593032840 -0.00610737595707178116
-0.02999999932944774630 -0.00609177118167281151
-0.01999999955296516420 -0.00608875509351491928
-0.00999999977648258210 -0.00608532410115003586
0.00000000000000000000 -0.00607511401176452637
0.00999999977648258210 -0.00606653001159429550
0.01999999955296516420 -0.00606574816629290581
0.02999999932944774630 -0.00606110598891973496
0.03999999910593032840 -0.00608510198071599007
0.05000000074505805970 -0.00607914617285132408
0.05999999865889549260 -0.00608404679223895073
0.07000000029802322390 -0.00608409382402896881
0.07999999821186065670 -0.00606032181531190872
0.09000000357627868650 -0.00606116512790322304
0.10000000149011611900 -0.00606457097455859184
0.10999999940395355200 -0.00603283802047371864
0.11999999731779098500 -0.00604120409116148949
0.12999999523162841800 -0.00606387713924050331
0.14000000059604644800 -0.00605513714253902436
0.15000000596046447800 -0.00606587994843721390
0.15999999642372131300 -0.00607112422585487366
0.17000000178813934300 -0.00602641608566045761
0.18000000715255737300 -0.00604273378849029541
0.18999999761581420900 -0.00604869797825813294
0.20000000298023223900 -0.00600273488089442253
0.20999999344348907500 -0.00600634980946779251
0.21999999880790710400 -0.00602219998836517334
0.23000000417232513400 -0.00601226277649402619
0.23999999463558197000 -0.00602136505767703056
0.25000000000000000000 -0.00602757697924971581
0.25999999046325683600 -0.00599633017554879189
0.27000001072883606000 -0.00597489206120371819
0.28000000119209289500 -0.00598521111533045769
0.28999999165534973100 -0.00595445977523922920
0.30000001192092895500 -0.00593377090990543366
0.31000000238418579100 -0.00593677489086985588
0.31999999284744262700 -0.00592180900275707245
0.33000001311302185100 -0.00592768797650933266
0.34000000357627868600 -0.00592288095504045487
0.34999999403953552200 -0.00589898787438869476
0.36000001430511474600 -0.00587578723207116127
0.37000000476837158200 -0.00586285023018717766
0.37999999523162841800 -0.00583516713231801987
0.38999998569488525400 -0.00580801395699381828
0.40000000596046447700 -0.00578576605767011643
0.40999999642372131300 -0.00576356798410415650
0.41999998688697814900 -0.00577006489038467407
0.43000000715255737300 -0.00573739595711231232
0.43999999761581420900 -0.00571246910840272904
0.44999998807907104500 -0.00568425422534346581
0.46000000834465026800 -0.00562412617728114128
0.46999999880790710400 -0.00559491012245416641
0.47999998927116394000 -0.00556099181994795799
0.49000000953674316400 -0.00548652699217200279
0.50000000000000000000 -0.00543917017057538033
0.50999999046325683600 -0.00540138315409421921
0.51999998092651367200 -0.00532446801662445069
0.52999997138977050800 -0.00525531498715281487
0.54000002145767211900 -0.00516786612570285797
0.55000001192092895500 -0.00502612488344311714
0.56000000238418579100 -0.00490211788564920426
0.56999999284744262700 -0.00475401990115642548
0.57999998331069946300 -0.00454051606357097626
0.58999997377395629900 -0.00432809488847851753
0.60000002384185791000 -0.00408442085608839989
0.61000001430511474600 -0.00379249895922839642
0.62000000476837158200 -0.00347145297564566136
0.62999999523162841800 -0.00310610095039010048
0.63999998569488525400 -0.00268566911108791828
0.64999997615814209000 -0.00223672902211546898
0.66000002622604370100 -0.00176072597969323397
0.67000001668930053700 -0.00123600196093320847
0.68000000715255737300 -0.00068230211036279798
0.68999999761581420900 -0.00015233139856718481
0.69999998807907104500 0.00040284960414282978
0.70999997854232788100 0.00102015596348792315
0.72000002861022949200 0.00170727295335382223
0.73000001907348632800 0.00238096900284290314
0.74000000953674316400 0.00306364404968917370
0.75000000000000000000 0.00376544403843581677
0.75999999046325683600 0.00448050489649176598
0.76999998092651367200 0.00520527921617031098
0.77999997138977050800 0.00594599405303597450
0.79000002145767211900 0.00669648405164480210
0.80000001192092895500 0.00745595619082450867
0.81000000238418579100 0.00823142845183610916
0.81999999284744262700 0.00900687370449304581
0.82999998331069946300 0.00979075767099857331
0.83999997377395629900 0.01007185038179159160
0.85000002384185791000 0.01084280014038085940
0.86000001430511474600 0.01160383038222789760
0.87000000476837158200 0.01238793041557073590
0.87999999523162841800 0.01317751966416835790
0.88999998569488525400 0.01394381001591682430
0.89999997615814209000 0.01474357023835182190
0.91000002622604370100 0.01555208954960107800
0.92000001668930053700 0.01634673960506916050
0.93000000715255737300 0.01716558076441287990
0.93999999761581420900 0.01798862963914871220
0.94999998807907104500 0.01878559961915016170
0.95999997854232788100 0.01960239931941032410
0.97000002861022949200 0.02045124024152755740
0.98000001907348632800 0.02126901037991046910
0.99000000953674316400 0.02210021950304508210
1.00000000000000000000 0.02297800034284591680
