-1.00000000000000000000 -0.00605582911521196366
-0.99000000953674316400 -0.00604224111884832382
-0.98000001907348632800 -0.00603533908724784851
-0.97000002861022949200 -0.00605626497417688370
-0.95999997854232788100 -0.00607023620977997780
-0.94999998807907104500 -0.00607501482591032982
-0.93999999761581420900 -0.00609853677451610565
-0.93000000715255737300 -0.00608192710205912590
-0.92000001668930053700 -0.00606644013896584511
-0.91000002622604370100 -0.00608770316466689110
-0.89999997615814209000 -0.00607959600165486336
-0.88999998569488525400 -0.00605854392051696778
-0.87999999523162841800 -0.00607103202491998673
-0.87000000476837158200 -0.00607929285615682602
-0.86000001430511474600 -0.00609244592487812042
-0.85000002384185791000 -0.00610351515933871269
-0.83999997377395629900 -0.00609483104199171066
-0.82999998331069946300 -0.00607585301622748375
-0.81999999284744262700 -0.00608199881389737129
-0.81000000238418579100 -0.00607669586315751076
-0.80000001192092895500 -0.00605678185820579529
-0.79000002145767211900 -0.00605834089219570160
-0.77999997138977050800 -0.00606244103983044624
-0.76999998092651367200 -0.00607550982385873795
-0.75999999046325683600 -0.00608414690941572190
-0.75000000000000000000 -0.00608366820961236954
-0.74000000953674316400 -0.00607799598947167397
-0.73000001907348632800 -0.00606026500463485718
-0.72000002861022949200 -0.00607318384572863579
-0.70999997854232788100 -0.00606907904148101807
-0.69999998807907104500 -0.00605399906635284424
-0.68999999761581420900 -0.00606308877468109131
-0.68000000715255737300 -0.00607215519994497299
-0.67000001668930053700 -0.00608569802716374398
-0.66000002622604370100 -0.00609453022480010986
-0.64999997615814209000 -0.00608886498957872391
-0.63999998569488525400 -0.00606589019298553467
-0.62999999523162841800 -0.00608331710100173950
-0.62000000476837158200 -0.00607155822217464447
-0.61000001430511474600 -0.00604882277548313141
-0.60000002384185791000 -0.00605830596759915352
-0.58999997377395629900 -0.00605989014729857445
-0.57999998331069946300 -0.00606985017657279968
-0.56999999284744262700 -0.00607685698196291924
-0.56000000238418579100 -0.00607434008270502091
-0.55000001192092895500 -0.00605776906013488770
-0.54000002145767211900 -0.00604364089667797089
-0.52999997138977050800 -0.00604936107993125916
-0.51999998092651367200 -0.00602925103157758713
-0.50999999046325683600 -0.00602166401222348213
-0.50000000000000000000 -0.00602460699155926705
-0.49000000953674316400 -0.00603444501757621765
-0.47999998927116394000 -0.00604791985824704170
-0.46999999880790710400 -0.00606090016663074494
-0.46000000834465026800 -0.00604502204805612564
-0.44999998807907104500 -0.00603469880297780037
-0.43999999761581420900 -0.00605244422331452370
-0.43000000715255737300 -0.00604163808748126030
-0.41999998688697814900 -0.00602925894781947136
-0.40999999642372131300 -0.00603084405884146691
-0.40000000596046447700 -0.00604533590376377106
-0.38999998569488525400 -0.00605983193963766098
-0.37999999523162841800 -0.00606881221756339073
-0.37000000476837158200 -0.00607007881626486778
-0.36000001430511474600 -0.00606453791260719300
-0.34999999403953552200 -0.00604929216206073761
-0.34000000357627868600 -0.00605913298204541207
-0.33000001311302185100 -0.00604761904105544090
-0.31999999284744262700 -0.00603765482082962990
-0.31000000238418579100 -0.00604835711419582367
-0.30000001192092895500 -0.00605718512088060379
-0.28999999165534973100 -0.00606477120891213417
-0.28000000119209289500 -0.00607648817822337151
-0.27000001072883606000 -0.00606655888259410858
-0.25999999046325683600 -0.00603791791945695877
-0.25000000000000000000 -0.00605134200304746628
-0.23999999463558197000 -0.00604283995926380158
-0.23000000417232513400 -0.00601903395727276802
-0.21999999880790710400 -0.00603094603866338730
-0.20999999344348907500 -0.00603763479739427567
-0.20000000298023223900 -0.00604412006214261055
-0.18999999761581420900 -0.00605863798409700394
-0.18000000715255737300 -0.00606235302984714508
-0.17000000178813934300 -0.00604106578975915909
-0.15999999642372131300 -0.00603530602529644966
-0.15000000596046447800 -0.00604388117790222168
-0.14000000059604644800 -0.00602943822741508484
-0.12999999523162841800 -0.00602668803185224533
-0.11999999731779098500 -0.00603140797466039658
-0.10999999940395355200 -0.00604760181158781052
-0.10000000149011611900 -0.00605366006493568421
-0.09000000357627868650 -0.00606416119262576103
-0.07999999821186065670 -0.00605477392673492432
-0.07000000029802322390 -0.00603247480466961861
-0.05999999865889549260 -0.00604340806603431702
-0.05000000074505805970 -0.00603905785828828812
-0.03999999910593032840 -0.00601029396057128906
-0.02999999932944774630 -0.00601008813828229904
-0.01999999955296516420 -0.00602209009230136872
-0.00999999977648258210 -0.00602268101647496224
0.00000000000000000000 -0.00602500280365347862
0.00999999977648258210 -0.00602554017677903176
0.01999999955296516420 -0.00601774221286177635
0.02999999932944774630 -0.00599156180396676064
0.03999999910593032840 -0.00599993718788027764
0.05000000074505805970 -0.00599790411069989205
0.05999999865889549260 -0.00597634119912981987
0.07000000029802322390 -0.00598086183890700340
0.07999999821186065670 -0.00599389709532260895
0.09000000357627868650 -0.00600768998265266419
0.10000000149011611900 -0.00601721601560711861
0.10999999940395355200 -0.00602521793916821480
0.11999999731779098500 -0.00600572396069765091
0.12999999523162841800 -0.00600516702979803086
0.14000000059604644800 -0.00601192517206072808
0.15000000596046447800 -0.00599684892222285271
0.15999999642372131300 -0.00599257089197635651
0.17000000178813934300 -0.00599545100703835488
0.18000000715255737300 -0.00600472791120409966
0.18999999761581420900 -0.00601849099621176720
0.20000000298023223900 -0.00603360217064619064
0.20999999344348907500 -0.00601420877501368523
0.21999999880790710400 -0.00599657697603106499
0.23000000417232513400 -0.00600930815562605858
0.23999999463558197000 -0.00599598791450262070
0.25000000000000000000 -0.00597443198785185814
0.25999999046325683600 -0.00597508018836379051
0.27000001072883606000 -0.00597463082522153855
0.28000000119209289500 -0.00598532287403941155
0.28999999165534973100 -0.00599058018997311592
0.30000001192092895500 -0.00598416198045015335
0.31000000238418579100 -0.00596988620236515999
0.31999999284744262700 -0.00595016684383153916
0.33000001311302185100 -0.00595709821209311486
0.34000000357627868600 -0.00594813004136085510
0.34999999403953552200 -0.00592564698308706284
0.36000001430511474600 -0.00593182910233736038
0.37000000476837158200 -0.00593561213463544846
0.37999999523162841800 -0.00594104779884219170
0.38999998569488525400 -0.00594271998852491379
0.40000000596046447700 -0.00592838414013385773
0.40999999642372131300 -0.00589274894446134567
0.41999998688697814900 -0.00589501298964023590
0.43000000715255737300 -0.00587651599198579788
0.43999999761581420900 -0.00583928776904940605
0.44999998807907104500 -0.00582344410941004753
0.46000000834465026800 -0.00580373499542474747
0.46999999880790710400 -0.00579172605648636818
0.47999998927116394000 -0.00577116990461945534
0.49000000953674316400 -0.00573085900396108628
0.50000000000000000000 -0.00567013397812843323
0.50999999046325683600 -0.00560383312404155731
0.51999998092651367200 -0.00553787779062986374
0.52999997138977050800 -0.00543809495866298676
0.54000002145767211900 -0.00531974202021956444
0.55000001192092895500 -0.00519506586715579033
0.56000000238418579100 -0.00504271406680345535
0.56999999284744262700 -0.00486496509984135628
0.57999998331069946300 -0.00466069020330905914
0.58999997377395629900 -0.00440316880121827126
0.60000002384185791000 -0.00411262502893805504
0.61000001430511474600 -0.00381062389351427555
0.62000000476837158200 -0.00346626807004213333
0.62999999523162841800 -0.00309506990015506744
0.63999998569488525400 -0.00270800804719328880
0.64999997615814209000 -0.00230033602565526962
0.66000002622604370100 -0.00187834200914949179
0.67000001668930053700 -0.00143622804898768663
0.68000000715255737300 -0.00093477772315964103
0.68999999761581420900 -0.00048858590889722109
0.69999998807907104500 -0.00002918286008934956
0.70999997854232788100 0.00043970771366730332
0.72000002861022949200 0.00091121532022953033
0.73000001907348632800 0.00147031503729522228
0.74000000953674316400 0.00198621698655188084
0.75000000000000000000 0.00251600891351699829
0.75999999046325683600 0.00304628489539027214
0.76999998092651367200 0.00358541496098041535
0.77999997138977050800 0.00413432018831372261
0.79000002145767211900 0.00468688691034913063
0.80000001192092895500 0.00524696195498108864
0.81000000238418579100 0.00581250106915831566
0.81999999284744262700 0.00638564210385084152
0.82999998331069946300 0.00697030592709779740
0.83999997377395629900 0.00756005989387631417
0.85000002384185791000 0.00815034843981266022
0.86000001430511474600 0.00876674335449934006
0.87000000476837158200 0.00939496699720621109
0.87999999523162841800 0.01001904997974634170
0.88999998569488525400 0.01015480980277061460
0.89999997615814209000 0.01076692994683980940
0.91000002622604370100 0.01140040997415781020
0.92000001668930053700 0.01204155012965202330
0.93000000715255737300 0.01270238962024450300
0.93999999761581420900 0.01334706041961908340
0.94999998807907104500 0.01399841997772455220
0.95999997854232788100 0.01468100026249885560
0.97000002861022949200 0.01534739043563604360
0.98000001907348632800 0.01602220907807350160
0.99000000953674316400 0.01672207936644554140
1.00000000000000000000 0.01742234081029891970
