-1.00000000000000000000 -0.00643654679879546166
-0.99000000953674316400 -0.00642050988972187042
-0.98000001907348632800 -0.00640698382630944252
-0.97000002861022949200 -0.00640127295628190041
-0.95999997854232788100 -0.00638971710577607155
-0.94999998807907104500 -0.00638486584648489952
-0.93999999761581420900 -0.00638305814936757088
-0.93000000715255737300 -0.00637843180447816849
-0.92000001668930053700 -0.00640469184145331383
-0.91000002622604370100 -0.00641715899109840393
-0.89999997615814209000 -0.00641773082315921784
-0.88999998569488525400 -0.00642493180930614472
-0.87999999523162841800 -0.00641183881089091301
-0.87000000476837158200 -0.00640924600884318352
-0.86000001430511474600 -0.00641583278775215149
-0.85000002384185791000 -0.00639841007068753243
-0.83999997377395629900 -0.00639112293720245362
-0.82999998331069946300 -0.00640917802229523659
-0.81999999284744262700 -0.00641822582110762596
-0.81000000238418579100 -0.00641855597496032715
-0.80000001192092895500 -0.00643363408744335175
-0.79000002145767211900 -0.00642676185816526413
-0.77999997138977050800 -0.00639530923217535019
-0.76999998092651367200 -0.00641670590266585350
-0.75999999046325683600 -0.00641560507938265801
-0.75000000000000000000 -0.00638350704684853554
-0.74000000953674316400 -0.00639297906309366226
-0.73000001907348632800 -0.00639442307874560356
-0.72000002861022949200 -0.00640246784314513207
-0.70999997854232788100 -0.00641260901466012001
-0.69999998807907104500 -0.00642082700505852700
-0.68999999761581420900 -0.00639752391725778580
-0.68000000715255737300 -0.00638566305860877037
-0.67000001668930053700 -0.00639810785651206970
-0.66000002622604370100 -0.00638650218024849892
-0.64999997615814209000 -0.00637662317603826523
-0.63999998569488525400 -0.00637697102501988411
-0.62999999523162841800 -0.00638748006895184517
-0.62000000476837158200 -0.00640528090298175812
-0.61000001430511474600 -0.00641363020986318588
-0.60000002384185791000 -0.00641348678618669510
-0.58999997377395629900 -0.00640934985131025315
-0.57999998331069946300 -0.00639468198642134667
-0.56999999284744262700 -0.00639742705971002579
-0.56000000238418579100 -0.00638871314004063606
-0.55000001192092895500 -0.00637755915522575379
-0.54000002145767211900 -0.00638382416218519211
-0.52999997138977050800 -0.00639682915061712265
-0.51999998092651367200 -0.00640138797461986542
-0.50999999046325683600 -0.00640150578692555428
-0.50000000000000000000 -0.00640663178637623787
-0.49000000953674316400 -0.00638240110129117966
-0.47999998927116394000 -0.00638119317591190338
-0.46999999880790710400 -0.00638014683499932289
-0.46000000834465026800 -0.00635143509134650231
-0.44999998807907104500 -0.00634290697053074837
-0.43999999761581420900 -0.00634820992127060890
-0.43000000715255737300 -0.00634892983362078667
-0.41999998688697814900 -0.00635370891541242600
-0.40999999642372131300 -0.00636773882433772087
-0.40000000596046447700 -0.00634512584656476975
-0.38999998569488525400 -0.00632262416183948517
-0.37999999523162841800 -0.00634320313110947609
-0.37000000476837158200 -0.00632965983822941780
-0.36000001430511474600 -0.00631688395515084267
-0.34999999403953552200 -0.00633049895986914635
-0.34000000357627868600 -0.00633171107620000839
-0.33000001311302185100 -0.00634352490305900574
-0.31999999284744262700 -0.00636751903221011162
-0.31000000238418579100 -0.00636174902319908142
-0.30000001192092895500 -0.00635245488956570626
-0.28999999165534973100 -0.00634455913677811623
-0.28000000119209289500 -0.00634232209995388985
-0.27000001072883606000 -0.00633760308846831322
-0.25999999046325683600 -0.00633089710026979447
-0.25000000000000000000 -0.00631975196301937104
-0.23999999463558197000 -0.00633129896596074104
-0.23000000417232513400 -0.00635525491088628769
-0.21999999880790710400 -0.00634412700310349465
-0.20999999344348907500 -0.00635100202634930611
-0.20000000298023223900 -0.00634234305471181870
-0.18999999761581420900 -0.00631714705377817154
-0.18000000715255737300 -0.00632494082674384117
-0.17000000178813934300 -0.00632350519299507141
-0.15999999642372131300 -0.00629913387820124626
-0.15000000596046447800 -0.00629969779402017594
-0.14000000059604644800 -0.00631661713123321533
-0.12999999523162841800 -0.00630687782540917397
-0.11999999731779098500 -0.00632158201187849045
-0.10999999940395355200 -0.00632295385003089905
-0.10000000149011611900 -0.00629347003996372223
-0.09000000357627868650 -0.00630365405231714249
-0.07999999821186065670 -0.00630989903584122658
-0.07000000029802322390 -0.00627471180632710457
-0.05999999865889549260 -0.00628327298909425736
-0.05000000074505805970 -0.00629587192088365555
-0.03999999910593032840 -0.00629648193717002869
-0.02999999932944774630 -0.00631200289353728295
-0.01999999955296516420 -0.00632760487496852875
-0.00999999977648258210 -0.00630415417253971100
0.00000000000000000000 -0.00628789607435464859
0.00999999977648258210 -0.00629013217985630036
0.01999999955296516420 -0.00628883484750986099
0.02999999932944774630 -0.00627194577828049660
0.03999999910593032840 -0.00627227220684289932
0.05000000074505805970 -0.00625911401584744454
0.05999999865889549260 -0.00626559183001518250
0.07000000029802322390 -0.00627488596364855766
0.07999999821186065670 -0.00626717600971460343
0.09000000357627868650 -0.00625473912805318833
0.10000000149011611900 -0.00622957479208707810
0.10999999940395355200 -0.00621638819575309754
0.11999999731779098500 -0.00620438298210501671
0.12999999523162841800 -0.00618271902203559876
0.14000000059604644800 -0.00616218987852334976
0.15000000596046447800 -0.00616515520960092545
0.15999999642372131300 -0.00617135688662528992
0.17000000178813934300 -0.00615914398804306984
0.18000000715255737300 -0.00616538384929299355
0.18999999761581420900 -0.00615350995212793350
0.20000000298023223900 -0.00611013080924749375
0.20999999344348907500 -0.00611838698387145996
0.21999999880790710400 -0.00610583601519465447
0.23000000417232513400 -0.00605932995676994324
0.23999999463558197000 -0.00605765683576464653
0.25000000000000000000 -0.00604940019547939301
0.25999999046325683600 -0.00602575810626149178
0.27000001072883606000 -0.00601418502628803253
0.28000000119209289500 -0.00599704077467322350
0.28999999165534973100 -0.00593829806894063950
0.30000001192092895500 -0.00589857390150427818
0.31000000238418579100 -0.00587098579853773117
0.31999999284744262700 -0.00580695085227489472
0.33000001311302185100 -0.00575362797826528549
0.34000000357627868600 -0.00570335378870368004
0.34999999403953552200 -0.00563802476972341538
0.36000001430511474600 -0.00557962618768215180
0.37000000476837158200 -0.00550776207819581032
0.37999999523162841800 -0.00541030010208487511
0.38999998569488525400 -0.00531049817800521851
0.40000000596046447700 -0.00520606292411684990
0.40999999642372131300 -0.00508506176993250847
0.41999998688697814900 -0.00495989387854933739
0.43000000715255737300 -0.00482570286840200424
0.43999999761581420900 -0.00468591321259737015
0.44999998807907104500 -0.00454659294337034226
0.46000000834465026800 -0.00439634500071406365
0.46999999880790710400 -0.00423299008980393410
0.47999998927116394000 -0.00406386610120534897
0.49000000953674316400 -0.00387949310243129730
0.50000000000000000000 -0.00369852711446583271
0.50999999046325683600 -0.00351185398176312447
0.51999998092651367200 -0.00331169296987354756
0.52999997138977050800 -0.00311263510957360268
0.54000002145767211900 -0.00291252299211919308
0.55000001192092895500 -0.00270924298092722893
0.56000000238418579100 -0.00249738688580691814
0.56999999284744262700 -0.00228657410480082035
0.57999998331069946300 -0.00206497707404196262
0.58999997377395629900 -0.00183737394399940968
0.60000002384185791000 -0.00161707797087728977
0.61000001430511474600 -0.00139001000206917524
0.62000000476837158200 -0.00115406699478626251
0.62999999523162841800 -0.00088441208936274052
0.63999998569488525400 -0.00066297489684075117
0.64999997615814209000 -0.00043285198626108468
0.66000002622604370100 -0.00020595980458892882
0.67000001668930053700 0.00001938038076332305
0.68000000715255737300 0.00024227290123235434
0.68999999761581420900 0.00047492509474977851
0.69999998807907104500 0.00070787797449156642
0.70999997854232788100 0.00094184890622273088
0.72000002861022949200 0.00123290799092501402
0.73000001907348632800 0.00148289999924600124
0.74000000953674316400 0.00172986404504626989
0.75000000000000000000 0.00198144488967955113
0.75999999046325683600 0.00223708990961313248
0.76999998092651367200 0.00248647900298237801
0.77999997138977050800 0.00274029211141169071
0.79000002145767211900 0.00299812690354883671
0.80000001192092895500 0.00325103499926626682
0.81000000238418579100 0.00350595591589808464
0.81999999284744262700 0.00376372504979372025
0.82999998331069946300 0.00401904201135039330
0.83999997377395629900 0.00427744118496775627
0.85000002384185791000 0.00453787809237837792
0.86000001430511474600 0.00479726586490869522
0.87000000476837158200 0.00505778193473815918
0.87999999523162841800 0.00531915016472339630
0.88999998569488525400 0.00558042619377374649
0.89999997615814209000 0.00584231782704591751
0.91000002622604370100 0.00610423414036631584
0.92000001668930053700 0.00636662915349006653
0.93000000715255737300 0.00662904419004917145
0.93999999761581420900 0.00689402595162391663
0.94999998807907104500 0.00715863006189465523
0.95999997854232788100 0.00742253707721829415
0.97000002861022949200 0.00768826203420758248
0.98000001907348632800 0.00795438140630722046
0.99000000953674316400 0.00821952521800994873
1.00000000000000000000 0.00848622154444456101
