-1.00000000000000000000 -0.00625825021415948868
-0.99000000953674316400 -0.00626551499590277672
-0.98000001907348632800 -0.00627633510157465935
-0.97000002861022949200 -0.00624979101121425629
-0.95999997854232788100 -0.00622448418289422989
-0.94999998807907104500 -0.00624260213226079941
-0.93999999761581420900 -0.00622299592941999436
-0.93000000715255737300 -0.00621208781376481056
-0.92000001668930053700 -0.00623026490211486817
-0.91000002622604370100 -0.00622754218056797981
-0.89999997615814209000 -0.00624572811648249626
-0.88999998569488525400 -0.00626457110047340393
-0.87999999523162841800 -0.00626444397494196892
-0.87000000476837158200 -0.00625466182827949524
-0.86000001430511474600 -0.00625051511451601982
-0.85000002384185791000 -0.00624634604901075363
-0.83999997377395629900 -0.00624663103371858597
-0.82999998331069946300 -0.00624296581372618675
-0.81999999284744262700 -0.00623410008847713471
-0.81000000238418579100 -0.00625168392434716225
-0.80000001192092895500 -0.00626568403095006943
-0.79000002145767211900 -0.00625757686793804169
-0.77999997138977050800 -0.00626458786427974701
-0.76999998092651367200 -0.00625557685270905495
-0.75999999046325683600 -0.00623784400522708893
-0.75000000000000000000 -0.00624746922403573990
-0.74000000953674316400 -0.00623089680448174477
-0.73000001907348632800 -0.00621458794921636582
-0.72000002861022949200 -0.00622826209291815758
-0.70999997854232788100 -0.00623984402045607567
-0.69999998807907104500 -0.00624222122132778168
-0.68999999761581420900 -0.00625334912911057472
-0.68000000715255737300 -0.00624791020527482033
-0.67000001668930053700 -0.00622051395475864411
-0.66000002622604370100 -0.00622885115444660187
-0.64999997615814209000 -0.00622783508151769638
-0.63999998569488525400 -0.00620436202734708786
-0.62999999523162841800 -0.00621264288201928139
-0.62000000476837158200 -0.00622175494208931923
-0.61000001430511474600 -0.00623269286006689072
-0.60000002384185791000 -0.00624968484044075012
-0.58999997377395629900 -0.00626123696565628052
-0.57999998331069946300 -0.00624790880829095841
-0.56999999284744262700 -0.00623234594240784645
-0.56000000238418579100 -0.00624442799016833306
-0.55000001192092895500 -0.00623619183897972107
-0.54000002145767211900 -0.00622319616377353668
-0.52999997138977050800 -0.00622411491349339485
-0.51999998092651367200 -0.00623067701235413552
-0.50999999046325683600 -0.00624517304822802544
-0.50000000000000000000 -0.00625333189964294434
-0.49000000953674316400 -0.00624943105503916741
-0.47999998927116394000 -0.00624021701514720917
-0.46999999880790710400 -0.00621871789917349816
-0.46000000834465026800 -0.00621923897415399552
-0.44999998807907104500 -0.00621663406491279602
-0.43999999761581420900 -0.00619097100570797920
-0.43000000715255737300 -0.00619000894948840142
-0.41999998688697814900 -0.00619408395141363144
-0.40999999642372131300 -0.00619962485507130623
-0.40000000596046447700 -0.00619799923151731491
-0.38999998569488525400 -0.00620960583910346031
-0.37999999523162841800 -0.00618661614134907723
-0.37000000476837158200 -0.00617437297478318215
-0.36000001430511474600 -0.00619232188910245896
-0.34999999403953552200 -0.00617918604984879494
-0.34000000357627868600 -0.00616630678996443749
-0.33000001311302185100 -0.00617774622514843941
-0.31999999284744262700 -0.00618729786947369576
-0.31000000238418579100 -0.00619581714272499085
-0.30000001192092895500 -0.00621120678260922432
-0.28999999165534973100 -0.00620361603796482086
-0.28000000119209289500 -0.00619078800082206726
-0.27000001072883606000 -0.00619114888831973076
-0.25999999046325683600 -0.00618954701349139214
-0.25000000000000000000 -0.00616717198863625527
-0.23999999463558197000 -0.00617102300748229027
-0.23000000417232513400 -0.00617115013301372528
-0.21999999880790710400 -0.00617911387234926224
-0.20999999344348907500 -0.00619699480012059212
-0.20000000298023223900 -0.00619510980322957039
-0.18999999761581420900 -0.00619231816381216049
-0.18000000715255737300 -0.00617832597345113754
-0.17000000178813934300 -0.00617244979366660118
-0.15999999642372131300 -0.00616667699068784714
-0.15000000596046447800 -0.00615397980436682701
-0.14000000059604644800 -0.00613861111924052239
-0.12999999523162841800 -0.00614767707884311676
-0.11999999731779098500 -0.00616511283442378044
-0.10999999940395355200 -0.00616033887490630150
-0.10000000149011611900 -0.00617163302376866341
-0.09000000357627868650 -0.00616726512089371681
-0.07999999821186065670 -0.00613950099796056748
-0.07000000029802322390 -0.00615136185660958290
-0.05999999865889549260 -0.00615670019760727883
-0.05000000074505805970 -0.00612870696932077408
-0.03999999910593032840 -0.00613292306661605835
-0.02999999932944774630 -0.00615004915744066239
-0.01999999955296516420 -0.00615229411050677300
-0.00999999977648258210 -0.00616589188575744629
0.00000000000000000000 -0.00617873715236783028
0.00999999977648258210 -0.00617112778127193451
0.01999999955296516420 -0.00614610081538558006
0.02999999932944774630 -0.00615017581731081009
0.03999999910593032840 -0.00614201696589589119
0.05000000074505805970 -0.00612351717427372933
0.05999999865889549260 -0.00612235302105545998
0.07000000029802322390 -0.00611983193084597588
0.07999999821186065670 -0.00612484384328126908
0.09000000357627868650 -0.00613166717812418938
0.10000000149011611900 -0.00613103713840246201
0.10999999940395355200 -0.00611070683225989342
0.11999999731779098500 -0.00609398679807782173
0.12999999523162841800 -0.00608829315751791001
0.14000000059604644800 -0.00607318291440606117
0.15000000596046447800 -0.00605008285492658615
0.15999999642372131300 -0.00604115007445216179
0.17000000178813934300 -0.00604479108005762100
0.18000000715255737300 -0.00605686521157622338
0.18999999761581420900 -0.00605499697849154473
0.20000000298023223900 -0.00605667382478713989
0.20999999344348907500 -0.00604872405529022217
0.21999999880790710400 -0.00601829821243882179
0.23000000417232513400 -0.00602105678990483284
0.23999999463558197000 -0.00601274520158767700
0.25000000000000000000 -0.00597852887585759163
0.25999999046325683600 -0.00596702191978693009
0.27000001072883606000 -0.00596706615760922432
0.28000000119209289500 -0.00595384417101740837
0.28999999165534973100 -0.00593598606064915657
0.30000001192092895500 -0.00592774618417024613
0.31000000238418579100 -0.00587640190497040749
0.31999999284744262700 -0.00582647882401943207
0.33000001311302185100 -0.00580426398664712906
0.34000000357627868600 -0.00574066303670406342
0.34999999403953552200 -0.00567601202055811882
0.36000001430511474600 -0.00562577880918979645
0.37000000476837158200 -0.00555810611695051193
0.37999999523162841800 -0.00548615911975502968
0.38999998569488525400 -0.00541204493492841721
0.40000000596046447700 -0.00530807022005319596
0.40999999642372131300 -0.00519454292953014374
0.41999998688697814900 -0.00507994415238499642
0.43000000715255737300 -0.00495145190507173538
0.43999999761581420900 -0.00481568602845072746
0.44999998807907104500 -0.00467556202784180641
0.46000000834465026800 -0.00452586309984326363
0.46999999880790710400 -0.00437954114750027657
0.47999998927116394000 -0.00422638794407248497
0.49000000953674316400 -0.00405518477782607079
0.50000000000000000000 -0.00388434506021440029
0.50999999046325683600 -0.00370245799422264099
0.51999998092651367200 -0.00351216294802725315
0.52999997138977050800 -0.00332510797306895256
0.54000002145767211900 -0.00312824710272252560
0.55000001192092895500 -0.00292489794082939625
0.56000000238418579100 -0.00272613996639847756
0.56999999284744262700 -0.00252401805482804775
0.57999998331069946300 -0.00231378292664885521
0.58999997377395629900 -0.00210416107438504696
0.60000002384185791000 -0.00188771996181458235
0.61000001430511474600 -0.00166159996297210455
0.62000000476837158200 -0.00144353997893631458
0.62999999523162841800 -0.00122008996549993753
0.63999998569488525400 -0.00094850629102438688
0.64999997615814209000 -0.00072679040022194386
0.66000002622604370100 -0.00051095307571813464
0.67000001668930053700 -0.00028604679391719401
0.68000000715255737300 -0.00006493685941677541
0.68999999761581420900 0.00015632450231350958
0.69999998807907104500 0.00038101361133158207
0.70999997854232788100 0.00060979602858424187
0.72000002861022949200 0.00083769252523779869
0.73000001907348632800 0.00111336703412234783
0.74000000953674316400 0.00135729496832937002
0.75000000000000000000 0.00159983499906957150
0.75999999046325683600 0.00184357794933021069
0.76999998092651367200 0.00209038308821618557
0.77999997138977050800 0.00233544898219406605
0.79000002145767211900 0.00257938611321151257
0.80000001192092895500 0.00282696192152798176
0.81000000238418579100 0.00307472492568194866
0.81999999284744262700 0.00332325208000838757
0.82999998331069946300 0.00357503211125731468
0.83999997377395629900 0.00382574601098895073
0.85000002384185791000 0.00407556397840380669
0.86000001430511474600 0.00433026999235153198
0.87000000476837158200 0.00458299880847334862
0.87999999523162841800 0.00483441678807139397
0.88999998569488525400 0.00508870184421539307
0.89999997615814209000 0.00534231588244438172
0.91000002622604370100 0.00559573620557785034
0.92000001668930053700 0.00585255818441510201
0.93000000715255737300 0.00610872916877269745
0.93999999761581420900 0.00636423518881201744
0.94999998807907104500 0.00662199500948190689
0.95999997854232788100 0.00687858182936906815
0.97000002861022949200 0.00713605899363756180
0.98000001907348632800 0.00739419413730502129
0.99000000953674316400 0.00765153113752603531
1.00000000000000000000 0.00791007932275533676
