-1.00000000000000000000 -0.00603817217051982880
-0.99000000953674316400 -0.00605072407051920891
-0.98000001907348632800 -0.00605890899896621704
-0.97000002861022949200 -0.00606400007382035256
-0.95999997854232788100 -0.00605634413659572602
-0.94999998807907104500 -0.00603572512045502663
-0.93999999761581420900 -0.00603237701579928398
-0.93000000715255737300 -0.00603050179779529572
-0.92000001668930053700 -0.00600707577541470528
-0.91000002622604370100 -0.00600047921761870384
-0.89999997615814209000 -0.00600141193717718125
-0.88999998569488525400 -0.00600785110145807266
-0.87999999523162841800 -0.00601624976843595505
-0.87000000476837158200 -0.00602143118157982826
-0.86000001430511474600 -0.00601285416632890702
-0.85000002384185791000 -0.00599684007465839386
-0.83999997377395629900 -0.00601076986640691757
-0.82999998331069946300 -0.00600604480132460594
-0.81999999284744262700 -0.00599128706380724907
-0.81000000238418579100 -0.00599909899756312370
-0.80000001192092895500 -0.00600594002753496170
-0.79000002145767211900 -0.00602402398362755776
-0.77999997138977050800 -0.00603275885805487633
-0.76999998092651367200 -0.00603503314778208733
-0.75999999046325683600 -0.00602768408134579659
-0.75000000000000000000 -0.00601506000384688378
-0.74000000953674316400 -0.00601963885128498078
-0.73000001907348632800 -0.00602339301258325577
-0.72000002861022949200 -0.00600480381399393082
-0.70999997854232788100 -0.00600044103339314461
-0.69999998807907104500 -0.00602104188874363899
-0.68999999761581420900 -0.00602842122316360474
-0.68000000715255737300 -0.00602650502696633339
-0.67000001668930053700 -0.00603246223181486130
-0.66000002622604370100 -0.00601009605452418328
-0.64999997615814209000 -0.00600402103736996651
-0.63999998569488525400 -0.00601203599944710732
-0.62999999523162841800 -0.00599220208823680878
-0.62000000476837158200 -0.00597836822271347046
-0.61000001430511474600 -0.00599006190896034241
-0.60000002384185791000 -0.00599613320082426071
-0.58999997377395629900 -0.00600677821785211563
-0.57999998331069946300 -0.00601971987634897232
-0.56999999284744262700 -0.00600901199504733086
-0.56000000238418579100 -0.00599055411294102669
-0.55000001192092895500 -0.00599654577672481537
-0.54000002145767211900 -0.00599288707599043846
-0.52999997138977050800 -0.00598091678693890572
-0.51999998092651367200 -0.00598078593611717224
-0.50999999046325683600 -0.00598732708021998406
-0.50000000000000000000 -0.00600494910031557083
-0.49000000953674316400 -0.00600624922662973404
-0.47999998927116394000 -0.00601780600845813751
-0.46999999880790710400 -0.00600825902074575424
-0.46000000834465026800 -0.00598707189783453942
-0.44999998807907104500 -0.00599838607013225556
-0.43999999761581420900 -0.00599553296342492104
-0.43000000715255737300 -0.00597130088135600090
-0.41999998688697814900 -0.00597360311076045036
-0.40999999642372131300 -0.00598061596974730492
-0.40000000596046447700 -0.00598585978150367737
-0.38999998569488525400 -0.00598372099921107292
-0.37999999523162841800 -0.00598833104595541954
-0.37000000476837158200 -0.00597400777041912079
-0.36000001430511474600 -0.00595137383788824082
-0.34999999403953552200 -0.00597045291215181351
-0.34000000357627868600 -0.00595664512366056442
-0.33000001311302185100 -0.00593581516295671463
-0.31999999284744262700 -0.00595112796872854233
-0.31000000238418579100 -0.00596242491155862808
-0.30000001192092895500 -0.00597027083858847618
-0.28999999165534973100 -0.00598228489980101586
-0.28000000119209289500 -0.00598325487226247788
-0.27000001072883606000 -0.00596307497471570969
-0.25999999046325683600 -0.00596986897289752960
-0.25000000000000000000 -0.00597284315153956413
-0.23999999463558197000 -0.00595649285241961479
-0.23000000417232513400 -0.00595708098262548447
-0.21999999880790710400 -0.00596289988607168198
-0.20999999344348907500 -0.00597688416019082070
-0.20000000298023223900 -0.00598707189783453942
-0.18999999761581420900 -0.00599532807245850563
-0.18000000715255737300 -0.00598237803205847740
-0.17000000178813934300 -0.00596055807545781136
-0.15999999642372131300 -0.00597404595464468002
-0.15000000596046447800 -0.00597161985933780670
-0.14000000059604644800 -0.00594711722806096077
-0.12999999523162841800 -0.00594530021771788597
-0.11999999731779098500 -0.00595860090106725693
-0.10999999940395355200 -0.00596576789394021034
-0.10000000149011611900 -0.00596866197884082794
-0.09000000357627868650 -0.00597443198785185814
-0.07999999821186065670 -0.00596195179969072342
-0.07000000029802322390 -0.00594048295170068741
-0.05999999865889549260 -0.00596043979749083519
-0.05000000074505805970 -0.00595629308372735977
-0.03999999910593032840 -0.00592794315889477730
-0.02999999932944774630 -0.00594236887991428375
-0.01999999955296516420 -0.00595094682648777962
-0.00999999977648258210 -0.00595796806737780571
0.00000000000000000000 -0.00596835184842348099
0.00999999977648258210 -0.00597811304032802582
0.01999999955296516420 -0.00596590386703610420
0.02999999932944774630 -0.00594943016767501831
0.03999999910593032840 -0.00595814315602183342
0.05000000074505805970 -0.00595339899882674217
0.05999999865889549260 -0.00593441678211092949
0.07000000029802322390 -0.00593587895855307579
0.07999999821186065670 -0.00594343617558479309
0.09000000357627868650 -0.00595210678875446320
0.10000000149011611900 -0.00595727609470486641
0.10999999940395355200 -0.00595247093588113785
0.11999999731779098500 -0.00593858398497104645
0.12999999523162841800 -0.00591656612232327461
0.14000000059604644800 -0.00592350494116544724
0.15000000596046447800 -0.00591032579541206360
0.15999999642372131300 -0.00588861107826232910
0.17000000178813934300 -0.00589572405442595482
0.18000000715255737300 -0.00590307079255580902
0.18999999761581420900 -0.00590866990387439728
0.20000000298023223900 -0.00592011120170354843
0.20999999344348907500 -0.00591322407126426697
0.21999999880790710400 -0.00588968815281987190
0.23000000417232513400 -0.00590148102492094040
0.23999999463558197000 -0.00589971803128719330
0.25000000000000000000 -0.00587495090439915657
0.25999999046325683600 -0.00587871298193931580
0.27000001072883606000 -0.00589138315990567208
0.28000000119209289500 -0.00589039921760559082
0.28999999165534973100 -0.00590053712949156761
0.30000001192092895500 -0.00591307505965232849
0.31000000238418579100 -0.00588530302047729492
0.31999999284744262700 -0.00586960883811116219
0.33000001311302185100 -0.00587975792586803436
0.34000000357627868600 -0.00585943786427378655
0.34999999403953552200 -0.00584497582167387009
0.36000001430511474600 -0.00584253482520580292
0.37000000476837158200 -0.00583811616525053978
0.37999999523162841800 -0.00584351504221558571
0.38999998569488525400 -0.00584240397438406944
0.40000000596046447700 -0.00582537986338138580
0.40999999642372131300 -0.00579633004963397980
0.41999998688697814900 -0.00577524490654468537
0.43000000715255737300 -0.00576543109491467476
0.43999999761581420900 -0.00573350302875041962
0.44999998807907104500 -0.00570306601002812386
0.46000000834465026800 -0.00568797998130321503
0.46999999880790710400 -0.00567112583667039871
0.47999998927116394000 -0.00564347719773650170
0.49000000953674316400 -0.00561172701418399811
0.50000000000000000000 -0.00555298011749982834
0.50999999046325683600 -0.00547763379290699959
0.51999998092651367200 -0.00541500514373183251
0.52999997138977050800 -0.00531595898792147637
0.54000002145767211900 -0.00518857687711715698
0.55000001192092895500 -0.00505710998550057411
0.56000000238418579100 -0.00489442609250545502
0.56999999284744262700 -0.00471730018034577370
0.57999998331069946300 -0.00450378889217972756
0.58999997377395629900 -0.00425957283005118370
0.60000002384185791000 -0.00397253315895795822
0.61000001430511474600 -0.00365927489474415779
0.62000000476837158200 -0.00333524099551141262
0.62999999523162841800 -0.00297981500625610352
0.63999998569488525400 -0.00260226288810372353
0.64999997615814209000 -0.00221417797729372978
0.66000002622604370100 -0.00181265594437718391
0.67000001668930053700 -0.00139946304261684418
0.68000000715255737300 -0.00092881597811356187
0.68999999761581420900 -0.00051090988563373685
0.69999998807907104500 -0.00008844844705890864
0.70999997854232788100 0.00033806861029006541
0.72000002861022949200 0.00078029942233115435
0.73000001907348632800 0.00128752202726900578
0.74000000953674316400 0.00176417804323136807
0.75000000000000000000 0.00225230702199041843
0.75999999046325683600 0.00274822697974741459
0.76999998092651367200 0.00324907107278704643
0.77999997138977050800 0.00376160698942840099
0.79000002145767211900 0.00428327219560742378
0.80000001192092895500 0.00481323385611176491
0.81000000238418579100 0.00535493297502398491
0.81999999284744262700 0.00590159278362989426
0.82999998331069946300 0.00645453715696930886
0.83999997377395629900 0.00702792312949895859
0.85000002384185791000 0.00760138686746358872
0.86000001430511474600 0.00817873701453208924
0.87000000476837158200 0.00877761188894510269
0.87999999523162841800 0.00938635133206844330
0.88999998569488525400 0.00999632012099027634
0.89999997615814209000 0.01010467018932104110
0.91000002622604370100 0.01068983040750026700
0.92000001668930053700 0.01130854990333318710
0.93000000715255737300 0.01192860025912523270
0.93999999761581420900 0.01256189029663801190
0.94999998807907104500 0.01320219039916992190
0.95999997854232788100 0.01383536029607057570
0.97000002861022949200 0.01448720972985029220
0.98000001907348632800 0.01515659037977457050
0.99000000953674316400 0.01581408083438873290
1.00000000000000000000 0.01648619025945663450
