-1.00000000000000000000 -0.00599715486168861389
-0.99000000953674316400 -0.00601580506190657616
-0.98000001907348632800 -0.00601449608802795410
-0.97000002861022949200 -0.00602888921275734902
-0.95999997854232788100 -0.00604563904926180840
-0.94999998807907104500 -0.00603609206154942513
-0.93999999761581420900 -0.00602685613557696343
-0.93000000715255737300 -0.00602491991594433785
-0.92000001668930053700 -0.00602020602673292160
-0.91000002622604370100 -0.00601222412660717964
-0.89999997615814209000 -0.00600941618904471398
-0.88999998569488525400 -0.00600634887814521790
-0.87999999523162841800 -0.00602473784238100052
-0.87000000476837158200 -0.00603905320167541504
-0.86000001430511474600 -0.00603531580418348313
-0.85000002384185791000 -0.00603833096101880074
-0.83999997377395629900 -0.00602027680724859238
-0.82999998331069946300 -0.00602620001882314682
-0.81999999284744262700 -0.00602748990058898926
-0.81000000238418579100 -0.00600400194525718689
-0.80000001192092895500 -0.00599848199635744095
-0.79000002145767211900 -0.00601630518212914467
-0.77999997138977050800 -0.00602489104494452477
-0.76999998092651367200 -0.00602296413853764534
-0.75999999046325683600 -0.00604353006929159165
-0.75000000000000000000 -0.00601763790473341942
-0.74000000953674316400 -0.00599983613938093186
-0.73000001907348632800 -0.00602434901520609856
-0.72000002861022949200 -0.00601099617779254914
-0.70999997854232788100 -0.00598776293918490410
-0.69999998807907104500 -0.00601304182782769203
-0.68999999761581420900 -0.00601069582626223564
-0.68000000715255737300 -0.00601583113893866539
-0.67000001668930053700 -0.00604235706850886345
-0.66000002622604370100 -0.00602601189166307450
-0.64999997615814209000 -0.00600370997563004494
-0.63999998569488525400 -0.00602088402956724167
-0.62999999523162841800 -0.00600733514875173569
-0.62000000476837158200 -0.00598684186115860939
-0.61000001430511474600 -0.00600317306816577912
-0.60000002384185791000 -0.00599505705758929253
-0.58999997377395629900 -0.00600703619420528412
-0.57999998331069946300 -0.00603462615981698036
-0.56999999284744262700 -0.00602428521960973740
-0.56000000238418579100 -0.00601994711905717850
-0.55000001192092895500 -0.00601506279781460762
-0.54000002145767211900 -0.00601159082725644112
-0.52999997138977050800 -0.00600861897692084313
-0.51999998092651367200 -0.00600090995430946350
-0.50999999046325683600 -0.00599074782803654671
-0.50000000000000000000 -0.00600509904325008392
-0.49000000953674316400 -0.00602769106626510620
-0.47999998927116394000 -0.00601539015769958496
-0.46999999880790710400 -0.00602370500564575196
-0.46000000834465026800 -0.00601899297907948494
-0.44999998807907104500 -0.00599791901186108589
-0.43999999761581420900 -0.00600787904113531113
-0.43000000715255737300 -0.00600462919101119042
-0.41999998688697814900 -0.00598029699176549912
-0.40999999642372131300 -0.00599264213815331459
-0.40000000596046447700 -0.00601269118487834931
-0.38999998569488525400 -0.00600588787347078324
-0.37999999523162841800 -0.00602717418223619461
-0.37000000476837158200 -0.00602298881858587265
-0.36000001430511474600 -0.00598823605105280876
-0.34999999403953552200 -0.00600800616666674614
-0.34000000357627868600 -0.00600479915738105774
-0.33000001311302185100 -0.00597229879349470139
-0.31999999284744262700 -0.00598373310640454292
-0.31000000238418579100 -0.00599642796441912651
-0.30000001192092895500 -0.00599530199542641640
-0.28999999165534973100 -0.00601293193176388741
-0.28000000119209289500 -0.00602020090445876122
-0.27000001072883606000 -0.00599769409745931626
-0.25999999046325683600 -0.00599183980375528336
-0.25000000000000000000 -0.00600148597732186318
-0.23999999463558197000 -0.00597970280796289444
-0.23000000417232513400 -0.00597587414085865021
-0.21999999880790710400 -0.00598388491198420525
-0.20999999344348907500 -0.00598726980388164520
-0.20000000298023223900 -0.00601259293034672737
-0.18999999761581420900 -0.00600650208070874214
-0.18000000715255737300 -0.00599972810596227646
-0.17000000178813934300 -0.00599294621497392655
-0.15999999642372131300 -0.00598513381555676460
-0.15000000596046447800 -0.00597622478380799294
-0.14000000059604644800 -0.00597236212342977524
-0.12999999523162841800 -0.00595942186191678047
-0.11999999731779098500 -0.00596331898123025894
-0.10999999940395355200 -0.00599618582054972649
-0.10000000149011611900 -0.00598594499751925469
-0.09000000357627868650 -0.00599828083068132401
-0.07999999821186065670 -0.00599746080115437508
-0.07000000029802322390 -0.00596080720424652100
-0.05999999865889549260 -0.00597865693271160126
-0.05000000074505805970 -0.00598343601450324059
-0.03999999910593032840 -0.00594744412228465080
-0.02999999932944774630 -0.00595752801746129990
-0.01999999955296516420 -0.00598236778751015663
-0.00999999977648258210 -0.00597181683406233788
0.00000000000000000000 -0.00598792219534516335
0.00999999977648258210 -0.00600654212757945061
0.01999999955296516420 -0.00597941596060991287
0.02999999932944774630 -0.00595523696392774582
0.03999999910593032840 -0.00598386395722627640
0.05000000074505805970 -0.00595174496993422508
0.05999999865889549260 -0.00594154885038733483
0.07000000029802322390 -0.00596453109756112099
0.07999999821186065670 -0.00595285603776574135
0.09000000357627868650 -0.00596615904942154884
0.10000000149011611900 -0.00598624488338828087
0.10999999940395355200 -0.00596432993188500405
0.11999999731779098500 -0.00594293000176548958
0.12999999523162841800 -0.00595849379897117615
0.14000000059604644800 -0.00593654485419392586
0.15000000596046447800 -0.00591856008395552635
0.15999999642372131300 -0.00592977600172162056
0.17000000178813934300 -0.00591828906908631325
0.18000000715255737300 -0.00593131221830844879
0.18999999761581420900 -0.00594313303008675575
0.20000000298023223900 -0.00593444006517529488
0.20999999344348907500 -0.00592265091836452484
0.21999999880790710400 -0.00590304192155599594
0.23000000417232513400 -0.00589695479720830918
0.23999999463558197000 -0.00588793400675058365
0.25000000000000000000 -0.00586544722318649292
0.25999999046325683600 -0.00585556589066982270
0.27000001072883606000 -0.00586571404710412026
0.28000000119209289500 -0.00586261600255966187
0.28999999165534973100 -0.00585486879572272301
0.30000001192092895500 -0.00584972091019153595
0.31000000238418579100 -0.00581599492579698563
0.31999999284744262700 -0.00580174801871180535
0.33000001311302185100 -0.00580363813787698746
0.34000000357627868600 -0.00575892580673098564
0.34999999403953552200 -0.00572954304516315460
0.36000001430511474600 -0.00574300205335021019
0.37000000476837158200 -0.00571831688284873963
0.37999999523162841800 -0.00570512609556317330
0.38999998569488525400 -0.00570379290729761124
0.40000000596046447700 -0.00565667310729622841
0.40999999642372131300 -0.00560794584453105927
0.41999998688697814900 -0.00560690322890877724
0.43000000715255737300 -0.00555253215134143830
0.43999999761581420900 -0.00550562515854835510
0.44999998807907104500 -0.00548945693299174309
0.46000000834465026800 -0.00544145517051219940
0.46999999880790710400 -0.00541341677308082581
0.47999998927116394000 -0.00537989614531397820
0.49000000953674316400 -0.00531563814729452133
0.50000000000000000000 -0.00524624576792120934
0.50999999046325683600 -0.00519375177100300789
0.51999998092651367200 -0.00510592479258775711
0.52999997138977050800 -0.00501129822805523873
0.54000002145767211900 -0.00491974502801895142
0.55000001192092895500 -0.00480173015967011452
0.56000000238418579100 -0.00467866379767656326
0.56999999284744262700 -0.00452827708795666695
0.57999998331069946300 -0.00433986494317650795
0.58999997377395629900 -0.00411403411999344826
0.60000002384185791000 -0.00385236996226012707
0.61000001430511474600 -0.00356168905273079872
0.62000000476837158200 -0.00323290191590785980
0.62999999523162841800 -0.00285779591649770737
0.63999998569488525400 -0.00245018699206411839
0.64999997615814209000 -0.00201571290381252766
0.66000002622604370100 -0.00154150603339076042
0.67000001668930053700 -0.00102842401247471571
0.68000000715255737300 -0.00047835399163886905
0.68999999761581420900 0.00005012613110011443
0.69999998807907104500 0.00061366037698462605
0.70999997854232788100 0.00125238602049648762
0.72000002861022949200 0.00190655200276523829
0.73000001907348632800 0.00257482798770070076
0.74000000953674316400 0.00326317502185702324
0.75000000000000000000 0.00397074921056628227
0.75999999046325683600 0.00468931207433342934
0.76999998092651367200 0.00542039191350340843
0.77999997138977050800 0.00616746209561824799
0.79000002145767211900 0.00692877778783440590
0.80000001192092895500 0.00769458897411823273
0.81000000238418579100 0.00847663823515176773
0.81999999284744262700 0.00926920119673013687
0.82999998331069946300 0.01006392017006874080
0.83999997377395629900 0.01033409964293241500
0.85000002384185791000 0.01111766975373029710
0.86000001430511474600 0.01190466992557048800
0.87000000476837158200 0.01269720960408449170
0.87999999523162841800 0.01349787041544914250
0.88999998569488525400 0.01429268997162580490
0.89999997615814209000 0.01510453037917613980
0.91000002622604370100 0.01592838950455188750
0.92000001668930053700 0.01674395985901355740
0.93000000715255737300 0.01757461950182914730
0.93999999761581420900 0.01841777935624122620
0.94999998807907104500 0.01923560909926891330
0.95999997854232788100 0.02008605003356933590
0.97000002861022949200 0.02094821073114871980
0.98000001907348632800 0.02177662961184978490
0.99000000953674316400 0.02263763919472694400
1.00000000000000000000 0.02351804077625274660
