-1.00000000000000000000 -0.00599822308868169785
-0.99000000953674316400 -0.00599985802546143532
-0.98000001907348632800 -0.00601449422538280487
-0.97000002861022949200 -0.00602693483233451843
-0.95999997854232788100 -0.00603450415655970574
-0.94999998807907104500 -0.00604265416041016579
-0.93999999761581420900 -0.00602867081761360169
-0.93000000715255737300 -0.00600627390667796135
-0.92000001668930053700 -0.00602407520636916161
-0.91000002622604370100 -0.00601638713851571083
-0.89999997615814209000 -0.00599721493199467659
-0.88999998569488525400 -0.00600118283182382584
-0.87999999523162841800 -0.00601902185007929802
-0.87000000476837158200 -0.00602698978036642075
-0.86000001430511474600 -0.00603561196476221085
-0.85000002384185791000 -0.00603571580722928047
-0.83999997377395629900 -0.00601522577926516533
-0.82999998331069946300 -0.00600620685145258904
-0.81999999284744262700 -0.00601155404001474381
-0.81000000238418579100 -0.00599500723183155060
-0.80000001192092895500 -0.00597932608798146248
-0.79000002145767211900 -0.00599208008497953415
-0.77999997138977050800 -0.00599471107125282288
-0.76999998092651367200 -0.00599640980362892151
-0.75999999046325683600 -0.00600730115547776222
-0.75000000000000000000 -0.00599490711465477944
-0.74000000953674316400 -0.00596481189131736756
-0.73000001907348632800 -0.00598020106554031372
-0.72000002861022949200 -0.00597369996830821038
-0.70999997854232788100 -0.00595409981906414032
-0.69999998807907104500 -0.00595894502475857735
-0.68999999761581420900 -0.00596948014572262764
-0.68000000715255737300 -0.00598511192947626114
-0.67000001668930053700 -0.00599910411983728409
-0.66000002622604370100 -0.00600703805685043335
-0.64999997615814209000 -0.00599312176927924156
-0.63999998569488525400 -0.00598070677369832993
-0.62999999523162841800 -0.00598989380523562432
-0.62000000476837158200 -0.00597923202440142632
-0.61000001430511474600 -0.00596632109954953194
-0.60000002384185791000 -0.00597347505390644074
-0.58999997377395629900 -0.00598690006881952286
-0.57999998331069946300 -0.00599421421065926552
-0.56999999284744262700 -0.00600916100665926934
-0.56000000238418579100 -0.00600439403206110001
-0.55000001192092895500 -0.00598418386653065682
-0.54000002145767211900 -0.00598589098080992699
-0.52999997138977050800 -0.00598325300961732865
-0.51999998092651367200 -0.00596451805904507637
-0.50999999046325683600 -0.00595569610595703125
-0.50000000000000000000 -0.00596786197274923325
-0.49000000953674316400 -0.00597827695310115814
-0.47999998927116394000 -0.00598030677065253258
-0.46999999880790710400 -0.00599024118855595589
-0.46000000834465026800 -0.00597699685022234917
-0.44999998807907104500 -0.00595197780057787895
-0.43999999761581420900 -0.00596649479120969772
-0.43000000715255737300 -0.00596226193010807038
-0.41999998688697814900 -0.00594084383919835091
-0.40999999642372131300 -0.00595446815714240074
-0.40000000596046447700 -0.00596634205430746079
-0.38999998569488525400 -0.00597575400024652481
-0.37999999523162841800 -0.00598645908758044243
-0.37000000476837158200 -0.00599386403337121010
-0.36000001430511474600 -0.00597786810249090195
-0.34999999403953552200 -0.00596986617892980576
-0.34000000357627868600 -0.00597262289375066757
-0.33000001311302185100 -0.00595848308876156807
-0.31999999284744262700 -0.00595116009935736656
-0.31000000238418579100 -0.00595906376838684082
-0.30000001192092895500 -0.00597158586606383324
-0.28999999165534973100 -0.00597489019855856896
-0.28000000119209289500 -0.00598882697522640228
-0.27000001072883606000 -0.00597667321562767029
-0.25999999046325683600 -0.00594284711405634880
-0.25000000000000000000 -0.00595556478947401047
-0.23999999463558197000 -0.00594923598691821098
-0.23000000417232513400 -0.00592182716354727745
-0.21999999880790710400 -0.00592484511435031891
-0.20999999344348907500 -0.00593146216124296189
-0.20000000298023223900 -0.00594015419483184815
-0.18999999761581420900 -0.00594273908063769341
-0.18000000715255737300 -0.00594692304730415344
-0.17000000178813934300 -0.00593421515077352524
-0.15999999642372131300 -0.00591804506257176399
-0.15000000596046447800 -0.00593146681785583496
-0.14000000059604644800 -0.00592088000848889351
-0.12999999523162841800 -0.00590824801474809647
-0.11999999731779098500 -0.00592362415045499802
-0.10999999940395355200 -0.00593496020883321762
-0.10000000149011611900 -0.00594142079353332520
-0.09000000357627868650 -0.00595632707700133324
-0.07999999821186065670 -0.00595889380201697350
-0.07000000029802322390 -0.00593124097213149071
-0.05999999865889549260 -0.00594714796170592308
-0.05000000074505805970 -0.00594165408983826637
-0.03999999910593032840 -0.00592120783403515816
-0.02999999932944774630 -0.00593143003061413765
-0.01999999955296516420 -0.00593584496527910233
-0.00999999977648258210 -0.00594589905813336373
0.00000000000000000000 -0.00595125509425997734
0.00999999977648258210 -0.00596047518774867058
0.01999999955296516420 -0.00594892678782343865
0.02999999932944774630 -0.00592977600172162056
0.03999999910593032840 -0.00593179604038596153
0.05000000074505805970 -0.00592423416674137116
0.05999999865889549260 -0.00590895907953381539
0.07000000029802322390 -0.00590203003957867623
0.07999999821186065670 -0.00590901821851730347
0.09000000357627868650 -0.00592280412092804909
0.10000000149011611900 -0.00592823699116706848
0.10999999940395355200 -0.00593688897788524628
0.11999999731779098500 -0.00592596596106886864
0.12999999523162841800 -0.00590266799554228783
0.14000000059604644800 -0.00591363618150353432
0.15000000596046447800 -0.00590693391859531403
0.15999999642372131300 -0.00589491985738277436
0.17000000178813934300 -0.00590038020163774491
0.18000000715255737300 -0.00590760307386517525
0.18999999761581420900 -0.00591951096430420876
0.20000000298023223900 -0.00592450890690088272
0.20999999344348907500 -0.00592876598238945008
0.21999999880790710400 -0.00591128692030906677
0.23000000417232513400 -0.00590143119916319847
0.23999999463558197000 -0.00590166402980685234
0.25000000000000000000 -0.00588415795937180519
0.25999999046325683600 -0.00587395206093788147
0.27000001072883606000 -0.00587966293096542359
0.28000000119209289500 -0.00588204618543386460
0.28999999165534973100 -0.00588469905778765679
0.30000001192092895500 -0.00589396385475993157
0.31000000238418579100 -0.00586555106565356255
0.31999999284744262700 -0.00584120303392410278
0.33000001311302185100 -0.00584629504010081291
0.34000000357627868600 -0.00582475401461124420
0.34999999403953552200 -0.00580151099711656571
0.36000001430511474600 -0.00579922506585717201
0.37000000476837158200 -0.00579540897160768509
0.37999999523162841800 -0.00580078084021806717
0.38999998569488525400 -0.00580523395910859108
0.40000000596046447700 -0.00579607486724853516
0.40999999642372131300 -0.00577478110790252686
0.41999998688697814900 -0.00575315486639738083
0.43000000715255737300 -0.00574750406667590141
0.43999999761581420900 -0.00572646409273147583
0.44999998807907104500 -0.00569395022466778755
0.46000000834465026800 -0.00567942485213279724
0.46999999880790710400 -0.00566083192825317383
0.47999998927116394000 -0.00564109208062291146
0.49000000953674316400 -0.00561241386458277702
0.50000000000000000000 -0.00556063791736960411
0.50999999046325683600 -0.00548667786642909050
0.51999998092651367200 -0.00542855495586991310
0.52999997138977050800 -0.00533748092129826546
0.54000002145767211900 -0.00521533377468585968
0.55000001192092895500 -0.00509111303836107254
0.56000000238418579100 -0.00494786119088530541
0.56999999284744262700 -0.00477045681327581406
0.57999998331069946300 -0.00456590112298727036
0.58999997377395629900 -0.00433443486690521240
0.60000002384185791000 -0.00404728809371590614
0.61000001430511474600 -0.00373318488709628582
0.62000000476837158200 -0.00341335590928792954
0.62999999523162841800 -0.00304612494073808193
0.63999998569488525400 -0.00266555696725845337
0.64999997615814209000 -0.00227077701129019260
0.66000002622604370100 -0.00185851997230201960
0.67000001668930053700 -0.00143021205440163612
0.68000000715255737300 -0.00094496848760172725
0.68999999761581420900 -0.00051315908785909414
0.69999998807907104500 -0.00007043474761303514
0.70999997854232788100 0.00037734801298938692
0.72000002861022949200 0.00083753367653116584
0.73000001907348632800 0.00137130403891205788
0.74000000953674316400 0.00187367002945393324
0.75000000000000000000 0.00238360697403550148
0.75999999046325683600 0.00290633901022374630
0.76999998092651367200 0.00342963496223092079
0.77999997138977050800 0.00396694522351026535
0.79000002145767211900 0.00451084412634372711
0.80000001192092895500 0.00506223319098353386
0.81000000238418579100 0.00562075618654489517
0.81999999284744262700 0.00618157302960753441
0.82999998331069946300 0.00675503304228186608
0.83999997377395629900 0.00733433105051517487
0.85000002384185791000 0.00791843794286251068
0.86000001430511474600 0.00851205270737409592
0.87000000476837158200 0.00912641920149326325
0.87999999523162841800 0.00974908843636512757
0.88999998569488525400 0.01037110015749931340
0.89999997615814209000 0.01047731004655361180
0.91000002622604370100 0.01108079031109809880
0.92000001668930053700 0.01171438023447990420
0.93000000715255737300 0.01234946027398109440
0.93999999761581420900 0.01299605984240770340
0.94999998807907104500 0.01363901980221271520
0.95999997854232788100 0.01428501959890127180
0.97000002861022949200 0.01495574042201042180
0.98000001907348632800 0.01563028059899806980
0.99000000953674316400 0.01629875972867012020
1.00000000000000000000 0.01699950918555259700
