-1.00000000000000000000 -0.00560794584453105927
-0.99000000953674316400 -0.00561221688985824585
-0.98000001907348632800 -0.00560636399313807488
-0.97000002861022949200 -0.00558025902137160301
-0.95999997854232788100 -0.00558010488748550415
-0.94999998807907104500 -0.00557445315644145012
-0.93999999761581420900 -0.00555658480152487755
-0.93000000715255737300 -0.00555931590497493744
-0.92000001668930053700 -0.00556139787659049034
-0.91000002622604370100 -0.00557566015049815178
-0.89999997615814209000 -0.00557846995070576668
-0.88999998569488525400 -0.00558752520009875298
-0.87999999523162841800 -0.00557813094928860665
-0.87000000476837158200 -0.00556214805692434311
-0.86000001430511474600 -0.00557254813611507416
-0.85000002384185791000 -0.00557127222418785095
-0.83999997377395629900 -0.00555652100592851639
-0.82999998331069946300 -0.00555764604359865189
-0.81999999284744262700 -0.00557791115716099739
-0.81000000238418579100 -0.00558659201487898827
-0.80000001192092895500 -0.00558963511139154434
-0.79000002145767211900 -0.00560165196657180786
-0.77999997138977050800 -0.00559301022440195084
-0.76999998092651367200 -0.00557158794254064560
-0.75999999046325683600 -0.00558858178555965424
-0.75000000000000000000 -0.00557808578014373779
-0.74000000953674316400 -0.00556189380586147309
-0.73000001907348632800 -0.00556715484708547592
-0.72000002861022949200 -0.00557544082403182984
-0.70999997854232788100 -0.00558494497090578079
-0.69999998807907104500 -0.00558880902826786041
-0.68999999761581420900 -0.00558845698833465576
-0.68000000715255737300 -0.00557358516380190849
-0.67000001668930053700 -0.00556328520178794861
-0.66000002622604370100 -0.00557118002325296402
-0.64999997615814209000 -0.00555621599778532982
-0.63999998569488525400 -0.00554119003936648369
-0.62999999523162841800 -0.00554295815527439118
-0.62000000476837158200 -0.00555688701570034027
-0.61000001430511474600 -0.00555974803864955902
-0.60000002384185791000 -0.00557599402964115143
-0.58999997377395629900 -0.00557133695110678673
-0.57999998331069946300 -0.00555438781157135964
-0.56999999284744262700 -0.00555896386504173279
-0.56000000238418579100 -0.00556038878858089447
-0.55000001192092895500 -0.00554520217701792717
-0.54000002145767211900 -0.00554677378386259079
-0.52999997138977050800 -0.00555565999820828438
-0.51999998092651367200 -0.00556232500821352005
-0.50999999046325683600 -0.00557294301688671112
-0.50000000000000000000 -0.00558816082775592804
-0.49000000953674316400 -0.00558021804317831993
-0.47999998927116394000 -0.00555680505931377411
-0.46999999880790710400 -0.00556585378944873810
-0.46000000834465026800 -0.00556201208382844925
-0.44999998807907104500 -0.00554529577493667603
-0.43999999761581420900 -0.00553996488451957703
-0.43000000715255737300 -0.00555219501256942749
-0.41999998688697814900 -0.00556033384054899216
-0.40999999642372131300 -0.00556183606386184693
-0.40000000596046447700 -0.00557028083130717278
-0.38999998569488525400 -0.00555221503600478172
-0.37999999523162841800 -0.00553043093532323837
-0.37000000476837158200 -0.00553804496303200722
-0.36000001430511474600 -0.00552905304357409477
-0.34999999403953552200 -0.00551065616309642792
-0.34000000357627868600 -0.00551338493824005127
-0.33000001311302185100 -0.00552279315888881684
-0.31999999284744262700 -0.00552865816280245781
-0.31000000238418579100 -0.00553814601153135300
-0.30000001192092895500 -0.00554251391440629959
-0.28999999165534973100 -0.00553448498249053955
-0.28000000119209289500 -0.00551872001960873604
-0.27000001072883606000 -0.00553428009152412415
-0.25999999046325683600 -0.00553074898198246956
-0.25000000000000000000 -0.00550981797277927399
-0.23999999463558197000 -0.00552389910444617272
-0.23000000417232513400 -0.00553416414186358452
-0.21999999880790710400 -0.00554200401529669762
-0.20999999344348907500 -0.00554877799004316330
-0.20000000298023223900 -0.00555588211864233017
-0.18999999761581420900 -0.00553957186639308930
-0.18000000715255737300 -0.00552924489602446556
-0.17000000178813934300 -0.00553615298122167587
-0.15999999642372131300 -0.00552127277478575707
-0.15000000596046447800 -0.00550988502800464630
-0.14000000059604644800 -0.00551867997273802757
-0.12999999523162841800 -0.00551794888451695442
-0.11999999731779098500 -0.00552811706438660622
-0.10999999940395355200 -0.00553307076916098595
-0.10000000149011611900 -0.00552290212363004685
-0.09000000357627868650 -0.00550661608576774597
-0.07999999821186065670 -0.00550760095939040184
-0.07000000029802322390 -0.00550612481310963631
-0.05999999865889549260 -0.00549008278176188469
-0.05000000074505805970 -0.00549146300181746483
-0.03999999910593032840 -0.00549701880663633347
-0.02999999932944774630 -0.00550105096772313118
-0.01999999955296516420 -0.00551945483312010765
-0.00999999977648258210 -0.00552851520478725434
0.00000000000000000000 -0.00551591813564300537
0.00999999977648258210 -0.00551543291658163071
0.01999999955296516420 -0.00549952778965234757
0.02999999932944774630 -0.00550745381042361260
0.03999999910593032840 -0.00550345005467534065
0.05000000074505805970 -0.00548795610666275025
0.05999999865889549260 -0.00549075612798333168
0.07000000029802322390 -0.00550702493637800217
0.07999999821186065670 -0.00551122007891535759
0.09000000357627868650 -0.00551465386524796486
0.10000000149011611900 -0.00551223196089267731
0.10999999940395355200 -0.00549016986042261124
0.11999999731779098500 -0.00548474816605448723
0.12999999523162841800 -0.00548554398119449616
0.14000000059604644800 -0.00546114379540085793
0.15000000596046447800 -0.00545485317707061768
0.15999999642372131300 -0.00545707903802394867
0.17000000178813934300 -0.00545879499986767769
0.18000000715255737300 -0.00546553591266274452
0.18999999761581420900 -0.00546246115118265152
0.20000000298023223900 -0.00545181287452578545
0.20999999344348907500 -0.00542903598397970200
0.21999999880790710400 -0.00543546490371227265
0.23000000417232513400 -0.00543023319914937020
0.23999999463558197000 -0.00541505403816699982
0.25000000000000000000 -0.00540831219404935837
0.25999999046325683600 -0.00541891902685165405
0.27000001072883606000 -0.00542883807793259621
0.28000000119209289500 -0.00542357377707958222
0.28999999165534973100 -0.00543084181845188141
0.30000001192092895500 -0.00541484402492642403
0.31000000238418579100 -0.00538954976946115494
0.31999999284744262700 -0.00539332022890448570
0.33000001311302185100 -0.00537986401468515396
0.34000000357627868600 -0.00535327382385730744
0.34999999403953552200 -0.00534626189619302750
0.36000001430511474600 -0.00534408818930387497
0.37000000476837158200 -0.00533930910751223564
0.37999999523162841800 -0.00533049693331122399
0.38999998569488525400 -0.00531574618071317673
0.40000000596046447700 -0.00528677506372332573
0.40999999642372131300 -0.00524941878393292427
0.41999998688697814900 -0.00523538282141089440
0.43000000715255737300 -0.00519812293350696564
0.43999999761581420900 -0.00515810120850801468
0.44999998807907104500 -0.00513294385746121407
0.46000000834465026800 -0.00510634621605277062
0.46999999880790710400 -0.00507682887837290764
0.47999998927116394000 -0.00503924814984202385
0.49000000953674316400 -0.00499435607343912125
0.50000000000000000000 -0.00492491899058222771
0.50999999046325683600 -0.00486273178830742836
0.51999998092651367200 -0.00479973619803786278
0.52999997138977050800 -0.00471446616575121880
0.54000002145767211900 -0.00461887195706367493
0.55000001192092895500 -0.00452300906181335449
0.56000000238418579100 -0.00441451603546738625
0.56999999284744262700 -0.00427968008443713188
0.57999998331069946300 -0.00412880117073655129
0.58999997377395629900 -0.00393387116491794586
0.60000002384185791000 -0.00370186590589582920
0.61000001430511474600 -0.00346083706244826317
0.62000000476837158200 -0.00317766610532999039
0.62999999523162841800 -0.00284847896546125412
0.63999998569488525400 -0.00249492307193577290
0.64999997615814209000 -0.00211593694984912872
0.66000002622604370100 -0.00170213100500404835
0.67000001668930053700 -0.00125136598944664002
0.68000000715255737300 -0.00073377718217670918
0.68999999761581420900 -0.00025134219322353601
0.69999998807907104500 0.00023294999846257269
0.70999997854232788100 0.00079415470827370882
0.72000002861022949200 0.00142922601662576199
0.73000001907348632800 0.00203839689493179321
0.74000000953674316400 0.00266459607519209385
0.75000000000000000000 0.00331396306864917278
0.75999999046325683600 0.00397994788363575936
0.76999998092651367200 0.00466391211375594139
0.77999997138977050800 0.00536610512062907219
0.79000002145767211900 0.00608289893716573715
0.80000001192092895500 0.00681414688006043434
0.81000000238418579100 0.00756312906742095948
0.81999999284744262700 0.00832784920930862427
0.82999998331069946300 0.00911040324717760086
0.83999997377395629900 0.00990959443151950836
0.85000002384185791000 0.01025361008942127230
0.86000001430511474600 0.01103495992720127110
0.87000000476837158200 0.01184243988245725630
0.87999999523162841800 0.01266213040798902510
0.88999998569488525400 0.01349737029522657390
0.89999997615814209000 0.01434724032878875730
0.91000002622604370100 0.01519980002194643020
0.92000001668930053700 0.01606751047074794770
0.93000000715255737300 0.01695260033011436460
0.93999999761581420900 0.01784168928861618040
0.94999998807907104500 0.01874030940234661100
0.95999997854232788100 0.01965142972767353060
0.97000002861022949200 0.02057632058858871460
0.98000001907348632800 0.02151818014681339260
0.99000000953674316400 0.02245895937085151670
1.00000000000000000000 0.02340435050427913670
