-1.00000000000000000000 -0.00562501884996891022
-0.99000000953674316400 -0.00560433510690927506
-0.98000001907348632800 -0.00560796912759542465
-0.97000002861022949200 -0.00561359478160738945
-0.95999997854232788100 -0.00562279112637042999
-0.94999998807907104500 -0.00563490716740489006
-0.93999999761581420900 -0.00564664602279663086
-0.93000000715255737300 -0.00563169317319989205
-0.92000001668930053700 -0.00562059506773948670
-0.91000002622604370100 -0.00562998000532388687
-0.89999997615814209000 -0.00562415085732936859
-0.88999998569488525400 -0.00561374705284833908
-0.87999999523162841800 -0.00561426114290952683
-0.87000000476837158200 -0.00562534900382161141
-0.86000001430511474600 -0.00563983805477619171
-0.85000002384185791000 -0.00564680201932787895
-0.83999997377395629900 -0.00564487697556614876
-0.82999998331069946300 -0.00563062680885195732
-0.81999999284744262700 -0.00562546495348215103
-0.81000000238418579100 -0.00562897510826587677
-0.80000001192092895500 -0.00561285391449928284
-0.79000002145767211900 -0.00560422008857131004
-0.77999997138977050800 -0.00561634311452507973
-0.76999998092651367200 -0.00561958411708474159
-0.75999999046325683600 -0.00562415178865194321
-0.75000000000000000000 -0.00563302496448159218
-0.74000000953674316400 -0.00561966001987457276
-0.73000001907348632800 -0.00559218507260084152
-0.72000002861022949200 -0.00560681987553834915
-0.70999997854232788100 -0.00559696322306990624
-0.69999998807907104500 -0.00557336490601301193
-0.68999999761581420900 -0.00558413797989487648
-0.68000000715255737300 -0.00558444298803806305
-0.67000001668930053700 -0.00559806916862726212
-0.66000002622604370100 -0.00560934888198971749
-0.64999997615814209000 -0.00560999009758234024
-0.63999998569488525400 -0.00559827219694852829
-0.62999999523162841800 -0.00559461582452058792
-0.62000000476837158200 -0.00560442497953772545
-0.61000001430511474600 -0.00559313688427209854
-0.60000002384185791000 -0.00558587396517395973
-0.58999997377395629900 -0.00559450592845678330
-0.57999998331069946300 -0.00560184800997376442
-0.56999999284744262700 -0.00561568001285195351
-0.56000000238418579100 -0.00562986079603433609
-0.55000001192092895500 -0.00561995012685656548
-0.54000002145767211900 -0.00561052979901432991
-0.52999997138977050800 -0.00561485113576054573
-0.51999998092651367200 -0.00561228999868035317
-0.50999999046325683600 -0.00559665914624929428
-0.50000000000000000000 -0.00559208914637565613
-0.49000000953674316400 -0.00559683516621589661
-0.47999998927116394000 -0.00560863502323627472
-0.46999999880790710400 -0.00561391795054078102
-0.46000000834465026800 -0.00561429886147379875
-0.44999998807907104500 -0.00560535211116075516
-0.43999999761581420900 -0.00558218406513333321
-0.43000000715255737300 -0.00559062277898192406
-0.41999998688697814900 -0.00558670097962021828
-0.40999999642372131300 -0.00556492013856768608
-0.40000000596046447700 -0.00557413278147578240
-0.38999998569488525400 -0.00558250118046998978
-0.37999999523162841800 -0.00559028703719377518
-0.37000000476837158200 -0.00560268294066190720
-0.36000001430511474600 -0.00560587598010897637
-0.34999999403953552200 -0.00558835407719016075
-0.34000000357627868600 -0.00558773102238774300
-0.33000001311302185100 -0.00558765698224306107
-0.31999999284744262700 -0.00557152507826685906
-0.31000000238418579100 -0.00557105988264083862
-0.30000001192092895500 -0.00556962611153721810
-0.28999999165534973100 -0.00558260781690478325
-0.28000000119209289500 -0.00559327285736799240
-0.27000001072883606000 -0.00560084916651248932
-0.25999999046325683600 -0.00558375101536512375
-0.25000000000000000000 -0.00556526612490415573
-0.23999999463558197000 -0.00557034416124224663
-0.23000000417232513400 -0.00556282280012965202
-0.21999999880790710400 -0.00554337492212653160
-0.20999999344348907500 -0.00554296094924211502
-0.20000000298023223900 -0.00554341403767466545
-0.18999999761581420900 -0.00555721810087561608
-0.18000000715255737300 -0.00556063791736960411
-0.17000000178813934300 -0.00556001579388976097
-0.15999999642372131300 -0.00555100897327065468
-0.15000000596046447800 -0.00554010691121220589
-0.14000000059604644800 -0.00554827786982059479
-0.12999999523162841800 -0.00554378982633352280
-0.11999999731779098500 -0.00553421396762132645
-0.10999999940395355200 -0.00553992390632629395
-0.10000000149011611900 -0.00555388582870364189
-0.09000000357627868650 -0.00556148216128349304
-0.07999999821186065670 -0.00557410111650824547
-0.07000000029802322390 -0.00557291181758046150
-0.05999999865889549260 -0.00554762501269578934
-0.05000000074505805970 -0.00556221883744001389
-0.03999999910593032840 -0.00556435808539390564
-0.02999999932944774630 -0.00553671596571803093
-0.01999999955296516420 -0.00554509600624442101
-0.00999999977648258210 -0.00554799381643533707
0.00000000000000000000 -0.00555782997980713844
0.00999999977648258210 -0.00555614288896322251
0.01999999955296516420 -0.00556975184008479119
0.02999999932944774630 -0.00556742679327726364
0.03999999910593032840 -0.00554319098591804505
0.05000000074505805970 -0.00554254185408353806
0.05999999865889549260 -0.00553932320326566696
0.07000000029802322390 -0.00552358478307723999
0.07999999821186065670 -0.00551710883155465126
0.09000000357627868650 -0.00552243599668145180
0.10000000149011611900 -0.00553210498765110970
0.10999999940395355200 -0.00553870201110839844
0.11999999731779098500 -0.00554841104894876480
0.12999999523162841800 -0.00554289622232317925
0.14000000059604644800 -0.00551682477816939354
0.15000000596046447800 -0.00552598014473915100
0.15999999642372131300 -0.00552477501332759857
0.17000000178813934300 -0.00549535918980836868
0.18000000715255737300 -0.00550192082300782204
0.18999999761581420900 -0.00551251694560050965
0.20000000298023223900 -0.00551438890397548676
0.20999999344348907500 -0.00551694910973310471
0.21999999880790710400 -0.00552740599960088730
0.23000000417232513400 -0.00549913290888071060
0.23999999463558197000 -0.00548523478209972382
0.25000000000000000000 -0.00549280783161520958
0.25999999046325683600 -0.00547235412523150444
0.27000001072883606000 -0.00545332487672567368
0.28000000119209289500 -0.00545781105756759644
0.28999999165534973100 -0.00545894308015704155
0.30000001192092895500 -0.00545564200729131699
0.31000000238418579100 -0.00545897707343101502
0.31999999284744262700 -0.00543795805424451828
0.33000001311302185100 -0.00540356384590268135
0.34000000357627868600 -0.00540929101407527924
0.34999999403953552200 -0.00538894394412636757
0.36000001430511474600 -0.00535744614899158478
0.37000000476837158200 -0.00535117322579026222
0.37999999523162841800 -0.00534484023228287697
0.38999998569488525400 -0.00534219387918710709
0.40000000596046447700 -0.00534182880073785782
0.40999999642372131300 -0.00532668177038431168
0.41999998688697814900 -0.00530218286439776421
0.43000000715255737300 -0.00526534998789429665
0.43999999761581420900 -0.00525022996589541435
0.44999998807907104500 -0.00521841878071427345
0.46000000834465026800 -0.00517187220975756645
0.46999999880790710400 -0.00514384312555193901
0.47999998927116394000 -0.00511329621076583862
0.49000000953674316400 -0.00507681490853428841
0.50000000000000000000 -0.00502975797280669212
0.50999999046325683600 -0.00496779894456267357
0.51999998092651367200 -0.00487577077001333237
0.52999997138977050800 -0.00479420088231563568
0.54000002145767211900 -0.00470011681318283081
0.55000001192092895500 -0.00457058800384402275
0.56000000238418579100 -0.00443175109103322029
0.56999999284744262700 -0.00428231898695230484
0.57999998331069946300 -0.00410465383902192116
0.58999997377395629900 -0.00388816907070577145
0.60000002384185791000 -0.00364785105921328068
0.61000001430511474600 -0.00335068698041141033
0.62000000476837158200 -0.00301777198910713196
0.62999999523162841800 -0.00266691809520125389
0.63999998569488525400 -0.00226210406981408596
0.64999997615814209000 -0.00181525794323533773
0.66000002622604370100 -0.00134748301934450865
0.67000001668930053700 -0.00081427698023617268
0.68000000715255737300 -0.00028946009115315974
0.68999999761581420900 0.00022622609685640782
0.69999998807907104500 0.00083621847443282604
0.70999997854232788100 0.00152050796896219254
0.72000002861022949200 0.00219409796409308910
0.73000001907348632800 0.00289682904258370400
0.74000000953674316400 0.00361883803270757198
0.75000000000000000000 0.00437020882964134216
0.75999999046325683600 0.00514859799295663834
0.76999998092651367200 0.00595071492716670036
0.77999997138977050800 0.00677979784086346626
0.79000002145767211900 0.00763029791414737702
0.80000001192092895500 0.00850617233663797379
0.81000000238418579100 0.00940665043890476227
0.81999999284744262700 0.01032640039920806880
0.82999998331069946300 0.01076162979006767270
0.83999997377395629900 0.01168388035148382190
0.85000002384185791000 0.01262199040502309800
0.86000001430511474600 0.01358364988118410110
0.87000000476837158200 0.01457903999835252760
0.87999999523162841800 0.01558652985841035840
0.88999998569488525400 0.01662936992943286900
0.89999997615814209000 0.01769470050930976870
0.91000002622604370100 0.01877087913453578950
0.92000001668930053700 0.01986742019653320310
0.93000000715255737300 0.02098866924643516540
0.93999999761581420900 0.02213693037629127500
0.94999998807907104500 0.02329755946993827820
0.95999997854232788100 0.02447176910936832430
0.97000002861022949200 0.02567794919013977050
0.98000001907348632800 0.02690920978784561160
0.99000000953674316400 0.02815512008965015410
1.00000000000000000000 0.02942417003214359280
