-1.00000000000000000000 -0.00623425608500838280
-0.99000000953674316400 -0.00624832510948181153
-0.98000001907348632800 -0.00626685377210378647
-0.97000002861022949200 -0.00627400912344455719
-0.95999997854232788100 -0.00629145791754126549
-0.94999998807907104500 -0.00629508402198553086
-0.93999999761581420900 -0.00627607200294733048
-0.93000000715255737300 -0.00626950617879629135
-0.92000001668930053700 -0.00627589784562587738
-0.91000002622604370100 -0.00625722110271453858
-0.89999997615814209000 -0.00625355681404471398
-0.88999998569488525400 -0.00625433586537837982
-0.87999999523162841800 -0.00625599594786763191
-0.87000000476837158200 -0.00627025077119469643
-0.86000001430511474600 -0.00626486307010054588
-0.85000002384185791000 -0.00625354005023837090
-0.83999997377395629900 -0.00623743003234267235
-0.82999998331069946300 -0.00623322697356343270
-0.81999999284744262700 -0.00622209906578063965
-0.81000000238418579100 -0.00621104985475540161
-0.80000001192092895500 -0.00620140507817268372
-0.79000002145767211900 -0.00620361603796482086
-0.77999997138977050800 -0.00622425880283117294
-0.76999998092651367200 -0.00623182905837893486
-0.75999999046325683600 -0.00624434277415275574
-0.75000000000000000000 -0.00624563917517662049
-0.74000000953674316400 -0.00622485205531120300
-0.73000001907348632800 -0.00623576017096638680
-0.72000002861022949200 -0.00624175881966948509
-0.70999997854232788100 -0.00621877796947956085
-0.69999998807907104500 -0.00621687481179833412
-0.68999999761581420900 -0.00623684097081422806
-0.68000000715255737300 -0.00623956881463527680
-0.67000001668930053700 -0.00624659704044461250
-0.66000002622604370100 -0.00626324908807873726
-0.64999997615814209000 -0.00624646106734871864
-0.63999998569488525400 -0.00622305180877447128
-0.62999999523162841800 -0.00624118698760867119
-0.62000000476837158200 -0.00622479291632771492
-0.61000001430511474600 -0.00620962679386138916
-0.60000002384185791000 -0.00621861219406127930
-0.58999997377395629900 -0.00621848879382014275
-0.57999998331069946300 -0.00623074918985366822
-0.56999999284744262700 -0.00624343706294894219
-0.56000000238418579100 -0.00623987382277846337
-0.55000001192092895500 -0.00622168695554137230
-0.54000002145767211900 -0.00621452415362000466
-0.52999997138977050800 -0.00621079700067639351
-0.51999998092651367200 -0.00620314478874206543
-0.50999999046325683600 -0.00619535101577639580
-0.50000000000000000000 -0.00618915399536490441
-0.49000000953674316400 -0.00620502280071377754
-0.47999998927116394000 -0.00622197985649108887
-0.46999999880790710400 -0.00622285297140479088
-0.46000000834465026800 -0.00622827094048261643
-0.44999998807907104500 -0.00622481387108564377
-0.43999999761581420900 -0.00620724214240908623
-0.43000000715255737300 -0.00621805293485522270
-0.41999998688697814900 -0.00621522683650255203
-0.40999999642372131300 -0.00619785487651824951
-0.40000000596046447700 -0.00620807707309722901
-0.38999998569488525400 -0.00622193422168493271
-0.37999999523162841800 -0.00622833007946610451
-0.37000000476837158200 -0.00623368890956044197
-0.36000001430511474600 -0.00623957719653844834
-0.34999999403953552200 -0.00620974088087677956
-0.34000000357627868600 -0.00621770601719617844
-0.33000001311302185100 -0.00621945504099130631
-0.31999999284744262700 -0.00618719216436147690
-0.31000000238418579100 -0.00618151994422078133
-0.30000001192092895500 -0.00619060220196843148
-0.28999999165534973100 -0.00618616305291652680
-0.28000000119209289500 -0.00619322387501597405
-0.27000001072883606000 -0.00620515411719679833
-0.25999999046325683600 -0.00617780117318034172
-0.25000000000000000000 -0.00616562087088823319
-0.23999999463558197000 -0.00617886381223797798
-0.23000000417232513400 -0.00615766178816556931
-0.21999999880790710400 -0.00614919699728488922
-0.20999999344348907500 -0.00615416187793016434
-0.20000000298023223900 -0.00615604314953088761
-0.18999999761581420900 -0.00617585610598325730
-0.18000000715255737300 -0.00619067903608083725
-0.17000000178813934300 -0.00618934398517012596
-0.15999999642372131300 -0.00619013188406825066
-0.15000000596046447800 -0.00617360603064298630
-0.14000000059604644800 -0.00617415783926844597
-0.12999999523162841800 -0.00617528799921274185
-0.11999999731779098500 -0.00615906016901135445
-0.10999999940395355200 -0.00615526782348752022
-0.10000000149011611900 -0.00616784999147057533
-0.09000000357627868650 -0.00618129502981901169
-0.07999999821186065670 -0.00617755483835935593
-0.07000000029802322390 -0.00619068322703242302
-0.05999999865889549260 -0.00617799488827586174
-0.05000000074505805970 -0.00615214603021740914
-0.03999999910593032840 -0.00616741413250565529
-0.02999999932944774630 -0.00615984294563531876
-0.01999999955296516420 -0.00613239314407110214
-0.00999999977648258210 -0.00613939203321933747
0.00000000000000000000 -0.00614617718383669853
0.00999999977648258210 -0.00614078901708126068
0.01999999955296516420 -0.00615444499999284744
0.02999999932944774630 -0.00616139778867363930
0.03999999910593032840 -0.00613360013812780380
0.05000000074505805970 -0.00611965777352452278
0.05999999865889549260 -0.00613590795546770096
0.07000000029802322390 -0.00611646519973874092
0.07999999821186065670 -0.00610323110595345497
0.09000000357627868650 -0.00611125398427248001
0.10000000149011611900 -0.00611100392416119576
0.10999999940395355200 -0.00612608110532164574
0.11999999731779098500 -0.00613204110413789749
0.12999999523162841800 -0.00612864689901471138
0.14000000059604644800 -0.00611418113112449646
0.15000000596046447800 -0.00610133679583668709
0.15999999642372131300 -0.00609829882159829140
0.17000000178813934300 -0.00608277320861816406
0.18000000715255737300 -0.00606638379395008087
0.18999999761581420900 -0.00605425611138343811
0.20000000298023223900 -0.00605670083314180374
0.20999999344348907500 -0.00605303607881069184
0.21999999880790710400 -0.00603708205744624138
0.23000000417232513400 -0.00602264096960425377
0.23999999463558197000 -0.00598595477640628815
0.25000000000000000000 -0.00595443695783615112
0.25999999046325683600 -0.00593196880072355271
0.27000001072883606000 -0.00588810304179787636
0.28000000119209289500 -0.00584096787497401238
0.28999999165534973100 -0.00581793393939733505
0.30000001192092895500 -0.00578219816088676453
0.31000000238418579100 -0.00574232498183846474
0.31999999284744262700 -0.00570355681702494621
0.33000001311302185100 -0.00564158381894230843
0.34000000357627868600 -0.00556348403915762901
0.34999999403953552200 -0.00550631992518901825
0.36000001430511474600 -0.00542701687663793564
0.37000000476837158200 -0.00533427204936742783
0.37999999523162841800 -0.00525330286473035813
0.38999998569488525400 -0.00515827490016818047
0.40000000596046447700 -0.00506017589941620827
0.40999999642372131300 -0.00495625287294387818
0.41999998688697814900 -0.00484178122133016586
0.43000000715255737300 -0.00470889220014214516
0.43999999761581420900 -0.00456951977685093880
0.44999998807907104500 -0.00443418277427554131
0.46000000834465026800 -0.00428582821041345596
0.46999999880790710400 -0.00413235696032643318
0.47999998927116394000 -0.00397600978612899780
0.49000000953674316400 -0.00381945492699742317
0.50000000000000000000 -0.00366010796278715134
0.50999999046325683600 -0.00349083100445568562
0.51999998092651367200 -0.00331894191913306713
0.52999997138977050800 -0.00314096198417246342
0.54000002145767211900 -0.00295361806638538838
0.55000001192092895500 -0.00277375197038054466
0.56000000238418579100 -0.00258738594129681587
0.56999999284744262700 -0.00239125103689730167
0.57999998331069946300 -0.00220205402001738548
0.58999997377395629900 -0.00201089796610176563
0.60000002384185791000 -0.00181429204531013966
0.61000001430511474600 -0.00161712395492941141
0.62000000476837158200 -0.00142059405334293842
0.62999999523162841800 -0.00121279398445039988
0.63999998569488525400 -0.00100771302822977304
0.64999997615814209000 -0.00077190477168187499
0.66000002622604370100 -0.00057339947670698166
0.67000001668930053700 -0.00037207730929367244
0.68000000715255737300 -0.00017268849478568882
0.68999999761581420900 0.00002821587986545637
0.69999998807907104500 0.00022624220582656562
0.70999997854232788100 0.00043211539741605520
0.72000002861022949200 0.00063819537172093987
0.73000001907348632800 0.00084518978837877512
0.74000000953674316400 0.00110093096736818552
0.75000000000000000000 0.00132040202151983976
0.75999999046325683600 0.00154231605120003223
0.76999998092651367200 0.00176089303568005562
0.77999997138977050800 0.00198147608898580074
0.79000002145767211900 0.00220474996604025364
0.80000001192092895500 0.00242576911114156246
0.81000000238418579100 0.00264716497622430325
0.81999999284744262700 0.00286976201459765434
0.82999998331069946300 0.00309295603074133396
0.83999997377395629900 0.00331619498319923878
0.85000002384185791000 0.00354226608760654926
0.86000001430511474600 0.00376933207735419274
0.87000000476837158200 0.00399463297799229622
0.87999999523162841800 0.00422123586758971214
0.88999998569488525400 0.00444962177425622940
0.89999997615814209000 0.00467671500518918038
0.91000002622604370100 0.00490413000807166100
0.92000001668930053700 0.00513254804536700249
0.93000000715255737300 0.00536057306453585625
0.93999999761581420900 0.00559066887944936752
0.94999998807907104500 0.00582094583660364151
0.95999997854232788100 0.00605073105543851853
0.97000002861022949200 0.00628181593492627144
0.98000001907348632800 0.00651330221444368363
0.99000000953674316400 0.00674400199204683304
1.00000000000000000000 0.00697596604004502297
