-1.00000000000000000000 -0.00589663023129105568
-0.99000000953674316400 -0.00592482322826981545
-0.98000001907348632800 -0.00592223880812525749
-0.97000002861022949200 -0.00593748223036527634
-0.95999997854232788100 -0.00595571519806981087
-0.94999998807907104500 -0.00592400692403316498
-0.93999999761581420900 -0.00593034084886312485
-0.93000000715255737300 -0.00594074418768286705
-0.92000001668930053700 -0.00591454515233635903
-0.91000002622604370100 -0.00592041993513703346
-0.89999997615814209000 -0.00593720702454447746
-0.88999998569488525400 -0.00593736814334988594
-0.87999999523162841800 -0.00595171190798282624
-0.87000000476837158200 -0.00597181310877203942
-0.86000001430511474600 -0.00594420079141855240
-0.85000002384185791000 -0.00593078788369894028
-0.83999997377395629900 -0.00594793306663632393
-0.82999998331069946300 -0.00592885678634047508
-0.81999999284744262700 -0.00591682689264416695
-0.81000000238418579100 -0.00592409214004874230
-0.80000001192092895500 -0.00592585094273090363
-0.79000002145767211900 -0.00594268506392836571
-0.77999997138977050800 -0.00595135102048516274
-0.76999998092651367200 -0.00594478612765669823
-0.75999999046325683600 -0.00593791389837861061
-0.75000000000000000000 -0.00592827610671520233
-0.74000000953674316400 -0.00592205906286835671
-0.73000001907348632800 -0.00591298518702387810
-0.72000002861022949200 -0.00590779492631554604
-0.70999997854232788100 -0.00591154489666223526
-0.69999998807907104500 -0.00592954084277153015
-0.68999999761581420900 -0.00593788083642721176
-0.68000000715255737300 -0.00593871111050248146
-0.67000001668930053700 -0.00594398099929094315
-0.66000002622604370100 -0.00591797381639480591
-0.64999997615814209000 -0.00592393800616264343
-0.63999998569488525400 -0.00592622580006718636
-0.62999999523162841800 -0.00590236904099583626
-0.62000000476837158200 -0.00590091478079557419
-0.61000001430511474600 -0.00592511519789695740
-0.60000002384185791000 -0.00592738110572099686
-0.58999997377395629900 -0.00593036413192749024
-0.57999998331069946300 -0.00595011422410607338
-0.56999999284744262700 -0.00592538807541131973
-0.56000000238418579100 -0.00590677699074149132
-0.55000001192092895500 -0.00592956505715847016
-0.54000002145767211900 -0.00590411480516195297
-0.52999997138977050800 -0.00589345907792448998
-0.51999998092651367200 -0.00590677000582218170
-0.50999999046325683600 -0.00590324494987726212
-0.50000000000000000000 -0.00591243803501129151
-0.49000000953674316400 -0.00593463098630309105
-0.47999998927116394000 -0.00590946478769183159
-0.46999999880790710400 -0.00589159084483981133
-0.46000000834465026800 -0.00590918399393558502
-0.44999998807907104500 -0.00588754191994667053
-0.43999999761581420900 -0.00587549107149243355
-0.43000000715255737300 -0.00588894402608275414
-0.41999998688697814900 -0.00588684016838669777
-0.40999999642372131300 -0.00590458000078797341
-0.40000000596046447700 -0.00592377083376049996
-0.38999998569488525400 -0.00591761013492941857
-0.37999999523162841800 -0.00592064810916781426
-0.37000000476837158200 -0.00590974511578679085
-0.36000001430511474600 -0.00590912578627467156
-0.34999999403953552200 -0.00590482121333479882
-0.34000000357627868600 -0.00590085284784436226
-0.33000001311302185100 -0.00590052502229809761
-0.31999999284744262700 -0.00591867277398705483
-0.31000000238418579100 -0.00592991616576910019
-0.30000001192092895500 -0.00592918600887060166
-0.28999999165534973100 -0.00593437394127249718
-0.28000000119209289500 -0.00591115793213248253
-0.27000001072883606000 -0.00591063406318426132
-0.25999999046325683600 -0.00591254699975252152
-0.25000000000000000000 -0.00588814821094274521
-0.23999999463558197000 -0.00588070088997483254
-0.23000000417232513400 -0.00590155180543661118
-0.21999999880790710400 -0.00590572785586118698
-0.20999999344348907500 -0.00590502517297863960
-0.20000000298023223900 -0.00592729914933443070
-0.18999999761581420900 -0.00589943304657936096
-0.18000000715255737300 -0.00588074792176485062
-0.17000000178813934300 -0.00590143399313092232
-0.15999999642372131300 -0.00587621610611677170
-0.15000000596046447800 -0.00586312822997570038
-0.14000000059604644800 -0.00588026782497763634
-0.12999999523162841800 -0.00587716000154614449
-0.11999999731779098500 -0.00588661897927522660
-0.10999999940395355200 -0.00591347087174654007
-0.10000000149011611900 -0.00588536402210593224
-0.09000000357627868650 -0.00586991198360919953
-0.07999999821186065670 -0.00588751677423715592
-0.07000000029802322390 -0.00586874596774578095
-0.05999999865889549260 -0.00585833285003900528
-0.05000000074505805970 -0.00586635898798704148
-0.03999999910593032840 -0.00586471287533640862
-0.02999999932944774630 -0.00588132813572883606
-0.01999999955296516420 -0.00589326908811926842
-0.00999999977648258210 -0.00588561221957206726
0.00000000000000000000 -0.00587635906413197518
0.00999999977648258210 -0.00586935179308056832
0.01999999955296516420 -0.00586289586499333382
0.02999999932944774630 -0.00585602084174752236
0.03999999910593032840 -0.00584438396617770195
0.05000000074505805970 -0.00582914706319570542
0.05999999865889549260 -0.00583671778440475464
0.07000000029802322390 -0.00585498800501227379
0.07999999821186065670 -0.00583922676742076874
0.09000000357627868650 -0.00584632810205221176
0.10000000149011611900 -0.00583538599312305451
0.10999999940395355200 -0.00580912316218018532
0.11999999731779098500 -0.00581377092748880387
0.12999999523162841800 -0.00579959899187088013
0.14000000059604644800 -0.00577396014705300331
0.15000000596046447800 -0.00578236300498247147
0.15999999642372131300 -0.00579007808119058609
0.17000000178813934300 -0.00578246777877211571
0.18000000715255737300 -0.00579804321750998497
0.18999999761581420900 -0.00578172877430915833
0.20000000298023223900 -0.00574401486665010452
0.20999999344348907500 -0.00575352786108851433
0.21999999880790710400 -0.00573721202090382576
0.23000000417232513400 -0.00569949112832546234
0.23999999463558197000 -0.00569396698847413063
0.25000000000000000000 -0.00569127919152379036
0.25999999046325683600 -0.00567732611671090126
0.27000001072883606000 -0.00567817501723766327
0.28000000119209289500 -0.00565426796674728394
0.28999999165534973100 -0.00561845721676945687
0.30000001192092895500 -0.00559310987591743469
0.31000000238418579100 -0.00557328620925545693
0.31999999284744262700 -0.00552870705723762512
0.33000001311302185100 -0.00550450198352336884
0.34000000357627868600 -0.00547780981287360192
0.34999999403953552200 -0.00545330299064517021
0.36000001430511474600 -0.00544133502990007401
0.37000000476837158200 -0.00540735013782978058
0.37999999523162841800 -0.00536607299000024796
0.38999998569488525400 -0.00532280001789331436
0.40000000596046447700 -0.00528185814619064331
0.40999999642372131300 -0.00523166218772530556
0.41999998688697814900 -0.00518199102953076363
0.43000000715255737300 -0.00512852706015110016
0.43999999761581420900 -0.00509059289470314980
0.44999998807907104500 -0.00506073096767067909
0.46000000834465026800 -0.00499833701178431511
0.46999999880790710400 -0.00495086377486586571
0.47999998927116394000 -0.00488853687420487404
0.49000000953674316400 -0.00479958113282918930
0.50000000000000000000 -0.00473969383165240288
0.50999999046325683600 -0.00466017099097371102
0.51999998092651367200 -0.00455165887251496315
0.52999997138977050800 -0.00446353713050484657
0.54000002145767211900 -0.00436731381341814995
0.55000001192092895500 -0.00424108980223536492
0.56000000238418579100 -0.00410796701908111572
0.56999999284744262700 -0.00394467590376734734
0.57999998331069946300 -0.00373859796673059464
0.58999997377395629900 -0.00353421806357800961
0.60000002384185791000 -0.00328809395432472229
0.61000001430511474600 -0.00299927592277526856
0.62000000476837158200 -0.00269105611369013786
0.62999999523162841800 -0.00234698597341775894
0.63999998569488525400 -0.00196134508587419987
0.64999997615814209000 -0.00154440803453326225
0.66000002622604370100 -0.00108859594911336899
0.67000001668930053700 -0.00058466068003326654
0.68000000715255737300 -0.00010313610255252570
0.68999999761581420900 0.00040325260488316417
0.69999998807907104500 0.00098483415786176920
0.70999997854232788100 0.00164355500601232052
0.72000002861022949200 0.00228310190141201019
0.73000001907348632800 0.00295485998503863812
0.74000000953674316400 0.00364421098493039608
0.75000000000000000000 0.00435796612873673439
0.75999999046325683600 0.00508993212133646012
0.76999998092651367200 0.00583964493125677109
0.77999997138977050800 0.00661283591762185097
0.79000002145767211900 0.00738837104290723801
0.80000001192092895500 0.00819789338856935501
0.81000000238418579100 0.00902281235903501511
0.81999999284744262700 0.00983823556452989579
0.82999998331069946300 0.01014523021876811980
0.83999997377395629900 0.01096362993121147160
0.85000002384185791000 0.01179882977157831190
0.86000001430511474600 0.01265155989676713940
0.87000000476837158200 0.01351119019091129300
0.87999999523162841800 0.01415344979614019390
0.88999998569488525400 0.01462250016629695890
0.89999997615814209000 0.01480351015925407410
0.91000002622604370100 0.01494360994547605510
0.92000001668930053700 0.01503389980643987660
0.93000000715255737300 0.01512385997921228410
0.93999999761581420900 0.01512371003627777100
0.94999998807907104500 0.01513302978128194810
0.95999997854232788100 0.01517360005527734760
0.97000002861022949200 0.01529064960777759550
0.98000001907348632800 0.01538452971726655960
0.99000000953674316400 0.01600427925586700440
1.00000000000000000000 0.01600933074951171880
