-1.00000000000000000000 -0.00008394767792196944
-0.99000000953674316400 -0.00008347159018740058
-0.98000001907348632800 -0.00008296776650240645
-0.97000002861022949200 -0.00008237786096287891
-0.95999997854232788100 -0.00008187792263925076
-0.94999998807907104500 -0.00008147898188326508
-0.93999999761581420900 -0.00008080679253907874
-0.93000000715255737300 -0.00008039551175897941
-0.92000001668930053700 -0.00007991639722604305
-0.91000002622604370100 -0.00007935449684737250
-0.89999997615814209000 -0.00007895695307524875
-0.88999998569488525400 -0.00007841568731237203
-0.87999999523162841800 -0.00007785310299368575
-0.87000000476837158200 -0.00007738816930213943
-0.86000001430511474600 -0.00007690041093155742
-0.85000002384185791000 -0.00007627103332197294
-0.83999997377395629900 -0.00007590067980345339
-0.82999998331069946300 -0.00007533896132372320
-0.81999999284744262700 -0.00007484850357286632
-0.81000000238418579100 -0.00007446118979714811
-0.80000001192092895500 -0.00007387313962681219
-0.79000002145767211900 -0.00007336434646276757
-0.77999997138977050800 -0.00007290500070666894
-0.76999998092651367200 -0.00007236606325022876
-0.75999999046325683600 -0.00007179578096838668
-0.75000000000000000000 -0.00007142023969208822
-0.74000000953674316400 -0.00007079175702529028
-0.73000001907348632800 -0.00007034699228825048
-0.72000002861022949200 -0.00006995072908466682
-0.70999997854232788100 -0.00006938674778211862
-0.69999998807907104500 -0.00006890910299262032
-0.68999999761581420900 -0.00006844525341875851
-0.68000000715255737300 -0.00006786997255403548
-0.67000001668930053700 -0.00006735981878591701
-0.66000002622604370100 -0.00006695905904052779
-0.64999997615814209000 -0.00006631325231865048
-0.63999998569488525400 -0.00006591942656086758
-0.62999999523162841800 -0.00006543507333844900
-0.62000000476837158200 -0.00006490502710221335
-0.61000001430511474600 -0.00006450712680816650
-0.60000002384185791000 -0.00006398381810868159
-0.58999997377395629900 -0.00006344336725305766
-0.57999998331069946300 -0.00006295061757555231
-0.56999999284744262700 -0.00006248930731089786
-0.56000000238418579100 -0.00006186991959111765
-0.55000001192092895500 -0.00006149296677904204
-0.54000002145767211900 -0.00006091776958783157
-0.52999997138977050800 -0.00006043540997779928
-0.51999998092651367200 -0.00006006495095789433
-0.50999999046325683600 -0.00005947853060206398
-0.50000000000000000000 -0.00005896830043639056
-0.49000000953674316400 -0.00005850497109349817
-0.47999998927116394000 -0.00005796960977022536
-0.46999999880790710400 -0.00005739874904975295
-0.46000000834465026800 -0.00005701760892407037
-0.44999998807907104500 -0.00005638979928335175
-0.43999999761581420900 -0.00005594496178673580
-0.43000000715255737300 -0.00005552528818952851
-0.41999998688697814900 -0.00005498059908859432
-0.40999999642372131300 -0.00005450098979054019
-0.40000000596046447700 -0.00005404208059189841
-0.38999998569488525400 -0.00005347230035113171
-0.37999999523162841800 -0.00005294846050674096
-0.37000000476837158200 -0.00005254455027170479
-0.36000001430511474600 -0.00005189891089685261
-0.34999999403953552200 -0.00005148517084307969
-0.34000000357627868600 -0.00005101057831780054
-0.33000001311302185100 -0.00005048470120527782
-0.31999999284744262700 -0.00005005313869332895
-0.31000000238418579100 -0.00004956555130775087
-0.30000001192092895500 -0.00004900858039036393
-0.28999999165534973100 -0.00004851700941799209
-0.28000000119209289500 -0.00004805879871128127
-0.27000001072883606000 -0.00004743897079606541
-0.25999999046325683600 -0.00004702237129095010
-0.25000000000000000000 -0.00004647906825994141
-0.23999999463558197000 -0.00004599487874656916
-0.23000000417232513400 -0.00004558072032523341
-0.21999999880790710400 -0.00004508283018367365
-0.20999999344348907500 -0.00004454618101590313
-0.20000000298023223900 -0.00004408591848914512
-0.18999999761581420900 -0.00004358157821116038
-0.18000000715255737300 -0.00004298441126593389
-0.17000000178813934300 -0.00004259518027538434
-0.15999999642372131300 -0.00004200879993732087
-0.15000000596046447800 -0.00004151538087171502
-0.14000000059604644800 -0.00004107932909391820
-0.12999999523162841800 -0.00004056327088619582
-0.11999999731779098500 -0.00004007156894658692
-0.10999999940395355200 -0.00003961006950703450
-0.10000000149011611900 -0.00003908359940396622
-0.09000000357627868650 -0.00003851821020361967
-0.07999999821186065670 -0.00003811579881585203
-0.07000000029802322390 -0.00003750406904146075
-0.05999999865889549260 -0.00003703462061821483
-0.05000000074505805970 -0.00003655119871837087
-0.03999999910593032840 -0.00003605667006922886
-0.02999999932944774630 -0.00003560954064596444
-0.01999999955296516420 -0.00003514134004944935
-0.00999999977648258210 -0.00003459295112406835
0.00000000000000000000 -0.00003406190080568194
0.00999999977648258210 -0.00003363132054801099
0.01999999955296516420 -0.00003307838051114231
0.02999999932944774630 -0.00003255685078329407
0.03999999910593032840 -0.00003206722976756282
0.05000000074505805970 -0.00003159129846608266
0.05999999865889549260 -0.00003104488132521510
0.07000000029802322390 -0.00003065861892537214
0.07999999821186065670 -0.00003015127003891394
0.09000000357627868650 -0.00002958377081085928
0.10000000149011611900 -0.00002917864912888035
0.10999999940395355200 -0.00002857601975847501
0.11999999731779098500 -0.00002809135003190022
0.12999999523162841800 -0.00002761052928690333
0.14000000059604644800 -0.00002708602005441207
0.15000000596046447800 -0.00002653070077940356
0.15999999642372131300 -0.00002618226062622853
0.17000000178813934300 -0.00002564534952398390
0.18000000715255737300 -0.00002512371065677144
0.18999999761581420900 -0.00002472870983183384
0.20000000298023223900 -0.00002411324931017589
0.20999999344348907500 -0.00002365403088333551
0.21999999880790710400 -0.00002316173049621284
0.23000000417232513400 -0.00002262835005240049
0.23999999463558197000 -0.00002209311060141772
0.25000000000000000000 -0.00002170676998503041
0.25999999046325683600 -0.00002114158087351825
0.27000001072883606000 -0.00002069731999654323
0.28000000119209289500 -0.00002025881076406222
0.28999999165534973100 -0.00001964614057214931
0.30000001192092895500 -0.00001921839975693729
0.31000000238418579100 -0.00001869514017016627
0.31999999284744262700 -0.00001814702045521699
0.33000001311302185100 -0.00001766191962815356
0.34000000357627868600 -0.00001722023080219515
0.34999999403953552200 -0.00001660314046603162
0.36000001430511474600 -0.00001624809010536410
0.37000000476837158200 -0.00001577061993884854
0.37999999523162841800 -0.00001517653981863987
0.38999998569488525400 -0.00001478084959671833
0.40000000596046447700 -0.00001420352964487392
0.40999999642372131300 -0.00001368269022350432
0.41999998688697814900 -0.00001321535000897711
0.43000000715255737300 -0.00001270545999432215
0.43999999761581420900 -0.00001211127982969629
0.44999998807907104500 -0.00001177601006929763
0.46000000834465026800 -0.00001124977006838890
0.46999999880790710400 -0.00001071945007424802
0.47999998927116394000 -0.00001033261014526943
0.49000000953674316400 -0.00000980041386355879
0.50000000000000000000 -0.00000930128862819402
0.50999999046325683600 -0.00000872057626111200
0.51999998092651367200 -0.00000830306998977903
0.52999997138977050800 -0.00000771685608924599
0.54000002145767211900 -0.00000723596303942031
0.55000001192092895500 -0.00000673730210110079
0.56000000238418579100 -0.00000624692393103032
0.56999999284744262700 -0.00000576250704398262
0.57999998331069946300 -0.00000533215188625036
0.58999997377395629900 -0.00000479087111671106
0.60000002384185791000 -0.00000427048689743970
0.61000001430511474600 -0.00000384163286071271
0.62000000476837158200 -0.00000323407402902376
0.62999999523162841800 -0.00000278970105682674
0.63999998569488525400 -0.00000227130908569961
0.64999997615814209000 -0.00000175700097315712
0.66000002622604370100 -0.00000125672204376315
0.67000001668930053700 -0.00000079428332355747
0.68000000715255737300 -0.00000040425121028420
0.68999999761581420900 0.00000041493939306747
0.69999998807907104500 0.00000096556289008731
0.70999997854232788100 0.00000123973200061300
0.72000002861022949200 0.00000169367297075951
0.73000001907348632800 0.00000218857803702122
0.74000000953674316400 0.00000273287992058613
0.75000000000000000000 0.00000325607788909110
0.75999999046325683600 0.00000365569508176122
0.76999998092651367200 0.00000425768485001754
0.77999997138977050800 0.00000464645700049005
0.79000002145767211900 0.00000509888195665553
0.80000001192092895500 0.00000571047303310479
0.81000000238418579100 0.00000611811583439703
0.81999999284744262700 0.00000665914785713539
0.82999998331069946300 0.00000720343905413756
0.83999997377395629900 0.00000768143036111724
0.85000002384185791000 0.00000816093779576477
0.86000001430511474600 0.00000876495960255852
0.87000000476837158200 0.00000910693142941454
0.87999999523162841800 0.00000960955458140234
0.88999998569488525400 0.00001017373961076373
0.89999997615814209000 0.00001058598991221515
0.91000002622604370100 0.00001110866014641942
0.92000001668930053700 0.00001167738992080558
0.93000000715255737300 0.00001208125013363315
0.93999999761581420900 0.00001268242976948386
0.94999998807907104500 0.00001316081034019589
0.95999997854232788100 0.00001365255957352929
0.97000002861022949200 0.00001413116024195915
0.98000001907348632800 0.00001460193016100675
0.99000000953674316400 0.00001505955970060313
1.00000000000000000000 0.00001559817064844538
