-1.00000000000000000000 -0.00573374517261981964
-0.99000000953674316400 -0.00575496116653084755
-0.98000001907348632800 -0.00574706122279167175
-0.97000002861022949200 -0.00576248299330472946
-0.95999997854232788100 -0.00578551692888140679
-0.94999998807907104500 -0.00575690018013119698
-0.93999999761581420900 -0.00574155105277895928
-0.93000000715255737300 -0.00576244294643402100
-0.92000001668930053700 -0.00574209820479154587
-0.91000002622604370100 -0.00572851393371820450
-0.89999997615814209000 -0.00574078503996133804
-0.88999998569488525400 -0.00573877710849046707
-0.87999999523162841800 -0.00575592182576656342
-0.87000000476837158200 -0.00576691422611474991
-0.86000001430511474600 -0.00576414819806814194
-0.85000002384185791000 -0.00575701007619500160
-0.83999997377395629900 -0.00574293499812483788
-0.82999998331069946300 -0.00573914684355258942
-0.81999999284744262700 -0.00573608512058854103
-0.81000000238418579100 -0.00572700984776020050
-0.80000001192092895500 -0.00571451894938945770
-0.79000002145767211900 -0.00572915282100439072
-0.77999997138977050800 -0.00573938991874456406
-0.76999998092651367200 -0.00573014421388506890
-0.75999999046325683600 -0.00574102578684687615
-0.75000000000000000000 -0.00573043711483478546
-0.74000000953674316400 -0.00570018589496612549
-0.73000001907348632800 -0.00571486493572592735
-0.72000002861022949200 -0.00571314105764031410
-0.70999997854232788100 -0.00568834319710731507
-0.69999998807907104500 -0.00570113398134708405
-0.68999999761581420900 -0.00571493012830615044
-0.68000000715255737300 -0.00572021119296550751
-0.67000001668930053700 -0.00573487579822540283
-0.66000002622604370100 -0.00574789615347981453
-0.64999997615814209000 -0.00572290597483515740
-0.63999998569488525400 -0.00572017719969153404
-0.62999999523162841800 -0.00573060102760791779
-0.62000000476837158200 -0.00571378413587808609
-0.61000001430511474600 -0.00571288587525486946
-0.60000002384185791000 -0.00571589777246117592
-0.58999997377395629900 -0.00572433602064847946
-0.57999998331069946300 -0.00574071099981665611
-0.56999999284744262700 -0.00574570382013916969
-0.56000000238418579100 -0.00574003299698233605
-0.55000001192092895500 -0.00573049299418926239
-0.54000002145767211900 -0.00572550389915704727
-0.52999997138977050800 -0.00572212412953376770
-0.51999998092651367200 -0.00571179017424583435
-0.50999999046325683600 -0.00570343621075153351
-0.50000000000000000000 -0.00571085000410676003
-0.49000000953674316400 -0.00572767015546560288
-0.47999998927116394000 -0.00572859821841120720
-0.46999999880790710400 -0.00573562877252697945
-0.46000000834465026800 -0.00573968002572655678
-0.44999998807907104500 -0.00570400990545749664
-0.43999999761581420900 -0.00571166584268212319
-0.43000000715255737300 -0.00571551499888300896
-0.41999998688697814900 -0.00568058202043175698
-0.40999999642372131300 -0.00569360284134745598
-0.40000000596046447700 -0.00571081414818763733
-0.38999998569488525400 -0.00570793682709336281
-0.37999999523162841800 -0.00572266289964318276
-0.37000000476837158200 -0.00574171822518110275
-0.36000001430511474600 -0.00571518717333674431
-0.34999999403953552200 -0.00570269394665956497
-0.34000000357627868600 -0.00571796298027038574
-0.33000001311302185100 -0.00570100219920277596
-0.31999999284744262700 -0.00569126894697546959
-0.31000000238418579100 -0.00570128811523318291
-0.30000001192092895500 -0.00570223899558186531
-0.28999999165534973100 -0.00571416877210140228
-0.28000000119209289500 -0.00572443800047039986
-0.27000001072883606000 -0.00571712711825966835
-0.25999999046325683600 -0.00571014080196619034
-0.25000000000000000000 -0.00569638190791010857
-0.23999999463558197000 -0.00569272413849830628
-0.23000000417232513400 -0.00568108586594462395
-0.21999999880790710400 -0.00567125203087925911
-0.20999999344348907500 -0.00566685386002063751
-0.20000000298023223900 -0.00567953893914818764
-0.18999999761581420900 -0.00568454479798674584
-0.18000000715255737300 -0.00568311521783471108
-0.17000000178813934300 -0.00569235486909747124
-0.15999999642372131300 -0.00566224614158272743
-0.15000000596046447800 -0.00566918589174747467
-0.14000000059604644800 -0.00568087911233305931
-0.12999999523162841800 -0.00565122812986373902
-0.11999999731779098500 -0.00565390614792704582
-0.10999999940395355200 -0.00567613122984766960
-0.10000000149011611900 -0.00567154400050640106
-0.09000000357627868650 -0.00568430917337536812
-0.07999999821186065670 -0.00571079878136515618
-0.07000000029802322390 -0.00568096200004220009
-0.05999999865889549260 -0.00566365383565425873
-0.05000000074505805970 -0.00568029610440135002
-0.03999999910593032840 -0.00566028896719217301
-0.02999999932944774630 -0.00564716290682554245
-0.01999999955296516420 -0.00565342698246240616
-0.00999999977648258210 -0.00564603786915540695
0.00000000000000000000 -0.00565773807466030121
0.00999999977648258210 -0.00566605012863874436
0.01999999955296516420 -0.00566016696393489838
0.02999999932944774630 -0.00564965279772877693
0.03999999910593032840 -0.00563216302543878555
0.05000000074505805970 -0.00562397111207246781
0.05999999865889549260 -0.00560721103101968765
0.07000000029802322390 -0.00559071078896522522
0.07999999821186065670 -0.00557235302403569222
0.09000000357627868650 -0.00557190505787730217
0.10000000149011611900 -0.00558554800227284432
0.10999999940395355200 -0.00556778721511363983
0.11999999731779098500 -0.00557122984901070595
0.12999999523162841800 -0.00556152313947677612
0.14000000059604644800 -0.00551628600805997849
0.15000000596046447800 -0.00552137009799480438
0.15999999642372131300 -0.00551314000040292740
0.17000000178813934300 -0.00546631310135126114
0.18000000715255737300 -0.00546463113278150559
0.18999999761581420900 -0.00546546606346964836
0.20000000298023223900 -0.00544954184442758560
0.20999999344348907500 -0.00544656207785010338
0.21999999880790710400 -0.00543813779950141907
0.23000000417232513400 -0.00539674283936619759
0.23999999463558197000 -0.00536207901313900948
0.25000000000000000000 -0.00535358907654881478
0.25999999046325683600 -0.00531507190316915512
0.27000001072883606000 -0.00527860922738909722
0.28000000119209289500 -0.00526058999821543694
0.28999999165534973100 -0.00523137114942073822
0.30000001192092895500 -0.00521478895097970963
0.31000000238418579100 -0.00518932798877358437
0.31999999284744262700 -0.00515457289293408394
0.33000001311302185100 -0.00511498702690005303
0.34000000357627868600 -0.00506163388490676880
0.34999999403953552200 -0.00502158887684345246
0.36000001430511474600 -0.00498237600550055504
0.37000000476837158200 -0.00493781780824065209
0.37999999523162841800 -0.00489132199436426163
0.38999998569488525400 -0.00486485520377755165
0.40000000596046447700 -0.00482635898515582085
0.40999999642372131300 -0.00478207785636186600
0.41999998688697814900 -0.00473967008292675018
0.43000000715255737300 -0.00467667402699589729
0.43999999761581420900 -0.00460879085585474968
0.44999998807907104500 -0.00456506479531526566
0.46000000834465026800 -0.00448586698621511460
0.46999999880790710400 -0.00441439077258110047
0.47999998927116394000 -0.00435581477358937264
0.49000000953674316400 -0.00427634222432971001
0.50000000000000000000 -0.00420211208984255791
0.50999999046325683600 -0.00411888910457491875
0.51999998092651367200 -0.00400794576853513718
0.52999997138977050800 -0.00388130289502441883
0.54000002145767211900 -0.00377086200751364231
0.55000001192092895500 -0.00362759106792509556
0.56000000238418579100 -0.00346745597198605538
0.56999999284744262700 -0.00330651295371353626
0.57999998331069946300 -0.00312256906181573868
0.58999997377395629900 -0.00292068300768733025
0.60000002384185791000 -0.00269601191394031048
0.61000001430511474600 -0.00242899102158844471
0.62000000476837158200 -0.00213578389957547188
0.62999999523162841800 -0.00180815497878938913
0.63999998569488525400 -0.00144095695577561855
0.64999997615814209000 -0.00104757503140717745
0.66000002622604370100 -0.00062412751140072942
0.67000001668930053700 -0.00019143050303682685
0.68000000715255737300 0.00024857011158019304
0.68999999761581420900 0.00078515941277146339
0.69999998807907104500 0.00136248301714658737
0.70999997854232788100 0.00198627100326120853
0.72000002861022949200 0.00260572205297648907
0.73000001907348632800 0.00325849209912121296
0.74000000953674316400 0.00393027113750576973
0.75000000000000000000 0.00462569016963243485
0.75999999046325683600 0.00535559607669711113
0.76999998092651367200 0.00611214619129896164
0.77999997138977050800 0.00688950391486287117
0.79000002145767211900 0.00770895183086395264
0.80000001192092895500 0.00853232759982347489
0.81000000238418579100 0.00927739962935447693
0.81999999284744262700 0.01013153046369552610
0.82999998331069946300 0.01039632037281990050
0.83999997377395629900 0.01064961962401866910
0.85000002384185791000 0.01074340008199214940
0.86000001430511474600 0.01089800987392663960
0.87000000476837158200 0.01100375968962907790
0.87999999523162841800 0.00935724936425685883
0.88999998569488525400 0.00942335557192564011
0.89999997615814209000 0.00951331015676259995
0.91000002622604370100 0.00956205185502767563
0.92000001668930053700 0.00961473770439624787
0.93000000715255737300 0.00964455306529998780
0.93999999761581420900 0.00965780578553676606
0.94999998807907104500 0.00961600430309772492
0.95999997854232788100 0.00959845911711454392
0.97000002861022949200 0.00961834844201803208
0.98000001907348632800 0.00961463898420333863
0.99000000953674316400 0.01140213012695312500
1.00000000000000000000 0.01140179019421339040
