-1.00000000000000000000 -0.00573953799903392792
-0.99000000953674316400 -0.00573822483420372009
-0.98000001907348632800 -0.00574263185262680054
-0.97000002861022949200 -0.00574480090290307999
-0.95999997854232788100 -0.00571801094338297844
-0.94999998807907104500 -0.00571469077840447426
-0.93999999761581420900 -0.00571891013532876969
-0.93000000715255737300 -0.00569961499422788620
-0.92000001668930053700 -0.00569181982427835465
-0.91000002622604370100 -0.00569975515827536583
-0.89999997615814209000 -0.00571588892489671707
-0.88999998569488525400 -0.00571508379653096199
-0.87999999523162841800 -0.00573519989848136902
-0.87000000476837158200 -0.00572469085454940796
-0.86000001430511474600 -0.00570153817534446716
-0.85000002384185791000 -0.00572396721690893173
-0.83999997377395629900 -0.00571584980934858322
-0.82999998331069946300 -0.00568907801061868668
-0.81999999284744262700 -0.00570213422179222107
-0.81000000238418579100 -0.00571075780317187309
-0.80000001192092895500 -0.00571618508547544480
-0.79000002145767211900 -0.00573045993223786354
-0.77999997138977050800 -0.00572771113365888596
-0.76999998092651367200 -0.00571556622162461281
-0.75999999046325683600 -0.00570373889058828354
-0.75000000000000000000 -0.00570836104452610016
-0.74000000953674316400 -0.00569296395406126976
-0.73000001907348632800 -0.00568032311275601387
-0.72000002861022949200 -0.00568440603092312813
-0.70999997854232788100 -0.00569361215457320214
-0.69999998807907104500 -0.00569751579314470291
-0.68999999761581420900 -0.00569967413321137428
-0.68000000715255737300 -0.00569238094612956047
-0.67000001668930053700 -0.00566837610676884651
-0.66000002622604370100 -0.00568060996010899544
-0.64999997615814209000 -0.00568237621337175369
-0.63999998569488525400 -0.00566047523170709610
-0.62999999523162841800 -0.00566415907815098763
-0.62000000476837158200 -0.00567601481452584267
-0.61000001430511474600 -0.00568341510370373726
-0.60000002384185791000 -0.00568783702328801155
-0.58999997377395629900 -0.00569316977635025978
-0.57999998331069946300 -0.00567385321483016014
-0.56999999284744262700 -0.00566894421353936196
-0.56000000238418579100 -0.00567481108009815216
-0.55000001192092895500 -0.00565412594005465508
-0.54000002145767211900 -0.00565125793218612671
-0.52999997138977050800 -0.00565655902028083801
-0.51999998092651367200 -0.00566315697506070137
-0.50999999046325683600 -0.00567084085196256638
-0.50000000000000000000 -0.00567441293969750405
-0.49000000953674316400 -0.00565551780164241791
-0.47999998927116394000 -0.00563916098326444626
-0.46999999880790710400 -0.00564046623185276985
-0.46000000834465026800 -0.00562684610486030579
-0.44999998807907104500 -0.00560847204178571701
-0.43999999761581420900 -0.00560597004368901253
-0.43000000715255737300 -0.00561271701008081436
-0.41999998688697814900 -0.00562353478744626045
-0.40999999642372131300 -0.00563460681587457657
-0.40000000596046447700 -0.00562701886519789696
-0.38999998569488525400 -0.00561951193958520889
-0.37999999523162841800 -0.00561359804123640061
-0.37000000476837158200 -0.00561775220558047295
-0.36000001430511474600 -0.00560673512518405914
-0.34999999403953552200 -0.00560114812105894089
-0.34000000357627868600 -0.00560641102492809296
-0.33000001311302185100 -0.00562392221763730049
-0.31999999284744262700 -0.00563122984021902085
-0.31000000238418579100 -0.00564141897484660149
-0.30000001192092895500 -0.00563593581318855286
-0.28999999165534973100 -0.00561096798628568649
-0.28000000119209289500 -0.00562333595007658005
-0.27000001072883606000 -0.00562025699764490128
-0.25999999046325683600 -0.00559933995828032494
-0.25000000000000000000 -0.00560568599030375481
-0.23999999463558197000 -0.00561354495584964752
-0.23000000417232513400 -0.00561828492209315300
-0.21999999880790710400 -0.00562156923115253449
-0.20999999344348907500 -0.00562686612829566002
-0.20000000298023223900 -0.00560512719675898552
-0.18999999761581420900 -0.00559675320982933045
-0.18000000715255737300 -0.00560010597109794617
-0.17000000178813934300 -0.00558411795645952225
-0.15999999642372131300 -0.00557464594021439552
-0.15000000596046447800 -0.00557701103389263153
-0.14000000059604644800 -0.00558938086032867432
-0.12999999523162841800 -0.00560215301811695099
-0.11999999731779098500 -0.00561348814517259598
-0.10999999940395355200 -0.00560049898922443390
-0.10000000149011611900 -0.00558430887758731842
-0.09000000357627868650 -0.00559099204838275910
-0.07999999821186065670 -0.00558966817334294319
-0.07000000029802322390 -0.00557075208052992821
-0.05999999865889549260 -0.00556863704696297646
-0.05000000074505805970 -0.00557699892669916153
-0.03999999910593032840 -0.00558673311024904251
-0.02999999932944774630 -0.00559313222765922547
-0.01999999955296516420 -0.00559196015819907189
-0.00999999977648258210 -0.00558208208531141281
0.00000000000000000000 -0.00555874593555927277
0.00999999977648258210 -0.00556672085076570511
0.01999999955296516420 -0.00556469708681106568
0.02999999932944774630 -0.00554082216694951058
0.03999999910593032840 -0.00553744798526167870
0.05000000074505805970 -0.00554111506789922714
0.05999999865889549260 -0.00554466014727950096
0.07000000029802322390 -0.00554299401119351387
0.07999999821186065670 -0.00554987322539091110
0.09000000357627868650 -0.00552840111777186394
0.10000000149011611900 -0.00550828920677304268
0.10999999940395355200 -0.00552102178335189820
0.11999999731779098500 -0.00550707289949059487
0.12999999523162841800 -0.00549143413081765175
0.14000000059604644800 -0.00549973221495747566
0.15000000596046447800 -0.00550767080858349800
0.15999999642372131300 -0.00551789207383990288
0.17000000178813934300 -0.00553114293143153191
0.18000000715255737300 -0.00551942177116870880
0.18999999761581420900 -0.00549762090668082237
0.20000000298023223900 -0.00550088519230484963
0.20999999344348907500 -0.00549694988876581192
0.21999999880790710400 -0.00548028293997049332
0.23000000417232513400 -0.00547721097245812416
0.23999999463558197000 -0.00548213114961981774
0.25000000000000000000 -0.00549269095063209534
0.25999999046325683600 -0.00549700390547513962
0.27000001072883606000 -0.00549223320558667183
0.28000000119209289500 -0.00547964591532945633
0.28999999165534973100 -0.00545958708971738815
0.30000001192092895500 -0.00545614492148160935
0.31000000238418579100 -0.00544440420344471932
0.31999999284744262700 -0.00541973579674959183
0.33000001311302185100 -0.00541434483602643013
0.34000000357627868600 -0.00541853904724121094
0.34999999403953552200 -0.00541362212970852852
0.36000001430511474600 -0.00541074201464653015
0.37000000476837158200 -0.00539144594222307205
0.37999999523162841800 -0.00535892602056264878
0.38999998569488525400 -0.00535615812987089157
0.40000000596046447700 -0.00533844577148556709
0.40999999642372131300 -0.00529977306723594666
0.41999998688697814900 -0.00529201794415712357
0.43000000715255737300 -0.00527965510264039040
0.43999999761581420900 -0.00526352692395448685
0.44999998807907104500 -0.00524669699370861054
0.46000000834465026800 -0.00522126397117972374
0.46999999880790710400 -0.00517168221995234490
0.47999998927116394000 -0.00512147415429353714
0.49000000953674316400 -0.00507665984332561493
0.50000000000000000000 -0.00501365913078188896
0.50999999046325683600 -0.00493620708584785462
0.51999998092651367200 -0.00485662883147597313
0.52999997138977050800 -0.00476793106645345688
0.54000002145767211900 -0.00466302409768104553
0.55000001192092895500 -0.00453642895445227623
0.56000000238418579100 -0.00437264982610940933
0.56999999284744262700 -0.00417790608480572701
0.57999998331069946300 -0.00397385377436876297
0.58999997377395629900 -0.00373911508359014988
0.60000002384185791000 -0.00346736889332532883
0.61000001430511474600 -0.00317809008993208408
0.62000000476837158200 -0.00286542996764183045
0.62999999523162841800 -0.00252933800220489502
0.63999998569488525400 -0.00215981109067797661
0.64999997615814209000 -0.00176250503864139319
0.66000002622604370100 -0.00133493798784911633
0.67000001668930053700 -0.00085470761405304074
0.68000000715255737300 -0.00040199139039032161
0.68999999761581420900 0.00007771609671181068
0.69999998807907104500 0.00057576381368562579
0.70999997854232788100 0.00115055195055902004
0.72000002861022949200 0.00173810997512191534
0.73000001907348632800 0.00234627211466431618
0.74000000953674316400 0.00298038590699434280
0.75000000000000000000 0.00364652089774608612
0.75999999046325683600 0.00434120604768395424
0.76999998092651367200 0.00506595196202397347
0.77999997138977050800 0.00582231022417545319
0.79000002145767211900 0.00660782586783170700
0.80000001192092895500 0.00742563791573047638
0.81000000238418579100 0.00827620923519134522
0.81999999284744262700 0.00915615167468786240
0.82999998331069946300 0.01007298007607460020
0.83999997377395629900 0.01049205008894205090
0.85000002384185791000 0.01141976006329059600
0.86000001430511474600 0.01239580009132623670
0.87000000476837158200 0.01340402010828256610
0.87999999523162841800 0.01444754004478454590
0.88999998569488525400 0.01552498992532491680
0.89999997615814209000 0.01663821935653686520
0.91000002622604370100 0.01777495071291923520
0.92000001668930053700 0.01894183084368705750
0.93000000715255737300 0.02015189081430435180
0.93999999761581420900 0.02139314077794551850
0.94999998807907104500 0.02266268990933895110
0.95999997854232788100 0.02397220954298973080
0.97000002861022949200 0.02531415969133377080
0.98000001907348632800 0.02669453062117099760
0.99000000953674316400 0.02810248918831348420
1.00000000000000000000 0.02953621000051498410
