-1.00000000000000000000 -0.00606770999729633332
-0.99000000953674316400 -0.00606951396912336350
-0.98000001907348632800 -0.00603903084993362427
-0.97000002861022949200 -0.00605865800753235817
-0.95999997854232788100 -0.00606100400909781456
-0.94999998807907104500 -0.00603185780346393585
-0.93999999761581420900 -0.00604015914723277092
-0.93000000715255737300 -0.00605529686436057091
-0.92000001668930053700 -0.00605307798832654953
-0.91000002622604370100 -0.00606600707396864891
-0.89999997615814209000 -0.00607859017327427864
-0.88999998569488525400 -0.00604761717841029167
-0.87999999523162841800 -0.00604104297235608101
-0.87000000476837158200 -0.00605315808206796646
-0.86000001430511474600 -0.00602910900488495827
-0.85000002384185791000 -0.00602440303191542626
-0.83999997377395629900 -0.00603131810203194618
-0.82999998331069946300 -0.00603222893550992012
-0.81999999284744262700 -0.00604450702667236328
-0.81000000238418579100 -0.00605809409171342850
-0.80000001192092895500 -0.00604314496740698815
-0.79000002145767211900 -0.00603658193722367287
-0.77999997138977050800 -0.00604395801201462746
-0.76999998092651367200 -0.00603515887632966042
-0.75999999046325683600 -0.00602266518399119377
-0.75000000000000000000 -0.00602795695886015892
-0.74000000953674316400 -0.00602934416383504868
-0.73000001907348632800 -0.00604957481846213341
-0.72000002861022949200 -0.00606212206184864044
-0.70999997854232788100 -0.00606307992711663246
-0.69999998807907104500 -0.00606202380731701851
-0.68999999761581420900 -0.00604158081114292145
-0.68000000715255737300 -0.00604640599340200424
-0.67000001668930053700 -0.00603997102007269860
-0.66000002622604370100 -0.00602297019213438034
-0.64999997615814209000 -0.00601689191535115242
-0.63999998569488525400 -0.00602429686114192009
-0.62999999523162841800 -0.00603185500949621201
-0.62000000476837158200 -0.00603066105395555496
-0.61000001430511474600 -0.00603919988498091698
-0.60000002384185791000 -0.00601949822157621384
-0.58999997377395629900 -0.00599240697920322418
-0.57999998331069946300 -0.00600452721118927002
-0.56999999284744262700 -0.00599161395803093910
-0.56000000238418579100 -0.00596820982173085213
-0.55000001192092895500 -0.00597352581098675728
-0.54000002145767211900 -0.00597885902971029282
-0.52999997138977050800 -0.00598794594407081604
-0.51999998092651367200 -0.00600617099553346634
-0.50999999046325683600 -0.00600635306909680367
-0.50000000000000000000 -0.00599242513999342919
-0.49000000953674316400 -0.00599060580134391785
-0.47999998927116394000 -0.00599595298990607262
-0.46999999880790710400 -0.00598394684493541718
-0.46000000834465026800 -0.00598012702539563179
-0.44999998807907104500 -0.00598405720666050911
-0.43999999761581420900 -0.00598928891122341156
-0.43000000715255737300 -0.00600886484608054161
-0.41999998688697814900 -0.00600641313940286637
-0.40999999642372131300 -0.00600786507129669190
-0.40000000596046447700 -0.00599859096109867096
-0.38999998569488525400 -0.00599031383171677590
-0.37999999523162841800 -0.00598645722493529320
-0.37000000476837158200 -0.00597666110843420029
-0.36000001430511474600 -0.00597109086811542511
-0.34999999403953552200 -0.00597116490826010704
-0.34000000357627868600 -0.00598638691008090973
-0.33000001311302185100 -0.00598651915788650513
-0.31999999284744262700 -0.00599480094388127327
-0.31000000238418579100 -0.00599061092361807823
-0.30000001192092895500 -0.00596222514286637306
-0.28999999165534973100 -0.00596751598641276360
-0.28000000119209289500 -0.00597111089155077934
-0.27000001072883606000 -0.00594235491007566452
-0.25999999046325683600 -0.00594219518825411797
-0.25000000000000000000 -0.00596087705343961716
-0.23999999463558197000 -0.00596231315284967423
-0.23000000417232513400 -0.00597612792626023293
-0.21999999880790710400 -0.00598498107865452767
-0.20999999344348907500 -0.00596920214593410492
-0.20000000298023223900 -0.00595354801043868065
-0.18999999761581420900 -0.00597330415621399880
-0.18000000715255737300 -0.00596016598865389824
-0.17000000178813934300 -0.00594471115618944168
-0.15999999642372131300 -0.00595426419749855995
-0.15000000596046447800 -0.00595553219318389893
-0.14000000059604644800 -0.00596797792240977288
-0.12999999523162841800 -0.00598010094836354256
-0.11999999731779098500 -0.00597962690517306328
-0.10999999940395355200 -0.00596665218472480774
-0.10000000149011611900 -0.00595629913732409477
-0.09000000357627868650 -0.00594772398471832276
-0.07999999821186065670 -0.00593484099954366684
-0.07000000029802322390 -0.00592881301417946816
-0.05999999865889549260 -0.00592078221961855889
-0.05000000074505805970 -0.00592530192807316780
-0.03999999910593032840 -0.00593384588137269020
-0.02999999932944774630 -0.00591879012063145638
-0.01999999955296516420 -0.00592277711257338524
-0.00999999977648258210 -0.00590895395725965500
0.00000000000000000000 -0.00588348181918263436
0.00999999977648258210 -0.00589177617803215981
0.01999999955296516420 -0.00588729092851281166
0.02999999932944774630 -0.00586196314543485642
0.03999999910593032840 -0.00586940906941890717
0.05000000074505805970 -0.00588495191186666489
0.05999999865889549260 -0.00588536495342850685
0.07000000029802322390 -0.00589250493794679642
0.07999999821186065670 -0.00590971112251281738
0.09000000357627868650 -0.00587960705161094666
0.10000000149011611900 -0.00587091594934463501
0.10999999940395355200 -0.00588347716256976128
0.11999999731779098500 -0.00586069794371724129
0.12999999523162841800 -0.00584704196080565453
0.14000000059604644800 -0.00585692515596747399
0.15000000596046447800 -0.00585190113633871079
0.15999999642372131300 -0.00585798919200897217
0.17000000178813934300 -0.00586566003039479256
0.18000000715255737300 -0.00584483100101351738
0.18999999761581420900 -0.00582223385572433472
0.20000000298023223900 -0.00581949902698397637
0.20999999344348907500 -0.00579846603795886040
0.21999999880790710400 -0.00576850306242704392
0.23000000417232513400 -0.00575881404802203179
0.23999999463558197000 -0.00573649816215038300
0.25000000000000000000 -0.00572679284960031510
0.25999999046325683600 -0.00572061119601130486
0.27000001072883606000 -0.00569088803604245186
0.28000000119209289500 -0.00565926311537623406
0.28999999165534973100 -0.00561420805752277374
0.30000001192092895500 -0.00557425105944275856
0.31000000238418579100 -0.00553468894213438034
0.31999999284744262700 -0.00548013485968112946
0.33000001311302185100 -0.00542713608592748642
0.34000000357627868600 -0.00537734897807240486
0.34999999403953552200 -0.00532648619264364243
0.36000001430511474600 -0.00525394082069396973
0.37000000476837158200 -0.00518759712576866150
0.37999999523162841800 -0.00509851193055510521
0.38999998569488525400 -0.00499086314812302590
0.40000000596046447700 -0.00490162800997495651
0.40999999642372131300 -0.00479600299149751663
0.41999998688697814900 -0.00466956477612257004
0.43000000715255737300 -0.00455608917400240898
0.43999999761581420900 -0.00443659909069538117
0.44999998807907104500 -0.00430649612098932266
0.46000000834465026800 -0.00417487183585762978
0.46999999880790710400 -0.00403499696403741837
0.47999998927116394000 -0.00388030102476477623
0.49000000953674316400 -0.00372494291514158249
0.50000000000000000000 -0.00357172801159322262
0.50999999046325683600 -0.00340651697479188442
0.51999998092651367200 -0.00324081606231629849
0.52999997138977050800 -0.00307622202672064304
0.54000002145767211900 -0.00290670595131814480
0.55000001192092895500 -0.00273901992477476597
0.56000000238418579100 -0.00256428099237382412
0.56999999284744262700 -0.00238555390387773514
0.57999998331069946300 -0.00220427406020462513
0.58999997377395629900 -0.00202055508270859718
0.60000002384185791000 -0.00183512398507446051
0.61000001430511474600 -0.00164907099679112434
0.62000000476837158200 -0.00145933905150741339
0.62999999523162841800 -0.00126924796495586634
0.63999998569488525400 -0.00108156597707420588
0.64999997615814209000 -0.00084597227396443486
0.66000002622604370100 -0.00065835210261866450
0.67000001668930053700 -0.00047368099330924451
0.68000000715255737300 -0.00028679671231657267
0.68999999761581420900 -0.00009861761645879596
0.69999998807907104500 0.00004011801865999587
0.70999997854232788100 0.00028336810646578670
0.72000002861022949200 0.00047671361244283617
0.73000001907348632800 0.00066985859302803874
0.74000000953674316400 0.00086316128727048636
0.75000000000000000000 0.00111240497790277004
0.75999999046325683600 0.00131957302801311016
0.76999998092651367200 0.00152438704390078783
0.77999997138977050800 0.00173195404931902886
0.79000002145767211900 0.00194127403665333986
0.80000001192092895500 0.00215081800706684589
0.81000000238418579100 0.00236159609630703926
0.81999999284744262700 0.00257294601760804653
0.82999998331069946300 0.00278398790396749973
0.83999997377395629900 0.00299678393639624119
0.85000002384185791000 0.00320920092053711414
0.86000001430511474600 0.00342121091671288014
0.87000000476837158200 0.00363457994535565376
0.87999999523162841800 0.00384820904582738876
0.88999998569488525400 0.00406297296285629273
0.89999997615814209000 0.00427926797419786453
0.91000002622604370100 0.00449494691565632820
0.92000001668930053700 0.00471098301932215691
0.93000000715255737300 0.00492792297154664993
0.93999999761581420900 0.00514532905071973801
0.94999998807907104500 0.00536248506978154183
0.95999997854232788100 0.00557962711900472641
0.97000002861022949200 0.00579765578731894493
0.98000001907348632800 0.00601617014035582543
0.99000000953674316400 0.00623504817485809326
1.00000000000000000000 0.00645468384027481079
