-1.00000000000000000000 -0.00578130781650543213
-0.99000000953674316400 -0.00576422316953539848
-0.98000001907348632800 -0.00574358785524964333
-0.97000002861022949200 -0.00571593781933188439
-0.95999997854232788100 -0.00569947017356753350
-0.94999998807907104500 -0.00569358002394437790
-0.93999999761581420900 -0.00566770089790225029
-0.93000000715255737300 -0.00565691897645592690
-0.92000001668930053700 -0.00565876113250851631
-0.91000002622604370100 -0.00566923012956976891
-0.89999997615814209000 -0.00566639378666877747
-0.88999998569488525400 -0.00567485298961400986
-0.87999999523162841800 -0.00565700512379407883
-0.87000000476837158200 -0.00563474977388978005
-0.86000001430511474600 -0.00564996805042028427
-0.85000002384185791000 -0.00564064085483551026
-0.83999997377395629900 -0.00561860203742980957
-0.82999998331069946300 -0.00562170380726456642
-0.81999999284744262700 -0.00563248479738831520
-0.81000000238418579100 -0.00562998885288834572
-0.80000001192092895500 -0.00563851790502667427
-0.79000002145767211900 -0.00563528621569275856
-0.77999997138977050800 -0.00560957100242376328
-0.76999998092651367200 -0.00561042223125696182
-0.75999999046325683600 -0.00561091396957635880
-0.75000000000000000000 -0.00558686582371592522
-0.74000000953674316400 -0.00557781523093581200
-0.73000001907348632800 -0.00558105809614062309
-0.72000002861022949200 -0.00557835120707750321
-0.70999997854232788100 -0.00558595405891537666
-0.69999998807907104500 -0.00559243606403470040
-0.68999999761581420900 -0.00556743890047073364
-0.68000000715255737300 -0.00555191701278090477
-0.67000001668930053700 -0.00556018296629190445
-0.66000002622604370100 -0.00554681383073329926
-0.64999997615814209000 -0.00552793778479099274
-0.63999998569488525400 -0.00553104793652892113
-0.62999999523162841800 -0.00553382607176899910
-0.62000000476837158200 -0.00554399518296122551
-0.61000001430511474600 -0.00554367294535040856
-0.60000002384185791000 -0.00554490694776177406
-0.58999997377395629900 -0.00552709400653839112
-0.57999998331069946300 -0.00551487179473042488
-0.56999999284744262700 -0.00551942782476544380
-0.56000000238418579100 -0.00549930520355701447
-0.55000001192092895500 -0.00549010979011654854
-0.54000002145767211900 -0.00549191888421773911
-0.52999997138977050800 -0.00549769587814807892
-0.51999998092651367200 -0.00549804698675870896
-0.50999999046325683600 -0.00550572806969285011
-0.50000000000000000000 -0.00548517890274524689
-0.49000000953674316400 -0.00545958708971738815
-0.47999998927116394000 -0.00546920392662286759
-0.46999999880790710400 -0.00545349717140197754
-0.46000000834465026800 -0.00542660383507609368
-0.44999998807907104500 -0.00542456703260540962
-0.43999999761581420900 -0.00542781688272953034
-0.43000000715255737300 -0.00542571116238832474
-0.41999998688697814900 -0.00543276686221361160
-0.40999999642372131300 -0.00542719010263681412
-0.40000000596046447700 -0.00540295010432600975
-0.38999998569488525400 -0.00540646491572260857
-0.37999999523162841800 -0.00540615711361169815
-0.37000000476837158200 -0.00538474181666970253
-0.36000001430511474600 -0.00538453180342912674
-0.34999999403953552200 -0.00539290113374590874
-0.34000000357627868600 -0.00539246294647455216
-0.33000001311302185100 -0.00540948379784822464
-0.31999999284744262700 -0.00541529478505253792
-0.31000000238418579100 -0.00539773097261786461
-0.30000001192092895500 -0.00538573879748582840
-0.28999999165534973100 -0.00539273582398891449
-0.28000000119209289500 -0.00538224494084715843
-0.27000001072883606000 -0.00536646088585257530
-0.25999999046325683600 -0.00536681991070508957
-0.25000000000000000000 -0.00536901503801345825
-0.23999999463558197000 -0.00538159906864166260
-0.23000000417232513400 -0.00538052711635828018
-0.21999999880790710400 -0.00538153387606143952
-0.20999999344348907500 -0.00536370277404785156
-0.20000000298023223900 -0.00534642580896615982
-0.18999999761581420900 -0.00535183493047952652
-0.18000000715255737300 -0.00533560803160071373
-0.17000000178813934300 -0.00531883910298347473
-0.15999999642372131300 -0.00532392412424087525
-0.15000000596046447800 -0.00532756280153989792
-0.14000000059604644800 -0.00533255189657211304
-0.12999999523162841800 -0.00534672103822231293
-0.11999999731779098500 -0.00533185014501214028
-0.10999999940395355200 -0.00531197199597954750
-0.10000000149011611900 -0.00532385287806391716
-0.09000000357627868650 -0.00531734293326735497
-0.07999999821186065670 -0.00529489293694496155
-0.07000000029802322390 -0.00529523193836212158
-0.05999999865889549260 -0.00530218891799449921
-0.05000000074505805970 -0.00530501222237944603
-0.03999999910593032840 -0.00531381787732243538
-0.02999999932944774630 -0.00531217688694596291
-0.01999999955296516420 -0.00529104797169566155
-0.00999999977648258210 -0.00528338784351944924
0.00000000000000000000 -0.00528387399390339852
0.00999999977648258210 -0.00527246203273534775
0.01999999955296516420 -0.00525424489751458168
0.02999999932944774630 -0.00524987187236547470
0.03999999910593032840 -0.00525195989757776261
0.05000000074505805970 -0.00525735784322023392
0.05999999865889549260 -0.00525259319692850113
0.07000000029802322390 -0.00524054421111941338
0.07999999821186065670 -0.00521659478545188904
0.09000000357627868650 -0.00521241920068860054
0.10000000149011611900 -0.00520145380869507790
0.10999999940395355200 -0.00517920311540365219
0.11999999731779098500 -0.00517120119184255600
0.12999999523162841800 -0.00516714807599782944
0.14000000059604644800 -0.00517323520034551621
0.15000000596046447800 -0.00516611384227871895
0.15999999642372131300 -0.00517215998843312264
0.17000000178813934300 -0.00514998612925410271
0.18000000715255737300 -0.00512200081720948219
0.18999999761581420900 -0.00512096704915165901
0.20000000298023223900 -0.00510721094906330109
0.20999999344348907500 -0.00507036503404378891
0.21999999880790710400 -0.00506365904584527016
0.23000000417232513400 -0.00505554396659135819
0.23999999463558197000 -0.00503933290019631386
0.25000000000000000000 -0.00503093283623456955
0.25999999046325683600 -0.00500410096719861031
0.27000001072883606000 -0.00495990691706538201
0.28000000119209289500 -0.00493251904845237732
0.28999999165534973100 -0.00490476377308368683
0.30000001192092895500 -0.00484889000654220581
0.31000000238418579100 -0.00480801984667778015
0.31999999284744262700 -0.00477287918329238892
0.33000001311302185100 -0.00472390791401267052
0.34000000357627868600 -0.00468259584158658981
0.34999999403953552200 -0.00463124504312872887
0.36000001430511474600 -0.00455060089007019997
0.37000000476837158200 -0.00446910178288817406
0.37999999523162841800 -0.00440229009836912155
0.38999998569488525400 -0.00430887285619974136
0.40000000596046447700 -0.00420503877103328705
0.40999999642372131300 -0.00410537701100111008
0.41999998688697814900 -0.00399763882160186768
0.43000000715255737300 -0.00388431991450488567
0.43999999761581420900 -0.00374967488460242748
0.44999998807907104500 -0.00360366189852356911
0.46000000834465026800 -0.00342985102906823158
0.46999999880790710400 -0.00325624388642609120
0.47999998927116394000 -0.00307319499552249909
0.49000000953674316400 -0.00285880197770893574
0.50000000000000000000 -0.00264086294919252396
0.50999999046325683600 -0.00242008990608155727
0.51999998092651367200 -0.00218278192915022373
0.52999997138977050800 -0.00193124404177069664
0.54000002145767211900 -0.00166955997701734304
0.55000001192092895500 -0.00137600104790180922
0.56000000238418579100 -0.00107627303805202246
0.56999999284744262700 -0.00072937941877171397
0.57999998331069946300 -0.00042834458872675896
0.58999997377395629900 -0.00011183629976585507
0.60000002384185791000 0.00020534760551527143
0.61000001430511474600 0.00054128328338265419
0.62000000476837158200 0.00088809971930459142
0.62999999523162841800 0.00132590404246002436
0.63999998569488525400 0.00169888301752507687
0.64999997615814209000 0.00208395090885460377
0.66000002622604370100 0.00248027499765157700
0.67000001668930053700 0.00288721709512174130
0.68000000715255737300 0.00329804606735706329
0.68999999761581420900 0.00372539297677576542
0.69999998807907104500 0.00416311202570796013
0.70999997854232788100 0.00460951495915651322
0.72000002861022949200 0.00507608195766806603
0.73000001907348632800 0.00555210886523127556
0.74000000953674316400 0.00603912584483623505
0.75000000000000000000 0.00654650107026100159
0.75999999046325683600 0.00706861400976777077
0.76999998092651367200 0.00760098779574036598
0.77999997138977050800 0.00815728958696126938
0.79000002145767211900 0.00872744340449571610
0.80000001192092895500 0.00931376032531261444
0.81000000238418579100 0.00991991814225912094
0.81999999284744262700 0.01009509991854429250
0.82999998331069946300 0.01068797986954450610
0.83999997377395629900 0.01130862999707460400
0.85000002384185791000 0.01194647978991270070
0.86000001430511474600 0.01259537972509860990
0.87000000476837158200 0.01327370014041662220
0.87999999523162841800 0.01395720988512039180
0.88999998569488525400 0.01466226018965244290
0.89999997615814209000 0.01538730971515178680
0.91000002622604370100 0.01613184995949268340
0.92000001668930053700 0.01689230091869831090
0.93000000715255737300 0.01767419092357158660
0.93999999761581420900 0.01846873946487903600
0.94999998807907104500 0.01927815005183219910
0.95999997854232788100 0.02010379917919635770
0.97000002861022949200 0.02094947919249534610
0.98000001907348632800 0.02181236073374748230
0.99000000953674316400 0.02268316969275474550
1.00000000000000000000 0.02357695996761322020
