-1.00000000000000000000 -0.00006419111741706729
-0.99000000953674316400 -0.00006251841114135459
-0.98000001907348632800 -0.00006195725291036069
-0.97000002861022949200 -0.00006150545232230797
-0.95999997854232788100 -0.00006090151146054268
-0.94999998807907104500 -0.00005988337943563238
-0.93999999761581420900 -0.00005979918933007866
-0.93000000715255737300 -0.00005881689867237583
-0.92000001668930053700 -0.00005844077168148942
-0.91000002622604370100 -0.00005784009044873528
-0.89999997615814209000 -0.00005716341911465861
-0.88999998569488525400 -0.00005676813088939525
-0.87999999523162841800 -0.00005601895827567205
-0.87000000476837158200 -0.00005545046951738186
-0.86000001430511474600 -0.00005473566125147045
-0.85000002384185791000 -0.00005432005127659068
-0.83999997377395629900 -0.00005423813854577020
-0.82999998331069946300 -0.00005337135007721372
-0.81999999284744262700 -0.00005255466021480970
-0.81000000238418579100 -0.00005222649997449480
-0.80000001192092895500 -0.00005154374957783148
-0.79000002145767211900 -0.00005084753865958191
-0.77999997138977050800 -0.00005017645162297413
-0.76999998092651367200 -0.00004965128027833998
-0.75999999046325683600 -0.00004919993079965934
-0.75000000000000000000 -0.00004866801828029566
-0.74000000953674316400 -0.00004824019924853928
-0.73000001907348632800 -0.00004752089080284350
-0.72000002861022949200 -0.00004710725988843478
-0.70999997854232788100 -0.00004644295040634461
-0.69999998807907104500 -0.00004579533924697898
-0.68999999761581420900 -0.00004526958946371451
-0.68000000715255737300 -0.00004459947012946941
-0.67000001668930053700 -0.00004400764009915292
-0.66000002622604370100 -0.00004345699926489033
-0.64999997615814209000 -0.00004290955985197797
-0.63999998569488525400 -0.00004220288974465802
-0.62999999523162841800 -0.00004191957123111933
-0.62000000476837158200 -0.00004136627103434876
-0.61000001430511474600 -0.00004067995178047568
-0.60000002384185791000 -0.00004025049929623492
-0.58999997377395629900 -0.00003946834112866782
-0.57999998331069946300 -0.00003893897883244790
-0.56999999284744262700 -0.00003838640986941755
-0.56000000238418579100 -0.00003776901940000243
-0.55000001192092895500 -0.00003713357000378892
-0.54000002145767211900 -0.00003676921915030107
-0.52999997138977050800 -0.00003615214882302098
-0.51999998092651367200 -0.00003548471067915671
-0.50999999046325683600 -0.00003499464946798980
-0.50000000000000000000 -0.00003448349889367819
-0.49000000953674316400 -0.00003392438156879507
-0.47999998927116394000 -0.00003333318818476982
-0.46999999880790710400 -0.00003275709968875162
-0.46000000834465026800 -0.00003226631088182330
-0.44999998807907104500 -0.00003179326085955836
-0.43999999761581420900 -0.00003103445123997517
-0.43000000715255737300 -0.00003065060082008131
-0.41999998688697814900 -0.00003010016916960012
-0.40999999642372131300 -0.00002952135946543422
-0.40000000596046447700 -0.00002905857036239468
-0.38999998569488525400 -0.00002851682984328363
-0.37999999523162841800 -0.00002787654921121430
-0.37000000476837158200 -0.00002732468965405133
-0.36000001430511474600 -0.00002688956010388210
-0.34999999403953552200 -0.00002635137934703380
-0.34000000357627868600 -0.00002589992982393596
-0.33000001311302185100 -0.00002542123911553062
-0.31999999284744262700 -0.00002482960917404853
-0.31000000238418579100 -0.00002426434002700262
-0.30000001192092895500 -0.00002369051981077064
-0.28999999165534973100 -0.00002314824087079614
-0.28000000119209289500 -0.00002257551932416391
-0.27000001072883606000 -0.00002202251926064491
-0.25999999046325683600 -0.00002135927934432402
-0.25000000000000000000 -0.00002094559022225440
-0.23999999463558197000 -0.00002041297011601273
-0.23000000417232513400 -0.00001995175080082845
-0.21999999880790710400 -0.00001945523945323657
-0.20999999344348907500 -0.00001896317917271517
-0.20000000298023223900 -0.00001846021950768773
-0.18999999761581420900 -0.00001784054074960295
-0.18000000715255737300 -0.00001739163053571247
-0.17000000178813934300 -0.00001681974936218467
-0.15999999642372131300 -0.00001634381987969391
-0.15000000596046447800 -0.00001565589991514571
-0.14000000059604644800 -0.00001518093995400704
-0.12999999523162841800 -0.00001467113997932756
-0.11999999731779098500 -0.00001418010015186155
-0.10999999940395355200 -0.00001357750988972839
-0.10000000149011611900 -0.00001309626986767398
-0.09000000357627868650 -0.00001246991996595170
-0.07999999821186065670 -0.00001184378015750553
-0.07000000029802322390 -0.00001142303972301306
-0.05999999865889549260 -0.00001077586966857780
-0.05000000074505805970 -0.00001028022961691022
-0.03999999910593032840 -0.00000966735660767881
-0.02999999932944774630 -0.00000927012843021657
-0.01999999955296516420 -0.00000869205996423261
-0.00999999977648258210 -0.00000815923431218835
0.00000000000000000000 -0.00000766299672250170
0.00999999977648258210 -0.00000714601810614113
0.01999999955296516420 -0.00000654026007396169
0.02999999932944774630 -0.00000596366317040520
0.03999999910593032840 -0.00000541380586582818
0.05000000074505805970 -0.00000472633792014676
0.05999999865889549260 -0.00000174968499777606
0.07000000029802322390 0.00000185476596925582
0.07999999821186065670 0.00000153355301790725
0.09000000357627868650 0.00000205182004719973
0.10000000149011611900 0.00000249618096859194
0.10999999940395355200 0.00000300771193906257
0.11999999731779098500 0.00000354535904989461
0.12999999523162841800 0.00000400040198655915
0.14000000059604644800 0.00000457328314951155
0.15000000596046447800 0.00000502008288094657
0.15999999642372131300 0.00000557565908820834
0.17000000178813934300 0.00000601261399424402
0.18000000715255737300 0.00000656316296954174
0.18999999761581420900 0.00000697366704116575
0.20000000298023223900 0.00000750277285987977
0.20999999344348907500 0.00000801751411927398
0.21999999880790710400 0.00000847190403874265
0.23000000417232513400 0.00000904611169971759
0.23999999463558197000 0.00000949743844103068
0.25000000000000000000 0.00001004832029138925
0.25999999046325683600 0.00001057643021340482
0.27000001072883606000 0.00001100276040233439
0.28000000119209289500 0.00001153348966909107
0.28999999165534973100 0.00001198566042148741
0.30000001192092895500 0.00001248952958121663
0.31000000238418579100 0.00001295392030442599
0.31999999284744262700 0.00001348913974652532
0.33000001311302185100 0.00001402074030920630
0.34000000357627868600 0.00001444632016500691
0.34999999403953552200 0.00001504734973423183
0.36000001430511474600 0.00001548337968415581
0.37000000476837158200 0.00001604085991857573
0.37999999523162841800 0.00001647493081691209
0.38999998569488525400 0.00001698366941127460
0.40000000596046447700 0.00001743368920870125
0.40999999642372131300 0.00001796234028006438
0.41999998688697814900 0.00001848535066528711
0.43000000715255737300 0.00001894339038699400
0.43999999761581420900 0.00001952111961145420
0.44999998807907104500 0.00001996914033952635
0.46000000834465026800 0.00002052284071396571
0.46999999880790710400 0.00002096416028507520
0.47999998927116394000 0.00002151455919374712
0.49000000953674316400 0.00002192923966504168
0.50000000000000000000 0.00002246155054308474
0.50999999046325683600 0.00002297643914062064
0.51999998092651367200 0.00002343597043363843
0.52999997138977050800 0.00002400897938059643
0.54000002145767211900 0.00002446922007948160
0.55000001192092895500 0.00002500556911400054
0.56000000238418579100 0.00002546697032812517
0.56999999284744262700 0.00002604730070743244
0.57999998331069946300 0.00002641204991959967
0.58999997377395629900 0.00002695379043871071
0.60000002384185791000 0.00002744704943324905
0.61000001430511474600 0.00002790301914501470
0.62000000476837158200 0.00002847518044291064
0.62999999523162841800 0.00002894578028644901
0.63999998569488525400 0.00002946210042864550
0.64999997615814209000 0.00002994803071487695
0.66000002622604370100 0.00003053187174373306
0.67000001668930053700 0.00003089122037636116
0.68000000715255737300 0.00003147033930872567
0.68999999761581420900 0.00003192741132806987
0.69999998807907104500 0.00003238516001147218
0.70999997854232788100 0.00003295328133390285
0.72000002861022949200 0.00003343071148265153
0.73000001907348632800 0.00003393596853129566
0.74000000953674316400 0.00003444218964432366
0.75000000000000000000 0.00003500231105135754
0.75999999046325683600 0.00003538478995324112
0.76999998092651367200 0.00003601595017244108
0.77999997138977050800 0.00003639612987171859
0.79000002145767211900 0.00003687969001475722
0.80000001192092895500 0.00003744854984688573
0.81000000238418579100 0.00003789468973991461
0.81999999284744262700 0.00003842192018055357
0.82999998331069946300 0.00003894652036251500
0.83999997377395629900 0.00003945919888792560
0.85000002384185791000 0.00003988443859270774
0.86000001430511474600 0.00004053767042933032
0.87000000476837158200 0.00004087568959221244
0.87999999523162841800 0.00004138258009334095
0.88999998569488525400 0.00004193033964838833
0.89999997615814209000 0.00004236153108649887
0.91000002622604370100 0.00004289477146812715
0.92000001668930053700 0.00004344202898209915
0.93000000715255737300 0.00004392012124299072
0.93999999761581420900 0.00004437465031514876
0.94999998807907104500 0.00004501823059399612
0.95999997854232788100 0.00004535942935035564
0.97000002861022949200 0.00004593360063154250
0.98000001907348632800 0.00004642186104319990
0.99000000953674316400 0.00004685374005930498
1.00000000000000000000 0.00004739722862723283
