-1.00000000000000000000 -0.00007929975981824100
-0.99000000953674316400 -0.00007795385317876935
-0.98000001907348632800 -0.00007676266250200570
-0.97000002861022949200 -0.00007607117731822655
-0.95999997854232788100 -0.00007533970347139984
-0.94999998807907104500 -0.00007504224777221680
-0.93999999761581420900 -0.00007493655721191317
-0.93000000715255737300 -0.00007416091102641076
-0.92000001668930053700 -0.00007387300138361752
-0.91000002622604370100 -0.00007357403956120834
-0.89999997615814209000 -0.00007307495252462104
-0.88999998569488525400 -0.00007240387640194967
-0.87999999523162841800 -0.00007181602995842695
-0.87000000476837158200 -0.00007129087316570804
-0.86000001430511474600 -0.00007077852205839008
-0.85000002384185791000 -0.00007025191007414833
-0.83999997377395629900 -0.00006957979348953813
-0.82999998331069946300 -0.00006925700290594250
-0.81999999284744262700 -0.00006880971341161057
-0.81000000238418579100 -0.00006813246727688238
-0.80000001192092895500 -0.00006768727325834334
-0.79000002145767211900 -0.00006729068263666704
-0.77999997138977050800 -0.00006649568240391091
-0.76999998092651367200 -0.00006614703306695446
-0.75999999046325683600 -0.00006561110058100894
-0.75000000000000000000 -0.00006525989010697231
-0.74000000953674316400 -0.00006485766061814502
-0.73000001907348632800 -0.00006427463085856289
-0.72000002861022949200 -0.00006389761256286874
-0.70999997854232788100 -0.00006345326983137056
-0.69999998807907104500 -0.00006299446249613538
-0.68999999761581420900 -0.00006238633068278432
-0.68000000715255737300 -0.00006189408304635435
-0.67000001668930053700 -0.00006115472933743149
-0.66000002622604370100 -0.00006070382005418651
-0.64999997615814209000 -0.00006048244904377498
-0.63999998569488525400 -0.00005980800051474944
-0.62999999523162841800 -0.00005944275835645385
-0.62000000476837158200 -0.00005900152973481454
-0.61000001430511474600 -0.00005853106995346025
-0.60000002384185791000 -0.00005810104994452558
-0.58999997377395629900 -0.00005763479930465110
-0.57999998331069946300 -0.00005697627057088539
-0.56999999284744262700 -0.00005658443842548877
-0.56000000238418579100 -0.00005596780101768672
-0.55000001192092895500 -0.00005555163079407066
-0.54000002145767211900 -0.00005524498919839971
-0.52999997138977050800 -0.00005474840145325288
-0.51999998092651367200 -0.00005419863009592518
-0.50999999046325683600 -0.00005377363049774431
-0.50000000000000000000 -0.00005329900886863470
-0.49000000953674316400 -0.00005270413021207787
-0.47999998927116394000 -0.00005245049032964744
-0.46999999880790710400 -0.00005189558942220174
-0.46000000834465026800 -0.00005135915125720203
-0.44999998807907104500 -0.00005105738091515377
-0.43999999761581420900 -0.00005054517896496691
-0.43000000715255737300 -0.00005012091060052626
-0.41999998688697814900 -0.00004964004983776249
-0.40999999642372131300 -0.00004908721894025803
-0.40000000596046447700 -0.00004869361146120355
-0.38999998569488525400 -0.00004833374987356365
-0.37999999523162841800 -0.00004765815174323507
-0.37000000476837158200 -0.00004729126885649748
-0.36000001430511474600 -0.00004691632057074457
-0.34999999403953552200 -0.00004642092972062528
-0.34000000357627868600 -0.00004609004827216268
-0.33000001311302185100 -0.00004561182140605524
-0.31999999284744262700 -0.00004498557973420247
-0.31000000238418579100 -0.00004447843093657866
-0.30000001192092895500 -0.00004407641972647980
-0.28999999165534973100 -0.00004348154834588058
-0.28000000119209289500 -0.00004301149965613149
-0.27000001072883606000 -0.00004255021849530749
-0.25999999046325683600 -0.00004212365092826076
-0.25000000000000000000 -0.00004172214175923727
-0.23999999463558197000 -0.00004128591899643652
-0.23000000417232513400 -0.00004077949051861651
-0.21999999880790710400 -0.00004023974179290235
-0.20999999344348907500 -0.00003980857945862226
-0.20000000298023223900 -0.00003923910844605416
-0.18999999761581420900 -0.00003895124973496422
-0.18000000715255737300 -0.00003847695916192606
-0.17000000178813934300 -0.00003803382060141303
-0.15999999642372131300 -0.00003772610943997279
-0.15000000596046447800 -0.00003716463106684387
-0.14000000059604644800 -0.00003668067074613646
-0.12999999523162841800 -0.00003623247175710276
-0.11999999731779098500 -0.00003574636866687797
-0.10999999940395355200 -0.00003516735159792006
-0.10000000149011611900 -0.00003479908991721459
-0.09000000357627868650 -0.00003421254950808361
-0.07999999821186065670 -0.00003376511085662059
-0.07000000029802322390 -0.00003330957042635418
-0.05999999865889549260 -0.00003271580135333352
-0.05000000074505805970 -0.00003226564876968041
-0.03999999910593032840 -0.00003181585998390801
-0.02999999932944774630 -0.00003125171861029230
-0.01999999955296516420 -0.00003078224835917354
-0.00999999977648258210 -0.00003038410068256781
0.00000000000000000000 -0.00002973867049149703
0.00999999977648258210 -0.00002936428973043803
0.01999999955296516420 -0.00002891028998419642
0.02999999932944774630 -0.00002841816967702471
0.03999999910593032840 -0.00002794855026877485
0.05000000074505805970 -0.00002755854075076059
0.05999999865889549260 -0.00002704172038647812
0.07000000029802322390 -0.00002652397051861044
0.07999999821186065670 -0.00002617334939714056
0.09000000357627868650 -0.00002557126936153509
0.10000000149011611900 -0.00002517207940400112
0.10999999940395355200 -0.00002465874968038406
0.11999999731779098500 -0.00002420575947326142
0.12999999523162841800 -0.00002373927054577507
0.14000000059604644800 -0.00002333542033738922
0.15000000596046447800 -0.00002283188041474205
0.15999999642372131300 -0.00002239185960206669
0.17000000178813934300 -0.00002194786065956578
0.18000000715255737300 -0.00002134397072950378
0.18999999761581420900 -0.00002096231946779881
0.20000000298023223900 -0.00002045240944426041
0.20999999344348907500 -0.00001985599010367878
0.21999999880790710400 -0.00001940673973876983
0.23000000417232513400 -0.00001905514000100084
0.23999999463558197000 -0.00001848316969699226
0.25000000000000000000 -0.00001811567017284688
0.25999999046325683600 -0.00001769172013155185
0.27000001072883606000 -0.00001711954973870888
0.28000000119209289500 -0.00001669698940531816
0.28999999165534973100 -0.00001619467911950778
0.30000001192092895500 -0.00001566319951962214
0.31000000238418579100 -0.00001523830997030018
0.31999999284744262700 -0.00001478022022638470
0.33000001311302185100 -0.00001425091977580450
0.34000000357627868600 -0.00001392364993080264
0.34999999403953552200 -0.00001343129042652436
0.36000001430511474600 -0.00001288052044401411
0.37000000476837158200 -0.00001252702986676013
0.37999999523162841800 -0.00001190277998830425
0.38999998569488525400 -0.00001147077000496211
0.40000000596046447700 -0.00001097945005312795
0.40999999642372131300 -0.00001050221999321366
0.41999998688697814900 -0.00000998690029518912
0.43000000715255737300 -0.00000949982768361224
0.43999999761581420900 -0.00000908602487470489
0.44999998807907104500 -0.00000860220734466566
0.46000000834465026800 -0.00000820109016785864
0.46999999880790710400 -0.00000776998240326066
0.47999998927116394000 -0.00000726781809134991
0.49000000953674316400 -0.00000676231593388366
0.50000000000000000000 -0.00000639725612927577
0.50999999046325683600 -0.00000582902885071235
0.51999998092651367200 -0.00000542115412827116
0.52999997138977050800 -0.00000495330414196360
0.54000002145767211900 -0.00000448908303951612
0.55000001192092895500 -0.00000409569020121126
0.56000000238418579100 -0.00000362926607522240
0.56999999284744262700 -0.00000314878707285970
0.57999998331069946300 -0.00000266584493147093
0.58999997377395629900 -0.00000222321000364900
0.60000002384185791000 -0.00000163095000971225
0.61000001430511474600 -0.00000122125595680700
0.62000000476837158200 0.00000031234259267876
0.62999999523162841800 0.00000061503379811256
0.63999998569488525400 0.00000128878900795826
0.64999997615814209000 0.00000162522394475673
0.66000002622604370100 0.00000210830694413744
0.67000001668930053700 0.00000253551593232260
0.68000000715255737300 0.00000294583310278540
0.68999999761581420900 0.00000351895891981258
0.69999998807907104500 0.00000389667911804281
0.70999997854232788100 0.00000438671304436866
0.72000002861022949200 0.00000488057003167341
0.73000001907348632800 0.00000532500598637853
0.74000000953674316400 0.00000572622911931830
0.75000000000000000000 0.00000622575180386775
0.75999999046325683600 0.00000659795978208422
0.76999998092651367200 0.00000705938009559759
0.77999997138977050800 0.00000758561600378016
0.79000002145767211900 0.00000795235428086016
0.80000001192092895500 0.00000849427306093276
0.81000000238418579100 0.00000894849017640809
0.81999999284744262700 0.00000939174515224295
0.82999998331069946300 0.00000986794475466013
0.83999997377395629900 0.00001033195985655766
0.85000002384185791000 0.00001068101028067758
0.86000001430511474600 0.00001117270039685536
0.87000000476837158200 0.00001160748979600612
0.87999999523162841800 0.00001201292980113067
0.88999998569488525400 0.00001253065966011491
0.89999997615814209000 0.00001302095006394666
0.91000002622604370100 0.00001337155026703840
0.92000001668930053700 0.00001395852996211033
0.93000000715255737300 0.00001433255965821445
0.93999999761581420900 0.00001478666035836795
0.94999998807907104500 0.00001523776973044733
0.95999997854232788100 0.00001560342934681103
0.97000002861022949200 0.00001605311081220862
0.98000001907348632800 0.00001655583037063479
0.99000000953674316400 0.00001700024949968792
1.00000000000000000000 0.00001740624065860175
