-1.00000000000000000000 -0.01866172999143600460
-0.99000000953674316400 -0.01880878023803234100
-0.98000001907348632800 -0.01892090030014514920
-0.97000002861022949200 -0.01878765039145946500
-0.95999997854232788100 -0.01883156970143318180
-0.94999998807907104500 -0.01865679025650024410
-0.93999999761581420900 -0.01860143058001995090
-0.93000000715255737300 -0.01852196082472801210
-0.92000001668930053700 -0.01846577972173690800
-0.91000002622604370100 -0.01841720938682556150
-0.89999997615814209000 -0.01835134066641330720
-0.88999998569488525400 -0.01830991916358470920
-0.87999999523162841800 -0.01827869936823844910
-0.87000000476837158200 -0.01822819001972675320
-0.86000001430511474600 -0.01821403950452804570
-0.85000002384185791000 -0.01819618046283721920
-0.83999997377395629900 -0.01815260946750640870
-0.82999998331069946300 -0.01809106953442096710
-0.81999999284744262700 -0.01809382066130638120
-0.81000000238418579100 -0.01784629933536052700
-0.80000001192092895500 -0.01755746081471443180
-0.79000002145767211900 -0.01733323931694030760
-0.77999997138977050800 -0.01710381917655467990
-0.76999998092651367200 -0.01689302921295166020
-0.75999999046325683600 -0.01665152050554752350
-0.75000000000000000000 -0.01643281057476997380
-0.74000000953674316400 -0.01620448939502239230
-0.73000001907348632800 -0.01595526933670043950
-0.72000002861022949200 -0.01574381999671459200
-0.70999997854232788100 -0.01552496012300252910
-0.69999998807907104500 -0.01528121996670961380
-0.68999999761581420900 -0.01507105026394128800
-0.68000000715255737300 -0.01487703993916511540
-0.67000001668930053700 -0.01466371025890111920
-0.66000002622604370100 -0.01446790993213653560
-0.64999997615814209000 -0.01426842994987964630
-0.63999998569488525400 -0.01404281985014677050
-0.62999999523162841800 -0.01384203042834997180
-0.62000000476837158200 -0.01365108042955398560
-0.61000001430511474600 -0.01342977024614810940
-0.60000002384185791000 -0.01323041971772909160
-0.58999997377395629900 -0.01304936967790126800
-0.57999998331069946300 -0.01285262033343315120
-0.56999999284744262700 -0.01267336029559373860
-0.56000000238418579100 -0.01249087043106555940
-0.55000001192092895500 -0.01228918973356485370
-0.54000002145767211900 -0.01209193002432584760
-0.52999997138977050800 -0.01191802974790334700
-0.51999998092651367200 -0.01171990018337965010
-0.50999999046325683600 -0.01152599975466728210
-0.50000000000000000000 -0.01135065034031867980
-0.49000000953674316400 -0.01117464993149042130
-0.47999998927116394000 -0.01101776026189327240
-0.46999999880790710400 -0.01084508001804351810
-0.46000000834465026800 -0.01067615021020174030
-0.44999998807907104500 -0.01050159987062215810
-0.43999999761581420900 -0.01032716035842895510
-0.43000000715255737300 -0.01016194000840187070
-0.41999998688697814900 -0.01000006962567567830
-0.40999999642372131300 -0.01031962968409061430
-0.40000000596046447700 -0.01016382966190576550
-0.38999998569488525400 -0.01000120956450700760
-0.37999999523162841800 -0.00981135293841362000
-0.37000000476837158200 -0.00965749844908714295
-0.36000001430511474600 -0.00951287709176540375
-0.34999999403953552200 -0.00934944953769445420
-0.34000000357627868600 -0.00920340232551097870
-0.33000001311302185100 -0.00905534811317920685
-0.31999999284744262700 -0.00887597911059856415
-0.31000000238418579100 -0.00873092096298933029
-0.30000001192092895500 -0.00858729146420955658
-0.28999999165534973100 -0.00841330178081989289
-0.28000000119209289500 -0.00827153120189905167
-0.27000001072883606000 -0.00813961960375308991
-0.25999999046325683600 -0.00799584016203880310
-0.25000000000000000000 -0.00786635745316743851
-0.23999999463558197000 -0.00773870386183261872
-0.23000000417232513400 -0.00758346682414412499
-0.21999999880790710400 -0.00743898609653115273
-0.20999999344348907500 -0.00731687899678945542
-0.20000000298023223900 -0.00717003177851438523
-0.18999999761581420900 -0.00703443819656968117
-0.18000000715255737300 -0.00691645313054323197
-0.17000000178813934300 -0.00678851921111345291
-0.15999999642372131300 -0.00668164994567632675
-0.15000000596046447800 -0.00656296079978346825
-0.14000000059604644800 -0.00643675681203603745
-0.12999999523162841800 -0.00631029205396771431
-0.11999999731779098500 -0.00619231211021542549
-0.10999999940395355200 -0.00606646900996565819
-0.10000000149011611900 -0.00594454398378729820
-0.09000000357627868650 -0.00582293421030044556
-0.07999999821186065670 -0.00571181299164891243
-0.07000000029802322390 -0.00561576383188366890
-0.05999999865889549260 -0.00549521902576088906
-0.05000000074505805970 -0.00538296811282634735
-0.03999999910593032840 -0.00526607921347022057
-0.02999999932944774630 -0.00512560410425066948
-0.01999999955296516420 -0.00501638697460293770
-0.00999999977648258210 -0.00489593995735049248
0.00000000000000000000 -0.00474830018356442452
0.00999999977648258210 -0.00462457397952675820
0.01999999955296516420 -0.00450746621936559677
0.02999999932944774630 -0.00437999283894896507
0.03999999910593032840 -0.00425037415698170662
0.05000000074505805970 -0.00412365002557635307
0.05999999865889549260 -0.00396995712071657181
0.07000000029802322390 -0.00381061504594981670
0.07999999821186065670 -0.00367737794294953346
0.09000000357627868650 -0.00350952497683465481
0.10000000149011611900 -0.00334423594176769257
0.10999999940395355200 -0.00320002692751586437
0.11999999731779098500 -0.00303083192557096481
0.12999999523162841800 -0.00286947702988982201
0.14000000059604644800 -0.00270717008970677853
0.15000000596046447800 -0.00251677189953625202
0.15999999642372131300 -0.00232257507741451264
0.17000000178813934300 -0.00213749893009662628
0.18000000715255737300 -0.00192964205052703619
0.18999999761581420900 -0.00171927094925194979
0.20000000298023223900 -0.00151875196024775505
0.20999999344348907500 -0.00129776902031153441
0.21999999880790710400 -0.00108935800381004810
0.23000000417232513400 -0.00080819491995498538
0.23999999463558197000 -0.00058073631953448057
0.25000000000000000000 -0.00035922409733757377
0.25999999046325683600 -0.00013797769497614354
0.27000001072883606000 0.00013685270096175373
0.28000000119209289500 0.00038448721170425415
0.28999999165534973100 0.00062315620016306639
0.30000001192092895500 0.00087625812739133835
0.31000000238418579100 0.00121821695938706398
0.31999999284744262700 0.00149992003571242094
0.33000001311302185100 0.00177158904261887074
0.34000000357627868600 0.00206282595172524452
0.34999999403953552200 0.00235456507652997971
0.36000001430511474600 0.00264572096057236195
0.37000000476837158200 0.00296600302681326866
0.37999999523162841800 0.00328812794759869576
0.38999998569488525400 0.00359289790503680706
0.40000000596046447700 0.00392821803689002991
0.40999999642372131300 0.00426490884274244309
0.41999998688697814900 0.00459084799513220787
0.43000000715255737300 0.00493411812931299210
0.43999999761581420900 0.00527036190032958985
0.44999998807907104500 0.00561580481007695198
0.46000000834465026800 0.00597786204889416695
0.46999999880790710400 0.00634458381682634354
0.47999998927116394000 0.00671209301799535752
0.49000000953674316400 0.00709010194987058640
0.50000000000000000000 0.00747068319469690323
0.50999999046325683600 0.00785409379750490189
0.51999998092651367200 0.00824331957846879959
0.52999997138977050800 0.00862472131848335266
0.54000002145767211900 0.00902003981173038483
0.55000001192092895500 0.00941800605505704880
0.56000000238418579100 0.00983094144612550736
0.56999999284744262700 0.01024916954338550570
0.57999998331069946300 0.01018249988555908200
0.58999997377395629900 0.01057734992355108260
0.60000002384185791000 0.01098935957998037340
0.61000001430511474600 0.01141224987804889680
0.62000000476837158200 0.01182273030281066890
0.62999999523162841800 0.01224942039698362350
0.63999998569488525400 0.01269687991589307790
0.64999997615814209000 0.01313840970396995540
0.66000002622604370100 0.01358431018888950350
0.67000001668930053700 0.01404569018632173540
0.68000000715255737300 0.01452006958425045010
0.68999999761581420900 0.01500967983156442640
0.69999998807907104500 0.01552315987646579740
0.70999997854232788100 0.01604201085865497590
0.72000002861022949200 0.01657361909747123720
0.73000001907348632800 0.01712978072464466100
0.74000000953674316400 0.01764257997274398800
0.75000000000000000000 0.01794073916971683500
0.75999999046325683600 0.01808357052505016330
0.76999998092651367200 0.01817627064883708950
0.77999997138977050800 0.01825403980910778050
0.79000002145767211900 0.01832507923245429990
0.80000001192092895500 0.01837028935551643370
0.81000000238418579100 0.01845913007855415340
0.81999999284744262700 0.01848445087671279910
0.82999998331069946300 0.01868405938148498540
0.83999997377395629900 0.01878388039767742160
0.85000002384185791000 0.01875860989093780520
0.86000001430511474600 0.01883489079773426060
0.87000000476837158200 0.01891716942191123960
0.87999999523162841800 0.01897233910858631130
0.88999998569488525400 0.01900809071958065030
0.89999997615814209000 0.01903381943702697750
0.91000002622604370100 0.01905754953622817990
0.92000001668930053700 0.01912719942629337310
0.93000000715255737300 0.01918762922286987300
0.93999999761581420900 0.01922049000859260560
0.94999998807907104500 0.01926708035171031950
0.95999997854232788100 0.01931419037282466890
0.97000002861022949200 0.01935818977653980260
0.98000001907348632800 0.01956219971179962160
0.99000000953674316400 0.01962905935943126680
1.00000000000000000000 0.01968717016279697420
