-1.00000000000000000000 -0.00559201696887612343
-0.99000000953674316400 -0.00560924690216779709
-0.98000001907348632800 -0.00560218421742320061
-0.97000002861022949200 -0.00561442505568265915
-0.95999997854232788100 -0.00560273090377449990
-0.94999998807907104500 -0.00558740505948662758
-0.93999999761581420900 -0.00559689290821552277
-0.93000000715255737300 -0.00558989914134144783
-0.92000001668930053700 -0.00556431012228131294
-0.91000002622604370100 -0.00557813979685306549
-0.89999997615814209000 -0.00559095898643136025
-0.88999998569488525400 -0.00558581110090017319
-0.87999999523162841800 -0.00561030395328998566
-0.87000000476837158200 -0.00559851713478565216
-0.86000001430511474600 -0.00556895602494478226
-0.85000002384185791000 -0.00559390196576714516
-0.83999997377395629900 -0.00558686302974820137
-0.82999998331069946300 -0.00556120695546269417
-0.81999999284744262700 -0.00557653279975056648
-0.81000000238418579100 -0.00558625999838113785
-0.80000001192092895500 -0.00558764301240444184
-0.79000002145767211900 -0.00561117380857467652
-0.77999997138977050800 -0.00561544485390186310
-0.76999998092651367200 -0.00560033414512872696
-0.75999999046325683600 -0.00559463305398821831
-0.75000000000000000000 -0.00559855299070477486
-0.74000000953674316400 -0.00558493100106716156
-0.73000001907348632800 -0.00558112887665629387
-0.72000002861022949200 -0.00558240991085767746
-0.70999997854232788100 -0.00558798108249902725
-0.69999998807907104500 -0.00561437895521521568
-0.68999999761581420900 -0.00560755701735615730
-0.68000000715255737300 -0.00560581404715776444
-0.67000001668930053700 -0.00560078211128711701
-0.66000002622604370100 -0.00558809796348214150
-0.64999997615814209000 -0.00558536220341920853
-0.63999998569488525400 -0.00558059522882103920
-0.62999999523162841800 -0.00556397112086415291
-0.62000000476837158200 -0.00557234091684222222
-0.61000001430511474600 -0.00559721188619732857
-0.60000002384185791000 -0.00558630516752600670
-0.58999997377395629900 -0.00559798488393425942
-0.57999998331069946300 -0.00560047710314393044
-0.56999999284744262700 -0.00556284002959728241
-0.56000000238418579100 -0.00558138685300946236
-0.55000001192092895500 -0.00558901904150843620
-0.54000002145767211900 -0.00554892886430025101
-0.52999997138977050800 -0.00556052615866065026
-0.51999998092651367200 -0.00558472704142332077
-0.50999999046325683600 -0.00557973282411694527
-0.50000000000000000000 -0.00559326680377125740
-0.49000000953674316400 -0.00560369016602635384
-0.47999998927116394000 -0.00557825714349746704
-0.46999999880790710400 -0.00557562801986932755
-0.46000000834465026800 -0.00558800017461180687
-0.44999998807907104500 -0.00556217320263385773
-0.43999999761581420900 -0.00556343281641602516
-0.43000000715255737300 -0.00557320611551404000
-0.41999998688697814900 -0.00557083822786808014
-0.40999999642372131300 -0.00558920809999108315
-0.40000000596046447700 -0.00560057582333683968
-0.38999998569488525400 -0.00557959405705332756
-0.37999999523162841800 -0.00556467613205313683
-0.37000000476837158200 -0.00557885691523551941
-0.36000001430511474600 -0.00556202605366706848
-0.34999999403953552200 -0.00554865179583430290
-0.34000000357627868600 -0.00555345509201288223
-0.33000001311302185100 -0.00554693397134542465
-0.31999999284744262700 -0.00556767918169498444
-0.31000000238418579100 -0.00557259097695350647
-0.30000001192092895500 -0.00557021284475922585
-0.28999999165534973100 -0.00556833483278751373
-0.28000000119209289500 -0.00554874911904335022
-0.27000001072883606000 -0.00555406184867024422
-0.25999999046325683600 -0.00555808516219258309
-0.25000000000000000000 -0.00554152298718690872
-0.23999999463558197000 -0.00554490787908434868
-0.23000000417232513400 -0.00557475304231047630
-0.21999999880790710400 -0.00557123683393001557
-0.20999999344348907500 -0.00557736819609999657
-0.20000000298023223900 -0.00559124583378434181
-0.18999999761581420900 -0.00556350080296397209
-0.18000000715255737300 -0.00556644611060619354
-0.17000000178813934300 -0.00558059290051460266
-0.15999999642372131300 -0.00554720405489206314
-0.15000000596046447800 -0.00554574886336922646
-0.14000000059604644800 -0.00556988688185811043
-0.12999999523162841800 -0.00555990310385823250
-0.11999999731779098500 -0.00557502498850226402
-0.10999999940395355200 -0.00559295620769262314
-0.10000000149011611900 -0.00556471897289156914
-0.09000000357627868650 -0.00554669601842761040
-0.07999999821186065670 -0.00556954601779580116
-0.07000000029802322390 -0.00554494606330990792
-0.05999999865889549260 -0.00553340697661042214
-0.05000000074505805970 -0.00554666481912136078
-0.03999999910593032840 -0.00554065499454736710
-0.02999999932944774630 -0.00555741507560014725
-0.01999999955296516420 -0.00556435482576489449
-0.00999999977648258210 -0.00555247580632567406
0.00000000000000000000 -0.00553920818492770195
0.00999999977648258210 -0.00554342800751328468
0.01999999955296516420 -0.00554112577810883522
0.02999999932944774630 -0.00553491199389100075
0.03999999910593032840 -0.00553079321980476380
0.05000000074505805970 -0.00552020920440554619
0.05999999865889549260 -0.00553122023120522499
0.07000000029802322390 -0.00555119803175330162
0.07999999821186065670 -0.00554263917729258537
0.09000000357627868650 -0.00554825691506266594
0.10000000149011611900 -0.00554766878485679627
0.10999999940395355200 -0.00552498409524559975
0.11999999731779098500 -0.00553399696946144104
0.12999999523162841800 -0.00552756898105144501
0.14000000059604644800 -0.00550430780276656151
0.15000000596046447800 -0.00551589997485280037
0.15999999642372131300 -0.00553355086594820023
0.17000000178813934300 -0.00552604300901293755
0.18000000715255737300 -0.00553760305047035217
0.18999999761581420900 -0.00553131382912397385
0.20000000298023223900 -0.00549673102796077728
0.20999999344348907500 -0.00551557494327425957
0.21999999880790710400 -0.00550906499847769737
0.23000000417232513400 -0.00547130312770605087
0.23999999463558197000 -0.00548200309276580811
0.25000000000000000000 -0.00548392999917268753
0.25999999046325683600 -0.00548023916780948639
0.27000001072883606000 -0.00549077615141868591
0.28000000119209289500 -0.00548909278586506844
0.28999999165534973100 -0.00546208815649151802
0.30000001192092895500 -0.00546074192970991135
0.31000000238418579100 -0.00545925181359052658
0.31999999284744262700 -0.00543483812361955643
0.33000001311302185100 -0.00543656200170516968
0.34000000357627868600 -0.00543084414675831795
0.34999999403953552200 -0.00543492799624800682
0.36000001430511474600 -0.00544971786439418793
0.37000000476837158200 -0.00544498302042484284
0.37999999523162841800 -0.00541910901665687561
0.38999998569488525400 -0.00541020091623067856
0.40000000596046447700 -0.00540017103776335716
0.40999999642372131300 -0.00537730520591139794
0.41999998688697814900 -0.00535790901631116867
0.43000000715255737300 -0.00533097982406616211
0.43999999761581420900 -0.00532114412635564804
0.44999998807907104500 -0.00532059883698821068
0.46000000834465026800 -0.00528666982427239418
0.46999999880790710400 -0.00526303984224796295
0.47999998927116394000 -0.00523200398311018944
0.49000000953674316400 -0.00516674714162945748
0.50000000000000000000 -0.00513258483260869980
0.50999999046325683600 -0.00506884884089231491
0.51999998092651367200 -0.00498222699388861656
0.52999997138977050800 -0.00491471588611602783
0.54000002145767211900 -0.00483314413577318192
0.55000001192092895500 -0.00470997905358672142
0.56000000238418579100 -0.00457973917946219444
0.56999999284744262700 -0.00440563820302486420
0.57999998331069946300 -0.00418086582794785500
0.58999997377395629900 -0.00396390119567513466
0.60000002384185791000 -0.00369173800572752953
0.61000001430511474600 -0.00336244096979498863
0.62000000476837158200 -0.00302081508561968804
0.62999999523162841800 -0.00264159590005874634
0.63999998569488525400 -0.00221307598985731602
0.64999997615814209000 -0.00175569998100399971
0.66000002622604370100 -0.00125417404342442751
0.67000001668930053700 -0.00069252518005669117
0.68000000715255737300 -0.00015801579866092652
0.68999999761581420900 0.00039627158548682928
0.69999998807907104500 0.00103073695208877325
0.70999997854232788100 0.00173554196953773499
0.72000002861022949200 0.00242781499400734902
0.73000001907348632800 0.00315191806294023991
0.74000000953674316400 0.00389584596268832684
0.75000000000000000000 0.00466851191595196724
0.75999999046325683600 0.00546386605128645897
0.76999998092651367200 0.00627603521570563317
0.77999997138977050800 0.00711632613092660904
0.79000002145767211900 0.00797697342932224274
0.80000001192092895500 0.00885653216391801834
0.81000000238418579100 0.00977135822176933289
0.81999999284744262700 0.01018523983657360080
0.82999998331069946300 0.01107505988329648970
0.83999997377395629900 0.01201007980853319170
0.85000002384185791000 0.01297456026077270510
0.86000001430511474600 0.01394564006477594380
0.87000000476837158200 0.01495601981878280640
0.87999999523162841800 0.01598058082163333890
0.88999998569488525400 0.01700090989470481870
0.89999997615814209000 0.01808059029281139370
0.91000002622604370100 0.01916947960853576660
0.92000001668930053700 0.02024837024509906770
0.93000000715255737300 0.02139111980795860290
0.93999999761581420900 0.02254601940512657170
0.94999998807907104500 0.02370934002101421360
0.95999997854232788100 0.02491368912160396580
0.97000002861022949200 0.02612683922052383420
0.98000001907348632800 0.02732044085860252380
0.99000000953674316400 0.02856291085481643680
1.00000000000000000000 0.02984412945806980130
