-1.00000000000000000000 -0.00558572821319103241
-0.99000000953674316400 -0.00560264009982347489
-0.98000001907348632800 -0.00560920685529708862
-0.97000002861022949200 -0.00562611781060695648
-0.95999997854232788100 -0.00561577593907713890
-0.94999998807907104500 -0.00559956720098853111
-0.93999999761581420900 -0.00561452796682715416
-0.93000000715255737300 -0.00561349699273705483
-0.92000001668930053700 -0.00559937814250588417
-0.91000002622604370100 -0.00560787599533796311
-0.89999997615814209000 -0.00561948213726282120
-0.88999998569488525400 -0.00562805403023958206
-0.87999999523162841800 -0.00564007880166172981
-0.87000000476837158200 -0.00563607877120375633
-0.86000001430511474600 -0.00562098715454339981
-0.85000002384185791000 -0.00562257878482341767
-0.83999997377395629900 -0.00562916416674852371
-0.82999998331069946300 -0.00561350816860795021
-0.81999999284744262700 -0.00560753792524337769
-0.81000000238418579100 -0.00561876595020294190
-0.80000001192092895500 -0.00562152592465281487
-0.79000002145767211900 -0.00563467387109994888
-0.77999997138977050800 -0.00563769880682229996
-0.76999998092651367200 -0.00562176806852221489
-0.75999999046325683600 -0.00560673186555504799
-0.75000000000000000000 -0.00561829982325434685
-0.74000000953674316400 -0.00561106204986572266
-0.73000001907348632800 -0.00559347914531826973
-0.72000002861022949200 -0.00560091389343142510
-0.70999997854232788100 -0.00560881104320287705
-0.69999998807907104500 -0.00562451779842376709
-0.68999999761581420900 -0.00562563119456171990
-0.68000000715255737300 -0.00563384592533111572
-0.67000001668930053700 -0.00561987422406673432
-0.66000002622604370100 -0.00560860102996230126
-0.64999997615814209000 -0.00562478601932525635
-0.63999998569488525400 -0.00560822198167443276
-0.62999999523162841800 -0.00559897720813751221
-0.62000000476837158200 -0.00560722500085830689
-0.61000001430511474600 -0.00561330094933509827
-0.60000002384185791000 -0.00561981415376067162
-0.58999997377395629900 -0.00563639588654041290
-0.57999998331069946300 -0.00561491586267948151
-0.56999999284744262700 -0.00559761282056570053
-0.56000000238418579100 -0.00561100617051124573
-0.55000001192092895500 -0.00559632806107401848
-0.54000002145767211900 -0.00557450903579592705
-0.52999997138977050800 -0.00557740079239010811
-0.51999998092651367200 -0.00558023108169436455
-0.50999999046325683600 -0.00558419292792677880
-0.50000000000000000000 -0.00559712015092372894
-0.49000000953674316400 -0.00559939816594123840
-0.47999998927116394000 -0.00558265112340450287
-0.46999999880790710400 -0.00557600380852818489
-0.46000000834465026800 -0.00558556709438562393
-0.44999998807907104500 -0.00557611184194684029
-0.43999999761581420900 -0.00556970108300447464
-0.43000000715255737300 -0.00558131607249379158
-0.41999998688697814900 -0.00558662693947553635
-0.40999999642372131300 -0.00560793513432145119
-0.40000000596046447700 -0.00561553984880447388
-0.38999998569488525400 -0.00560764502733945847
-0.37999999523162841800 -0.00559531804174184799
-0.37000000476837158200 -0.00560320401564240456
-0.36000001430511474600 -0.00560181494802236557
-0.34999999403953552200 -0.00558510003611445427
-0.34000000357627868600 -0.00558687513694167137
-0.33000001311302185100 -0.00559585914015769959
-0.31999999284744262700 -0.00561067089438438416
-0.31000000238418579100 -0.00560904480516910553
-0.30000001192092895500 -0.00562165118753910065
-0.28999999165534973100 -0.00560152577236294747
-0.28000000119209289500 -0.00558234006166458130
-0.27000001072883606000 -0.00559842213988304138
-0.25999999046325683600 -0.00558550888672471047
-0.25000000000000000000 -0.00556721119210124016
-0.23999999463558197000 -0.00557524105533957482
-0.23000000417232513400 -0.00558491703122854233
-0.21999999880790710400 -0.00558663578703999520
-0.20999999344348907500 -0.00560176698490977287
-0.20000000298023223900 -0.00559546193107962609
-0.18999999761581420900 -0.00557845178991556168
-0.18000000715255737300 -0.00558764813467860222
-0.17000000178813934300 -0.00558992801234126091
-0.15999999642372131300 -0.00557471578940749169
-0.15000000596046447800 -0.00557097513228654862
-0.14000000059604644800 -0.00558202480897307396
-0.12999999523162841800 -0.00558825396001338959
-0.11999999731779098500 -0.00559998489916324616
-0.10999999940395355200 -0.00560638308525085449
-0.10000000149011611900 -0.00559507822617888451
-0.09000000357627868650 -0.00557474885135889054
-0.07999999821186065670 -0.00558497104793787003
-0.07000000029802322390 -0.00558063900098204613
-0.05999999865889549260 -0.00555675989016890526
-0.05000000074505805970 -0.00556215783581137657
-0.03999999910593032840 -0.00556716788560152054
-0.02999999932944774630 -0.00557080889120697975
-0.01999999955296516420 -0.00557363498955965042
-0.00999999977648258210 -0.00556896394118666649
0.00000000000000000000 -0.00554333720356225968
0.00999999977648258210 -0.00553659396246075630
0.01999999955296516420 -0.00554009899497032166
0.02999999932944774630 -0.00553360395133495331
0.03999999910593032840 -0.00552034378051757813
0.05000000074505805970 -0.00551319122314453125
0.05999999865889549260 -0.00552951591089367867
0.07000000029802322390 -0.00553466519340872765
0.07999999821186065670 -0.00553791085258126259
0.09000000357627868650 -0.00554165476933121681
0.10000000149011611900 -0.00552402622997760773
0.10999999940395355200 -0.00552088581025600434
0.11999999731779098500 -0.00552494917064905167
0.12999999523162841800 -0.00550844287499785423
0.14000000059604644800 -0.00549264810979366303
0.15000000596046447800 -0.00550690898671746254
0.15999999642372131300 -0.00550462584942579270
0.17000000178813934300 -0.00549821695312857628
0.18000000715255737300 -0.00551109900698065758
0.18999999761581420900 -0.00549159292131662369
0.20000000298023223900 -0.00546301621943712235
0.20999999344348907500 -0.00547043886035680771
0.21999999880790710400 -0.00546183018013834953
0.23000000417232513400 -0.00541053107008337975
0.23999999463558197000 -0.00543296802788972855
0.25000000000000000000 -0.00539933610707521439
0.25999999046325683600 -0.00537283997982740402
0.27000001072883606000 -0.00538974720984697342
0.28000000119209289500 -0.00534522905945777893
0.28999999165534973100 -0.00531693082302808762
0.30000001192092895500 -0.00530998408794403076
0.31000000238418579100 -0.00529076298698782921
0.31999999284744262700 -0.00522696785628795624
0.33000001311302185100 -0.00526132294908165932
0.34000000357627868600 -0.00517642777413129807
0.34999999403953552200 -0.00515718199312686920
0.36000001430511474600 -0.00516617996618151665
0.37000000476837158200 -0.00509965606033802033
0.37999999523162841800 -0.00507596088573336601
0.38999998569488525400 -0.00505541777238249779
0.40000000596046447700 -0.00501082418486475945
0.40999999642372131300 -0.00495649408549070358
0.41999998688697814900 -0.00497387489303946495
0.43000000715255737300 -0.00483351107686758042
0.43999999761581420900 -0.00484470278024673462
0.44999998807907104500 -0.00480485288426280022
0.46000000834465026800 -0.00468626106157898903
0.46999999880790710400 -0.00469557521864771843
0.47999998927116394000 -0.00463679293170571327
0.49000000953674316400 -0.00454237312078475952
0.50000000000000000000 -0.00451900297775864601
0.50999999046325683600 -0.00451205391436815262
0.51999998092651367200 -0.00428691692650318146
0.52999997138977050800 -0.00438220193609595299
0.54000002145767211900 -0.00420347508043050766
0.55000001192092895500 -0.00402966700494289398
0.56000000238418579100 -0.00410594791173934937
0.56999999284744262700 -0.00389729207381606102
0.57999998331069946300 -0.00380705296993255615
0.58999997377395629900 -0.00378814106807112694
0.60000002384185791000 -0.00367614999413490296
0.61000001430511474600 -0.00332593289203941822
0.62000000476837158200 -0.00353620410896837711
0.62999999523162841800 -0.00288591603748500347
0.63999998569488525400 -0.00258961599320173264
0.64999997615814209000 -0.00264753494411706925
0.66000002622604370100 -0.00185938098002225161
0.67000001668930053700 -0.00186614901758730412
0.68000000715255737300 -0.00143536797259002924
0.68999999761581420900 -0.00107326300349086523
0.69999998807907104500 0.00023792420688550919
0.70999997854232788100 0.00015504249313380569
0.72000002861022949200 0.00086192082380875945
0.73000001907348632800 0.00141293299384415150
0.74000000953674316400 0.00243542506359517574
0.75000000000000000000 0.00321241701021790505
0.75999999046325683600 0.00379599910229444504
0.76999998092651367200 0.00521111208945512772
0.77999997138977050800 0.00584416417405009270
0.79000002145767211900 0.00745616387575864792
0.80000001192092895500 0.00746791483834385872
0.81000000238418579100 0.00925246160477399826
0.81999999284744262700 0.01009240001440048220
0.82999998331069946300 0.01099663972854614260
0.83999997377395629900 0.01109282020479440690
0.85000002384185791000 0.01334774959832429890
0.86000001430511474600 0.01322843972593545910
0.87000000476837158200 0.01581417024135589600
0.87999999523162841800 0.01675971969962120060
0.88999998569488525400 0.01784900948405265810
0.89999997615814209000 0.01923562958836555480
0.91000002622604370100 0.02065514028072357180
0.92000001668930053700 0.02168604917824268340
0.93000000715255737300 0.02190998010337352750
0.93999999761581420900 0.02482333965599536900
0.94999998807907104500 0.02394239045679569240
0.95999997854232788100 0.02602948993444442750
0.97000002861022949200 0.02719598077237606050
0.98000001907348632800 0.02833368070423603060
0.99000000953674316400 0.03068022057414054870
1.00000000000000000000 0.03289100900292396550
