-1.00000000000000000000 -0.00560066103935241699
-0.99000000953674316400 -0.00557869393378496170
-0.98000001907348632800 -0.00558486487716436386
-0.97000002861022949200 -0.00560056883841753006
-0.95999997854232788100 -0.00560401193797588349
-0.94999998807907104500 -0.00561892706900835037
-0.93999999761581420900 -0.00562641583383083344
-0.93000000715255737300 -0.00561455497518181801
-0.92000001668930053700 -0.00559924589470028877
-0.91000002622604370100 -0.00561411399394273758
-0.89999997615814209000 -0.00560594815760850907
-0.88999998569488525400 -0.00558841880410909653
-0.87999999523162841800 -0.00559592619538307190
-0.87000000476837158200 -0.00559932179749011994
-0.86000001430511474600 -0.00560470111668109894
-0.85000002384185791000 -0.00560861080884933472
-0.83999997377395629900 -0.00561046600341796875
-0.82999998331069946300 -0.00559244118630886078
-0.81999999284744262700 -0.00557417282834649086
-0.81000000238418579100 -0.00557653699070215225
-0.80000001192092895500 -0.00556428916752338410
-0.79000002145767211900 -0.00555752078071236611
-0.77999997138977050800 -0.00555949285626411438
-0.76999998092651367200 -0.00556983519345521927
-0.75999999046325683600 -0.00558326998725533486
-0.75000000000000000000 -0.00559539208188652992
-0.74000000953674316400 -0.00559559185057878494
-0.73000001907348632800 -0.00558931101113557816
-0.72000002861022949200 -0.00558216916397213936
-0.70999997854232788100 -0.00559173710644245148
-0.69999998807907104500 -0.00558424508199095726
-0.68999999761581420900 -0.00557856401428580284
-0.68000000715255737300 -0.00559077318757772446
-0.67000001668930053700 -0.00559413200244307518
-0.66000002622604370100 -0.00561120919883251190
-0.64999997615814209000 -0.00562331406399607659
-0.63999998569488525400 -0.00561648514121770859
-0.62999999523162841800 -0.00559938699007034302
-0.62000000476837158200 -0.00560280401259660721
-0.61000001430511474600 -0.00559638114646077156
-0.60000002384185791000 -0.00558386277407407761
-0.58999997377395629900 -0.00558045320212841034
-0.57999998331069946300 -0.00558308884501457215
-0.56999999284744262700 -0.00559449708089232445
-0.56000000238418579100 -0.00559780886396765709
-0.55000001192092895500 -0.00560808507725596428
-0.54000002145767211900 -0.00559593597427010536
-0.52999997138977050800 -0.00557571183890104294
-0.51999998092651367200 -0.00558670191094279289
-0.50999999046325683600 -0.00558379106223583222
-0.50000000000000000000 -0.00556391710415482521
-0.49000000953674316400 -0.00557033717632293701
-0.47999998927116394000 -0.00557607598602771759
-0.46999999880790710400 -0.00558810401707887650
-0.46000000834465026800 -0.00560029176995158196
-0.44999998807907104500 -0.00560194114223122597
-0.43999999761581420900 -0.00559859815984964371
-0.43000000715255737300 -0.00557921081781387329
-0.41999998688697814900 -0.00559098087251186371
-0.40999999642372131300 -0.00558727513998746872
-0.40000000596046447700 -0.00557547388598322869
-0.38999998569488525400 -0.00558436801657080650
-0.37999999523162841800 -0.00559231685474514961
-0.37000000476837158200 -0.00560266198590397835
-0.36000001430511474600 -0.00561018381267786026
-0.34999999403953552200 -0.00561523996293544769
-0.34000000357627868600 -0.00559881282970309258
-0.33000001311302185100 -0.00557959405705332756
-0.31999999284744262700 -0.00558246020227670670
-0.31000000238418579100 -0.00557078700512647629
-0.30000001192092895500 -0.00555509421974420548
-0.28999999165534973100 -0.00554901408031582832
-0.28000000119209289500 -0.00555763207376003266
-0.27000001072883606000 -0.00556794600561261177
-0.25999999046325683600 -0.00556677393615245819
-0.25000000000000000000 -0.00557075906544923783
-0.23999999463558197000 -0.00556006003171205521
-0.23000000417232513400 -0.00554507877677679062
-0.21999999880790710400 -0.00555562321096658707
-0.20999999344348907500 -0.00554842408746480942
-0.20000000298023223900 -0.00553874485194683075
-0.18999999761581420900 -0.00554990721866488457
-0.18000000715255737300 -0.00555813778191804886
-0.17000000178813934300 -0.00557111715897917748
-0.15999999642372131300 -0.00558447092771530152
-0.15000000596046447800 -0.00558100594207644463
-0.14000000059604644800 -0.00556797394528985024
-0.12999999523162841800 -0.00556648196652531624
-0.11999999731779098500 -0.00557173695415258408
-0.10999999940395355200 -0.00555954780429601670
-0.10000000149011611900 -0.00555369118228554726
-0.09000000357627868650 -0.00556047214195132256
-0.07999999821186065670 -0.00557288480922579766
-0.07000000029802322390 -0.00557708088308572769
-0.05999999865889549260 -0.00558436615392565727
-0.05000000074505805970 -0.00557541614398360253
-0.03999999910593032840 -0.00555985188111662865
-0.02999999932944774630 -0.00556388590484857559
-0.01999999955296516420 -0.00555646093562245369
-0.00999999977648258210 -0.00554251484572887421
0.00000000000000000000 -0.00553560582920908928
0.00999999977648258210 -0.00553321698680520058
0.01999999955296516420 -0.00553911877796053887
0.02999999932944774630 -0.00554802222177386284
0.03999999910593032840 -0.00555385416373610497
0.05000000074505805970 -0.00555134518072009087
0.05999999865889549260 -0.00553761003538966179
0.07000000029802322390 -0.00553365098312497139
0.07999999821186065670 -0.00553661491721868515
0.09000000357627868650 -0.00552922021597623825
0.10000000149011611900 -0.00551779801025986672
0.10999999940395355200 -0.00552654918283224106
0.11999999731779098500 -0.00553506519645452500
0.12999999523162841800 -0.00553952110931277275
0.14000000059604644800 -0.00555210001766681671
0.15000000596046447800 -0.00554077001288533211
0.15999999642372131300 -0.00551859382539987564
0.17000000178813934300 -0.00551822502166032791
0.18000000715255737300 -0.00551139283925294876
0.18999999761581420900 -0.00549435103312134743
0.20000000298023223900 -0.00548324920237064362
0.20999999344348907500 -0.00548026012256741524
0.21999999880790710400 -0.00547998584806919098
0.23000000417232513400 -0.00548170320689678192
0.23999999463558197000 -0.00547233084216713906
0.25000000000000000000 -0.00545050203800201416
0.25999999046325683600 -0.00541502190753817558
0.27000001072883606000 -0.00540914805606007576
0.28000000119209289500 -0.00538789294660091400
0.28999999165534973100 -0.00535138603299856186
0.30000001192092895500 -0.00533807184547185898
0.31000000238418579100 -0.00532463612034916878
0.31999999284744262700 -0.00531727680936455727
0.33000001311302185100 -0.00530151417478919029
0.34000000357627868600 -0.00528986891731619835
0.34999999403953552200 -0.00525633990764617920
0.36000001430511474600 -0.00521800108253955841
0.37000000476837158200 -0.00520130386576056481
0.37999999523162841800 -0.00516897207126021385
0.38999998569488525400 -0.00512595009058713913
0.40000000596046447700 -0.00509715685620903969
0.40999999642372131300 -0.00506919296458363533
0.41999998688697814900 -0.00504026887938380242
0.43000000715255737300 -0.00501092709600925446
0.43999999761581420900 -0.00496830791234970093
0.44999998807907104500 -0.00491185998544096947
0.46000000834465026800 -0.00485369982197880745
0.46999999880790710400 -0.00480727804824709892
0.47999998927116394000 -0.00475110020488500595
0.49000000953674316400 -0.00468352995812892914
0.50000000000000000000 -0.00462336698547005654
0.50999999046325683600 -0.00456658378243446350
0.51999998092651367200 -0.00451002921909093857
0.52999997138977050800 -0.00443618977442383766
0.54000002145767211900 -0.00436254683881998062
0.55000001192092895500 -0.00426915008574724198
0.56000000238418579100 -0.00418023392558097840
0.56999999284744262700 -0.00408486882224678993
0.57999998331069946300 -0.00397157808765769005
0.58999997377395629900 -0.00385072990320622921
0.60000002384185791000 -0.00371880503371357918
0.61000001430511474600 -0.00357483094558119774
0.62000000476837158200 -0.00339780002832412720
0.62999999523162841800 -0.00318679888732731342
0.63999998569488525400 -0.00292838411405682564
0.64999997615814209000 -0.00261445995420217514
0.66000002622604370100 -0.00225669890642166138
0.67000001668930053700 -0.00182918703649193049
0.68000000715255737300 -0.00132543197833001614
0.68999999761581420900 -0.00075663632014766336
0.69999998807907104500 -0.00014664010086562485
0.70999997854232788100 0.00052588677499443293
0.72000002861022949200 0.00136146100703626871
0.73000001907348632800 0.00226905010640621185
0.74000000953674316400 0.00323260808363556862
0.75000000000000000000 0.00426777498796582222
0.75999999046325683600 0.00536766322329640389
0.76999998092651367200 0.00651603098958730698
0.77999997138977050800 0.00772292492911219597
0.79000002145767211900 0.00898046698421239853
0.80000001192092895500 0.01027503982186317440
0.81000000238418579100 0.01097359042614698410
0.81999999284744262700 0.01230284012854099270
0.82999998331069946300 0.01365480013191699980
0.83999997377395629900 0.01504230964928865430
0.85000002384185791000 0.01645552925765514370
0.86000001430511474600 0.01788707077503204350
0.87000000476837158200 0.01933901011943817140
0.87999999523162841800 0.02082829922437667850
0.88999998569488525400 0.02232770062983036040
0.89999997615814209000 0.02384289912879467010
0.91000002622604370100 0.02539159916341304780
0.92000001668930053700 0.02696320042014122010
0.93000000715255737300 0.02856771089136600490
0.93999999761581420900 0.03020112030208110810
0.94999998807907104500 0.03184903040528297420
0.95999997854232788100 0.03349312022328376770
0.97000002861022949200 0.03516041114926338200
0.98000001907348632800 0.03688184916973114010
0.99000000953674316400 0.03858936950564384460
1.00000000000000000000 0.04032367840409278870
