-1.00000000000000000000 -0.00630381517112255097
-0.99000000953674316400 -0.00633006216958165169
-0.98000001907348632800 -0.00633551878854632378
-0.97000002861022949200 -0.00634467694908380509
-0.95999997854232788100 -0.00634226296097040177
-0.94999998807907104500 -0.00631115585565567017
-0.93999999761581420900 -0.00630791205912828446
-0.93000000715255737300 -0.00630368292331695557
-0.92000001668930053700 -0.00627017114311456680
-0.91000002622604370100 -0.00626525701954960823
-0.89999997615814209000 -0.00626256689429283142
-0.88999998569488525400 -0.00626145722344517708
-0.87999999523162841800 -0.00626987917348742485
-0.87000000476837158200 -0.00627234391868114472
-0.86000001430511474600 -0.00624641822651028633
-0.85000002384185791000 -0.00622749095782637596
-0.83999997377395629900 -0.00622996501624584198
-0.82999998331069946300 -0.00621153693646192551
-0.81999999284744262700 -0.00619160616770386696
-0.81000000238418579100 -0.00618337886407971382
-0.80000001192092895500 -0.00618457794189453125
-0.79000002145767211900 -0.00619603320956230164
-0.77999997138977050800 -0.00619310094043612480
-0.76999998092651367200 -0.00619254587218165398
-0.75999999046325683600 -0.00618172297254204750
-0.75000000000000000000 -0.00615502614527940750
-0.74000000953674316400 -0.00615980895236134529
-0.73000001907348632800 -0.00615580519661307335
-0.72000002861022949200 -0.00613590423017740250
-0.70999997854232788100 -0.00613681413233280182
-0.69999998807907104500 -0.00615306477993726731
-0.68999999761581420900 -0.00615570787340402603
-0.68000000715255737300 -0.00615893304347991944
-0.67000001668930053700 -0.00616688281297683716
-0.66000002622604370100 -0.00614370685070753098
-0.64999997615814209000 -0.00613309489563107491
-0.63999998569488525400 -0.00614352896809577942
-0.62999999523162841800 -0.00611610291525721550
-0.62000000476837158200 -0.00610337406396865845
-0.61000001430511474600 -0.00611354596912860871
-0.60000002384185791000 -0.00611101696267724037
-0.58999997377395629900 -0.00611615786328911782
-0.57999998331069946300 -0.00612713396549224854
-0.56999999284744262700 -0.00610546302050352097
-0.56000000238418579100 -0.00608125701546669007
-0.55000001192092895500 -0.00608628522604703903
-0.54000002145767211900 -0.00606155302375555039
-0.52999997138977050800 -0.00604047020897269249
-0.51999998092651367200 -0.00604338105767965317
-0.50999999046325683600 -0.00602889712899923325
-0.50000000000000000000 -0.00604020012542605400
-0.49000000953674316400 -0.00605528010055422783
-0.47999998927116394000 -0.00604412611573934555
-0.46999999880790710400 -0.00603525480255484581
-0.46000000834465026800 -0.00602369895204901695
-0.44999998807907104500 -0.00602276204153895378
-0.43999999761581420900 -0.00602130219340324402
-0.43000000715255737300 -0.00600703200325369835
-0.41999998688697814900 -0.00599680701270699501
-0.40999999642372131300 -0.00601031305268406868
-0.40000000596046447700 -0.00602935813367366791
-0.38999998569488525400 -0.00601777713745832443
-0.37999999523162841800 -0.00603026477620005608
-0.37000000476837158200 -0.00602171616628766060
-0.36000001430511474600 -0.00599043583497405052
-0.34999999403953552200 -0.00600316189229488373
-0.34000000357627868600 -0.00599638791754841805
-0.33000001311302185100 -0.00596999190747737885
-0.31999999284744262700 -0.00597507413476705551
-0.31000000238418579100 -0.00598909612745046616
-0.30000001192092895500 -0.00598259922116994858
-0.28999999165534973100 -0.00599271105602383614
-0.28000000119209289500 -0.00599609082564711571
-0.27000001072883606000 -0.00596424378454685211
-0.25999999046325683600 -0.00596255296841263771
-0.25000000000000000000 -0.00595856504514813423
-0.23999999463558197000 -0.00593189196661114693
-0.23000000417232513400 -0.00592675199732184410
-0.21999999880790710400 -0.00593522610142827034
-0.20999999344348907500 -0.00593387009575963020
-0.20000000298023223900 -0.00594688113778829575
-0.18999999761581420900 -0.00595387816429138184
-0.18000000715255737300 -0.00593544496223330498
-0.17000000178813934300 -0.00592139922082424164
-0.15999999642372131300 -0.00593064120039343834
-0.15000000596046447800 -0.00591437797993421555
-0.14000000059604644800 -0.00590162398293614388
-0.12999999523162841800 -0.00590333901345729828
-0.11999999731779098500 -0.00589717598631978035
-0.10999999940395355200 -0.00591402407735586167
-0.10000000149011611900 -0.00591669697314500809
-0.09000000357627868650 -0.00591470906510949135
-0.07999999821186065670 -0.00590245518833398819
-0.07000000029802322390 -0.00587847596034407616
-0.05999999865889549260 -0.00587764987722039223
-0.05000000074505805970 -0.00586718693375587464
-0.03999999910593032840 -0.00584188010543584824
-0.02999999932944774630 -0.00583555502817034722
-0.01999999955296516420 -0.00584024703130126000
-0.00999999977648258210 -0.00583214499056339264
0.00000000000000000000 -0.00582319311797618866
0.00999999977648258210 -0.00582102080807089806
0.01999999955296516420 -0.00579836918041110039
0.02999999932944774630 -0.00575437117367982865
0.03999999910593032840 -0.00576004013419151306
0.05000000074505805970 -0.00574142299592494965
0.05999999865889549260 -0.00569891603663563728
0.07000000029802322390 -0.00569566199555993080
0.07999999821186065670 -0.00569003215059638024
0.09000000357627868650 -0.00567917013540863991
0.10000000149011611900 -0.00567217823117971420
0.10999999940395355200 -0.00566555187106132508
0.11999999731779098500 -0.00562701886519789696
0.12999999523162841800 -0.00560043985024094582
0.14000000059604644800 -0.00558532495051622391
0.15000000596046447800 -0.00554731022566556931
0.15999999642372131300 -0.00551508599892258644
0.17000000178813934300 -0.00549346487969160080
0.18000000715255737300 -0.00546472985297441483
0.18999999761581420900 -0.00544375181198120117
0.20000000298023223900 -0.00541143305599689484
0.20999999344348907500 -0.00536180799826979637
0.21999999880790710400 -0.00531397387385368347
0.23000000417232513400 -0.00526404613628983498
0.23999999463558197000 -0.00520463287830352783
0.25000000000000000000 -0.00514570297673344612
0.25999999046325683600 -0.00507955579087138176
0.27000001072883606000 -0.00501646520569920540
0.28000000119209289500 -0.00495659280568361282
0.28999999165534973100 -0.00488639483228325844
0.30000001192092895500 -0.00480540608987212181
0.31000000238418579100 -0.00471631577238440514
0.31999999284744262700 -0.00460458220914006233
0.33000001311302185100 -0.00450828485190868378
0.34000000357627868600 -0.00439974386245012283
0.34999999403953552200 -0.00426918314769864082
0.36000001430511474600 -0.00414689304307103157
0.37000000476837158200 -0.00402253307402133942
0.37999999523162841800 -0.00388701399788260460
0.38999998569488525400 -0.00374182406812906265
0.40000000596046447700 -0.00359318801201879978
0.40999999642372131300 -0.00341854896396398544
0.41999998688697814900 -0.00323558109812438488
0.43000000715255737300 -0.00305998302064836025
0.43999999761581420900 -0.00286435591988265514
0.44999998807907104500 -0.00265566795133054257
0.46000000834465026800 -0.00245088199153542519
0.46999999880790710400 -0.00223729689605534077
0.47999998927116394000 -0.00201496295630931854
0.49000000953674316400 -0.00178793200757354498
0.50000000000000000000 -0.00154754298273473978
0.50999999046325683600 -0.00129480101168155670
0.51999998092651367200 -0.00104047299828380346
0.52999997138977050800 -0.00075987371383234859
0.54000002145767211900 -0.00050041108625009656
0.55000001192092895500 -0.00023866520496085286
0.56000000238418579100 0.00000550305094293435
0.56999999284744262700 0.00027220128686167300
0.57999998331069946300 0.00055298232473433018
0.58999997377395629900 0.00082963408203795552
0.60000002384185791000 0.00115604803431779146
0.61000001430511474600 0.00146293104626238346
0.62000000476837158200 0.00177314702887088060
0.62999999523162841800 0.00208029011264443398
0.63999998569488525400 0.00239213090389966965
0.64999997615814209000 0.00270876404829323292
0.66000002622604370100 0.00302454410120844841
0.67000001668930053700 0.00334876007400453091
0.68000000715255737300 0.00367778493091464043
0.68999999761581420900 0.00400222791358828545
0.69999998807907104500 0.00433461321517825127
0.70999997854232788100 0.00467098318040370941
0.72000002861022949200 0.00500465277582406998
0.73000001907348632800 0.00534356292337179184
0.74000000953674316400 0.00568197108805179596
0.75000000000000000000 0.00602350477129220963
0.75999999046325683600 0.00636947900056838989
0.76999998092651367200 0.00671795615926384926
0.77999997138977050800 0.00706765288487076760
0.79000002145767211900 0.00742069119587540627
0.80000001192092895500 0.00777415093034505844
0.81000000238418579100 0.00812981743365526200
0.81999999284744262700 0.00848943460732698441
0.82999998331069946300 0.00884794630110263825
0.83999997377395629900 0.00920918956398963928
0.85000002384185791000 0.00957237090915441513
0.86000001430511474600 0.00993873924016952515
0.87000000476837158200 0.01030675042420625690
0.87999999523162841800 0.01016360986977815630
0.88999998569488525400 0.01052081957459449770
0.89999997615814209000 0.01087628025561571120
0.91000002622604370100 0.01123309973627328870
0.92000001668930053700 0.01159370038658380510
0.93000000715255737300 0.01195283979177474980
0.93999999761581420900 0.01231462042778730390
0.94999998807907104500 0.01267961971461772920
0.95999997854232788100 0.01304230000823736190
0.97000002861022949200 0.01340846996754407880
0.98000001907348632800 0.01377682015299797060
0.99000000953674316400 0.01414400991052389140
1.00000000000000000000 0.01451446954160928730
