-1.00000000000000000000 -0.00569187477231025696
-0.99000000953674316400 -0.00570711307227611542
-0.98000001907348632800 -0.00569295603781938553
-0.97000002861022949200 -0.00568241020664572716
-0.95999997854232788100 -0.00569345615804195404
-0.94999998807907104500 -0.00569138117134571076
-0.93999999761581420900 -0.00567746022716164589
-0.93000000715255737300 -0.00568509008735418320
-0.92000001668930053700 -0.00569687876850366593
-0.91000002622604370100 -0.00570544879883527756
-0.89999997615814209000 -0.00571688497439026833
-0.88999998569488525400 -0.00572260702028870583
-0.87999999523162841800 -0.00571127189323306084
-0.87000000476837158200 -0.00569767085835337639
-0.86000001430511474600 -0.00570925185456871987
-0.85000002384185791000 -0.00570655195042490959
-0.83999997377395629900 -0.00568814482539892197
-0.82999998331069946300 -0.00569718796759843826
-0.81999999284744262700 -0.00570505484938621521
-0.81000000238418579100 -0.00571073219180107117
-0.80000001192092895500 -0.00571843516081571579
-0.79000002145767211900 -0.00571845984086394310
-0.77999997138977050800 -0.00569321401417255402
-0.76999998092651367200 -0.00569485500454902649
-0.75999999046325683600 -0.00569446478039026261
-0.75000000000000000000 -0.00566966691985726357
-0.74000000953674316400 -0.00567501410841941834
-0.73000001907348632800 -0.00568057922646403313
-0.72000002861022949200 -0.00569310411810874939
-0.70999997854232788100 -0.00569966202601790428
-0.69999998807907104500 -0.00571380695328116417
-0.68999999761581420900 -0.00570119079202413559
-0.68000000715255737300 -0.00568201299756765366
-0.67000001668930053700 -0.00569829298183321953
-0.66000002622604370100 -0.00569403776898980141
-0.64999997615814209000 -0.00567382620647549629
-0.63999998569488525400 -0.00568107515573501587
-0.62999999523162841800 -0.00569444010034203530
-0.62000000476837158200 -0.00570181291550397873
-0.61000001430511474600 -0.00570580177009105683
-0.60000002384185791000 -0.00571763981133699417
-0.58999997377395629900 -0.00570672377943992615
-0.57999998331069946300 -0.00569040700793266297
-0.56999999284744262700 -0.00569654209539294243
-0.56000000238418579100 -0.00569159304723143578
-0.55000001192092895500 -0.00566675188019871712
-0.54000002145767211900 -0.00567732285708189011
-0.52999997138977050800 -0.00568480091169476509
-0.51999998092651367200 -0.00568413687869906426
-0.50999999046325683600 -0.00569316791370511055
-0.50000000000000000000 -0.00568619510158896446
-0.49000000953674316400 -0.00566248595714569092
-0.47999998927116394000 -0.00566183403134346008
-0.46999999880790710400 -0.00566166779026389122
-0.46000000834465026800 -0.00564057705923914910
-0.44999998807907104500 -0.00564623204991221428
-0.43999999761581420900 -0.00565404817461967468
-0.43000000715255737300 -0.00566706014797091484
-0.41999998688697814900 -0.00567693309858441353
-0.40999999642372131300 -0.00568877486512064934
-0.40000000596046447700 -0.00568390777334570885
-0.38999998569488525400 -0.00566729018464684487
-0.37999999523162841800 -0.00567748490720987320
-0.37000000476837158200 -0.00567844789475202561
-0.36000001430511474600 -0.00566257117316126824
-0.34999999403953552200 -0.00566327385604381561
-0.34000000357627868600 -0.00567731913179159165
-0.33000001311302185100 -0.00568558415398001671
-0.31999999284744262700 -0.00568662118166685105
-0.31000000238418579100 -0.00569789577275514603
-0.30000001192092895500 -0.00568673387169837952
-0.28999999165534973100 -0.00566852092742919922
-0.28000000119209289500 -0.00568159017711877823
-0.27000001072883606000 -0.00566615816205739975
-0.25999999046325683600 -0.00565487798303365708
-0.25000000000000000000 -0.00566409295424818993
-0.23999999463558197000 -0.00567030115053057671
-0.23000000417232513400 -0.00567544717341661453
-0.21999999880790710400 -0.00567857921123504639
-0.20999999344348907500 -0.00567277986556291580
-0.20000000298023223900 -0.00565227679908275604
-0.18999999761581420900 -0.00565289100632071495
-0.18000000715255737300 -0.00565648777410387993
-0.17000000178813934300 -0.00563846016302704811
-0.15999999642372131300 -0.00564130581915378571
-0.15000000596046447800 -0.00565140880644321442
-0.14000000059604644800 -0.00566644081845879555
-0.12999999523162841800 -0.00567208090797066689
-0.11999999731779098500 -0.00568513898178935051
-0.10999999940395355200 -0.00567224202677607536
-0.10000000149011611900 -0.00565891107544302941
-0.09000000357627868650 -0.00566715700551867485
-0.07999999821186065670 -0.00566094787791371346
-0.07000000029802322390 -0.00564868981018662453
-0.05999999865889549260 -0.00564978504553437233
-0.05000000074505805970 -0.00566166779026389122
-0.03999999910593032840 -0.00567050511017441750
-0.02999999932944774630 -0.00567473797127604485
-0.01999999955296516420 -0.00567467277869582176
-0.00999999977648258210 -0.00566513091325759888
0.00000000000000000000 -0.00564698595553636551
0.00999999977648258210 -0.00565591501072049141
0.01999999955296516420 -0.00564625300467014313
0.02999999932944774630 -0.00562082184478640556
0.03999999910593032840 -0.00562294991686940193
0.05000000074505805970 -0.00562466913834214211
0.05999999865889549260 -0.00562749803066253662
0.07000000029802322390 -0.00563606014475226402
0.07999999821186065670 -0.00564586510881781578
0.09000000357627868650 -0.00563195580616593361
0.10000000149011611900 -0.00561524415388703346
0.10999999940395355200 -0.00562490290030837059
0.11999999731779098500 -0.00562026817351579666
0.12999999523162841800 -0.00560321286320686340
0.14000000059604644800 -0.00561013398692011833
0.15000000596046447800 -0.00561918597668409348
0.15999999642372131300 -0.00563082797452807427
0.17000000178813934300 -0.00563410995528101921
0.18000000715255737300 -0.00564208021387457848
0.18999999761581420900 -0.00562164094299077988
0.20000000298023223900 -0.00560659822076559067
0.20999999344348907500 -0.00561673892661929131
0.21999999880790710400 -0.00560478679835796356
0.23000000417232513400 -0.00558786513283848763
0.23999999463558197000 -0.00559141114354133606
0.25000000000000000000 -0.00559262698516249657
0.25999999046325683600 -0.00559920305386185646
0.27000001072883606000 -0.00559979118406772614
0.28000000119209289500 -0.00559741398319602013
0.28999999165534973100 -0.00557060213759541512
0.30000001192092895500 -0.00555207114666700363
0.31000000238418579100 -0.00554607296362519264
0.31999999284744262700 -0.00551433116197586060
0.33000001311302185100 -0.00549535499885678292
0.34000000357627868600 -0.00548896798864006996
0.34999999403953552200 -0.00547760492190718651
0.36000001430511474600 -0.00547170499339699745
0.37000000476837158200 -0.00546682300046086312
0.37999999523162841800 -0.00544193899258971214
0.38999998569488525400 -0.00540389679372310639
0.40000000596046447700 -0.00538901099935173988
0.40999999642372131300 -0.00536468299105763436
0.41999998688697814900 -0.00532398279756307602
0.43000000715255737300 -0.00529706897214055062
0.43999999761581420900 -0.00527585297822952271
0.44999998807907104500 -0.00525344302877783776
0.46000000834465026800 -0.00522636482492089272
0.46999999880790710400 -0.00519813923165202141
0.47999998927116394000 -0.00514802103862166405
0.49000000953674316400 -0.00508973095566034317
0.50000000000000000000 -0.00505110109224915505
0.50999999046325683600 -0.00499184522777795792
0.51999998092651367200 -0.00492198299616575241
0.52999997138977050800 -0.00486495392397046089
0.54000002145767211900 -0.00480344099923968315
0.55000001192092895500 -0.00473623303696513176
0.56000000238418579100 -0.00466158706694841385
0.56999999284744262700 -0.00457534706220030785
0.57999998331069946300 -0.00445791613310575485
0.58999997377395629900 -0.00432559708133339882
0.60000002384185791000 -0.00419454602524638176
0.61000001430511474600 -0.00402419501915574074
0.62000000476837158200 -0.00382953090593218804
0.62999999523162841800 -0.00361206289380788803
0.63999998569488525400 -0.00334982993081212044
0.64999997615814209000 -0.00304430304095149040
0.66000002622604370100 -0.00267816404812037945
0.67000001668930053700 -0.00224140495993196964
0.68000000715255737300 -0.00173169898334890604
0.68999999761581420900 -0.00115355802699923515
0.69999998807907104500 -0.00051736447494477034
0.70999997854232788100 0.00010451739944983274
0.72000002861022949200 0.00091830058954656124
0.73000001907348632800 0.00181929499376565218
0.74000000953674316400 0.00275880610570311546
0.75000000000000000000 0.00375838391482830048
0.75999999046325683600 0.00481390301138162613
0.76999998092651367200 0.00591429695487022400
0.77999997138977050800 0.00706186890602111817
0.79000002145767211900 0.00825441256165504456
0.80000001192092895500 0.00947692431509494782
0.81000000238418579100 0.01017554011195898060
0.81999999284744262700 0.01142905000597238540
0.82999998331069946300 0.01269671041518449780
0.83999997377395629900 0.01398513000458478930
0.85000002384185791000 0.01530396007001399990
0.86000001430511474600 0.01664952933788299560
0.87000000476837158200 0.01801816001534461980
0.87999999523162841800 0.01940502971410751340
0.88999998569488525400 0.02081366069614887240
0.89999997615814209000 0.02223058044910430910
0.91000002622604370100 0.02367069013416767120
0.92000001668930053700 0.02514434978365898130
0.93000000715255737300 0.02661349996924400330
0.93999999761581420900 0.02811769954860210420
0.94999998807907104500 0.02964748069643974300
0.95999997854232788100 0.03118997998535633090
0.97000002861022949200 0.03278392180800437930
0.98000001907348632800 0.03438027948141098020
0.99000000953674316400 0.03598660975694656370
1.00000000000000000000 0.03759844973683357240
