-1.00000000000000000000 -0.00582420406863093376
-0.99000000953674316400 -0.00585350114852190018
-0.98000001907348632800 -0.00584448501467704773
-0.97000002861022949200 -0.00585184386000037194
-0.95999997854232788100 -0.00585396587848663330
-0.94999998807907104500 -0.00582312187179923058
-0.93999999761581420900 -0.00583610404282808304
-0.93000000715255737300 -0.00584639701992273331
-0.92000001668930053700 -0.00580522278323769570
-0.91000002622604370100 -0.00580964097753167153
-0.89999997615814209000 -0.00583143485710024834
-0.88999998569488525400 -0.00582287413999438286
-0.87999999523162841800 -0.00583681603893637657
-0.87000000476837158200 -0.00585133582353591919
-0.86000001430511474600 -0.00581987202167510986
-0.85000002384185791000 -0.00581536395475268364
-0.83999997377395629900 -0.00583364302292466164
-0.82999998331069946300 -0.00580092193558812142
-0.81999999284744262700 -0.00580227002501487732
-0.81000000238418579100 -0.00582859292626380921
-0.80000001192092895500 -0.00582753820344805718
-0.79000002145767211900 -0.00584900286048650742
-0.77999997138977050800 -0.00586299505084753037
-0.76999998092651367200 -0.00584626011550426483
-0.75999999046325683600 -0.00583299808204174042
-0.75000000000000000000 -0.00584816001355648041
-0.74000000953674316400 -0.00582987815141677857
-0.73000001907348632800 -0.00582315307110548020
-0.72000002861022949200 -0.00582901900634169579
-0.70999997854232788100 -0.00582657987251877785
-0.69999998807907104500 -0.00584837514907121658
-0.68999999761581420900 -0.00585548812523484230
-0.68000000715255737300 -0.00585249811410903931
-0.67000001668930053700 -0.00584655022248625756
-0.66000002622604370100 -0.00583286210894584656
-0.64999997615814209000 -0.00583002390339970589
-0.63999998569488525400 -0.00583335384726524353
-0.62999999523162841800 -0.00581953488290309906
-0.62000000476837158200 -0.00581273622810840607
-0.61000001430511474600 -0.00583288399502635002
-0.60000002384185791000 -0.00584244402125477791
-0.58999997377395629900 -0.00583769613876938820
-0.57999998331069946300 -0.00584947504103183746
-0.56999999284744262700 -0.00582690304145216942
-0.56000000238418579100 -0.00581684801727533341
-0.55000001192092895500 -0.00583330821245908737
-0.54000002145767211900 -0.00580917717888951302
-0.52999997138977050800 -0.00579710211604833603
-0.51999998092651367200 -0.00582403410226106644
-0.50999999046325683600 -0.00581816583871841431
-0.50000000000000000000 -0.00582896592095494270
-0.49000000953674316400 -0.00585245899856090546
-0.47999998927116394000 -0.00582603411749005318
-0.46999999880790710400 -0.00580877577885985375
-0.46000000834465026800 -0.00583485420793294907
-0.44999998807907104500 -0.00580982584506273270
-0.43999999761581420900 -0.00579767301678657532
-0.43000000715255737300 -0.00581836700439453125
-0.41999998688697814900 -0.00580821698531508446
-0.40999999642372131300 -0.00582840992137789726
-0.40000000596046447700 -0.00584170781075954437
-0.38999998569488525400 -0.00582899898290634155
-0.37999999523162841800 -0.00581535277888178826
-0.37000000476837158200 -0.00582047179341316223
-0.36000001430511474600 -0.00580772617831826210
-0.34999999403953552200 -0.00580182904377579689
-0.34000000357627868600 -0.00579725299030542374
-0.33000001311302185100 -0.00579123012721538544
-0.31999999284744262700 -0.00580941978842020035
-0.31000000238418579100 -0.00581661798059940338
-0.30000001192092895500 -0.00581563916057348252
-0.28999999165534973100 -0.00581103889271616936
-0.28000000119209289500 -0.00578847713768482208
-0.27000001072883606000 -0.00578942801803350449
-0.25999999046325683600 -0.00579897407442331314
-0.25000000000000000000 -0.00577972922474145889
-0.23999999463558197000 -0.00578060094267129898
-0.23000000417232513400 -0.00580556085333228111
-0.21999999880790710400 -0.00580797111615538597
-0.20999999344348907500 -0.00581392692402005196
-0.20000000298023223900 -0.00583175709471106529
-0.18999999761581420900 -0.00581111898645758629
-0.18000000715255737300 -0.00579673284664750099
-0.17000000178813934300 -0.00582605693489313126
-0.15999999642372131300 -0.00579769210889935494
-0.15000000596046447800 -0.00578294880688190460
-0.14000000059604644800 -0.00580687494948506356
-0.12999999523162841800 -0.00580518878996372223
-0.11999999731779098500 -0.00581578677520155907
-0.10999999940395355200 -0.00583801418542861939
-0.10000000149011611900 -0.00581299979239702225
-0.09000000357627868650 -0.00579301593825221062
-0.07999999821186065670 -0.00581974303349852562
-0.07000000029802322390 -0.00579607905820012093
-0.05999999865889549260 -0.00577489892020821572
-0.05000000074505805970 -0.00579252280294895172
-0.03999999910593032840 -0.00578246498480439186
-0.02999999932944774630 -0.00579645298421382904
-0.01999999955296516420 -0.00581244798377156258
-0.00999999977648258210 -0.00580284884199500084
0.00000000000000000000 -0.00578935304656624794
0.00999999977648258210 -0.00579001707956194878
0.01999999955296516420 -0.00578787410631775856
0.02999999932944774630 -0.00577476015314459801
0.03999999910593032840 -0.00577082019299268723
0.05000000074505805970 -0.00576344085857272148
0.05999999865889549260 -0.00577112520113587380
0.07000000029802322390 -0.00579626578837633133
0.07999999821186065670 -0.00579237006604671478
0.09000000357627868650 -0.00579235702753067017
0.10000000149011611900 -0.00579641479998826981
0.10999999940395355200 -0.00576256820932030678
0.11999999731779098500 -0.00577450077980756760
0.12999999523162841800 -0.00578189315274357796
0.14000000059604644800 -0.00574420997872948647
0.15000000596046447800 -0.00575562380254268646
0.15999999642372131300 -0.00577278202399611473
0.17000000178813934300 -0.00576611282303929329
0.18000000715255737300 -0.00577224884182214737
0.18999999761581420900 -0.00578465079888701439
0.20000000298023223900 -0.00574554689228534699
0.20999999344348907500 -0.00575373088940978050
0.21999999880790710400 -0.00575531600043177605
0.23000000417232513400 -0.00572412880137562752
0.23999999463558197000 -0.00572370178997516632
0.25000000000000000000 -0.00572802312672138214
0.25999999046325683600 -0.00572602916508913040
0.27000001072883606000 -0.00573357520624995232
0.28000000119209289500 -0.00573893496766686440
0.28999999165534973100 -0.00571078108623623848
0.30000001192092895500 -0.00570069020614027977
0.31000000238418579100 -0.00570660922676324845
0.31999999284744262700 -0.00568707706406712532
0.33000001311302185100 -0.00567780714482069016
0.34000000357627868600 -0.00567932892590761185
0.34999999403953552200 -0.00567887909710407257
0.36000001430511474600 -0.00569344777613878250
0.37000000476837158200 -0.00569082982838153839
0.37999999523162841800 -0.00567136378958821297
0.38999998569488525400 -0.00566308712586760521
0.40000000596046447700 -0.00564310979098081589
0.40999999642372131300 -0.00563075207173824310
0.41999998688697814900 -0.00561723299324512482
0.43000000715255737300 -0.00558345485478639603
0.43999999761581420900 -0.00557341799139976502
0.44999998807907104500 -0.00557649880647659302
0.46000000834465026800 -0.00554896797984838486
0.46999999880790710400 -0.00552542880177497864
0.47999998927116394000 -0.00550158787518739700
0.49000000953674316400 -0.00542635517194867134
0.50000000000000000000 -0.00539910886436700821
0.50999999046325683600 -0.00534756900742650032
0.51999998092651367200 -0.00524951796978712082
0.52999997138977050800 -0.00518258288502693176
0.54000002145767211900 -0.00510287610813975334
0.55000001192092895500 -0.00498234899714589119
0.56000000238418579100 -0.00484654307365417481
0.56999999284744262700 -0.00467844400554895401
0.57999998331069946300 -0.00443952111527323723
0.58999997377395629900 -0.00420138891786336899
0.60000002384185791000 -0.00391216715797781944
0.61000001430511474600 -0.00355652696453034878
0.62000000476837158200 -0.00318200699985027313
0.62999999523162841800 -0.00275573297403752804
0.63999998569488525400 -0.00228166696615517140
0.64999997615814209000 -0.00176649796776473522
0.66000002622604370100 -0.00120466202497482300
0.67000001668930053700 -0.00058802642161026597
0.68000000715255737300 -0.00000405702894568094
0.68999999761581420900 0.00061352172633633018
0.69999998807907104500 0.00133889005519449711
0.70999997854232788100 0.00209675403311848641
0.72000002861022949200 0.00288478797301650047
0.73000001907348632800 0.00369246792979538441
0.74000000953674316400 0.00452264817431569100
0.75000000000000000000 0.00538244191557168961
0.75999999046325683600 0.00626045092940330506
0.76999998092651367200 0.00715763401240110398
0.77999997138977050800 0.00807678606361150742
0.79000002145767211900 0.00901774317026138306
0.80000001192092895500 0.00998031068593263626
0.81000000238418579100 0.01040835957974195480
0.81999999284744262700 0.01135759986937046050
0.82999998331069946300 0.01233777031302452090
0.83999997377395629900 0.01333552971482276920
0.85000002384185791000 0.01433863025158643720
0.86000001430511474600 0.01537778973579406740
0.87000000476837158200 0.01643615029752254490
0.87999999523162841800 0.01748993061482906340
0.88999998569488525400 0.01858142949640750890
0.89999997615814209000 0.01969264075160026550
0.91000002622604370100 0.02082509920001029970
0.92000001668930053700 0.02199582941830158230
0.93000000715255737300 0.02315719053149223330
0.93999999761581420900 0.02433276921510696410
0.94999998807907104500 0.02553091943264007570
0.95999997854232788100 0.02673709951341152190
0.97000002861022949200 0.02795152924954891210
0.98000001907348632800 0.02919437922537326810
0.99000000953674316400 0.03043748065829277040
1.00000000000000000000 0.03171718865633010860
