-1.00000000000000000000 -0.00574096105992794037
-0.99000000953674316400 -0.00572666712105274201
-0.98000001907348632800 -0.00570711493492126465
-0.97000002861022949200 -0.00572249200195074082
-0.95999997854232788100 -0.00571559695526957512
-0.94999998807907104500 -0.00569632183760404587
-0.93999999761581420900 -0.00570675218477845192
-0.93000000715255737300 -0.00571874110028147698
-0.92000001668930053700 -0.00572606502100825310
-0.91000002622604370100 -0.00573904905468225479
-0.89999997615814209000 -0.00573731213808059693
-0.88999998569488525400 -0.00571729708462953568
-0.87999999523162841800 -0.00572083098813891411
-0.87000000476837158200 -0.00572056276723742485
-0.86000001430511474600 -0.00571078015491366387
-0.85000002384185791000 -0.00570766208693385124
-0.83999997377395629900 -0.00571211380884051323
-0.82999998331069946300 -0.00572586618363857269
-0.81999999284744262700 -0.00573252979665994644
-0.81000000238418579100 -0.00573926977813243866
-0.80000001192092895500 -0.00573342991992831230
-0.79000002145767211900 -0.00570794381201267243
-0.77999997138977050800 -0.00572059117257595062
-0.76999998092651367200 -0.00571509310975670815
-0.75999999046325683600 -0.00568955112248659134
-0.75000000000000000000 -0.00569322612136602402
-0.74000000953674316400 -0.00570231303572654724
-0.73000001907348632800 -0.00571265397593379021
-0.72000002861022949200 -0.00571023300290107727
-0.70999997854232788100 -0.00571268377825617790
-0.69999998807907104500 -0.00569131318479776383
-0.68999999761581420900 -0.00568327121436595917
-0.68000000715255737300 -0.00569361494854092598
-0.67000001668930053700 -0.00567807396873831749
-0.66000002622604370100 -0.00566592812538146973
-0.64999997615814209000 -0.00568746821954846382
-0.63999998569488525400 -0.00570238986983895302
-0.62999999523162841800 -0.00570325693115592003
-0.62000000476837158200 -0.00572495488449931145
-0.61000001430511474600 -0.00570774311199784279
-0.60000002384185791000 -0.00569585897028446198
-0.58999997377395629900 -0.00571304699406027794
-0.57999998331069946300 -0.00570922112092375756
-0.56999999284744262700 -0.00569137604907155037
-0.56000000238418579100 -0.00570067018270492554
-0.55000001192092895500 -0.00570778502151370049
-0.54000002145767211900 -0.00572202121838927269
-0.52999997138977050800 -0.00573393888771533966
-0.51999998092651367200 -0.00572507316246628761
-0.50999999046325683600 -0.00570871401578187943
-0.50000000000000000000 -0.00571228796616196633
-0.49000000953674316400 -0.00570882018655538559
-0.47999998927116394000 -0.00569096999242901802
-0.46999999880790710400 -0.00569199677556753159
-0.46000000834465026800 -0.00569553300738334656
-0.44999998807907104500 -0.00570535007864236832
-0.43999999761581420900 -0.00571336783468723297
-0.43000000715255737300 -0.00570721318945288658
-0.41999998688697814900 -0.00570101477205753327
-0.40999999642372131300 -0.00568714691326022148
-0.40000000596046447700 -0.00569461891427636147
-0.38999998569488525400 -0.00569650018587708473
-0.37999999523162841800 -0.00567952310666441918
-0.37000000476837158200 -0.00568791711702942848
-0.36000001430511474600 -0.00569916004315018654
-0.34999999403953552200 -0.00571016501635313034
-0.34000000357627868600 -0.00572116812691092491
-0.33000001311302185100 -0.00571251381188631058
-0.31999999284744262700 -0.00569076277315616608
-0.31000000238418579100 -0.00570838619023561478
-0.30000001192092895500 -0.00569893699139356613
-0.28999999165534973100 -0.00567788584157824516
-0.28000000119209289500 -0.00568511290475726128
-0.27000001072883606000 -0.00568913109600543976
-0.25999999046325683600 -0.00569981895387172699
-0.25000000000000000000 -0.00570865208283066750
-0.23999999463558197000 -0.00571161089465022087
-0.23000000417232513400 -0.00568923121318221092
-0.21999999880790710400 -0.00567819690331816673
-0.20999999344348907500 -0.00568219879642128945
-0.20000000298023223900 -0.00565973715856671334
-0.18999999761581420900 -0.00565269403159618378
-0.18000000715255737300 -0.00565225118771195412
-0.17000000178813934300 -0.00565743120387196541
-0.15999999642372131300 -0.00567092187702655792
-0.15000000596046447800 -0.00568066909909248352
-0.14000000059604644800 -0.00566607294604182244
-0.12999999523162841800 -0.00565560394898056984
-0.11999999731779098500 -0.00566859496757388115
-0.10999999940395355200 -0.00566509785130620003
-0.10000000149011611900 -0.00565298320725560188
-0.09000000357627868650 -0.00565352989360690117
-0.07999999821186065670 -0.00566716305911540985
-0.07000000029802322390 -0.00568138621747493744
-0.05999999865889549260 -0.00568536482751369476
-0.05000000074505805970 -0.00569284800440073014
-0.03999999910593032840 -0.00568138901144266129
-0.02999999932944774630 -0.00566724408417940140
-0.01999999955296516420 -0.00567951193079352379
-0.00999999977648258210 -0.00566956121474504471
0.00000000000000000000 -0.00565639417618513107
0.00999999977648258210 -0.00566250411793589592
0.01999999955296516420 -0.00567282084375619888
0.02999999932944774630 -0.00568047910928726196
0.03999999910593032840 -0.00568356411531567574
0.05000000074505805970 -0.00568696483969688416
0.05999999865889549260 -0.00566731998696923256
0.07000000029802322390 -0.00565478717908263207
0.07999999821186065670 -0.00566288596019148827
0.09000000357627868650 -0.00564843416213989258
0.10000000149011611900 -0.00563787994906306267
0.10999999940395355200 -0.00564393680542707443
0.11999999731779098500 -0.00564821623265743256
0.12999999523162841800 -0.00565959978848695755
0.14000000059604644800 -0.00567132700234651566
0.15000000596046447800 -0.00566046405583620072
0.15999999642372131300 -0.00564356101676821709
0.17000000178813934300 -0.00564825814217329025
0.18000000715255737300 -0.00564194796606898308
0.18999999761581420900 -0.00562704401090741158
0.20000000298023223900 -0.00562836602330207825
0.20999999344348907500 -0.00562851503491401673
0.21999999880790710400 -0.00563715212047100067
0.23000000417232513400 -0.00564201502129435539
0.23999999463558197000 -0.00563964620232582092
0.25000000000000000000 -0.00561999622732400894
0.25999999046325683600 -0.00559876393526792526
0.27000001072883606000 -0.00559737905859947205
0.28000000119209289500 -0.00558575894683599472
0.28999999165534973100 -0.00555760599672794342
0.30000001192092895500 -0.00555123900994658470
0.31000000238418579100 -0.00554555887356400490
0.31999999284744262700 -0.00553927803412079811
0.33000001311302185100 -0.00552286300808191300
0.34000000357627868600 -0.00550718978047370911
0.34999999403953552200 -0.00547025585547089577
0.36000001430511474600 -0.00546086719259619713
0.37000000476837158200 -0.00544344121590256691
0.37999999523162841800 -0.00540052587166428566
0.38999998569488525400 -0.00538843497633934021
0.40000000596046447700 -0.00537267420440912247
0.40999999642372131300 -0.00535729294642806053
0.41999998688697814900 -0.00533345295116305351
0.43000000715255737300 -0.00531736994162201882
0.43999999761581420900 -0.00527766300365328789
0.44999998807907104500 -0.00523038813844323158
0.46000000834465026800 -0.00521410815417766571
0.46999999880790710400 -0.00516074383631348610
0.47999998927116394000 -0.00511772092431783676
0.49000000953674316400 -0.00507416808977723122
0.50000000000000000000 -0.00503297988325357437
0.50999999046325683600 -0.00498536508530378342
0.51999998092651367200 -0.00494182202965021134
0.52999997138977050800 -0.00487114815041422844
0.54000002145767211900 -0.00478304596617817879
0.55000001192092895500 -0.00472616497427225113
0.56000000238418579100 -0.00462323101237416268
0.56999999284744262700 -0.00453018723055720329
0.57999998331069946300 -0.00441511813551187515
0.58999997377395629900 -0.00430082203820347786
0.60000002384185791000 -0.00413893116638064385
0.61000001430511474600 -0.00398850720375776291
0.62000000476837158200 -0.00377803994342684746
0.62999999523162841800 -0.00351570290513336659
0.63999998569488525400 -0.00326291611418128014
0.64999997615814209000 -0.00288886600174009800
0.66000002622604370100 -0.00252706697210669518
0.67000001668930053700 -0.00203562108799815178
0.68000000715255737300 -0.00154302595183253288
0.68999999761581420900 -0.00090983638074249029
0.69999998807907104500 -0.00023390339629258960
0.70999997854232788100 0.00040683860424906015
0.72000002861022949200 0.00135928601957857609
0.73000001907348632800 0.00210359203629195690
0.74000000953674316400 0.00313373608514666557
0.75000000000000000000 0.00404788181185722351
0.75999999046325683600 0.00520809879526495934
0.76999998092651367200 0.00627203704789280892
0.77999997138977050800 0.00754737202078104019
0.79000002145767211900 0.00864269211888313294
0.80000001192092895500 0.00983207765966653824
0.81000000238418579100 0.01061759982258081440
0.81999999284744262700 0.01185365021228790280
0.82999998331069946300 0.01302598044276237490
0.83999997377395629900 0.01439420040696859360
0.85000002384185791000 0.01563926972448825840
0.86000001430511474600 0.01675961911678314210
0.87000000476837158200 0.01842899061739444730
0.87999999523162841800 0.01941774040460586550
0.88999998569488525400 0.02101927995681762700
0.89999997615814209000 0.02243822067975997920
0.91000002622604370100 0.02387038059532642360
0.92000001668930053700 0.02532776072621345520
0.93000000715255737300 0.02690321020781993870
0.93999999761581420900 0.02827478013932704930
0.94999998807907104500 0.02963696978986263280
0.95999997854232788100 0.03147067874670028690
0.97000002861022949200 0.03256329149007797240
0.98000001907348632800 0.03444620966911315920
0.99000000953674316400 0.03592921048402786260
1.00000000000000000000 0.03762723132967948910
