-1.00000000000000000000 -0.00724794901907444000
-0.99000000953674316400 -0.00731245009228587151
-0.98000001907348632800 -0.00733832921832799912
-0.97000002861022949200 -0.00732071977108716965
-0.95999997854232788100 -0.00729179987683892250
-0.94999998807907104500 -0.00727831199765205384
-0.93999999761581420900 -0.00724059622734785080
-0.93000000715255737300 -0.00719308806583285332
-0.92000001668930053700 -0.00717028696089982987
-0.91000002622604370100 -0.00713480822741985321
-0.89999997615814209000 -0.00711332121863961220
-0.88999998569488525400 -0.00709920423105359078
-0.87999999523162841800 -0.00706117600202560425
-0.87000000476837158200 -0.00702319480478763581
-0.86000001430511474600 -0.00698081403970718384
-0.85000002384185791000 -0.00694803521037101746
-0.83999997377395629900 -0.00690915621817111969
-0.82999998331069946300 -0.00686336914077401161
-0.81999999284744262700 -0.00682856701314449310
-0.81000000238418579100 -0.00679912278428673744
-0.80000001192092895500 -0.00678582210093736649
-0.79000002145767211900 -0.00674972403794527054
-0.77999997138977050800 -0.00672486191615462303
-0.76999998092651367200 -0.00669669918715953827
-0.75999999046325683600 -0.00663570221513509751
-0.75000000000000000000 -0.00662612402811646462
-0.74000000953674316400 -0.00659997807815670967
-0.73000001907348632800 -0.00654662679880857468
-0.72000002861022949200 -0.00652975821867585182
-0.70999997854232788100 -0.00652227690443396568
-0.69999998807907104500 -0.00649603689089417458
-0.68999999761581420900 -0.00648437114432454109
-0.68000000715255737300 -0.00647059082984924317
-0.67000001668930053700 -0.00642281491309404373
-0.66000002622604370100 -0.00639000907540321350
-0.64999997615814209000 -0.00638282485306262970
-0.63999998569488525400 -0.00633615395054221153
-0.62999999523162841800 -0.00630987295880913735
-0.62000000476837158200 -0.00630178116261959076
-0.61000001430511474600 -0.00627653021365404129
-0.60000002384185791000 -0.00627150898799300194
-0.58999997377395629900 -0.00626217294484376908
-0.57999998331069946300 -0.00622691120952367783
-0.56999999284744262700 -0.00619188603013753891
-0.56000000238418579100 -0.00617896905168890953
-0.55000001192092895500 -0.00614234292879700661
-0.54000002145767211900 -0.00610719108954071999
-0.52999997138977050800 -0.00609128782525658608
-0.51999998092651367200 -0.00606914609670639038
-0.50999999046325683600 -0.00607206718996167183
-0.50000000000000000000 -0.00606540916487574578
-0.49000000953674316400 -0.00605530105531215668
-0.47999998927116394000 -0.00603831419721245766
-0.46999999880790710400 -0.00601181620731949806
-0.46000000834465026800 -0.00600040890276432038
-0.44999998807907104500 -0.00599134201183915138
-0.43999999761581420900 -0.00596827594563364983
-0.43000000715255737300 -0.00595323788002133370
-0.41999998688697814900 -0.00596242584288120270
-0.40999999642372131300 -0.00596206216141581536
-0.40000000596046447700 -0.00595673313364386559
-0.38999998569488525400 -0.00596167193725705147
-0.37999999523162841800 -0.00594385899603366852
-0.37000000476837158200 -0.00591101916506886482
-0.36000001430511474600 -0.00592140713706612587
-0.34999999403953552200 -0.00590509315952658653
-0.34000000357627868600 -0.00587464403361082077
-0.33000001311302185100 -0.00588059704750776291
-0.31999999284744262700 -0.00588082382455468178
-0.31000000238418579100 -0.00587822496891021729
-0.30000001192092895500 -0.00588044198229908943
-0.28999999165534973100 -0.00586979277431964874
-0.28000000119209289500 -0.00584707316011190415
-0.27000001072883606000 -0.00584369106218218804
-0.25999999046325683600 -0.00583369610831141472
-0.25000000000000000000 -0.00580580485984683037
-0.23999999463558197000 -0.00579964881762862206
-0.23000000417232513400 -0.00579891586676239968
-0.21999999880790710400 -0.00580134289339184761
-0.20999999344348907500 -0.00580298481509089470
-0.20000000298023223900 -0.00580806704238057137
-0.18999999761581420900 -0.00579171115532517433
-0.18000000715255737300 -0.00577427912503480911
-0.17000000178813934300 -0.00577548984438180924
-0.15999999642372131300 -0.00576628604903817177
-0.15000000596046447800 -0.00574941420927643776
-0.14000000059604644800 -0.00574403721839189530
-0.12999999523162841800 -0.00574523815885186196
-0.11999999731779098500 -0.00575209781527519226
-0.10999999940395355200 -0.00575276277959346771
-0.10000000149011611900 -0.00575269013643264771
-0.09000000357627868650 -0.00573845114558935166
-0.07999999821186065670 -0.00570858689025044441
-0.07000000029802322390 -0.00570966210216283798
-0.05999999865889549260 -0.00570394005626440048
-0.05000000074505805970 -0.00567014701664447785
-0.03999999910593032840 -0.00566506385803222656
-0.02999999932944774630 -0.00566916307434439659
-0.01999999955296516420 -0.00565697997808456421
-0.00999999977648258210 -0.00564656918868422508
0.00000000000000000000 -0.00564577989280223847
0.00999999977648258210 -0.00561370793730020523
0.01999999955296516420 -0.00557238282635807991
0.02999999932944774630 -0.00557208899408578873
0.03999999910593032840 -0.00555000780150294304
0.05000000074505805970 -0.00550852296873927117
0.05999999865889549260 -0.00549874594435095787
0.07000000029802322390 -0.00548622896894812584
0.07999999821186065670 -0.00547168590128421784
0.09000000357627868650 -0.00546578178182244301
0.10000000149011611900 -0.00544941099360585213
0.10999999940395355200 -0.00541034387424588204
0.11999999731779098500 -0.00537651311606168747
0.12999999523162841800 -0.00535656092688441277
0.14000000059604644800 -0.00531376013532280922
0.15000000596046447800 -0.00527210906147956848
0.15999999642372131300 -0.00524026295170187950
0.17000000178813934300 -0.00520363822579383850
0.18000000715255737300 -0.00517501123249530792
0.18999999761581420900 -0.00513349287211894989
0.20000000298023223900 -0.00508382683619856835
0.20999999344348907500 -0.00502378400415182114
0.21999999880790710400 -0.00495524797588586807
0.23000000417232513400 -0.00489135505631566048
0.23999999463558197000 -0.00481822714209556580
0.25000000000000000000 -0.00473628286272287369
0.25999999046325683600 -0.00465980311855673790
0.27000001072883606000 -0.00458611315116286278
0.28000000119209289500 -0.00449766684323549271
0.28999999165534973100 -0.00440362514927983284
0.30000001192092895500 -0.00429941387847065926
0.31000000238418579100 -0.00417135003954172135
0.31999999284744262700 -0.00405335379764437676
0.33000001311302185100 -0.00392517494037747383
0.34000000357627868600 -0.00377805507741868496
0.34999999403953552200 -0.00363250798545777798
0.36000001430511474600 -0.00348948105238378048
0.37000000476837158200 -0.00333163398317992687
0.37999999523162841800 -0.00316814589314162731
0.38999998569488525400 -0.00299847894348204136
0.40000000596046447700 -0.00280215498059988022
0.40999999642372131300 -0.00259460299275815487
0.41999998688697814900 -0.00239990605041384697
0.43000000715255737300 -0.00217870692722499371
0.43999999761581420900 -0.00194824894424527884
0.44999998807907104500 -0.00172324397135525942
0.46000000834465026800 -0.00148153398185968399
0.46999999880790710400 -0.00123771105427294970
0.47999998927116394000 -0.00094149698270484805
0.49000000953674316400 -0.00068653002381324768
0.50000000000000000000 -0.00042891298653557897
0.50999999046325683600 -0.00016557770140934736
0.51999998092651367200 0.00010422280320199206
0.52999997138977050800 0.00037921580951660872
0.54000002145767211900 0.00066206121118739247
0.55000001192092895500 0.00095063430489972234
0.56000000238418579100 0.00130653602536767721
0.56999999284744262700 0.00162699294742196798
0.57999998331069946300 0.00194480002392083407
0.58999997377395629900 0.00227118888869881630
0.60000002384185791000 0.00260347593575716019
0.61000001430511474600 0.00293395388871431351
0.62000000476837158200 0.00327755603939294815
0.62999999523162841800 0.00362673611380159855
0.63999998569488525400 0.00396835384890437126
0.64999997615814209000 0.00432195607572793961
0.66000002622604370100 0.00467900605872273445
0.67000001668930053700 0.00503333518281579018
0.68000000715255737300 0.00539249880239367485
0.68999999761581420900 0.00575368106365203858
0.69999998807907104500 0.00611577322706580162
0.70999997854232788100 0.00648498022928833962
0.72000002861022949200 0.00685762800276279450
0.73000001907348632800 0.00722858589142560959
0.74000000953674316400 0.00760345393791794777
0.75000000000000000000 0.00798334460705518723
0.75999999046325683600 0.00836140383034944535
0.76999998092651367200 0.00874267704784870148
0.77999997138977050800 0.00912510976195335388
0.79000002145767211900 0.00950726680457592011
0.80000001192092895500 0.00989392027258872986
0.81000000238418579100 0.01028375979512929920
0.81999999284744262700 0.01016488019376993180
0.82999998331069946300 0.01053727045655250550
0.83999997377395629900 0.01091453991830348970
0.85000002384185791000 0.01128987967967987060
0.86000001430511474600 0.01166849955916404720
0.87000000476837158200 0.01205063983798027040
0.87999999523162841800 0.01242838986217975620
0.88999998569488525400 0.01281127985566854480
0.89999997615814209000 0.01319605018943548200
0.91000002622604370100 0.01357747986912727360
0.92000001668930053700 0.01396156009286642070
0.93000000715255737300 0.01434738002717494960
0.93999999761581420900 0.01473311986774206160
0.94999998807907104500 0.01512131001800298690
0.95999997854232788100 0.01551144011318683620
0.97000002861022949200 0.01589908078312873840
0.98000001907348632800 0.01628939993679523470
0.99000000953674316400 0.01668204925954341890
1.00000000000000000000 0.01707362011075019840
