-1.00000000000000000000 -0.00805207993835210800
-0.99000000953674316400 -0.00816421769559383393
-0.98000001907348632800 -0.00818812288343906403
-0.97000002861022949200 -0.00818258896470069886
-0.95999997854232788100 -0.00816944986581802368
-0.94999998807907104500 -0.00813446287065744400
-0.93999999761581420900 -0.00808325223624706269
-0.93000000715255737300 -0.00803986378014087677
-0.92000001668930053700 -0.00800022017210721970
-0.91000002622604370100 -0.00796539429575204850
-0.89999997615814209000 -0.00791780278086662293
-0.88999998569488525400 -0.00787127576768398285
-0.87999999523162841800 -0.00782033335417509079
-0.87000000476837158200 -0.00774382008239626885
-0.86000001430511474600 -0.00770569685846567154
-0.85000002384185791000 -0.00765855982899665833
-0.83999997377395629900 -0.00759014487266540528
-0.82999998331069946300 -0.00755066610872745514
-0.81999999284744262700 -0.00751844421029090882
-0.81000000238418579100 -0.00747734401375055313
-0.80000001192092895500 -0.00743628479540348053
-0.79000002145767211900 -0.00740533694624900818
-0.77999997138977050800 -0.00733736995607614517
-0.76999998092651367200 -0.00729345716536045075
-0.75999999046325683600 -0.00726006086915731430
-0.75000000000000000000 -0.00719839613884687424
-0.74000000953674316400 -0.00715154502540826798
-0.73000001907348632800 -0.00712375482544302941
-0.72000002861022949200 -0.00708118686452507973
-0.70999997854232788100 -0.00705338316038250923
-0.69999998807907104500 -0.00702881813049316406
-0.68999999761581420900 -0.00696675619110465050
-0.68000000715255737300 -0.00691319722682237625
-0.67000001668930053700 -0.00689014093950390816
-0.66000002622604370100 -0.00683375587686896324
-0.64999997615814209000 -0.00678382115438580513
-0.63999998569488525400 -0.00675454922020435333
-0.62999999523162841800 -0.00671400409191846848
-0.62000000476837158200 -0.00669561885297298432
-0.61000001430511474600 -0.00667829811573028565
-0.60000002384185791000 -0.00664043705910444260
-0.58999997377395629900 -0.00660673389211297035
-0.57999998331069946300 -0.00657028891146183014
-0.56999999284744262700 -0.00654504494741559029
-0.56000000238418579100 -0.00651894276961684227
-0.55000001192092895500 -0.00648564612492918968
-0.54000002145767211900 -0.00645915698260068894
-0.52999997138977050800 -0.00645192200317978859
-0.51999998092651367200 -0.00644425814971327782
-0.50999999046325683600 -0.00641360506415367127
-0.50000000000000000000 -0.00640534888952970505
-0.49000000953674316400 -0.00637351814657449722
-0.47999998927116394000 -0.00634156400337815285
-0.46999999880790710400 -0.00633141817525029183
-0.46000000834465026800 -0.00630131084471940994
-0.44999998807907104500 -0.00626929802820086479
-0.43999999761581420900 -0.00626250822097063065
-0.43000000715255737300 -0.00625633494928479195
-0.41999998688697814900 -0.00623871712014079094
-0.40999999642372131300 -0.00624063983559608460
-0.40000000596046447700 -0.00621814606711268425
-0.38999998569488525400 -0.00617346586659550667
-0.37999999523162841800 -0.00617523677647113800
-0.37000000476837158200 -0.00615566084161400795
-0.36000001430511474600 -0.00611661188304424286
-0.34999999403953552200 -0.00611026585102081299
-0.34000000357627868600 -0.00610338291153311730
-0.33000001311302185100 -0.00609682081267237663
-0.31999999284744262700 -0.00610092515125870705
-0.31000000238418579100 -0.00609620986506342888
-0.30000001192092895500 -0.00607475917786359787
-0.28999999165534973100 -0.00604991288855671883
-0.28000000119209289500 -0.00605494109913706780
-0.27000001072883606000 -0.00603762781247496605
-0.25999999046325683600 -0.00601541297510266304
-0.25000000000000000000 -0.00601729378104209900
-0.23999999463558197000 -0.00601322716102004051
-0.23000000417232513400 -0.00602329708635807038
-0.21999999880790710400 -0.00601982278749346733
-0.20999999344348907500 -0.00601668888702988625
-0.20000000298023223900 -0.00599617697298526764
-0.18999999761581420900 -0.00597683014348149300
-0.18000000715255737300 -0.00596807012334465981
-0.17000000178813934300 -0.00595257291570305824
-0.15999999642372131300 -0.00592886703088879585
-0.15000000596046447800 -0.00592438597232103348
-0.14000000059604644800 -0.00592813408002257347
-0.12999999523162841800 -0.00591996312141418457
-0.11999999731779098500 -0.00591246504336595535
-0.10999999940395355200 -0.00589544419199228287
-0.10000000149011611900 -0.00585811818018555641
-0.09000000357627868650 -0.00585080310702323914
-0.07999999821186065670 -0.00583857297897338867
-0.07000000029802322390 -0.00579848093912005425
-0.05999999865889549260 -0.00578380422666668892
-0.05000000074505805970 -0.00578647479414939881
-0.03999999910593032840 -0.00577272893860936165
-0.02999999932944774630 -0.00576987396925687790
-0.01999999955296516420 -0.00576954102143645287
-0.00999999977648258210 -0.00573133211582899094
0.00000000000000000000 -0.00569632509723305702
0.00999999977648258210 -0.00569295417517423630
0.01999999955296516420 -0.00566895492374897003
0.02999999932944774630 -0.00562209589406847954
0.03999999910593032840 -0.00560659309849143028
0.05000000074505805970 -0.00557990605011582375
0.05999999865889549260 -0.00555589003488421440
0.07000000029802322390 -0.00553468288853764534
0.07999999821186065670 -0.00550388917326927185
0.09000000357627868650 -0.00544918701052665711
0.10000000149011611900 -0.00539680803194642067
0.10999999940395355200 -0.00535431690514087677
0.11999999731779098500 -0.00529498606920242310
0.12999999523162841800 -0.00523035600781440735
0.14000000059604644800 -0.00517046917229890824
0.15000000596046447800 -0.00511517981067299843
0.15999999642372131300 -0.00505574978888034821
0.17000000178813934300 -0.00498572923243045807
0.18000000715255737300 -0.00490805599838495255
0.18999999761581420900 -0.00481781922280788422
0.20000000298023223900 -0.00471596186980605126
0.20999999344348907500 -0.00462775304913520813
0.21999999880790710400 -0.00452274596318602562
0.23000000417232513400 -0.00440557301044464111
0.23999999463558197000 -0.00429955683648586273
0.25000000000000000000 -0.00419291015714406967
0.25999999046325683600 -0.00407101400196552277
0.27000001072883606000 -0.00394572317600250244
0.28000000119209289500 -0.00381538295187056065
0.28999999165534973100 -0.00365778501145541668
0.30000001192092895500 -0.00351391895674169064
0.31000000238418579100 -0.00336182210594415665
0.31999999284744262700 -0.00318611902184784412
0.33000001311302185100 -0.00301931193098425865
0.34000000357627868600 -0.00285216397605836392
0.34999999403953552200 -0.00267358496785163879
0.36000001430511474600 -0.00248965993523597717
0.37000000476837158200 -0.00230613397434353828
0.37999999523162841800 -0.00209650490432977676
0.38999998569488525400 -0.00188452797010540962
0.40000000596046447700 -0.00168043398298323154
0.40999999642372131300 -0.00145869399420917034
0.41999998688697814900 -0.00122934300452470779
0.43000000715255737300 -0.00100534502416849136
0.43999999761581420900 -0.00075707671931013465
0.44999998807907104500 -0.00052136491285637021
0.46000000834465026800 -0.00028506640228442848
0.46999999880790710400 -0.00007268370245583355
0.47999998927116394000 0.00015276360500138253
0.49000000953674316400 0.00040350868948735297
0.50000000000000000000 0.00066033611074090004
0.50999999046325683600 0.00092040799790993333
0.51999998092651367200 0.00121259596198797226
0.52999997138977050800 0.00149180297739803791
0.54000002145767211900 0.00178296095691621304
0.55000001192092895500 0.00207111495546996594
0.56000000238418579100 0.00235922797583043575
0.56999999284744262700 0.00265175593085587025
0.57999998331069946300 0.00295008299872279167
0.58999997377395629900 0.00324752810411155224
0.60000002384185791000 0.00355650694109499455
0.61000001430511474600 0.00386993610300123692
0.62000000476837158200 0.00417615100741386414
0.62999999523162841800 0.00449250778183341026
0.63999998569488525400 0.00481465086340904236
0.64999997615814209000 0.00513218296691775322
0.66000002622604370100 0.00545388413593173027
0.67000001668930053700 0.00577871082350611687
0.68000000715255737300 0.00610390910878777504
0.68999999761581420900 0.00643379706889390946
0.69999998807907104500 0.00677021499723196030
0.70999997854232788100 0.00710526481270790100
0.72000002861022949200 0.00744129111990332604
0.73000001907348632800 0.00778415380045771599
0.74000000953674316400 0.00812357757240533829
0.75000000000000000000 0.00846806727349758148
0.75999999046325683600 0.00881315302103757859
0.76999998092651367200 0.00915607623755931855
0.77999997138977050800 0.00950590707361698151
0.79000002145767211900 0.00985710229724645615
0.80000001192092895500 0.01020956970751285550
0.81000000238418579100 0.01005009002983570100
0.81999999284744262700 0.01039381045848131180
0.82999998331069946300 0.01073324959725141530
0.83999997377395629900 0.01107625011354684830
0.85000002384185791000 0.01142237987369298940
0.86000001430511474600 0.01176622975617647170
0.87000000476837158200 0.01211342029273509980
0.87999999523162841800 0.01246356964111328130
0.88999998569488525400 0.01281026005744934080
0.89999997615814209000 0.01315855979919433590
0.91000002622604370100 0.01351101044565439220
0.92000001668930053700 0.01386118959635496140
0.93000000715255737300 0.01421438995748758320
0.93999999761581420900 0.01457399036735296250
0.94999998807907104500 0.01492737978696823120
0.95999997854232788100 0.01528348028659820560
0.97000002861022949200 0.01564604043960571290
0.98000001907348632800 0.01600331999361515050
0.99000000953674316400 0.01636195927858352660
1.00000000000000000000 0.01672461070120334630
