-1.00000000000000000000 -0.00577640021219849587
-0.99000000953674316400 -0.00579295400530099869
-0.98000001907348632800 -0.00580521393567323685
-0.97000002861022949200 -0.00581202097237110138
-0.95999997854232788100 -0.00581435207277536392
-0.94999998807907104500 -0.00579724600538611412
-0.93999999761581420900 -0.00580373918637633324
-0.93000000715255737300 -0.00580159900709986687
-0.92000001668930053700 -0.00578506616875529289
-0.91000002622604370100 -0.00579073606058955193
-0.89999997615814209000 -0.00579549698159098625
-0.88999998569488525400 -0.00580832501873373986
-0.87999999523162841800 -0.00582025991752743721
-0.87000000476837158200 -0.00582706322893500328
-0.86000001430511474600 -0.00582207320258021355
-0.85000002384185791000 -0.00580299180001020432
-0.83999997377395629900 -0.00580921210348606110
-0.82999998331069946300 -0.00580328097566962242
-0.81999999284744262700 -0.00578255485743284226
-0.81000000238418579100 -0.00578990392386913300
-0.80000001192092895500 -0.00579183502122759819
-0.79000002145767211900 -0.00579994777217507363
-0.77999997138977050800 -0.00580189377069473267
-0.76999998092651367200 -0.00580123206600546837
-0.75999999046325683600 -0.00578628201037645340
-0.75000000000000000000 -0.00577030796557664871
-0.74000000953674316400 -0.00577253522351384163
-0.73000001907348632800 -0.00577025813981890679
-0.72000002861022949200 -0.00576024595648050308
-0.70999997854232788100 -0.00576221616938710213
-0.69999998807907104500 -0.00578265497460961342
-0.68999999761581420900 -0.00579188112169504166
-0.68000000715255737300 -0.00579991377890110016
-0.67000001668930053700 -0.00580254616215825081
-0.66000002622604370100 -0.00578757887706160546
-0.64999997615814209000 -0.00579315703362226486
-0.63999998569488525400 -0.00579817406833171845
-0.62999999523162841800 -0.00578191410750150681
-0.62000000476837158200 -0.00577946193516254425
-0.61000001430511474600 -0.00578968320041894913
-0.60000002384185791000 -0.00579866906628012657
-0.58999997377395629900 -0.00580846378579735756
-0.57999998331069946300 -0.00582011183723807335
-0.56999999284744262700 -0.00580958602949976921
-0.56000000238418579100 -0.00578885991126298905
-0.55000001192092895500 -0.00579715101048350334
-0.54000002145767211900 -0.00578866200521588326
-0.52999997138977050800 -0.00577018596231937409
-0.51999998092651367200 -0.00577515317127108574
-0.50999999046325683600 -0.00577561603859066963
-0.50000000000000000000 -0.00579042406752705574
-0.49000000953674316400 -0.00579790119081735611
-0.47999998927116394000 -0.00579911284148693085
-0.46999999880790710400 -0.00578422006219625473
-0.46000000834465026800 -0.00576732307672500611
-0.44999998807907104500 -0.00577582791447639466
-0.43999999761581420900 -0.00577411102131009102
-0.43000000715255737300 -0.00575613602995872498
-0.41999998688697814900 -0.00575697701424360275
-0.40999999642372131300 -0.00577248912304639816
-0.40000000596046447700 -0.00578470295295119286
-0.38999998569488525400 -0.00578911183401942253
-0.37999999523162841800 -0.00579388579353690148
-0.37000000476837158200 -0.00578270200639963150
-0.36000001430511474600 -0.00577735714614391327
-0.34999999403953552200 -0.00578157603740692139
-0.34000000357627868600 -0.00577295897528529167
-0.33000001311302185100 -0.00576489698141813278
-0.31999999284744262700 -0.00577321089804172516
-0.31000000238418579100 -0.00578232482075691223
-0.30000001192092895500 -0.00579248089343309403
-0.28999999165534973100 -0.00579702109098434448
-0.28000000119209289500 -0.00579388998448848725
-0.27000001072883606000 -0.00576693611219525337
-0.25999999046325683600 -0.00577071821317076683
-0.25000000000000000000 -0.00576166110113263130
-0.23999999463558197000 -0.00573851400986313820
-0.23000000417232513400 -0.00573339499533176422
-0.21999999880790710400 -0.00574022997170686722
-0.20999999344348907500 -0.00575172901153564453
-0.20000000298023223900 -0.00575182680040597916
-0.18999999761581420900 -0.00576260220259428024
-0.18000000715255737300 -0.00575020397081971169
-0.17000000178813934300 -0.00573691911995410919
-0.15999999642372131300 -0.00574696995317935944
-0.15000000596046447800 -0.00574923679232597351
-0.14000000059604644800 -0.00573379918932914734
-0.12999999523162841800 -0.00573855498805642128
-0.11999999731779098500 -0.00575093179941177368
-0.10999999940395355200 -0.00576121779158711434
-0.10000000149011611900 -0.00576374586671590805
-0.09000000357627868650 -0.00577405979856848717
-0.07999999821186065670 -0.00576929189264774323
-0.07000000029802322390 -0.00574593013152480126
-0.05999999865889549260 -0.00576382176950573921
-0.05000000074505805970 -0.00575496396049857140
-0.03999999910593032840 -0.00573849119246006012
-0.02999999932944774630 -0.00575002701953053475
-0.01999999955296516420 -0.00575612997636198998
-0.00999999977648258210 -0.00576545298099517822
0.00000000000000000000 -0.00577431311830878258
0.00999999977648258210 -0.00578102981671690941
0.01999999955296516420 -0.00576122803613543511
0.02999999932944774630 -0.00573916221037507057
0.03999999910593032840 -0.00574840279296040535
0.05000000074505805970 -0.00573440315201878548
0.05999999865889549260 -0.00571924122050404549
0.07000000029802322390 -0.00572062283754348755
0.07999999821186065670 -0.00572555698454380036
0.09000000357627868650 -0.00573700293898582459
0.10000000149011611900 -0.00574606703594326973
0.10999999940395355200 -0.00574318086728453636
0.11999999731779098500 -0.00573036493733525276
0.12999999523162841800 -0.00572107499465346337
0.14000000059604644800 -0.00573084782809019089
0.15000000596046447800 -0.00571697484701871872
0.15999999642372131300 -0.00570225482806563378
0.17000000178813934300 -0.00571311591193079949
0.18000000715255737300 -0.00571522722020745278
0.18999999761581420900 -0.00572834396734833718
0.20000000298023223900 -0.00573744205757975578
0.20999999344348907500 -0.00572392577305436135
0.21999999880790710400 -0.00570585997775197029
0.23000000417232513400 -0.00570974592119455338
0.23999999463558197000 -0.00569870090112090111
0.25000000000000000000 -0.00567772286012768746
0.25999999046325683600 -0.00567319197580218315
0.27000001072883606000 -0.00567104201763868332
0.28000000119209289500 -0.00567157706245779991
0.28999999165534973100 -0.00566740287467837334
0.30000001192092895500 -0.00566199002787470818
0.31000000238418579100 -0.00562752177938818932
0.31999999284744262700 -0.00560136279091238976
0.33000001311302185100 -0.00559864286333322525
0.34000000357627868600 -0.00557248713448643685
0.34999999403953552200 -0.00554577587172389031
0.36000001430511474600 -0.00553320907056331635
0.37000000476837158200 -0.00552395218983292580
0.37999999523162841800 -0.00552028277888894081
0.38999998569488525400 -0.00550785008817911148
0.40000000596046447700 -0.00548793422058224678
0.40999999642372131300 -0.00545884482562541962
0.41999998688697814900 -0.00542461592704057694
0.43000000715255737300 -0.00540796201676130295
0.43999999761581420900 -0.00536789279431104660
0.44999998807907104500 -0.00533003779128193855
0.46000000834465026800 -0.00530165107920765877
0.46999999880790710400 -0.00527282711118459702
0.47999998927116394000 -0.00524218985810875893
0.49000000953674316400 -0.00520686106756329537
0.50000000000000000000 -0.00515391118824481964
0.50999999046325683600 -0.00508389389142394066
0.51999998092651367200 -0.00503868982195854187
0.52999997138977050800 -0.00497340317815542221
0.54000002145767211900 -0.00488553009927272797
0.55000001192092895500 -0.00481412792578339577
0.56000000238418579100 -0.00472998199984431267
0.56999999284744262700 -0.00463543180376291275
0.57999998331069946300 -0.00452532991766929627
0.58999997377395629900 -0.00439949287101626396
0.60000002384185791000 -0.00422795489430427551
0.61000001430511474600 -0.00403663003817200661
0.62000000476837158200 -0.00382959796115756035
0.62999999523162841800 -0.00357103091664612293
0.63999998569488525400 -0.00326878693886101246
0.64999997615814209000 -0.00293105491437017918
0.66000002622604370100 -0.00254243100062012672
0.67000001668930053700 -0.00210091192275285721
0.68000000715255737300 -0.00160713295917958021
0.68999999761581420900 -0.00105163198895752430
0.69999998807907104500 -0.00044384560897015035
0.70999997854232788100 0.00011371410073479638
0.72000002861022949200 0.00083413027459755540
0.73000001907348632800 0.00162911799270659685
0.74000000953674316400 0.00242970697581768036
0.75000000000000000000 0.00326498108915984631
0.75999999046325683600 0.00413897214457392693
0.76999998092651367200 0.00504130497574806214
0.77999997138977050800 0.00597234582528471947
0.79000002145767211900 0.00693183811381459236
0.80000001192092895500 0.00790770538151264191
0.81000000238418579100 0.00895327702164649964
0.81999999284744262700 0.00998093280941247940
0.82999998331069946300 0.01047566998749971390
0.83999997377395629900 0.01151106972247362140
0.85000002384185791000 0.01255232002586126330
0.86000001430511474600 0.01362038962543010710
0.87000000476837158200 0.01470313034951686860
0.87999999523162841800 0.01580395922064781190
0.88999998569488525400 0.01692824065685272220
0.89999997615814209000 0.01805672980844974520
0.91000002622604370100 0.01918656937777996060
0.92000001668930053700 0.02034772932529449460
0.93000000715255737300 0.02152330055832862850
0.93999999761581420900 0.02271905913949012760
0.94999998807907104500 0.02390103042125701900
0.95999997854232788100 0.02511624060571193700
0.97000002861022949200 0.02635779976844787600
0.98000001907348632800 0.02760617993772029880
0.99000000953674316400 0.02885523997247219090
1.00000000000000000000 0.03014151938259601590
