-1.00000000000000000000 -0.00581740681082010269
-0.99000000953674316400 -0.00582443177700042725
-0.98000001907348632800 -0.00579108903184533119
-0.97000002861022949200 -0.00580072309821844101
-0.95999997854232788100 -0.00581183284521102905
-0.94999998807907104500 -0.00577291380614042282
-0.93999999761581420900 -0.00577940605580806732
-0.93000000715255737300 -0.00580190494656562805
-0.92000001668930053700 -0.00580144906416535378
-0.91000002622604370100 -0.00581233017146587372
-0.89999997615814209000 -0.00583040621131658554
-0.88999998569488525400 -0.00580484885722398758
-0.87999999523162841800 -0.00579019309952855110
-0.87000000476837158200 -0.00581686105579137802
-0.86000001430511474600 -0.00579778384417295456
-0.85000002384185791000 -0.00578546011820435524
-0.83999997377395629900 -0.00580585189163684845
-0.82999998331069946300 -0.00579824903979897499
-0.81999999284744262700 -0.00581690296530723572
-0.81000000238418579100 -0.00583581998944282532
-0.80000001192092895500 -0.00582003779709339142
-0.79000002145767211900 -0.00580787379294633866
-0.77999997138977050800 -0.00581881217658519745
-0.76999998092651367200 -0.00580680277198553086
-0.75999999046325683600 -0.00579365808516740799
-0.75000000000000000000 -0.00579833379015326500
-0.74000000953674316400 -0.00579113978892564774
-0.73000001907348632800 -0.00580667518079280853
-0.72000002861022949200 -0.00582312000915408135
-0.70999997854232788100 -0.00582043686881661415
-0.69999998807907104500 -0.00581343984231352806
-0.68999999761581420900 -0.00579730793833732605
-0.68000000715255737300 -0.00579894008114933968
-0.67000001668930053700 -0.00579939596354961395
-0.66000002622604370100 -0.00577865401282906532
-0.64999997615814209000 -0.00577288819476962090
-0.63999998569488525400 -0.00579281896352767944
-0.62999999523162841800 -0.00579950818791985512
-0.62000000476837158200 -0.00580247677862644196
-0.61000001430511474600 -0.00581105705350637436
-0.60000002384185791000 -0.00579911191016435623
-0.58999997377395629900 -0.00577952200546860695
-0.57999998331069946300 -0.00579988490790128708
-0.56999999284744262700 -0.00578753417357802391
-0.56000000238418579100 -0.00576768815517425537
-0.55000001192092895500 -0.00579007482156157494
-0.54000002145767211900 -0.00579089205712080002
-0.52999997138977050800 -0.00579718500375747681
-0.51999998092651367200 -0.00582360709086060524
-0.50999999046325683600 -0.00579969817772507668
-0.50000000000000000000 -0.00577806308865547180
-0.49000000953674316400 -0.00580594409257173538
-0.47999998927116394000 -0.00578455301001667977
-0.46999999880790710400 -0.00576549489051103592
-0.46000000834465026800 -0.00578527990728616715
-0.44999998807907104500 -0.00577707123011350632
-0.43999999761581420900 -0.00578522309660911560
-0.43000000715255737300 -0.00580340903252363205
-0.41999998688697814900 -0.00579879106953740120
-0.40999999642372131300 -0.00578371901065111160
-0.40000000596046447700 -0.00578250503167510033
-0.38999998569488525400 -0.00577861908823251724
-0.37999999523162841800 -0.00577367609366774559
-0.37000000476837158200 -0.00576614681631326676
-0.36000001430511474600 -0.00575394183397293091
-0.34999999403953552200 -0.00576910097151994705
-0.34000000357627868600 -0.00578901078552007675
-0.33000001311302185100 -0.00578390108421444893
-0.31999999284744262700 -0.00579163478687405586
-0.31000000238418579100 -0.00578526686877012253
-0.30000001192092895500 -0.00576814217492938042
-0.28999999165534973100 -0.00577840581536293030
-0.28000000119209289500 -0.00577265908941626549
-0.27000001072883606000 -0.00575420306995511055
-0.25999999046325683600 -0.00577060086652636528
-0.25000000000000000000 -0.00578534603118896485
-0.23999999463558197000 -0.00578259723260998726
-0.23000000417232513400 -0.00580086698755621910
-0.21999999880790710400 -0.00579601479694247246
-0.20999999344348907500 -0.00576168112456798554
-0.20000000298023223900 -0.00578509597107768059
-0.18999999761581420900 -0.00577958021312952042
-0.18000000715255737300 -0.00574864400550723076
-0.17000000178813934300 -0.00575987808406352997
-0.15999999642372131300 -0.00577323976904153824
-0.15000000596046447800 -0.00577598297968506813
-0.14000000059604644800 -0.00578596396371722222
-0.12999999523162841800 -0.00579485623165965080
-0.11999999731779098500 -0.00577002204954624176
-0.10999999940395355200 -0.00576600013300776482
-0.10000000149011611900 -0.00576695706695318222
-0.09000000357627868650 -0.00574727589264512062
-0.07999999821186065670 -0.00575034180656075478
-0.07000000029802322390 -0.00574811222031712532
-0.05999999865889549260 -0.00575424311682581902
-0.05000000074505805970 -0.00577358389273285866
-0.03999999910593032840 -0.00577541487291455269
-0.02999999932944774630 -0.00575488293543457985
-0.01999999955296516420 -0.00575391296297311783
-0.00999999977648258210 -0.00575007591396570206
0.00000000000000000000 -0.00574151892215013504
0.00999999977648258210 -0.00573693402111530304
0.01999999955296516420 -0.00572835002094507218
0.02999999932944774630 -0.00572432996705174446
0.03999999910593032840 -0.00574370101094245911
0.05000000074505805970 -0.00574502721428871155
0.05999999865889549260 -0.00574721116572618485
0.07000000029802322390 -0.00575438793748617172
0.07999999821186065670 -0.00572903407737612724
0.09000000357627868650 -0.00573315285146236420
0.10000000149011611900 -0.00574336992576718331
0.10999999940395355200 -0.00571220880374312401
0.11999999731779098500 -0.00570745998993515968
0.12999999523162841800 -0.00572993792593479157
0.14000000059604644800 -0.00572407199069857598
0.15000000596046447800 -0.00572246499359607697
0.15999999642372131300 -0.00573851400986313820
0.17000000178813934300 -0.00570566020905971527
0.18000000715255737300 -0.00568922795355319977
0.18999999761581420900 -0.00570693099871277809
0.20000000298023223900 -0.00567659782245755196
0.20999999344348907500 -0.00566642684862017632
0.21999999880790710400 -0.00567845581099390984
0.23000000417232513400 -0.00567564601078629494
0.23999999463558197000 -0.00568275200203061104
0.25000000000000000000 -0.00569480285048484802
0.25999999046325683600 -0.00566432112827897072
0.27000001072883606000 -0.00565040390938520432
0.28000000119209289500 -0.00565692316740751267
0.28999999165534973100 -0.00563594978302717209
0.30000001192092895500 -0.00562393106520175934
0.31000000238418579100 -0.00561803486198186875
0.31999999284744262700 -0.00561115704476833344
0.33000001311302185100 -0.00562166515737771988
0.34000000357627868600 -0.00561752682551741600
0.34999999403953552200 -0.00560041284188628197
0.36000001430511474600 -0.00558506697416305542
0.37000000476837158200 -0.00555657781660556793
0.37999999523162841800 -0.00554138701409101486
0.38999998569488525400 -0.00552634522318840027
0.40000000596046447700 -0.00549311703070998192
0.40999999642372131300 -0.00547131616622209549
0.41999998688697814900 -0.00547179486602544785
0.43000000715255737300 -0.00544507196173071861
0.43999999761581420900 -0.00541503215208649636
0.44999998807907104500 -0.00538771692663431168
0.46000000834465026800 -0.00531883677467703819
0.46999999880790710400 -0.00527814310044050217
0.47999998927116394000 -0.00523306289687752724
0.49000000953674316400 -0.00514213787391781807
0.50000000000000000000 -0.00507153384387493134
0.50999999046325683600 -0.00500546488910913468
0.51999998092651367200 -0.00490374118089675903
0.52999997138977050800 -0.00479321321472525597
0.54000002145767211900 -0.00467192009091377258
0.55000001192092895500 -0.00448938691988587380
0.56000000238418579100 -0.00429157912731170654
0.56999999284744262700 -0.00409426121041178703
0.57999998331069946300 -0.00382463703863322735
0.58999997377395629900 -0.00352986110374331474
0.60000002384185791000 -0.00320750800892710686
0.61000001430511474600 -0.00283073796890676022
0.62000000476837158200 -0.00241325004026293755
0.62999999523162841800 -0.00195260602049529553
0.63999998569488525400 -0.00142200302798300982
0.64999997615814209000 -0.00086238677613437176
0.66000002622604370100 -0.00029850919963791966
0.67000001668930053700 0.00029276209534145892
0.68000000715255737300 0.00099602492991834879
0.68999999761581420900 0.00174091896042227745
0.69999998807907104500 0.00251997192390263081
0.70999997854232788100 0.00333329197019338608
0.72000002861022949200 0.00417139800265431404
0.73000001907348632800 0.00504725612699985504
0.74000000953674316400 0.00593773089349269867
0.75000000000000000000 0.00685768388211727143
0.75999999046325683600 0.00780604500323534012
0.76999998092651367200 0.00876631680876016617
0.77999997138977050800 0.00975181721150875092
0.79000002145767211900 0.01018262002617120740
0.80000001192092895500 0.01116320025175809860
0.81000000238418579100 0.01216172985732555390
0.81999999284744262700 0.01317590009421110150
0.82999998331069946300 0.01419818960130214690
0.83999997377395629900 0.01524255983531475070
0.85000002384185791000 0.01629682071506977080
0.86000001430511474600 0.01736479997634887700
0.87000000476837158200 0.01844739913940429690
0.87999999523162841800 0.01953925937414169310
0.88999998569488525400 0.02063718996942043300
0.89999997615814209000 0.02175438962876796720
0.91000002622604370100 0.02288218960165977480
0.92000001668930053700 0.02402107976377010350
0.93000000715255737300 0.02517852932214736940
0.93999999761581420900 0.02634093910455703740
0.94999998807907104500 0.02750065922737121580
0.95999997854232788100 0.02868060953915119170
0.97000002861022949200 0.02987919002771377560
0.98000001907348632800 0.03108518011868000030
0.99000000953674316400 0.03229263052344322200
1.00000000000000000000 0.03350082039833068850
