-1.00000000000000000000 -0.00579105690121650696
-0.99000000953674316400 -0.00579791702330112457
-0.98000001907348632800 -0.00580828823149204254
-0.97000002861022949200 -0.00580757018178701401
-0.95999997854232788100 -0.00579558312892913819
-0.94999998807907104500 -0.00578381214290857315
-0.93999999761581420900 -0.00579605717211961746
-0.93000000715255737300 -0.00578593695536255837
-0.92000001668930053700 -0.00577736319974064827
-0.91000002622604370100 -0.00578672811388969422
-0.89999997615814209000 -0.00579097121953964234
-0.88999998569488525400 -0.00581247312948107720
-0.87999999523162841800 -0.00582741107791662216
-0.87000000476837158200 -0.00582323083654046059
-0.86000001430511474600 -0.00581375602632761002
-0.85000002384185791000 -0.00581367406994104386
-0.83999997377395629900 -0.00581509387120604515
-0.82999998331069946300 -0.00580987101420760155
-0.81999999284744262700 -0.00581030501052737236
-0.81000000238418579100 -0.00580661278218030930
-0.80000001192092895500 -0.00582887697964906693
-0.79000002145767211900 -0.00583678716793656349
-0.77999997138977050800 -0.00584149314090609551
-0.76999998092651367200 -0.00583632988855242729
-0.75999999046325683600 -0.00581202097237110138
-0.75000000000000000000 -0.00581453507766127587
-0.74000000953674316400 -0.00581481913104653359
-0.73000001907348632800 -0.00579608511179685593
-0.72000002861022949200 -0.00579551979899406433
-0.70999997854232788100 -0.00580791104584932327
-0.69999998807907104500 -0.00581176718696951866
-0.68999999761581420900 -0.00582362618297338486
-0.68000000715255737300 -0.00582736684009432793
-0.67000001668930053700 -0.00581562379375100136
-0.66000002622604370100 -0.00580465095117688179
-0.64999997615814209000 -0.00581737002357840538
-0.63999998569488525400 -0.00581193016842007637
-0.62999999523162841800 -0.00579750584438443184
-0.62000000476837158200 -0.00579949095845222473
-0.61000001430511474600 -0.00580855412408709526
-0.60000002384185791000 -0.00582829490303993225
-0.58999997377395629900 -0.00582603598013520241
-0.57999998331069946300 -0.00583053100854158402
-0.56999999284744262700 -0.00581563916057348252
-0.56000000238418579100 -0.00580813921988010407
-0.55000001192092895500 -0.00581189617514610291
-0.54000002145767211900 -0.00579797290265560150
-0.52999997138977050800 -0.00578729994595050812
-0.51999998092651367200 -0.00578923616558313370
-0.50999999046325683600 -0.00580338202416896820
-0.50000000000000000000 -0.00580113194882869721
-0.49000000953674316400 -0.00580655410885810852
-0.47999998927116394000 -0.00579719617962837219
-0.46999999880790710400 -0.00577540183439850807
-0.46000000834465026800 -0.00577958393841981888
-0.44999998807907104500 -0.00577827915549278259
-0.43999999761581420900 -0.00575638795271515846
-0.43000000715255737300 -0.00575668411329388619
-0.41999998688697814900 -0.00577252916991710663
-0.40999999642372131300 -0.00578289385885000229
-0.40000000596046447700 -0.00579506997019052506
-0.38999998569488525400 -0.00580136803910136223
-0.37999999523162841800 -0.00578777119517326355
-0.37000000476837158200 -0.00577663490548729897
-0.36000001430511474600 -0.00579600781202316284
-0.34999999403953552200 -0.00578552996739745140
-0.34000000357627868600 -0.00577245792374014855
-0.33000001311302185100 -0.00578337023034691811
-0.31999999284744262700 -0.00578526593744754791
-0.31000000238418579100 -0.00580284278839826584
-0.30000001192092895500 -0.00581298489123582840
-0.28999999165534973100 -0.00580970291048288346
-0.28000000119209289500 -0.00579758593812584877
-0.27000001072883606000 -0.00580391800031065941
-0.25999999046325683600 -0.00579896382987499237
-0.25000000000000000000 -0.00579077098518610001
-0.23999999463558197000 -0.00578219490125775337
-0.23000000417232513400 -0.00578705221414566040
-0.21999999880790710400 -0.00580225978046655655
-0.20999999344348907500 -0.00580397015437483788
-0.20000000298023223900 -0.00580830406397581101
-0.18999999761581420900 -0.00580119481310248375
-0.18000000715255737300 -0.00577981211245059967
-0.17000000178813934300 -0.00578648317605257034
-0.15999999642372131300 -0.00578659819439053536
-0.15000000596046447800 -0.00577077222988009453
-0.14000000059604644800 -0.00577078713104128838
-0.12999999523162841800 -0.00578513182699680329
-0.11999999731779098500 -0.00579134281724691391
-0.10999999940395355200 -0.00579990819096565247
-0.10000000149011611900 -0.00580540113151073456
-0.09000000357627868650 -0.00579371396452188492
-0.07999999821186065670 -0.00577941397204995156
-0.07000000029802322390 -0.00579248508438467980
-0.05999999865889549260 -0.00578496605157852173
-0.05000000074505805970 -0.00576951820403337479
-0.03999999910593032840 -0.00577323511242866516
-0.02999999932944774630 -0.00577570311725139618
-0.01999999955296516420 -0.00579004688188433647
-0.00999999977648258210 -0.00579419499263167382
0.00000000000000000000 -0.00578494416549801827
0.00999999977648258210 -0.00577301206067204476
0.01999999955296516420 -0.00575500587001442909
0.02999999932944774630 -0.00575748691335320473
0.03999999910593032840 -0.00574696017429232598
0.05000000074505805970 -0.00572853302583098412
0.05999999865889549260 -0.00572925619781017304
0.07000000029802322390 -0.00573773821815848351
0.07999999821186065670 -0.00574451917782425881
0.09000000357627868650 -0.00574906682595610619
0.10000000149011611900 -0.00574486376717686653
0.10999999940395355200 -0.00572461914271116257
0.11999999731779098500 -0.00572607200592756272
0.12999999523162841800 -0.00573506299406290054
0.14000000059604644800 -0.00571721699088811875
0.15000000596046447800 -0.00571057200431823731
0.15999999642372131300 -0.00572422891855239868
0.17000000178813934300 -0.00573409302160143852
0.18000000715255737300 -0.00573699688538908959
0.18999999761581420900 -0.00574681116268038750
0.20000000298023223900 -0.00574105884879827500
0.20999999344348907500 -0.00571144884452223778
0.21999999880790710400 -0.00572678912431001663
0.23000000417232513400 -0.00572225218638777733
0.23999999463558197000 -0.00569147476926445961
0.25000000000000000000 -0.00569344591349363327
0.25999999046325683600 -0.00569513207301497460
0.27000001072883606000 -0.00569202983751893044
0.28000000119209289500 -0.00569560891017317772
0.28999999165534973100 -0.00569200096651911736
0.30000001192092895500 -0.00565855810418725014
0.31000000238418579100 -0.00564121082425117493
0.31999999284744262700 -0.00563315488398075104
0.33000001311302185100 -0.00560616003349423409
0.34000000357627868600 -0.00558603508397936821
0.34999999403953552200 -0.00557563081383705139
0.36000001430511474600 -0.00557148922234773636
0.37000000476837158200 -0.00555843813344836235
0.37999999523162841800 -0.00554905319586396218
0.38999998569488525400 -0.00552581902593374252
0.40000000596046447700 -0.00548496004194021225
0.40999999642372131300 -0.00546121085062623024
0.41999998688697814900 -0.00543710915371775627
0.43000000715255737300 -0.00539108505472540856
0.43999999761581420900 -0.00535829178988933563
0.44999998807907104500 -0.00533726019784808159
0.46000000834465026800 -0.00530217308551073074
0.46999999880790710400 -0.00527036283165216446
0.47999998927116394000 -0.00523663498461246491
0.49000000953674316400 -0.00517577677965164185
0.50000000000000000000 -0.00511486222967505455
0.50999999046325683600 -0.00506975781172513962
0.51999998092651367200 -0.00500708399340510368
0.52999997138977050800 -0.00492285797372460365
0.54000002145767211900 -0.00486117415130138397
0.55000001192092895500 -0.00478349812328815460
0.56000000238418579100 -0.00469191605225205422
0.56999999284744262700 -0.00459534116089344025
0.57999998331069946300 -0.00447976216673851013
0.58999997377395629900 -0.00432688510045409203
0.60000002384185791000 -0.00416715722531080246
0.61000001430511474600 -0.00399643182754516602
0.62000000476837158200 -0.00375312799587845802
0.62999999523162841800 -0.00351080391556024552
0.63999998569488525400 -0.00321075296960771084
0.64999997615814209000 -0.00285975192673504353
0.66000002622604370100 -0.00246915197931230068
0.67000001668930053700 -0.00202893605455756188
0.68000000715255737300 -0.00150802300777286291
0.68999999761581420900 -0.00093153782654553652
0.69999998807907104500 -0.00036857850500382483
0.70999997854232788100 0.00023486900317948312
0.72000002861022949200 0.00094762351363897324
0.73000001907348632800 0.00173837703187018633
0.74000000953674316400 0.00254146405495703220
0.75000000000000000000 0.00339850108139216900
0.75999999046325683600 0.00425327895209193230
0.76999998092651367200 0.00514547014608979225
0.77999997138977050800 0.00612846808508038521
0.79000002145767211900 0.00699390098452568054
0.80000001192092895500 0.00804938655346632004
0.81000000238418579100 0.00905378442257642746
0.81999999284744262700 0.01012471970170736310
0.82999998331069946300 0.01057154033333063130
0.83999997377395629900 0.01168175972998142240
0.85000002384185791000 0.01264631003141403200
0.86000001430511474600 0.01384727004915475850
0.87000000476837158200 0.01490832027047872540
0.87999999523162841800 0.01600863970816135410
0.88999998569488525400 0.01709746010601520540
0.89999997615814209000 0.01826699078083038330
0.91000002622604370100 0.01939803920686244960
0.92000001668930053700 0.02054199017584323880
0.93000000715255737300 0.02189045958220958710
0.93999999761581420900 0.02289216965436935420
0.94999998807907104500 0.02417822927236557010
0.95999997854232788100 0.02543755993247032170
0.97000002861022949200 0.02666329033672809600
0.98000001907348632800 0.02791211009025573730
0.99000000953674316400 0.02925664931535720830
1.00000000000000000000 0.03049216978251934050
