-1.00000000000000000000 -0.01053552981466054920
-0.99000000953674316400 -0.01056214980781078340
-0.98000001907348632800 -0.01054256968200206760
-0.97000002861022949200 -0.01051564980298280720
-0.95999997854232788100 -0.01046277955174446110
-0.94999998807907104500 -0.01038322038948535920
-0.93999999761581420900 -0.01032754033803939820
-0.93000000715255737300 -0.01025148015469312670
-0.92000001668930053700 -0.01015248987823724750
-0.91000002622604370100 -0.01007489021867513660
-0.89999997615814209000 -0.01011637039482593540
-0.88999998569488525400 -0.01003411971032619480
-0.87999999523162841800 -0.01042592991143465040
-0.87000000476837158200 -0.01037590019404888150
-0.86000001430511474600 -0.01027755998075008390
-0.85000002384185791000 -0.01016866974532604220
-0.83999997377395629900 -0.01006875000894069670
-0.82999998331069946300 -0.00996062345802783966
-0.81999999284744262700 -0.00984624586999416352
-0.81000000238418579100 -0.00973806716501712799
-0.80000001192092895500 -0.00963782332837581635
-0.79000002145767211900 -0.00954250898212194443
-0.77999997138977050800 -0.00944577343761920929
-0.76999998092651367200 -0.00934542063623666764
-0.75999999046325683600 -0.00923864077776670456
-0.75000000000000000000 -0.00911391433328390122
-0.74000000953674316400 -0.00901986565440893174
-0.73000001907348632800 -0.00891620106995105744
-0.72000002861022949200 -0.00879349000751972199
-0.70999997854232788100 -0.00869593489915132523
-0.69999998807907104500 -0.00860335864126682282
-0.68999999761581420900 -0.00851035397499799729
-0.68000000715255737300 -0.00841772370040416718
-0.67000001668930053700 -0.00833215937018394470
-0.66000002622604370100 -0.00822517089545726776
-0.64999997615814209000 -0.00812398456037044525
-0.63999998569488525400 -0.00804984476417303086
-0.62999999523162841800 -0.00795228220522403717
-0.62000000476837158200 -0.00785922631621360779
-0.61000001430511474600 -0.00778458919376134873
-0.60000002384185791000 -0.00770976999774575234
-0.58999997377395629900 -0.00763955386355519295
-0.57999998331069946300 -0.00757898809388279915
-0.56999999284744262700 -0.00749303400516510010
-0.56000000238418579100 -0.00741067202761769295
-0.55000001192092895500 -0.00734432786703109741
-0.54000002145767211900 -0.00726522086188197136
-0.52999997138977050800 -0.00718258414417505264
-0.51999998092651367200 -0.00712106982246041298
-0.50999999046325683600 -0.00705425580963492394
-0.50000000000000000000 -0.00700180092826485634
-0.49000000953674316400 -0.00695670489221811295
-0.47999998927116394000 -0.00689443713054060936
-0.46999999880790710400 -0.00683091487735509873
-0.46000000834465026800 -0.00676561892032623291
-0.44999998807907104500 -0.00671341782435774803
-0.43999999761581420900 -0.00665816292166709900
-0.43000000715255737300 -0.00659549096599221230
-0.41999998688697814900 -0.00654455600306391716
-0.40999999642372131300 -0.00650551682338118553
-0.40000000596046447700 -0.00647691078484058380
-0.38999998569488525400 -0.00642984686419367790
-0.37999999523162841800 -0.00640281103551387787
-0.37000000476837158200 -0.00636111386120319367
-0.36000001430511474600 -0.00630074786022305489
-0.34999999403953552200 -0.00628624297678470612
-0.34000000357627868600 -0.00625240383669734001
-0.33000001311302185100 -0.00619765603914856911
-0.31999999284744262700 -0.00618082517758011818
-0.31000000238418579100 -0.00616968702524900437
-0.30000001192092895500 -0.00614689709618687630
-0.28999999165534973100 -0.00613973289728164673
-0.28000000119209289500 -0.00612602103501558304
-0.27000001072883606000 -0.00608285004273056984
-0.25999999046325683600 -0.00606177421286702156
-0.25000000000000000000 -0.00605143001303076744
-0.23999999463558197000 -0.00600943993777036667
-0.23000000417232513400 -0.00599081302061676979
-0.21999999880790710400 -0.00598323112353682518
-0.20999999344348907500 -0.00596872996538877487
-0.20000000298023223900 -0.00596835603937506676
-0.18999999761581420900 -0.00595896504819393158
-0.18000000715255737300 -0.00592879997566342354
-0.17000000178813934300 -0.00589895900338888168
-0.15999999642372131300 -0.00589022878557443619
-0.15000000596046447800 -0.00585972983390092850
-0.14000000059604644800 -0.00582424597814679146
-0.12999999523162841800 -0.00580829521641135216
-0.11999999731779098500 -0.00579328695312142372
-0.10999999940395355200 -0.00579265598207712174
-0.10000000149011611900 -0.00578069407492876053
-0.09000000357627868650 -0.00577089982107281685
-0.07999999821186065670 -0.00574788404628634453
-0.07000000029802322390 -0.00571311498060822487
-0.05999999865889549260 -0.00570122618228197098
-0.05000000074505805970 -0.00568148586899042130
-0.03999999910593032840 -0.00564701482653617859
-0.02999999932944774630 -0.00562286004424095154
-0.01999999955296516420 -0.00561609910801053047
-0.00999999977648258210 -0.00559350801631808281
0.00000000000000000000 -0.00556888990104198456
0.00999999977648258210 -0.00555033283308148384
0.01999999955296516420 -0.00550827011466026306
0.02999999932944774630 -0.00544705381616950035
0.03999999910593032840 -0.00542550394311547280
0.05000000074505805970 -0.00538490992039442063
0.05999999865889549260 -0.00531819788739085198
0.07000000029802322390 -0.00527727091684937477
0.07999999821186065670 -0.00523810414597392082
0.09000000357627868650 -0.00518600177019834519
0.10000000149011611900 -0.00513534992933273316
0.10999999940395355200 -0.00508343707770109177
0.11999999731779098500 -0.00499822711572051048
0.12999999523162841800 -0.00492412596940994263
0.14000000059604644800 -0.00485781021416187287
0.15000000596046447800 -0.00476815504953265190
0.15999999642372131300 -0.00468119513243436814
0.17000000178813934300 -0.00460031116381287575
0.18000000715255737300 -0.00451578618958592415
0.18999999761581420900 -0.00442987214773893356
0.20000000298023223900 -0.00433701882138848305
0.20999999344348907500 -0.00423078704625368118
0.21999999880790710400 -0.00411686813458800316
0.23000000417232513400 -0.00400545215234160423
0.23999999463558197000 -0.00388634903356432915
0.25000000000000000000 -0.00375735596753656864
0.25999999046325683600 -0.00363227911293506622
0.27000001072883606000 -0.00350345391780138016
0.28000000119209289500 -0.00337713095359504223
0.28999999165534973100 -0.00324160489253699780
0.30000001192092895500 -0.00309909088537096977
0.31000000238418579100 -0.00294721801765263081
0.31999999284744262700 -0.00278232898563146591
0.33000001311302185100 -0.00262741092592477799
0.34000000357627868600 -0.00246365391649305821
0.34999999403953552200 -0.00228922604583203793
0.36000001430511474600 -0.00211800402030348778
0.37000000476837158200 -0.00194817804731428623
0.37999999523162841800 -0.00177155097480863333
0.38999998569488525400 -0.00158929696772247553
0.40000000596046447700 -0.00140624295454472303
0.40999999642372131300 -0.00120835204143077135
0.41999998688697814900 -0.00100747204851359129
0.43000000715255737300 -0.00080265052383765578
0.43999999761581420900 -0.00060602731537073851
0.44999998807907104500 -0.00040341640124097466
0.46000000834465026800 -0.00020485739514697343
0.46999999880790710400 -0.00005808013884234242
0.47999998927116394000 0.00013359630247578025
0.49000000953674316400 0.00034948848770000041
0.50000000000000000000 0.00055969617096707225
0.50999999046325683600 0.00077465199865400791
0.51999998092651367200 0.00099738943390548229
0.52999997138977050800 0.00126968196127563715
0.54000002145767211900 0.00150666898116469383
0.55000001192092895500 0.00174772099126130343
0.56000000238418579100 0.00199422193691134453
0.56999999284744262700 0.00224281591363251209
0.57999998331069946300 0.00249892706051468849
0.58999997377395629900 0.00275437301024794579
0.60000002384185791000 0.00301273888908326626
0.61000001430511474600 0.00327808596193790436
0.62000000476837158200 0.00354498205706477165
0.62999999523162841800 0.00381010794080793858
0.63999998569488525400 0.00407902104780077934
0.64999997615814209000 0.00435105990618467331
0.66000002622604370100 0.00462501402944326401
0.67000001668930053700 0.00490795308724045754
0.68000000715255737300 0.00519497087225317955
0.68999999761581420900 0.00547655019909143448
0.69999998807907104500 0.00576725322753190994
0.70999997854232788100 0.00606100494042038918
0.72000002861022949200 0.00635183602571487427
0.73000001907348632800 0.00664851581677794457
0.74000000953674316400 0.00694458978250622750
0.75000000000000000000 0.00724371289834380150
0.75999999046325683600 0.00754770496860146523
0.76999998092651367200 0.00785371381789445877
0.77999997138977050800 0.00816146936267614365
0.79000002145767211900 0.00847223307937383652
0.80000001192092895500 0.00878406967967748642
0.81000000238418579100 0.00909767113626003266
0.81999999284744262700 0.00941456574946641922
0.82999998331069946300 0.00972957629710435868
0.83999997377395629900 0.01004728954285383220
0.85000002384185791000 0.01036777999252080920
0.86000001430511474600 0.01017786003649234770
0.87000000476837158200 0.01048692967742681500
0.87999999523162841800 0.01079608965665102010
0.88999998569488525400 0.01110947970300912860
0.89999997615814209000 0.01142274960875511170
0.91000002622604370100 0.01173689030110836030
0.92000001668930053700 0.01205432973802089690
0.93000000715255737300 0.01236976031213998790
0.93999999761581420900 0.01268935017287731170
0.94999998807907104500 0.01300960965454578400
0.95999997854232788100 0.01332848984748125080
0.97000002861022949200 0.01364949997514486310
0.98000001907348632800 0.01397326029837131500
0.99000000953674316400 0.01429498009383678440
1.00000000000000000000 0.01461918000131845470
