-1.00000000000000000000 -0.00589957879856228829
-0.99000000953674316400 -0.00588349020108580590
-0.98000001907348632800 -0.00589936412870883942
-0.97000002861022949200 -0.00589636014774441719
-0.95999997854232788100 -0.00587710319086909294
-0.94999998807907104500 -0.00587923917919397354
-0.93999999761581420900 -0.00589535199105739594
-0.93000000715255737300 -0.00590759795159101486
-0.92000001668930053700 -0.00590913509950041771
-0.91000002622604370100 -0.00591435423120856285
-0.89999997615814209000 -0.00589025113731622696
-0.88999998569488525400 -0.00589742790907621384
-0.87999999523162841800 -0.00589263299480080605
-0.87000000476837158200 -0.00587010476738214493
-0.86000001430511474600 -0.00587375881150364876
-0.85000002384185791000 -0.00587390782311558724
-0.83999997377395629900 -0.00588233815506100655
-0.82999998331069946300 -0.00589298922568559647
-0.81999999284744262700 -0.00589316617697477341
-0.81000000238418579100 -0.00587241118773818016
-0.80000001192092895500 -0.00586137594655156136
-0.79000002145767211900 -0.00586668215692043305
-0.77999997138977050800 -0.00585490418598055840
-0.76999998092651367200 -0.00584688503295183182
-0.75999999046325683600 -0.00585164083167910576
-0.75000000000000000000 -0.00585807720199227333
-0.74000000953674316400 -0.00587520515546202660
-0.73000001907348632800 -0.00588929001241922379
-0.72000002861022949200 -0.00588230788707733154
-0.70999997854232788100 -0.00586695782840251923
-0.69999998807907104500 -0.00587762380018830300
-0.68999999761581420900 -0.00587252294644713402
-0.68000000715255737300 -0.00586832500994205475
-0.67000001668930053700 -0.00586400507017970085
-0.66000002622604370100 -0.00587141700088977814
-0.64999997615814209000 -0.00588980177417397499
-0.63999998569488525400 -0.00589826703071594238
-0.62999999523162841800 -0.00590343400835990906
-0.62000000476837158200 -0.00589537899941205979
-0.61000001430511474600 -0.00587667804211378098
-0.60000002384185791000 -0.00588740594685077667
-0.58999997377395629900 -0.00587845919653773308
-0.57999998331069946300 -0.00586265092715620995
-0.56999999284744262700 -0.00586956320330500603
-0.56000000238418579100 -0.00587543006986379624
-0.55000001192092895500 -0.00588353676721453667
-0.54000002145767211900 -0.00589319085702300072
-0.52999997138977050800 -0.00588109809905290604
-0.51999998092651367200 -0.00585706997662782669
-0.50999999046325683600 -0.00587195996195077896
-0.50000000000000000000 -0.00586908822879195214
-0.49000000953674316400 -0.00585027178749442101
-0.47999998927116394000 -0.00585299916565418244
-0.46999999880790710400 -0.00586342904716730118
-0.46000000834465026800 -0.00587404798716306687
-0.44999998807907104500 -0.00588585482910275460
-0.43999999761581420900 -0.00589401694014668465
-0.43000000715255737300 -0.00587678002193570137
-0.41999998688697814900 -0.00586546212434768677
-0.40999999642372131300 -0.00587289594113826752
-0.40000000596046447700 -0.00586687214672565460
-0.38999998569488525400 -0.00585469696670770645
-0.37999999523162841800 -0.00586066208779811859
-0.37000000476837158200 -0.00587577093392610550
-0.36000001430511474600 -0.00588076282292604447
-0.34999999403953552200 -0.00588942179456353188
-0.34000000357627868600 -0.00588100822642445564
-0.33000001311302185100 -0.00585542200133204460
-0.31999999284744262700 -0.00586190307512879372
-0.31000000238418579100 -0.00585647579282522202
-0.30000001192092895500 -0.00583280995488166809
-0.28999999165534973100 -0.00582644995301961899
-0.28000000119209289500 -0.00583999417722225189
-0.27000001072883606000 -0.00583699205890297890
-0.25999999046325683600 -0.00584649201482534409
-0.25000000000000000000 -0.00585125014185905457
-0.23999999463558197000 -0.00583882490172982216
-0.23000000417232513400 -0.00581924617290496826
-0.21999999880790710400 -0.00583931291475892067
-0.20999999344348907500 -0.00583132915198802948
-0.20000000298023223900 -0.00581333087757229805
-0.18999999761581420900 -0.00583024090155959130
-0.18000000715255737300 -0.00583901582285761833
-0.17000000178813934300 -0.00584643008187413216
-0.15999999642372131300 -0.00586186489090323448
-0.15000000596046447800 -0.00585677800700068474
-0.14000000059604644800 -0.00583112286403775215
-0.12999999523162841800 -0.00584848411381244660
-0.11999999731779098500 -0.00584816420450806618
-0.10999999940395355200 -0.00582297984510660172
-0.10000000149011611900 -0.00583116617053747177
-0.09000000357627868650 -0.00583630520850419998
-0.07999999821186065670 -0.00585079612210392952
-0.07000000029802322390 -0.00585945509374141693
-0.05999999865889549260 -0.00586291495710611344
-0.05000000074505805970 -0.00585153186693787575
-0.03999999910593032840 -0.00583460601046681404
-0.02999999932944774630 -0.00584136694669723511
-0.01999999955296516420 -0.00583325885236263275
-0.00999999977648258210 -0.00581056997179985047
0.00000000000000000000 -0.00581665895879268646
0.00999999977648258210 -0.00581888481974601746
0.01999999955296516420 -0.00583073589950799942
0.02999999932944774630 -0.00583609286695718765
0.03999999910593032840 -0.00583775714039802551
0.05000000074505805970 -0.00582746323198080063
0.05999999865889549260 -0.00581054203212261200
0.07000000029802322390 -0.00582565506920218468
0.07999999821186065670 -0.00581868505105376244
0.09000000357627868650 -0.00579689117148518562
0.10000000149011611900 -0.00580665189772844315
0.10999999940395355200 -0.00581295695155858994
0.11999999731779098500 -0.00582130020484328270
0.12999999523162841800 -0.00583032798022031784
0.14000000059604644800 -0.00582054397091269493
0.15000000596046447800 -0.00580006884410977364
0.15999999642372131300 -0.00580193800851702690
0.17000000178813934300 -0.00579235609620809555
0.18000000715255737300 -0.00577085977420210838
0.18999999761581420900 -0.00576365506276488304
0.20000000298023223900 -0.00575798889622092247
0.20999999344348907500 -0.00576569093391299248
0.21999999880790710400 -0.00576354376971721649
0.23000000417232513400 -0.00576744321733713150
0.23999999463558197000 -0.00573785789310932160
0.25000000000000000000 -0.00571296084672212601
0.25999999046325683600 -0.00571272009983658791
0.27000001072883606000 -0.00569627992808818817
0.28000000119209289500 -0.00566901220008730889
0.28999999165534973100 -0.00566042214632034302
0.30000001192092895500 -0.00565828382968902588
0.31000000238418579100 -0.00566121703013777733
0.31999999284744262700 -0.00565703492611646652
0.33000001311302185100 -0.00563847692683339119
0.34000000357627868600 -0.00561665883287787438
0.34999999403953552200 -0.00559932412579655647
0.36000001430511474600 -0.00558360712602734566
0.37000000476837158200 -0.00556105002760887146
0.37999999523162841800 -0.00552960019558668137
0.38999998569488525400 -0.00551343010738492012
0.40000000596046447700 -0.00550329079851508141
0.40999999642372131300 -0.00548407388851046562
0.41999998688697814900 -0.00546398293226957321
0.43000000715255737300 -0.00542883807793259621
0.43999999761581420900 -0.00537181179970502854
0.44999998807907104500 -0.00534969288855791092
0.46000000834465026800 -0.00530510721728205681
0.46999999880790710400 -0.00524159613996744156
0.47999998927116394000 -0.00520113203674554825
0.49000000953674316400 -0.00515525694936513901
0.50000000000000000000 -0.00511012598872184754
0.50999999046325683600 -0.00505586806684732437
0.51999998092651367200 -0.00499086221680045128
0.52999997138977050800 -0.00490527087822556496
0.54000002145767211900 -0.00482109421864151955
0.55000001192092895500 -0.00474012922495603562
0.56000000238418579100 -0.00462613999843597412
0.56999999284744262700 -0.00450574979186058045
0.57999998331069946300 -0.00438015116378664971
0.58999997377395629900 -0.00423288717865943909
0.60000002384185791000 -0.00405764020979404450
0.61000001430511474600 -0.00385288102552294731
0.62000000476837158200 -0.00359525904059410095
0.62999999523162841800 -0.00329859694465994835
0.63999998569488525400 -0.00297353789210319519
0.64999997615814209000 -0.00259097409434616566
0.66000002622604370100 -0.00215566088445484638
0.67000001668930053700 -0.00168059603311121464
0.68000000715255737300 -0.00116164097562432289
0.68999999761581420900 -0.00058481737505644560
0.69999998807907104500 -0.00000552132814846118
0.70999997854232788100 0.00059831887483596802
0.72000002861022949200 0.00132222101092338562
0.73000001907348632800 0.00207405001856386662
0.74000000953674316400 0.00285187200643122196
0.75000000000000000000 0.00366711406968533993
0.75999999046325683600 0.00451440410688519478
0.76999998092651367200 0.00538524193689227104
0.77999997138977050800 0.00628525204956531525
0.79000002145767211900 0.00721020484343171120
0.80000001192092895500 0.00814796239137649536
0.81000000238418579100 0.00910842232406139374
0.81999999284744262700 0.01009949017316102980
0.82999998331069946300 0.01055871974676847460
0.83999997377395629900 0.01153877004981040950
0.85000002384185791000 0.01254046987742185590
0.86000001430511474600 0.01352209970355033870
0.87000000476837158200 0.01458671968430280690
0.87999999523162841800 0.01565814949572086330
0.88999998569488525400 0.01679551042616367340
0.89999997615814209000 0.01778746023774147030
0.91000002622604370100 0.01891498081386089330
0.92000001668930053700 0.01998729072511196140
0.93000000715255737300 0.02113642916083335880
0.93999999761581420900 0.02225860953330993650
0.94999998807907104500 0.02338000014424324040
0.95999997854232788100 0.02459193952381610870
0.97000002861022949200 0.02583503909409046170
0.98000001907348632800 0.02704075910151004790
0.99000000953674316400 0.02828877046704292300
1.00000000000000000000 0.02947832085192203520
