-1.00000000000000000000 -0.00587146915495395661
-0.99000000953674316400 -0.00586527818813920021
-0.98000001907348632800 -0.00587479490786790848
-0.97000002861022949200 -0.00588707905262708664
-0.95999997854232788100 -0.00589683977887034416
-0.94999998807907104500 -0.00591207994148135185
-0.93999999761581420900 -0.00590529013425111771
-0.93000000715255737300 -0.00588633911684155464
-0.92000001668930053700 -0.00589770777150988579
-0.91000002622604370100 -0.00589455198496580124
-0.89999997615814209000 -0.00586960511282086373
-0.88999998569488525400 -0.00587565591558814049
-0.87999999523162841800 -0.00588907208293676376
-0.87000000476837158200 -0.00589345116168260574
-0.86000001430511474600 -0.00590699398890137673
-0.85000002384185791000 -0.00590740796178579331
-0.83999997377395629900 -0.00589097477495670319
-0.82999998331069946300 -0.00587618118152022362
-0.81999999284744262700 -0.00588026409968733788
-0.81000000238418579100 -0.00586740300059318543
-0.80000001192092895500 -0.00585396215319633484
-0.79000002145767211900 -0.00585485203191637993
-0.77999997138977050800 -0.00586578901857137680
-0.76999998092651367200 -0.00587386405095458031
-0.75999999046325683600 -0.00587834417819976807
-0.75000000000000000000 -0.00587573088705539704
-0.74000000953674316400 -0.00585357984527945519
-0.73000001907348632800 -0.00586386909708380699
-0.72000002861022949200 -0.00586417596787214279
-0.70999997854232788100 -0.00585157796740531922
-0.69999998807907104500 -0.00585675798356533051
-0.68999999761581420900 -0.00586787797510623932
-0.68000000715255737300 -0.00588383013382554054
-0.67000001668930053700 -0.00588141987100243569
-0.66000002622604370100 -0.00589990988373756409
-0.64999997615814209000 -0.00588793214410543442
-0.63999998569488525400 -0.00587334297597408295
-0.62999999523162841800 -0.00588593212887644768
-0.62000000476837158200 -0.00587785011157393456
-0.61000001430511474600 -0.00586718693375587464
-0.60000002384185791000 -0.00587793719023466110
-0.58999997377395629900 -0.00588586786761879921
-0.57999998331069946300 -0.00589482299983501434
-0.56999999284744262700 -0.00591258890926837921
-0.56000000238418579100 -0.00589844817295670510
-0.55000001192092895500 -0.00587389711290597916
-0.54000002145767211900 -0.00587932718917727471
-0.52999997138977050800 -0.00587585801258683205
-0.51999998092651367200 -0.00585325900465250015
-0.50999999046325683600 -0.00585303502157330513
-0.50000000000000000000 -0.00586178200319409371
-0.49000000953674316400 -0.00587433297187089920
-0.47999998927116394000 -0.00588326295837759972
-0.46999999880790710400 -0.00588535098358988762
-0.46000000834465026800 -0.00587503984570503235
-0.44999998807907104500 -0.00586287816986441612
-0.43999999761581420900 -0.00586921721696853638
-0.43000000715255737300 -0.00586274312809109688
-0.41999998688697814900 -0.00585249299183487892
-0.40999999642372131300 -0.00585736287757754326
-0.40000000596046447700 -0.00587262213230133057
-0.38999998569488525400 -0.00588710419833660126
-0.37999999523162841800 -0.00589583488181233406
-0.37000000476837158200 -0.00588942179456353188
-0.36000001430511474600 -0.00586836505681276322
-0.34999999403953552200 -0.00588045921176671982
-0.34000000357627868600 -0.00586842512711882591
-0.33000001311302185100 -0.00585270393639802933
-0.31999999284744262700 -0.00585869420319795609
-0.31000000238418579100 -0.00586435385048389435
-0.30000001192092895500 -0.00587486010044813156
-0.28999999165534973100 -0.00588031113147735596
-0.28000000119209289500 -0.00587873393669724465
-0.27000001072883606000 -0.00585686601698398590
-0.25999999046325683600 -0.00584452413022518158
-0.25000000000000000000 -0.00585144199430942536
-0.23999999463558197000 -0.00582993309944868088
-0.23000000417232513400 -0.00581848481670022011
-0.21999999880790710400 -0.00582857010886073113
-0.20999999344348907500 -0.00583209190517663956
-0.20000000298023223900 -0.00584385776892304421
-0.18999999761581420900 -0.00585923716425895691
-0.18000000715255737300 -0.00584168592467904091
-0.17000000178813934300 -0.00583176920190453530
-0.15999999642372131300 -0.00584384193643927574
-0.15000000596046447800 -0.00583584792912006378
-0.14000000059604644800 -0.00582498311996459961
-0.12999999523162841800 -0.00582911306992173195
-0.11999999731779098500 -0.00583687890321016312
-0.10999999940395355200 -0.00585460010915994644
-0.10000000149011611900 -0.00585883716121315956
-0.09000000357627868650 -0.00586347980424761772
-0.07999999821186065670 -0.00585444504395127297
-0.07000000029802322390 -0.00583492498844861984
-0.05999999865889549260 -0.00584424380213022232
-0.05000000074505805970 -0.00583238294348120690
-0.03999999910593032840 -0.00582175608724355698
-0.02999999932944774630 -0.00582828698679804802
-0.01999999955296516420 -0.00583489518612623215
-0.00999999977648258210 -0.00584620516747236252
0.00000000000000000000 -0.00585335493087768555
0.00999999977648258210 -0.00585424480959773064
0.01999999955296516420 -0.00583813479170203209
0.02999999932944774630 -0.00581681216135621071
0.03999999910593032840 -0.00582815101370215416
0.05000000074505805970 -0.00581992417573928833
0.05999999865889549260 -0.00579742202535271645
0.07000000029802322390 -0.00579930609092116356
0.07999999821186065670 -0.00581027381122112274
0.09000000357627868650 -0.00581854814663529396
0.10000000149011611900 -0.00582613097503781319
0.10999999940395355200 -0.00582726718857884407
0.11999999731779098500 -0.00581341283395886421
0.12999999523162841800 -0.00580222485587000847
0.14000000059604644800 -0.00580501509830355644
0.15000000596046447800 -0.00579443387687206268
0.15999999642372131300 -0.00577919883653521538
0.17000000178813934300 -0.00578766502439975739
0.18000000715255737300 -0.00579692609608173371
0.18999999761581420900 -0.00580480089411139488
0.20000000298023223900 -0.00580866821110248566
0.20999999344348907500 -0.00579903181642293930
0.21999999880790710400 -0.00577225489541888237
0.23000000417232513400 -0.00577255291864275932
0.23999999463558197000 -0.00575495185330510140
0.25000000000000000000 -0.00573101500049233437
0.25999999046325683600 -0.00571821583434939385
0.27000001072883606000 -0.00572185497730970383
0.28000000119209289500 -0.00571783399209380150
0.28999999165534973100 -0.00570558384060859680
0.30000001192092895500 -0.00569943198934197426
0.31000000238418579100 -0.00567121105268597603
0.31999999284744262700 -0.00564386323094367981
0.33000001311302185100 -0.00563801592215895653
0.34000000357627868600 -0.00561029277741909027
0.34999999403953552200 -0.00558485509827733040
0.36000001430511474600 -0.00557604199275374413
0.37000000476837158200 -0.00556526612490415573
0.37999999523162841800 -0.00555624114349484444
0.38999998569488525400 -0.00554847996681928635
0.40000000596046447700 -0.00551812909543514252
0.40999999642372131300 -0.00547359418123960495
0.41999998688697814900 -0.00545102683827280998
0.43000000715255737300 -0.00541815580800175667
0.43999999761581420900 -0.00537575408816337586
0.44999998807907104500 -0.00533752515912055969
0.46000000834465026800 -0.00531393382698297501
0.46999999880790710400 -0.00528205092996358872
0.47999998927116394000 -0.00524916779249906540
0.49000000953674316400 -0.00520084705203771591
0.50000000000000000000 -0.00513975787907838822
0.50999999046325683600 -0.00506706116721034050
0.51999998092651367200 -0.00500490283593535423
0.52999997138977050800 -0.00492677511647343636
0.54000002145767211900 -0.00483480980619788170
0.55000001192092895500 -0.00474276021122932434
0.56000000238418579100 -0.00464492198079824448
0.56999999284744262700 -0.00453306594863533974
0.57999998331069946300 -0.00439125206321477890
0.58999997377395629900 -0.00423335190862417221
0.60000002384185791000 -0.00402904208749532700
0.61000001430511474600 -0.00380249507725238800
0.62000000476837158200 -0.00354865193367004395
0.62999999523162841800 -0.00323969591408967972
0.63999998569488525400 -0.00289378804154694080
0.64999997615814209000 -0.00250290404073894024
0.66000002622604370100 -0.00206637894734740257
0.67000001668930053700 -0.00157311605289578438
0.68000000715255737300 -0.00103095802478492260
0.68999999761581420900 -0.00043308761087246239
0.69999998807907104500 0.00011756399908335879
0.70999997854232788100 0.00081550882896408439
0.72000002861022949200 0.00158380996435880661
0.73000001907348632800 0.00235721701756119728
0.74000000953674316400 0.00316082988865673542
0.75000000000000000000 0.00400076480582356453
0.75999999046325683600 0.00487349508330225945
0.76999998092651367200 0.00577208492904901505
0.77999997138977050800 0.00670027779415249825
0.79000002145767211900 0.00765214022248983383
0.80000001192092895500 0.00862349942326545716
0.81000000238418579100 0.00961883366107940674
0.81999999284744262700 0.01009303983300924300
0.82999998331069946300 0.01108234003186225890
0.83999997377395629900 0.01208824012428522110
0.85000002384185791000 0.01310595963150262830
0.86000001430511474600 0.01414407044649124150
0.87000000476837158200 0.01519741956144571300
0.87999999523162841800 0.01627448014914989470
0.88999998569488525400 0.01736634038388729100
0.89999997615814209000 0.01847268082201480870
0.91000002622604370100 0.01957868039608001710
0.92000001668930053700 0.02071220055222511290
0.93000000715255737300 0.02185993082821369170
0.93999999761581420900 0.02300889045000076290
0.94999998807907104500 0.02418207935988903050
0.95999997854232788100 0.02537270076572895050
0.97000002861022949200 0.02658141963183879850
0.98000001907348632800 0.02781235985457897190
0.99000000953674316400 0.02905399911105632780
1.00000000000000000000 0.03028639964759349820
