-1.00000000000000000000 -0.00599991483613848686
-0.99000000953674316400 -0.00599277205765247345
-0.98000001907348632800 -0.00599081208929419518
-0.97000002861022949200 -0.00598220806568861008
-0.95999997854232788100 -0.00598797714337706566
-0.94999998807907104500 -0.00601824000477790833
-0.93999999761581420900 -0.00601513497531414032
-0.93000000715255737300 -0.00601719319820404053
-0.92000001668930053700 -0.00602614693343639374
-0.91000002622604370100 -0.00599121395498514176
-0.89999997615814209000 -0.00600636890158057213
-0.88999998569488525400 -0.00601582787930965424
-0.87999999523162841800 -0.00597278680652379990
-0.87000000476837158200 -0.00598668120801448822
-0.86000001430511474600 -0.00601073820143938065
-0.85000002384185791000 -0.00600430415943264961
-0.83999997377395629900 -0.00601309677585959435
-0.82999998331069946300 -0.00602784799411892891
-0.81999999284744262700 -0.00599140813574194908
-0.81000000238418579100 -0.00599847408011555672
-0.80000001192092895500 -0.00601004809141159058
-0.79000002145767211900 -0.00597507413476705551
-0.77999997138977050800 -0.00597537681460380554
-0.76999998092651367200 -0.00599498022347688675
-0.75999999046325683600 -0.00598944909870624542
-0.75000000000000000000 -0.00600286992266774178
-0.74000000953674316400 -0.00602589501067996025
-0.73000001907348632800 -0.00599393388256430626
-0.72000002861022949200 -0.00598298199474811554
-0.70999997854232788100 -0.00600618403404951096
-0.69999998807907104500 -0.00598481297492980957
-0.68999999761581420900 -0.00597189180552959442
-0.68000000715255737300 -0.00597937591373920441
-0.67000001668930053700 -0.00597888417541980744
-0.66000002622604370100 -0.00599920190870761872
-0.64999997615814209000 -0.00601133983582258225
-0.63999998569488525400 -0.00600453699007630348
-0.62999999523162841800 -0.00600144779309630394
-0.62000000476837158200 -0.00598433194682002068
-0.61000001430511474600 -0.00598696107044816017
-0.60000002384185791000 -0.00598767213523387909
-0.58999997377395629900 -0.00597275700420141220
-0.57999998331069946300 -0.00596803100779652596
-0.56999999284744262700 -0.00598507514223456383
-0.56000000238418579100 -0.00599493179470300675
-0.55000001192092895500 -0.00599548080936074257
-0.54000002145767211900 -0.00600454397499561310
-0.52999997138977050800 -0.00597618799656629563
-0.51999998092651367200 -0.00597963202744722366
-0.50999999046325683600 -0.00599310314282774925
-0.50000000000000000000 -0.00595989217981696129
-0.49000000953674316400 -0.00595612498000264168
-0.47999998927116394000 -0.00597904017195105553
-0.46999999880790710400 -0.00597709417343139649
-0.46000000834465026800 -0.00598186394199728966
-0.44999998807907104500 -0.00601112283766269684
-0.43999999761581420900 -0.00597954681143164635
-0.43000000715255737300 -0.00596872810274362564
-0.41999998688697814900 -0.00599474692717194557
-0.40999999642372131300 -0.00597292603924870491
-0.40000000596046447700 -0.00596225215122103691
-0.38999998569488525400 -0.00598073378205299378
-0.37999999523162841800 -0.00597658613696694374
-0.37000000476837158200 -0.00599158601835370064
-0.36000001430511474600 -0.00601328397169709206
-0.34999999403953552200 -0.00599336996674537659
-0.34000000357627868600 -0.00598501181229948998
-0.33000001311302185100 -0.00599219184368848801
-0.31999999284744262700 -0.00598024576902389527
-0.31000000238418579100 -0.00596823217347264290
-0.30000001192092895500 -0.00596894416958093643
-0.28999999165534973100 -0.00596770318225026131
-0.28000000119209289500 -0.00598517199978232384
-0.27000001072883606000 -0.00599461421370506287
-0.25999999046325683600 -0.00599109195172786713
-0.25000000000000000000 -0.00598999019712209702
-0.23999999463558197000 -0.00597224012017250061
-0.23000000417232513400 -0.00597026618197560311
-0.21999999880790710400 -0.00597301078960299492
-0.20999999344348907500 -0.00595224509015679360
-0.20000000298023223900 -0.00594354793429374695
-0.18999999761581420900 -0.00596071779727935791
-0.18000000715255737300 -0.00597340008243918419
-0.17000000178813934300 -0.00596751691773533821
-0.15999999642372131300 -0.00598613778129220009
-0.15000000596046447800 -0.00596444122493267060
-0.14000000059604644800 -0.00594602711498737335
-0.12999999523162841800 -0.00596939679235219956
-0.11999999731779098500 -0.00594737380743026734
-0.10999999940395355200 -0.00593540212139487267
-0.10000000149011611900 -0.00595980184152722359
-0.09000000357627868650 -0.00596216600388288498
-0.07999999821186065670 -0.00596297020092606545
-0.07000000029802322390 -0.00599748687818646431
-0.05999999865889549260 -0.00597032811492681504
-0.05000000074505805970 -0.00594895798712968826
-0.03999999910593032840 -0.00597332883626222611
-0.02999999932944774630 -0.00595431309193372727
-0.01999999955296516420 -0.00592877902090549469
-0.00999999977648258210 -0.00594360986724495888
0.00000000000000000000 -0.00593330385163426399
0.00999999977648258210 -0.00593426218256354332
0.01999999955296516420 -0.00595539622008800507
0.02999999932944774630 -0.00595849798992276192
0.03999999910593032840 -0.00594422221183776856
0.05000000074505805970 -0.00593345612287521362
0.05999999865889549260 -0.00593334808945655823
0.07000000029802322390 -0.00592049397528171540
0.07999999821186065670 -0.00590772321447730065
0.09000000357627868650 -0.00590868899598717690
0.10000000149011611900 -0.00590357603505253792
0.10999999940395355200 -0.00593237811699509621
0.11999999731779098500 -0.00592843396589159966
0.12999999523162841800 -0.00593510083854198456
0.14000000059604644800 -0.00593700679019093514
0.15000000596046447800 -0.00590555509552359581
0.15999999642372131300 -0.00591284083202481270
0.17000000178813934300 -0.00592104205861687660
0.18000000715255737300 -0.00588004710152745247
0.18999999761581420900 -0.00588816078379750252
0.20000000298023223900 -0.00591014185920357704
0.20999999344348907500 -0.00589796621352434158
0.21999999880790710400 -0.00590876117348670960
0.23000000417232513400 -0.00591757101938128472
0.23999999463558197000 -0.00587788410484790802
0.25000000000000000000 -0.00587712414562702179
0.25999999046325683600 -0.00588924903422594071
0.27000001072883606000 -0.00585089996457099915
0.28000000119209289500 -0.00584176694974303246
0.28999999165534973100 -0.00585519708693027496
0.30000001192092895500 -0.00584465311840176582
0.31000000238418579100 -0.00584913277998566628
0.31999999284744262700 -0.00585996499285101891
0.33000001311302185100 -0.00582235679030418396
0.34000000357627868600 -0.00579914217814803124
0.34999999403953552200 -0.00580729683861136437
0.36000001430511474600 -0.00577409798279404640
0.37000000476837158200 -0.00574827799573540688
0.37999999523162841800 -0.00574195897206664086
0.38999998569488525400 -0.00572437886148691178
0.40000000596046447700 -0.00572876399382948876
0.40999999642372131300 -0.00571560114622116089
0.41999998688697814900 -0.00569230597466230393
0.43000000715255737300 -0.00565939582884311676
0.43999999761581420900 -0.00562559580430388451
0.44999998807907104500 -0.00559281976893544197
0.46000000834465026800 -0.00555755198001861572
0.46999999880790710400 -0.00550458719953894615
0.47999998927116394000 -0.00545783108100295067
0.49000000953674316400 -0.00542388902977108956
0.50000000000000000000 -0.00536580709740519524
0.50999999046325683600 -0.00529451807960867882
0.51999998092651367200 -0.00521228509023785591
0.52999997138977050800 -0.00508305802941322327
0.54000002145767211900 -0.00496164197102189064
0.55000001192092895500 -0.00482405489310622215
0.56000000238418579100 -0.00461749406531453133
0.56999999284744262700 -0.00440898584201931954
0.57999998331069946300 -0.00418430520221590996
0.58999997377395629900 -0.00389823410660028458
0.60000002384185791000 -0.00357876904308795929
0.61000001430511474600 -0.00322351302020251751
0.62000000476837158200 -0.00278680492192506790
0.62999999523162841800 -0.00231887097470462322
0.63999998569488525400 -0.00182950403541326523
0.64999997615814209000 -0.00126627995632588863
0.66000002622604370100 -0.00068468862446025014
0.67000001668930053700 -0.00010248320177197456
0.68000000715255737300 0.00052227929700165987
0.68999999761581420900 0.00123479601461440325
0.69999998807907104500 0.00198171008378267288
0.70999997854232788100 0.00274960207752883434
0.72000002861022949200 0.00354018504731357098
0.73000001907348632800 0.00435733515769243240
0.74000000953674316400 0.00519102998077869415
0.75000000000000000000 0.00604886701330542565
0.75999999046325683600 0.00692388182505965233
0.76999998092651367200 0.00781609490513801575
0.77999997138977050800 0.00872607063502073288
0.79000002145767211900 0.00965397432446479798
0.80000001192092895500 0.01004625018686056140
0.81000000238418579100 0.01096417009830474850
0.81999999284744262700 0.01189578045159578320
0.82999998331069946300 0.01283659040927886960
0.83999997377395629900 0.01377999968826770780
0.85000002384185791000 0.01474190969020128250
0.86000001430511474600 0.01572206057608127590
0.87000000476837158200 0.01669522933661937710
0.87999999523162841800 0.01768424920737743380
0.88999998569488525400 0.01870035938918590550
0.89999997615814209000 0.01971258968114852910
0.91000002622604370100 0.02073431946337223050
0.92000001668930053700 0.02181375026702880860
0.93000000715255737300 0.02282699011266231540
0.93999999761581420900 0.02387090958654880520
0.94999998807907104500 0.02494193986058235170
0.95999997854232788100 0.02598571963608264920
0.97000002861022949200 0.02705590054392814640
0.98000001907348632800 0.02816263027489185330
0.99000000953674316400 0.02924481034278869630
1.00000000000000000000 0.03037410043179988860
