-1.00000000000000000000 -0.00588337192311882973
-0.99000000953674316400 -0.00589942280203104019
-0.98000001907348632800 -0.00589062785729765892
-0.97000002861022949200 -0.00586712080985307694
-0.95999997854232788100 -0.00588537706062197685
-0.94999998807907104500 -0.00587797584012150765
-0.93999999761581420900 -0.00584775116294622421
-0.93000000715255737300 -0.00586154684424400330
-0.92000001668930053700 -0.00586365722119808197
-0.91000002622604370100 -0.00587343517690896988
-0.89999997615814209000 -0.00588218215852975846
-0.88999998569488525400 -0.00588013092055916786
-0.87999999523162841800 -0.00586473289877176285
-0.87000000476837158200 -0.00586215779185295105
-0.86000001430511474600 -0.00586364418268203736
-0.85000002384185791000 -0.00585419405251741410
-0.83999997377395629900 -0.00584721704944968224
-0.82999998331069946300 -0.00585617311298847199
-0.81999999284744262700 -0.00587482517585158348
-0.81000000238418579100 -0.00587397580966353417
-0.80000001192092895500 -0.00588926300406455994
-0.79000002145767211900 -0.00588038517162203789
-0.77999997138977050800 -0.00586138991639018059
-0.76999998092651367200 -0.00587419280782341957
-0.75999999046325683600 -0.00586722791194915772
-0.75000000000000000000 -0.00584734510630369187
-0.74000000953674316400 -0.00585210183635354042
-0.73000001907348632800 -0.00586311100050806999
-0.72000002861022949200 -0.00586500484496355057
-0.70999997854232788100 -0.00587410805746912956
-0.69999998807907104500 -0.00586719019338488579
-0.68999999761581420900 -0.00584694510325789452
-0.68000000715255737300 -0.00584332784637808800
-0.67000001668930053700 -0.00584544986486434937
-0.66000002622604370100 -0.00582267716526985169
-0.64999997615814209000 -0.00581620912998914719
-0.63999998569488525400 -0.00582505483180284500
-0.62999999523162841800 -0.00583104789257049561
-0.62000000476837158200 -0.00584112480282783508
-0.61000001430511474600 -0.00584713695570826531
-0.60000002384185791000 -0.00583453197032213211
-0.58999997377395629900 -0.00582263479009270668
-0.57999998331069946300 -0.00584125891327857971
-0.56999999284744262700 -0.00583265302702784538
-0.56000000238418579100 -0.00581780215725302696
-0.55000001192092895500 -0.00581967411562800408
-0.54000002145767211900 -0.00583348004147410393
-0.52999997138977050800 -0.00585038820281624794
-0.51999998092651367200 -0.00585659593343734741
-0.50999999046325683600 -0.00585967116057872772
-0.50000000000000000000 -0.00585086690261960030
-0.49000000953674316400 -0.00584765803068876267
-0.47999998927116394000 -0.00584795512259006500
-0.46999999880790710400 -0.00584264192730188370
-0.46000000834465026800 -0.00583541486412286759
-0.44999998807907104500 -0.00583471590653061867
-0.43999999761581420900 -0.00585093488916754723
-0.43000000715255737300 -0.00585754914209246636
-0.41999998688697814900 -0.00586206419393420220
-0.40999999642372131300 -0.00585377821698784828
-0.40000000596046447700 -0.00583495805040001869
-0.38999998569488525400 -0.00583710614591836930
-0.37999999523162841800 -0.00583551218733191490
-0.37000000476837158200 -0.00581271015107631684
-0.36000001430511474600 -0.00580830918624997139
-0.34999999403953552200 -0.00582587579265236855
-0.34000000357627868600 -0.00583517691120505333
-0.33000001311302185100 -0.00584121001884341240
-0.31999999284744262700 -0.00584926316514611244
-0.31000000238418579100 -0.00583942979574203491
-0.30000001192092895500 -0.00582354515790939331
-0.28999999165534973100 -0.00583730498328804970
-0.28000000119209289500 -0.00582723412662744522
-0.27000001072883606000 -0.00581625010818243027
-0.25999999046325683600 -0.00581711903214454651
-0.25000000000000000000 -0.00582545809447765350
-0.23999999463558197000 -0.00584027497097849846
-0.23000000417232513400 -0.00584415905177593231
-0.21999999880790710400 -0.00583849102258682251
-0.20999999344348907500 -0.00581921404227614403
-0.20000000298023223900 -0.00581765407696366310
-0.18999999761581420900 -0.00581432785838842392
-0.18000000715255737300 -0.00580102205276489258
-0.17000000178813934300 -0.00579010182991623879
-0.15999999642372131300 -0.00579353701323270798
-0.15000000596046447800 -0.00580542394891381264
-0.14000000059604644800 -0.00580297689884901047
-0.12999999523162841800 -0.00580601720139384270
-0.11999999731779098500 -0.00579534796997904778
-0.10999999940395355200 -0.00577894877642393112
-0.10000000149011611900 -0.00578237511217594147
-0.09000000357627868650 -0.00578088918700814247
-0.07999999821186065670 -0.00576418591663241387
-0.07000000029802322390 -0.00576215889304876328
-0.05999999865889549260 -0.00578135717660188675
-0.05000000074505805970 -0.00579296611249446869
-0.03999999910593032840 -0.00579496892169117928
-0.02999999932944774630 -0.00580318178981542587
-0.01999999955296516420 -0.00578939821571111679
-0.00999999977648258210 -0.00577563885599374771
0.00000000000000000000 -0.00579471420496702194
0.00999999977648258210 -0.00579080916941165924
0.01999999955296516420 -0.00576474098488688469
0.02999999932944774630 -0.00578142423182725907
0.03999999910593032840 -0.00578874209895730019
0.05000000074505805970 -0.00579252513125538826
0.05999999865889549260 -0.00580275710672140122
0.07000000029802322390 -0.00580410007387399674
0.07999999821186065670 -0.00577349215745925904
0.09000000357627868650 -0.00578189082443714142
0.10000000149011611900 -0.00578013015910983086
0.10999999940395355200 -0.00575349014252424240
0.11999999731779098500 -0.00575389200821518898
0.12999999523162841800 -0.00575690297409892082
0.14000000059604644800 -0.00576367089524865151
0.15000000596046447800 -0.00576783716678619385
0.15999999642372131300 -0.00577348889783024788
0.17000000178813934300 -0.00575941102579236031
0.18000000715255737300 -0.00574000086635351181
0.18999999761581420900 -0.00574505981057882309
0.20000000298023223900 -0.00574048003181815148
0.20999999344348907500 -0.00571873597800731659
0.21999999880790710400 -0.00572117604315280914
0.23000000417232513400 -0.00573279196396470070
0.23999999463558197000 -0.00573364691808819771
0.25000000000000000000 -0.00573731493204832077
0.25999999046325683600 -0.00573254097253084183
0.27000001072883606000 -0.00570666696876287460
0.28000000119209289500 -0.00570357311517000199
0.28999999165534973100 -0.00570282619446516037
0.30000001192092895500 -0.00567835802212357521
0.31000000238418579100 -0.00566941918805241585
0.31999999284744262700 -0.00566676585003733635
0.33000001311302185100 -0.00566179910674691200
0.34000000357627868600 -0.00565723190084099770
0.34999999403953552200 -0.00565354898571968079
0.36000001430511474600 -0.00562543515115976334
0.37000000476837158200 -0.00558995222672820091
0.37999999523162841800 -0.00558533612638711930
0.38999998569488525400 -0.00555679481476545334
0.40000000596046447700 -0.00552171282470226288
0.40999999642372131300 -0.00551090715453028679
0.41999998688697814900 -0.00549474079161882401
0.43000000715255737300 -0.00548385782167315483
0.43999999761581420900 -0.00547119602560997009
0.44999998807907104500 -0.00543873477727174759
0.46000000834465026800 -0.00539364293217658997
0.46999999880790710400 -0.00536886183544993401
0.47999998927116394000 -0.00533132487908005715
0.49000000953674316400 -0.00528042484074831009
0.50000000000000000000 -0.00523867784067988396
0.50999999046325683600 -0.00519721722230315209
0.51999998092651367200 -0.00515910796821117401
0.52999997138977050800 -0.00510012591257691384
0.54000002145767211900 -0.00503147812560200691
0.55000001192092895500 -0.00494127301499247551
0.56000000238418579100 -0.00483175599947571755
0.56999999284744262700 -0.00471245218068361282
0.57999998331069946300 -0.00457077287137508392
0.58999997377395629900 -0.00439327722415328026
0.60000002384185791000 -0.00419012503698468208
0.61000001430511474600 -0.00396648887544870377
0.62000000476837158200 -0.00369410798884928227
0.62999999523162841800 -0.00337442103773355484
0.63999998569488525400 -0.00300738099031150341
0.64999997615814209000 -0.00257957098074257374
0.66000002622604370100 -0.00211812206543982029
0.67000001668930053700 -0.00160872098058462143
0.68000000715255737300 -0.00104338594246655703
0.68999999761581420900 -0.00045133501407690346
0.69999998807907104500 0.00011458600056357682
0.70999997854232788100 0.00074534531449899077
0.72000002861022949200 0.00151277298573404551
0.73000001907348632800 0.00227145501412451267
0.74000000953674316400 0.00305360904894769192
0.75000000000000000000 0.00387064600363373757
0.75999999046325683600 0.00471583101898431778
0.76999998092651367200 0.00558462692424654961
0.77999997138977050800 0.00648036692291498184
0.79000002145767211900 0.00739606795832514763
0.80000001192092895500 0.00833534263074398041
0.81000000238418579100 0.00929487310349941254
0.81999999284744262700 0.01026416011154651640
0.82999998331069946300 0.01070575974881649020
0.83999997377395629900 0.01165845990180969240
0.85000002384185791000 0.01266021002084016800
0.86000001430511474600 0.01366918999701738360
0.87000000476837158200 0.01468809973448514940
0.87999999523162841800 0.01573080010712146760
0.88999998569488525400 0.01679237931966781620
0.89999997615814209000 0.01784178055822849270
0.91000002622604370100 0.01894395053386688230
0.92000001668930053700 0.02003316022455692290
0.93000000715255737300 0.02116519957780838010
0.93999999761581420900 0.02230718918144702910
0.94999998807907104500 0.02344178967177867890
0.95999997854232788100 0.02461555041372776030
0.97000002861022949200 0.02580446936190128330
0.98000001907348632800 0.02701682969927787780
0.99000000953674316400 0.02822962962090969090
1.00000000000000000000 0.02941980957984924320
