-1.00000000000000000000 -0.00731678679585456848
-0.99000000953674316400 -0.00737778609618544579
-0.98000001907348632800 -0.00738319382071495056
-0.97000002861022949200 -0.00734953302890062332
-0.95999997854232788100 -0.00734617700800299645
-0.94999998807907104500 -0.00732789281755685806
-0.93999999761581420900 -0.00727802794426679611
-0.93000000715255737300 -0.00725179491564631462
-0.92000001668930053700 -0.00724152289330959320
-0.91000002622604370100 -0.00720815407112240792
-0.89999997615814209000 -0.00718428986147046089
-0.88999998569488525400 -0.00716525083407759667
-0.87999999523162841800 -0.00711417105048894882
-0.87000000476837158200 -0.00707236304879188538
-0.86000001430511474600 -0.00706058181822299958
-0.85000002384185791000 -0.00701035093516111374
-0.83999997377395629900 -0.00698052020743489266
-0.82999998331069946300 -0.00697055505588650704
-0.81999999284744262700 -0.00694689899682998657
-0.81000000238418579100 -0.00694155506789684296
-0.80000001192092895500 -0.00693566305562853813
-0.79000002145767211900 -0.00689818384125828743
-0.77999997138977050800 -0.00686214491724967957
-0.76999998092651367200 -0.00685490388423204422
-0.75999999046325683600 -0.00682002911344170571
-0.75000000000000000000 -0.00678360322490334511
-0.74000000953674316400 -0.00677212886512279511
-0.73000001907348632800 -0.00675361789762973786
-0.72000002861022949200 -0.00675243092700839043
-0.70999997854232788100 -0.00674619106575846672
-0.69999998807907104500 -0.00673399399966001511
-0.68999999761581420900 -0.00670392205938696862
-0.68000000715255737300 -0.00667075579985976219
-0.67000001668930053700 -0.00665195984765887261
-0.66000002622604370100 -0.00663250405341386795
-0.64999997615814209000 -0.00660022301599383354
-0.63999998569488525400 -0.00657855905592441559
-0.62999999523162841800 -0.00657697813585400582
-0.62000000476837158200 -0.00657472480088472367
-0.61000001430511474600 -0.00656021200120449066
-0.60000002384185791000 -0.00656163319945335388
-0.58999997377395629900 -0.00654444517567753792
-0.57999998331069946300 -0.00650912290439009667
-0.56999999284744262700 -0.00651991693302989006
-0.56000000238418579100 -0.00650643184781074524
-0.55000001192092895500 -0.00647633522748947144
-0.54000002145767211900 -0.00648215599358081818
-0.52999997138977050800 -0.00648787105455994606
-0.51999998092651367200 -0.00648545986041426659
-0.50999999046325683600 -0.00649219518527388573
-0.50000000000000000000 -0.00648619700223207474
-0.49000000953674316400 -0.00645194202661514282
-0.47999998927116394000 -0.00645130686461925507
-0.46999999880790710400 -0.00644154287874698639
-0.46000000834465026800 -0.00640978896990418434
-0.44999998807907104500 -0.00640964414924383164
-0.43999999761581420900 -0.00640536984428763390
-0.43000000715255737300 -0.00640922877937555313
-0.41999998688697814900 -0.00641551101580262184
-0.40999999642372131300 -0.00641769682988524437
-0.40000000596046447700 -0.00639384286478161812
-0.38999998569488525400 -0.00636945990845561028
-0.37999999523162841800 -0.00637186598032712937
-0.37000000476837158200 -0.00635533593595027924
-0.36000001430511474600 -0.00633287616074085236
-0.34999999403953552200 -0.00632565701380372048
-0.34000000357627868600 -0.00632402580231428147
-0.33000001311302185100 -0.00632988382130861283
-0.31999999284744262700 -0.00633053295314311981
-0.31000000238418579100 -0.00632893107831478119
-0.30000001192092895500 -0.00631824694573879242
-0.28999999165534973100 -0.00628856103867292404
-0.28000000119209289500 -0.00629305513575673104
-0.27000001072883606000 -0.00628217216581106186
-0.25999999046325683600 -0.00626137712970376015
-0.25000000000000000000 -0.00626225816085934639
-0.23999999463558197000 -0.00627214508131146431
-0.23000000417232513400 -0.00627336511388421059
-0.21999999880790710400 -0.00627307686954736710
-0.20999999344348907500 -0.00627930415794253350
-0.20000000298023223900 -0.00624568993225693703
-0.18999999761581420900 -0.00623368099331855774
-0.18000000715255737300 -0.00623319298028945923
-0.17000000178813934300 -0.00620441185310482979
-0.15999999642372131300 -0.00618523498997092247
-0.15000000596046447800 -0.00618631113320589066
-0.14000000059604644800 -0.00617869384586811066
-0.12999999523162841800 -0.00616996688768267632
-0.11999999731779098500 -0.00617106910794973374
-0.10999999940395355200 -0.00614009797573089600
-0.10000000149011611900 -0.00610386999323964119
-0.09000000357627868650 -0.00609698100015521050
-0.07999999821186065670 -0.00606799777597188950
-0.07000000029802322390 -0.00603129994124174118
-0.05999999865889549260 -0.00601784093305468559
-0.05000000074505805970 -0.00599385611712932587
-0.03999999910593032840 -0.00598338386043906212
-0.02999999932944774630 -0.00597676495090126991
-0.01999999955296516420 -0.00594907114282250405
-0.00999999977648258210 -0.00592267792671918869
0.00000000000000000000 -0.00588402198627591133
0.00999999977648258210 -0.00585489394143223763
0.01999999955296516420 -0.00582102313637733460
0.02999999932944774630 -0.00577466888353228569
0.03999999910593032840 -0.00573268579319119454
0.05000000074505805970 -0.00569711020216345787
0.05999999865889549260 -0.00567044084891676903
0.07000000029802322390 -0.00562356319278478623
0.07999999821186065670 -0.00558334076777100563
0.09000000357627868650 -0.00552377896383404732
0.10000000149011611900 -0.00544430501759052277
0.10999999940395355200 -0.00539349112659692764
0.11999999731779098500 -0.00532748177647590637
0.12999999523162841800 -0.00523914396762847901
0.14000000059604644800 -0.00516871223226189614
0.15000000596046447800 -0.00510191079229116440
0.15999999642372131300 -0.00502099795266985893
0.17000000178813934300 -0.00494311377406120300
0.18000000715255737300 -0.00486577022820711136
0.18999999761581420900 -0.00475656194612383843
0.20000000298023223900 -0.00464668497443199158
0.20999999344348907500 -0.00455829594284296036
0.21999999880790710400 -0.00444088177755475044
0.23000000417232513400 -0.00432145595550537110
0.23999999463558197000 -0.00421660812571644783
0.25000000000000000000 -0.00409978581592440605
0.25999999046325683600 -0.00398792605847120285
0.27000001072883606000 -0.00387107999995350838
0.28000000119209289500 -0.00374207505956292153
0.28999999165534973100 -0.00360215897671878338
0.30000001192092895500 -0.00346563803032040596
0.31000000238418579100 -0.00332349003292620182
0.31999999284744262700 -0.00317178899422287941
0.33000001311302185100 -0.00302222091704607010
0.34000000357627868600 -0.00286974292248487473
0.34999999403953552200 -0.00272064702585339546
0.36000001430511474600 -0.00256569799967110157
0.37000000476837158200 -0.00240321201272308827
0.37999999523162841800 -0.00223420606926083565
0.38999998569488525400 -0.00205814000219106674
0.40000000596046447700 -0.00188121397513896227
0.40999999642372131300 -0.00170212902594357729
0.41999998688697814900 -0.00151534494943916798
0.43000000715255737300 -0.00132493302226066589
0.43999999761581420900 -0.00114095804747194052
0.44999998807907104500 -0.00093366031069308519
0.46000000834465026800 -0.00073321867967024446
0.46999999880790710400 -0.00054329738486558199
0.47999998927116394000 -0.00035287730861455202
0.49000000953674316400 -0.00015652859292458743
0.50000000000000000000 0.00001956203050212935
0.50999999046325683600 0.00019247349700890481
0.51999998092651367200 0.00040125520899891853
0.52999997138977050800 0.00061111128889024258
0.54000002145767211900 0.00082206551451236010
0.55000001192092895500 0.00103717797901481390
0.56000000238418579100 0.00130099302623420954
0.56999999284744262700 0.00153510901145637035
0.57999998331069946300 0.00176981696859002113
0.58999997377395629900 0.00201150798238813877
0.60000002384185791000 0.00225741299800574780
0.61000001430511474600 0.00250621302984654903
0.62000000476837158200 0.00275567709468305111
0.62999999523162841800 0.00300963805057108402
0.63999998569488525400 0.00326568703167140484
0.64999997615814209000 0.00352546502836048603
0.66000002622604370100 0.00378357595764100552
0.67000001668930053700 0.00404345197603106499
0.68000000715255737300 0.00430945679545402527
0.68999999761581420900 0.00457529816776514054
0.69999998807907104500 0.00484617520123720169
0.70999997854232788100 0.00512324180454015732
0.72000002861022949200 0.00539458217099308968
0.73000001907348632800 0.00567094096913933754
0.74000000953674316400 0.00595292495563626290
0.75000000000000000000 0.00623239204287528992
0.75999999046325683600 0.00651332596316933632
0.76999998092651367200 0.00679773511365056038
0.77999997138977050800 0.00708323577418923378
0.79000002145767211900 0.00737034808844327927
0.80000001192092895500 0.00766302179545164108
0.81000000238418579100 0.00795493368059396744
0.81999999284744262700 0.00824765861034393311
0.82999998331069946300 0.00854438263922929764
0.83999997377395629900 0.00884064380079507828
0.85000002384185791000 0.00913681555539369583
0.86000001430511474600 0.00943686254322528839
0.87000000476837158200 0.00973649974912405014
0.87999999523162841800 0.01003652997314929960
0.88999998569488525400 0.01034153997898101810
0.89999997615814209000 0.01013198960572481160
0.91000002622604370100 0.01042305957525968550
0.92000001668930053700 0.01071664039045572280
0.93000000715255737300 0.01101026032119989400
0.93999999761581420900 0.01130570005625486370
0.94999998807907104500 0.01160200033336877820
0.95999997854232788100 0.01189859025180339810
0.97000002861022949200 0.01219645980745553970
0.98000001907348632800 0.01249596010893583300
0.99000000953674316400 0.01279461011290550230
1.00000000000000000000 0.01309392973780632020
