-1.00000000000000000000 -0.00587550597265362740
-0.99000000953674316400 -0.00586469192057847977
-0.98000001907348632800 -0.00587996700778603554
-0.97000002861022949200 -0.00587024213746190071
-0.95999997854232788100 -0.00585874076932668686
-0.94999998807907104500 -0.00586974993348121643
-0.93999999761581420900 -0.00587962009012699127
-0.93000000715255737300 -0.00589026091620326042
-0.92000001668930053700 -0.00590145401656627655
-0.91000002622604370100 -0.00589328678324818611
-0.89999997615814209000 -0.00586668122559785843
-0.88999998569488525400 -0.00587872508913278580
-0.87999999523162841800 -0.00587042700499296189
-0.87000000476837158200 -0.00584302004426717758
-0.86000001430511474600 -0.00584414182230830193
-0.85000002384185791000 -0.00585433514788746834
-0.83999997377395629900 -0.00586210796609520912
-0.82999998331069946300 -0.00586190121248364449
-0.81999999284744262700 -0.00586581509560346604
-0.81000000238418579100 -0.00585236120969057083
-0.80000001192092895500 -0.00583392987027764321
-0.79000002145767211900 -0.00584519421681761742
-0.77999997138977050800 -0.00583369983360171318
-0.76999998092651367200 -0.00582367787137627602
-0.75999999046325683600 -0.00583822187036275864
-0.75000000000000000000 -0.00585359707474708557
-0.74000000953674316400 -0.00585593981668353081
-0.73000001907348632800 -0.00587739516049623490
-0.72000002861022949200 -0.00586909381672739983
-0.70999997854232788100 -0.00584874395281076431
-0.69999998807907104500 -0.00586633104830980301
-0.68999999761581420900 -0.00585747417062520981
-0.68000000715255737300 -0.00583575107157230377
-0.67000001668930053700 -0.00584560912102460861
-0.66000002622604370100 -0.00585459684953093529
-0.64999997615814209000 -0.00586322881281375885
-0.63999998569488525400 -0.00587399397045373917
-0.62999999523162841800 -0.00587693788111209870
-0.62000000476837158200 -0.00586307281628251076
-0.61000001430511474600 -0.00585079798474907875
-0.60000002384185791000 -0.00585772516205906868
-0.58999997377395629900 -0.00584135903045535088
-0.57999998331069946300 -0.00583570916205644608
-0.56999999284744262700 -0.00583850918337702751
-0.56000000238418579100 -0.00584768177941441536
-0.55000001192092895500 -0.00585810793563723564
-0.54000002145767211900 -0.00586165580898523331
-0.52999997138977050800 -0.00585780013352632523
-0.51999998092651367200 -0.00583916902542114258
-0.50999999046325683600 -0.00584403797984123230
-0.50000000000000000000 -0.00584151595830917359
-0.49000000953674316400 -0.00582416495308279991
-0.47999998927116394000 -0.00582771515473723412
-0.46999999880790710400 -0.00584040302783250809
-0.46000000834465026800 -0.00585487205535173416
-0.44999998807907104500 -0.00585504714399576187
-0.43999999761581420900 -0.00586358318105340004
-0.43000000715255737300 -0.00585137400776147843
-0.41999998688697814900 -0.00584070291370153427
-0.40999999642372131300 -0.00584133807569742203
-0.40000000596046447700 -0.00582652399316430092
-0.38999998569488525400 -0.00581825198605656624
-0.37999999523162841800 -0.00581929786130785942
-0.37000000476837158200 -0.00582938222214579582
-0.36000001430511474600 -0.00583672616630792618
-0.34999999403953552200 -0.00584735302254557610
-0.34000000357627868600 -0.00583531707525253296
-0.33000001311302185100 -0.00581099977716803551
-0.31999999284744262700 -0.00581358280032873154
-0.31000000238418579100 -0.00580567680299282074
-0.30000001192092895500 -0.00578485382720828056
-0.28999999165534973100 -0.00578150106593966484
-0.28000000119209289500 -0.00578624103218317032
-0.27000001072883606000 -0.00579702295362949372
-0.25999999046325683600 -0.00580485304817557335
-0.25000000000000000000 -0.00580270495265722275
-0.23999999463558197000 -0.00579676683992147446
-0.23000000417232513400 -0.00578324310481548310
-0.21999999880790710400 -0.00579100893810391426
-0.20999999344348907500 -0.00578144006431102753
-0.20000000298023223900 -0.00577625492587685585
-0.18999999761581420900 -0.00577892176806926728
-0.18000000715255737300 -0.00579821784049272537
-0.17000000178813934300 -0.00581062678247690201
-0.15999999642372131300 -0.00581408012658357620
-0.15000000596046447800 -0.00581529596820473671
-0.14000000059604644800 -0.00579671002924442291
-0.12999999523162841800 -0.00579807115718722344
-0.11999999731779098500 -0.00580354500561952591
-0.10999999940395355200 -0.00578611716628074646
-0.10000000149011611900 -0.00578304613009095192
-0.09000000357627868650 -0.00579579500481486321
-0.07999999821186065670 -0.00580662908032536507
-0.07000000029802322390 -0.00580898718908429146
-0.05999999865889549260 -0.00582030182704329491
-0.05000000074505805970 -0.00580114079639315605
-0.03999999910593032840 -0.00578317278996109963
-0.02999999932944774630 -0.00579046597704291344
-0.01999999955296516420 -0.00578102516010403633
-0.00999999977648258210 -0.00575909996405243874
0.00000000000000000000 -0.00575653184205293656
0.00999999977648258210 -0.00576518988236784935
0.01999999955296516420 -0.00576350279152393341
0.02999999932944774630 -0.00577778089791536331
0.03999999910593032840 -0.00578220980241894722
0.05000000074505805970 -0.00577237084507942200
0.05999999865889549260 -0.00575440004467964173
0.07000000029802322390 -0.00576551910489797592
0.07999999821186065670 -0.00575915584340691567
0.09000000357627868650 -0.00574232405051589012
0.10000000149011611900 -0.00574809219688177109
0.10999999940395355200 -0.00575963687151670456
0.11999999731779098500 -0.00576915498822927475
0.12999999523162841800 -0.00577780604362487793
0.14000000059604644800 -0.00577455200254917145
0.15000000596046447800 -0.00575423100963234902
0.15999999642372131300 -0.00575582589954137802
0.17000000178813934300 -0.00575152598321437836
0.18000000715255737300 -0.00572613300755620003
0.18999999761581420900 -0.00572354812175035477
0.20000000298023223900 -0.00572885712608695030
0.20999999344348907500 -0.00573932519182562828
0.21999999880790710400 -0.00573448278009891510
0.23000000417232513400 -0.00574176479130983353
0.23999999463558197000 -0.00571765098720788956
0.25000000000000000000 -0.00569282285869121552
0.25999999046325683600 -0.00569478189572691918
0.27000001072883606000 -0.00568197714164853096
0.28000000119209289500 -0.00565191684290766716
0.28999999165534973100 -0.00565751409158110619
0.30000001192092895500 -0.00566033413633704186
0.31000000238418579100 -0.00565628800541162491
0.31999999284744262700 -0.00566365523263812065
0.33000001311302185100 -0.00565650500357151032
0.34000000357627868600 -0.00563109107315540314
0.34999999403953552200 -0.00562292896211147309
0.36000001430511474600 -0.00561567489057779312
0.37000000476837158200 -0.00558676477521657944
0.37999999523162841800 -0.00557619985193014145
0.38999998569488525400 -0.00556997302919626236
0.40000000596046447700 -0.00556293223053216934
0.40999999642372131300 -0.00556129822507500649
0.41999998688697814900 -0.00554515002295374870
0.43000000715255737300 -0.00551522197201848030
0.43999999761581420900 -0.00547244912013411522
0.44999998807907104500 -0.00546042108908295632
0.46000000834465026800 -0.00542820291593670845
0.46999999880790710400 -0.00537652894854545593
0.47999998927116394000 -0.00534933386370539665
0.49000000953674316400 -0.00531976576894521713
0.50000000000000000000 -0.00528503209352493286
0.50999999046325683600 -0.00524226902052760124
0.51999998092651367200 -0.00519199203699827194
0.52999997138977050800 -0.00511683197692036629
0.54000002145767211900 -0.00503359595313668251
0.55000001192092895500 -0.00495669385418295860
0.56000000238418579100 -0.00485101202502846718
0.56999999284744262700 -0.00472977804020047188
0.57999998331069946300 -0.00460269814357161522
0.58999997377395629900 -0.00445324601605534554
0.60000002384185791000 -0.00426404783502221108
0.61000001430511474600 -0.00405189907178282738
0.62000000476837158200 -0.00378008908592164517
0.62999999523162841800 -0.00345643609762191773
0.63999998569488525400 -0.00311296409927308560
0.64999997615814209000 -0.00270904507488012314
0.66000002622604370100 -0.00224753702059388161
0.67000001668930053700 -0.00174792297184467316
0.68000000715255737300 -0.00120715098455548286
0.68999999761581420900 -0.00060465448768809438
0.69999998807907104500 -0.00001309910021518590
0.70999997854232788100 0.00061982451006770134
0.72000002861022949200 0.00134949397761374712
0.73000001907348632800 0.00210688193328678608
0.74000000953674316400 0.00289940298534929752
0.75000000000000000000 0.00371163291856646538
0.75999999046325683600 0.00048251400585286319
0.76999998092651367200 0.00053925329120829701
0.77999997138977050800 0.00049614877207204700
0.79000002145767211900 0.00048160340520553291
0.80000001192092895500 0.00047522480599582195
0.81000000238418579100 0.00050917261978611350
0.81999999284744262700 0.00062769989017397165
0.82999998331069946300 0.00068215851206332445
0.83999997377395629900 0.00070745171979069710
0.85000002384185791000 0.00066140247508883476
0.86000001430511474600 0.00066253857221454382
0.87000000476837158200 0.00067644577939063311
0.87999999523162841800 0.01584935002028942110
0.88999998569488525400 0.01675832085311412810
0.89999997615814209000 0.01782274059951305390
0.91000002622604370100 0.01893858052790164950
0.92000001668930053700 0.02003964968025684360
0.93000000715255737300 0.02116752974689006810
0.93999999761581420900 0.02230435051023960110
0.94999998807907104500 0.02344709075987339020
0.95999997854232788100 0.02461449988186359410
0.97000002861022949200 0.02577893063426017760
0.98000001907348632800 0.02701085992157459260
0.99000000953674316400 0.02820144034922122960
1.00000000000000000000 0.02943265065550804140
