-1.00000000000000000000 -0.00613251794129610062
-0.99000000953674316400 -0.00610536010935902596
-0.98000001907348632800 -0.00609689205884933472
-0.97000002861022949200 -0.00612257607281208038
-0.95999997854232788100 -0.00611406611278653145
-0.94999998807907104500 -0.00613061990588903427
-0.93999999761581420900 -0.00615329714491963387
-0.93000000715255737300 -0.00613190419971942902
-0.92000001668930053700 -0.00611387519165873528
-0.91000002622604370100 -0.00613231910392642021
-0.89999997615814209000 -0.00611148215830326080
-0.88999998569488525400 -0.00609576981514692307
-0.87999999523162841800 -0.00610922276973724365
-0.87000000476837158200 -0.00609820522367954254
-0.86000001430511474600 -0.00611766194924712181
-0.85000002384185791000 -0.00613111583516001702
-0.83999997377395629900 -0.00612827017903327942
-0.82999998331069946300 -0.00611955206841230393
-0.81999999284744262700 -0.00610422482714056969
-0.81000000238418579100 -0.00610300013795495033
-0.80000001192092895500 -0.00610528420656919480
-0.79000002145767211900 -0.00609717611223459244
-0.77999997138977050800 -0.00608752993866801262
-0.76999998092651367200 -0.00611442094668745995
-0.75999999046325683600 -0.00612688018009066582
-0.75000000000000000000 -0.00612780777737498284
-0.74000000953674316400 -0.00613761413842439652
-0.73000001907348632800 -0.00612330017611384392
-0.72000002861022949200 -0.00611459091305732727
-0.70999997854232788100 -0.00612780405208468437
-0.69999998807907104500 -0.00610811403021216393
-0.68999999761581420900 -0.00609774794429540634
-0.68000000715255737300 -0.00611711991950869560
-0.67000001668930053700 -0.00612391112372279167
-0.66000002622604370100 -0.00612924015149474144
-0.64999997615814209000 -0.00615186104550957680
-0.63999998569488525400 -0.00613444996997714043
-0.62999999523162841800 -0.00610557617619633675
-0.62000000476837158200 -0.00613310420885682106
-0.61000001430511474600 -0.00611429009586572647
-0.60000002384185791000 -0.00609069503843784332
-0.58999997377395629900 -0.00611406983807682991
-0.57999998331069946300 -0.00610827514901757240
-0.56999999284744262700 -0.00611791992560029030
-0.56000000238418579100 -0.00613823812454938889
-0.55000001192092895500 -0.00613187393173575402
-0.54000002145767211900 -0.00610763113945722580
-0.52999997138977050800 -0.00611050799489021301
-0.51999998092651367200 -0.00610125903040170670
-0.50999999046325683600 -0.00608942005783319473
-0.50000000000000000000 -0.00609375396743416786
-0.49000000953674316400 -0.00608441792428493500
-0.47999998927116394000 -0.00610451307147741318
-0.46999999880790710400 -0.00612425012513995171
-0.46000000834465026800 -0.00612094393000006676
-0.44999998807907104500 -0.00611337088048458100
-0.43999999761581420900 -0.00610527489334344864
-0.43000000715255737300 -0.00609721383079886437
-0.41999998688697814900 -0.00609760778024792671
-0.40999999642372131300 -0.00609095022082328797
-0.40000000596046447700 -0.00608115503564476967
-0.38999998569488525400 -0.00609820103272795677
-0.37999999523162841800 -0.00611090194433927536
-0.37000000476837158200 -0.00610901601612567902
-0.36000001430511474600 -0.00612118188291788101
-0.34999999403953552200 -0.00610696617513895035
-0.34000000357627868600 -0.00608390010893344879
-0.33000001311302185100 -0.00610040500760078430
-0.31999999284744262700 -0.00608304003253579140
-0.31000000238418579100 -0.00606693001464009285
-0.30000001192092895500 -0.00608396390452980995
-0.28999999165534973100 -0.00608431594446301460
-0.28000000119209289500 -0.00609341077506542206
-0.27000001072883606000 -0.00611645914614200592
-0.25999999046325683600 -0.00609205104410648346
-0.25000000000000000000 -0.00606404896825551987
-0.23999999463558197000 -0.00609315885230898857
-0.23000000417232513400 -0.00607363181188702584
-0.21999999880790710400 -0.00605505192652344704
-0.20999999344348907500 -0.00607409002259373665
-0.20000000298023223900 -0.00607122993096709252
-0.18999999761581420900 -0.00608876813203096390
-0.18000000715255737300 -0.00610853219404816628
-0.17000000178813934300 -0.00609837891533970833
-0.15999999642372131300 -0.00608962308615446091
-0.15000000596046447800 -0.00609489297494292259
-0.14000000059604644800 -0.00608186190947890282
-0.12999999523162841800 -0.00607161084190011025
-0.11999999731779098500 -0.00607730401679873467
-0.10999999940395355200 -0.00607259012758731842
-0.10000000149011611900 -0.00609511323273181916
-0.09000000357627868650 -0.00610288698226213455
-0.07999999821186065670 -0.00610414892435073853
-0.07000000029802322390 -0.00609212182462215424
-0.05999999865889549260 -0.00607537198811769486
-0.05000000074505805970 -0.00607484299689531326
-0.03999999910593032840 -0.00607799878343939781
-0.02999999932944774630 -0.00605876184999942780
-0.01999999955296516420 -0.00605279812589287758
-0.00999999977648258210 -0.00607648212462663651
0.00000000000000000000 -0.00607662321999669075
0.00999999977648258210 -0.00607768492773175240
0.01999999955296516420 -0.00608662003651261330
0.02999999932944774630 -0.00607428792864084244
0.03999999910593032840 -0.00604504579678177834
0.05000000074505805970 -0.00606137188151478768
0.05999999865889549260 -0.00604832079261541367
0.07000000029802322390 -0.00602344190701842308
0.07999999821186065670 -0.00603683199733495712
0.09000000357627868650 -0.00604282179847359658
0.10000000149011611900 -0.00604595988988876343
0.10999999940395355200 -0.00606456585228443146
0.11999999731779098500 -0.00605281116440892220
0.12999999523162841800 -0.00602476391941308975
0.14000000059604644800 -0.00604561390355229378
0.15000000596046447800 -0.00602898281067609787
0.15999999642372131300 -0.00600350322201848030
0.17000000178813934300 -0.00601395405828952790
0.18000000715255737300 -0.00600851001217961312
0.18999999761581420900 -0.00601333007216453552
0.20000000298023223900 -0.00603245710954070091
0.20999999344348907500 -0.00602541118860244751
0.21999999880790710400 -0.00600321684032678604
0.23000000417232513400 -0.00599417323246598244
0.23999999463558197000 -0.00598874315619468689
0.25000000000000000000 -0.00597333721816539765
0.25999999046325683600 -0.00596080813556909561
0.27000001072883606000 -0.00594718800857663155
0.28000000119209289500 -0.00594583479687571526
0.28999999165534973100 -0.00595419388264417648
0.30000001192092895500 -0.00593866780400276184
0.31000000238418579100 -0.00592912919819355011
0.31999999284744262700 -0.00592012982815504074
0.33000001311302185100 -0.00588264502584934235
0.34000000357627868600 -0.00588179286569356918
0.34999999403953552200 -0.00586797995492815972
0.36000001430511474600 -0.00582894822582602501
0.37000000476837158200 -0.00582613889127969742
0.37999999523162841800 -0.00583180785179138184
0.38999998569488525400 -0.00580972107127308846
0.40000000596046447700 -0.00580619601532816887
0.40999999642372131300 -0.00578950485214591026
0.41999998688697814900 -0.00572889391332864762
0.43000000715255737300 -0.00572104984894394875
0.43999999761581420900 -0.00569614022970199585
0.44999998807907104500 -0.00562978582456707955
0.46000000834465026800 -0.00559867313131690026
0.46999999880790710400 -0.00556573597714304924
0.47999998927116394000 -0.00551108783110976219
0.49000000953674316400 -0.00545944413170218468
0.50000000000000000000 -0.00539807276800274849
0.50999999046325683600 -0.00528813293203711510
0.51999998092651367200 -0.00518610421568155289
0.52999997138977050800 -0.00508331181481480599
0.54000002145767211900 -0.00492973905056715012
0.55000001192092895500 -0.00476643722504377365
0.56000000238418579100 -0.00458467518910765648
0.56999999284744262700 -0.00436778087168931961
0.57999998331069946300 -0.00412509217858314514
0.58999997377395629900 -0.00384117988869547844
0.60000002384185791000 -0.00349345989525318146
0.61000001430511474600 -0.00311111891642212868
0.62000000476837158200 -0.00268788193352520466
0.62999999523162841800 -0.00221208506263792515
0.63999998569488525400 -0.00169343000743538141
0.64999997615814209000 -0.00113627302926033735
0.66000002622604370100 -0.00056172878248617053
0.67000001668930053700 0.00000568458290217677
0.68000000715255737300 0.00061735889175906777
0.68999999761581420900 0.00132406200282275677
0.69999998807907104500 0.00208780192770063877
0.70999997854232788100 0.00287320301868021488
0.72000002861022949200 0.00367032689973711968
0.73000001907348632800 0.00449879607185721398
0.74000000953674316400 0.00534537015482783318
0.75000000000000000000 0.00621608505025506020
0.75999999046325683600 0.00710866879671812058
0.76999998092651367200 0.00802187807857990265
0.77999997138977050800 0.00894875545054674149
0.79000002145767211900 0.00988740846514701844
0.80000001192092895500 0.01026580017060041430
0.81000000238418579100 0.01119524985551834110
0.81999999284744262700 0.01214111968874931340
0.82999998331069946300 0.01308698020875453950
0.83999997377395629900 0.01405050978064537050
0.85000002384185791000 0.01502273045480251310
0.86000001430511474600 0.01600142940878868100
0.87000000476837158200 0.01700291968882083890
0.87999999523162841800 0.01800869964063167570
0.88999998569488525400 0.01902130991220474240
0.89999997615814209000 0.02004732005298137660
0.91000002622604370100 0.02107892930507659910
0.92000001668930053700 0.02212130092084407810
0.93000000715255737300 0.02317491918802261350
0.93999999761581420900 0.02423606067895889280
0.94999998807907104500 0.02530829980969429020
0.95999997854232788100 0.02639210037887096410
0.97000002861022949200 0.02748429961502552030
0.98000001907348632800 0.02860056981444358830
0.99000000953674316400 0.02972386963665485380
1.00000000000000000000 0.03083403035998344420
