-1.00000000000000000000 -0.00667182402685284615
-0.99000000953674316400 -0.00665363809093832970
-0.98000001907348632800 -0.00663678999990224838
-0.97000002861022949200 -0.00664322404190897942
-0.95999997854232788100 -0.00664654187858104706
-0.94999998807907104500 -0.00665996782481670380
-0.93999999761581420900 -0.00667383521795272827
-0.93000000715255737300 -0.00667699705809354782
-0.92000001668930053700 -0.00666566379368305206
-0.91000002622604370100 -0.00664291577413678169
-0.89999997615814209000 -0.00664232298731803894
-0.88999998569488525400 -0.00663978885859251023
-0.87999999523162841800 -0.00662466976791620255
-0.87000000476837158200 -0.00662722019478678704
-0.86000001430511474600 -0.00664136605337262154
-0.85000002384185791000 -0.00665487814694643021
-0.83999997377395629900 -0.00665635615587234497
-0.82999998331069946300 -0.00667323498055338860
-0.81999999284744262700 -0.00666102021932601929
-0.81000000238418579100 -0.00664417818188667298
-0.80000001192092895500 -0.00665729399770498276
-0.79000002145767211900 -0.00664570322260260582
-0.77999997138977050800 -0.00663673086091876030
-0.76999998092651367200 -0.00664294511079788208
-0.75999999046325683600 -0.00665680179372429848
-0.75000000000000000000 -0.00666359579190611840
-0.74000000953674316400 -0.00667864410206675530
-0.73000001907348632800 -0.00666864588856697083
-0.72000002861022949200 -0.00664311088621616364
-0.70999997854232788100 -0.00665055820718407631
-0.69999998807907104500 -0.00664253905415534973
-0.68999999761581420900 -0.00661504501476883888
-0.68000000715255737300 -0.00661509204655885697
-0.67000001668930053700 -0.00661762803792953491
-0.66000002622604370100 -0.00661940779536962509
-0.64999997615814209000 -0.00662767421454191208
-0.63999998569488525400 -0.00662927515804767609
-0.62999999523162841800 -0.00661357399076223374
-0.62000000476837158200 -0.00659227510914206505
-0.61000001430511474600 -0.00659876922145485878
-0.60000002384185791000 -0.00659231794998049736
-0.58999997377395629900 -0.00657595321536064148
-0.57999998331069946300 -0.00658036815002560616
-0.56999999284744262700 -0.00659079710021615029
-0.56000000238418579100 -0.00660922983661293984
-0.55000001192092895500 -0.00661302916705608368
-0.54000002145767211900 -0.00662354519590735436
-0.52999997138977050800 -0.00661895889788866043
-0.51999998092651367200 -0.00659382715821266174
-0.50999999046325683600 -0.00660253223031759262
-0.50000000000000000000 -0.00660523399710655213
-0.49000000953674316400 -0.00658400310203433037
-0.47999998927116394000 -0.00658852281048893929
-0.46999999880790710400 -0.00661230506375432015
-0.46000000834465026800 -0.00660885684192180634
-0.44999998807907104500 -0.00661740498617291451
-0.43999999761581420900 -0.00662256078794598580
-0.43000000715255737300 -0.00659396406263113022
-0.41999998688697814900 -0.00659026810899376869
-0.40999999642372131300 -0.00660095084458589554
-0.40000000596046447700 -0.00657108984887599945
-0.38999998569488525400 -0.00656355405226349831
-0.37999999523162841800 -0.00657786801457405091
-0.37000000476837158200 -0.00657595321536064148
-0.36000001430511474600 -0.00658191787078976631
-0.34999999403953552200 -0.00659579178318381310
-0.34000000357627868600 -0.00657416088506579399
-0.33000001311302185100 -0.00654760887846350670
-0.31999999284744262700 -0.00656641507521271706
-0.31000000238418579100 -0.00655088899657130242
-0.30000001192092895500 -0.00653005018830299378
-0.28999999165534973100 -0.00654221186414361000
-0.28000000119209289500 -0.00654188590124249458
-0.27000001072883606000 -0.00656107999384403229
-0.25999999046325683600 -0.00657035922631621361
-0.25000000000000000000 -0.00657106516882777214
-0.23999999463558197000 -0.00656084716320037842
-0.23000000417232513400 -0.00654882378876209259
-0.21999999880790710400 -0.00654629198834300041
-0.20999999344348907500 -0.00654317298904061318
-0.20000000298023223900 -0.00652997801080346108
-0.18999999761581420900 -0.00652361614629626274
-0.18000000715255737300 -0.00653508678078651428
-0.17000000178813934300 -0.00654163211584091187
-0.15999999642372131300 -0.00653308210894465447
-0.15000000596046447800 -0.00653130002319812775
-0.14000000059604644800 -0.00651345215737819672
-0.12999999523162841800 -0.00648864498361945152
-0.11999999731779098500 -0.00648831110447645188
-0.10999999940395355200 -0.00646524922922253609
-0.10000000149011611900 -0.00643809093162417412
-0.09000000357627868650 -0.00643933610990643502
-0.07999999821186065670 -0.00643709907308220864
-0.07000000029802322390 -0.00643034698441624642
-0.05999999865889549260 -0.00643450580537319184
-0.05000000074505805970 -0.00641929404810070992
-0.03999999910593032840 -0.00637722015380859375
-0.02999999932944774630 -0.00637881318107247353
-0.01999999955296516420 -0.00636362982913851738
-0.00999999977648258210 -0.00632668193429708481
0.00000000000000000000 -0.00632426282390952110
0.00999999977648258210 -0.00632281880825757981
0.01999999955296516420 -0.00630695000290870667
0.02999999932944774630 -0.00630678096786141396
0.03999999910593032840 -0.00630721310153603554
0.05000000074505805970 -0.00626765890046954155
0.05999999865889549260 -0.00623844610527157784
0.07000000029802322390 -0.00622414005920290947
0.07999999821186065670 -0.00618328200653195381
0.09000000357627868650 -0.00614516017958521843
0.10000000149011611900 -0.00612022215500473976
0.10999999940395355200 -0.00608606496825814247
0.11999999731779098500 -0.00606467900797724724
0.12999999523162841800 -0.00604068208485841751
0.14000000059604644800 -0.00599831994622945786
0.15000000596046447800 -0.00595337804406881333
0.15999999642372131300 -0.00589011795818805695
0.17000000178813934300 -0.00584316905587911606
0.18000000715255737300 -0.00579006318002939224
0.18999999761581420900 -0.00572751602157950402
0.20000000298023223900 -0.00567075889557600022
0.20999999344348907500 -0.00561696384102106095
0.21999999880790710400 -0.00556425191462039948
0.23000000417232513400 -0.00549651915207505226
0.23999999463558197000 -0.00543394079431891442
0.25000000000000000000 -0.00535478396341204643
0.25999999046325683600 -0.00526781007647514343
0.27000001072883606000 -0.00519614201039075852
0.28000000119209289500 -0.00510794110596179962
0.28999999165534973100 -0.00501384492963552475
0.30000001192092895500 -0.00492974510416388512
0.31000000238418579100 -0.00484306598082184792
0.31999999284744262700 -0.00474916212260723114
0.33000001311302185100 -0.00465604523196816445
0.34000000357627868600 -0.00454666791483759880
0.34999999403953552200 -0.00442541018128395081
0.36000001430511474600 -0.00431382795795798302
0.37000000476837158200 -0.00419321097433567047
0.37999999523162841800 -0.00405843881890177727
0.38999998569488525400 -0.00393164390698075295
0.40000000596046447700 -0.00380015606060624123
0.40999999642372131300 -0.00366407306864857674
0.41999998688697814900 -0.00352429808117449284
0.43000000715255737300 -0.00337603106163442135
0.43999999761581420900 -0.00321371690370142460
0.44999998807907104500 -0.00304553494788706303
0.46000000834465026800 -0.00288127106614410877
0.46999999880790710400 -0.00270522688515484333
0.47999998927116394000 -0.00252246810123324394
0.49000000953674316400 -0.00233881105668842793
0.50000000000000000000 -0.00215279799886047840
0.50999999046325683600 -0.00196296698413789272
0.51999998092651367200 -0.00176473194733262062
0.52999997138977050800 -0.00156282400712370873
0.54000002145767211900 -0.00135268794838339090
0.55000001192092895500 -0.00113465497270226479
0.56000000238418579100 -0.00089500512694939971
0.56999999284744262700 -0.00068191328318789601
0.57999998331069946300 -0.00046162630314938724
0.58999997377395629900 -0.00023967909510247409
0.60000002384185791000 -0.00002683033926587086
0.61000001430511474600 0.00017875709454528987
0.62000000476837158200 0.00041685689939185977
0.62999999523162841800 0.00065348279895260930
0.63999998569488525400 0.00088773737661540508
0.64999997615814209000 0.00116905895993113518
0.66000002622604370100 0.00142700795549899340
0.67000001668930053700 0.00168573099654167891
0.68000000715255737300 0.00194322504103183746
0.68999999761581420900 0.00220582401379942894
0.69999998807907104500 0.00246993009932339192
0.70999997854232788100 0.00273433490656316280
0.72000002861022949200 0.00299961701966822147
0.73000001907348632800 0.00326573592610657215
0.74000000953674316400 0.00353417010046541691
0.75000000000000000000 0.00380573398433625698
0.75999999046325683600 0.00407881103456020355
0.76999998092651367200 0.00435242522507905960
0.77999997138977050800 0.00462841195985674858
0.79000002145767211900 0.00490536401048302651
0.80000001192092895500 0.00518260803073644638
0.81000000238418579100 0.00546172400936484337
0.81999999284744262700 0.00574079900979995728
0.82999998331069946300 0.00602092593908309937
0.83999997377395629900 0.00630302587524056435
0.85000002384185791000 0.00658502010628581047
0.86000001430511474600 0.00687016500160098076
0.87000000476837158200 0.00715535320341587067
0.87999999523162841800 0.00743992719799280167
0.88999998569488525400 0.00772755919024348259
0.89999997615814209000 0.00801539141684770584
0.91000002622604370100 0.00830203574150800705
0.92000001668930053700 0.00859147589653730393
0.93000000715255737300 0.00888043735176324845
0.93999999761581420900 0.00917030405253171921
0.94999998807907104500 0.00946229882538318634
0.95999997854232788100 0.00975357834249734879
0.97000002861022949200 0.01004552002996206280
0.98000001907348632800 0.01033961959183216100
0.99000000953674316400 0.01012822985649108890
1.00000000000000000000 0.01041011977940797810
