-1.00000000000000000000 -0.00608825916424393654
-0.99000000953674316400 -0.00611112592741847038
-0.98000001907348632800 -0.00611267611384391785
-0.97000002861022949200 -0.00613077823072671890
-0.95999997854232788100 -0.00615048781037330628
-0.94999998807907104500 -0.00612782500684261322
-0.93999999761581420900 -0.00611494621261954308
-0.93000000715255737300 -0.00613081501796841622
-0.92000001668930053700 -0.00611253594979643822
-0.91000002622604370100 -0.00610048510134220124
-0.89999997615814209000 -0.00610882882028818131
-0.88999998569488525400 -0.00610629701986908913
-0.87999999523162841800 -0.00612604478374123574
-0.87000000476837158200 -0.00613381015136837960
-0.86000001430511474600 -0.00612719682976603508
-0.85000002384185791000 -0.00612103380262851715
-0.83999997377395629900 -0.00610789377242326737
-0.82999998331069946300 -0.00610199710354208946
-0.81999999284744262700 -0.00609603710472583771
-0.81000000238418579100 -0.00608567101880908013
-0.80000001192092895500 -0.00608230708166956902
-0.79000002145767211900 -0.00610596220940351486
-0.77999997138977050800 -0.00610547093674540520
-0.76999998092651367200 -0.00611562421545386315
-0.75999999046325683600 -0.00612031714990735054
-0.75000000000000000000 -0.00609645992517471314
-0.74000000953674316400 -0.00610493682324886322
-0.73000001907348632800 -0.00611977186053991318
-0.72000002861022949200 -0.00608682306483387947
-0.70999997854232788100 -0.00609013577923178673
-0.69999998807907104500 -0.00611966988071799278
-0.68999999761581420900 -0.00611803913488984108
-0.68000000715255737300 -0.00612766807898879051
-0.67000001668930053700 -0.00615028897300362587
-0.66000002622604370100 -0.00612331414595246315
-0.64999997615814209000 -0.00610382622107863426
-0.63999998569488525400 -0.00613041687756776810
-0.62999999523162841800 -0.00610765209421515465
-0.62000000476837158200 -0.00608765287324786186
-0.61000001430511474600 -0.00610765581950545311
-0.60000002384185791000 -0.00610140385106205940
-0.58999997377395629900 -0.00611405307427048683
-0.57999998331069946300 -0.00613234099000692368
-0.56999999284744262700 -0.00611975882202386856
-0.56000000238418579100 -0.00610032398253679276
-0.55000001192092895500 -0.00611745892092585564
-0.54000002145767211900 -0.00610030302777886391
-0.52999997138977050800 -0.00608298508450388909
-0.51999998092651367200 -0.00609380798414349556
-0.50999999046325683600 -0.00608495483174920082
-0.50000000000000000000 -0.00610255496576428414
-0.49000000953674316400 -0.00611797999590635300
-0.47999998927116394000 -0.00611443910747766495
-0.46999999880790710400 -0.00610619084909558296
-0.46000000834465026800 -0.00609102984890341759
-0.44999998807907104500 -0.00608769617974758148
-0.43999999761581420900 -0.00608961796388030052
-0.43000000715255737300 -0.00607369421049952507
-0.41999998688697814900 -0.00607154006138443947
-0.40999999642372131300 -0.00609331717714667320
-0.40000000596046447700 -0.00610055215656757355
-0.38999998569488525400 -0.00610632915049791336
-0.37999999523162841800 -0.00610834686085581780
-0.37000000476837158200 -0.00609180890023708344
-0.36000001430511474600 -0.00608416320756077767
-0.34999999403953552200 -0.00609455397352576256
-0.34000000357627868600 -0.00606681779026985169
-0.33000001311302185100 -0.00606068084016442299
-0.31999999284744262700 -0.00608053617179393768
-0.31000000238418579100 -0.00608330685645341873
-0.30000001192092895500 -0.00609075417742133141
-0.28999999165534973100 -0.00611257506534457207
-0.28000000119209289500 -0.00608643284067511559
-0.27000001072883606000 -0.00606128294020891190
-0.25999999046325683600 -0.00608489988371729851
-0.25000000000000000000 -0.00606499379500746727
-0.23999999463558197000 -0.00604616897180676460
-0.23000000417232513400 -0.00606476888060569763
-0.21999999880790710400 -0.00605397578328847885
-0.20999999344348907500 -0.00607104320079088211
-0.20000000298023223900 -0.00608900003135204315
-0.18999999761581420900 -0.00607023295015096665
-0.18000000715255737300 -0.00606054486706852913
-0.17000000178813934300 -0.00607714289799332619
-0.15999999642372131300 -0.00605944916605949402
-0.15000000596046447800 -0.00604926887899637222
-0.14000000059604644800 -0.00606039678677916527
-0.12999999523162841800 -0.00605554785579442978
-0.11999999731779098500 -0.00608075689524412155
-0.10999999940395355200 -0.00609254091978073120
-0.10000000149011611900 -0.00609359610825777054
-0.09000000357627868650 -0.00608750106766819954
-0.07999999821186065670 -0.00606971280649304390
-0.07000000029802322390 -0.00606677820906043053
-0.05999999865889549260 -0.00606806203722953797
-0.05000000074505805970 -0.00605616718530654907
-0.03999999910593032840 -0.00604690192267298699
-0.02999999932944774630 -0.00606544688344001770
-0.01999999955296516420 -0.00607530213892459870
-0.00999999977648258210 -0.00607337197288870812
0.00000000000000000000 -0.00607923977077007294
0.00999999977648258210 -0.00608181115239858628
0.01999999955296516420 -0.00603900104761123657
0.02999999932944774630 -0.00605859793722629547
0.03999999910593032840 -0.00605942308902740479
0.05000000074505805970 -0.00602090498432517052
0.05999999865889549260 -0.00602905079722404480
0.07000000029802322390 -0.00604155613109469414
0.07999999821186065670 -0.00604038499295711518
0.09000000357627868650 -0.00604607490822672844
0.10000000149011611900 -0.00605448801070451737
0.10999999940395355200 -0.00601866282522678375
0.11999999731779098500 -0.00601715501397848129
0.12999999523162841800 -0.00602308195084333420
0.14000000059604644800 -0.00599295878782868386
0.15000000596046447800 -0.00599636789411306381
0.15999999642372131300 -0.00600058818235993386
0.17000000178813934300 -0.00600484199821949005
0.18000000715255737300 -0.00601648120209574700
0.18999999761581420900 -0.00602478208020329476
0.20000000298023223900 -0.00599737698212265968
0.20999999344348907500 -0.00598238082602620125
0.21999999880790710400 -0.00598577782511711121
0.23000000417232513400 -0.00596746103838086128
0.23999999463558197000 -0.00594957079738378525
0.25000000000000000000 -0.00594090111553668976
0.25999999046325683600 -0.00593747291713953018
0.27000001072883606000 -0.00594747578725218773
0.28000000119209289500 -0.00593914790078997612
0.28999999165534973100 -0.00592485396191477776
0.30000001192092895500 -0.00591382384300231934
0.31000000238418579100 -0.00587637303397059441
0.31999999284744262700 -0.00586976716294884682
0.33000001311302185100 -0.00585541501641273499
0.34000000357627868600 -0.00581547897309064865
0.34999999403953552200 -0.00580321811139583588
0.36000001430511474600 -0.00580727215856313706
0.37000000476837158200 -0.00578564498573541641
0.37999999523162841800 -0.00577093102037906647
0.38999998569488525400 -0.00576137378811836243
0.40000000596046447700 -0.00571158016100525856
0.40999999642372131300 -0.00568960094824433327
0.41999998688697814900 -0.00567694706842303276
0.43000000715255737300 -0.00561815779656171799
0.43999999761581420900 -0.00558412494137883187
0.44999998807907104500 -0.00557111809030175209
0.46000000834465026800 -0.00552788516506552696
0.46999999880790710400 -0.00549365719780325890
0.47999998927116394000 -0.00546153308823704720
0.49000000953674316400 -0.00537648377940058708
0.50000000000000000000 -0.00529778515920042992
0.50999999046325683600 -0.00524037098512053490
0.51999998092651367200 -0.00513112405315041542
0.52999997138977050800 -0.00502085918560624123
0.54000002145767211900 -0.00491370307281613350
0.55000001192092895500 -0.00477079115808010101
0.56000000238418579100 -0.00462037790566682816
0.56999999284744262700 -0.00444441521540284157
0.57999998331069946300 -0.00421361019834876061
0.58999997377395629900 -0.00394817814230918884
0.60000002384185791000 -0.00365435006096959114
0.61000001430511474600 -0.00331333093345165253
0.62000000476837158200 -0.00292594800703227520
0.62999999523162841800 -0.00249843904748558998
0.63999998569488525400 -0.00202769390307366848
0.64999997615814209000 -0.00152033497579395771
0.66000002622604370100 -0.00095371372299268842
0.67000001668930053700 -0.00038311260868795216
0.68000000715255737300 0.00017228189972229302
0.68999999761581420900 0.00085385277634486556
0.69999998807907104500 0.00157464295625686646
0.70999997854232788100 0.00232829106971621513
0.72000002861022949200 0.00309605989605188370
0.73000001907348632800 0.00389364711008965969
0.74000000953674316400 0.00471240701153874397
0.75000000000000000000 0.00555503508076071739
0.75999999046325683600 0.00642097182571887970
0.76999998092651367200 0.00730273593217134476
0.77999997138977050800 0.00820290204137563706
0.79000002145767211900 0.00911961216479539872
0.80000001192092895500 0.01004636008292436600
0.81000000238418579100 0.01041415985673666000
0.81999999284744262700 0.01133967004716396330
0.82999998331069946300 0.01226564962416887280
0.83999997377395629900 0.01320748031139373780
0.85000002384185791000 0.01416208036243915560
0.86000001430511474600 0.01512082014232873920
0.87000000476837158200 0.01609838008880615230
0.87999999523162841800 0.01708408072590827940
0.88999998569488525400 0.01806865073740482330
0.89999997615814209000 0.01906890980899333950
0.91000002622604370100 0.02007813937962055210
0.92000001668930053700 0.02108775079250335690
0.93000000715255737300 0.02210634946823120120
0.93999999761581420900 0.02314352057874202730
0.94999998807907104500 0.02417441084980964660
0.95999997854232788100 0.02522655948996543880
0.97000002861022949200 0.02629712969064712520
0.98000001907348632800 0.02735722996294498440
0.99000000953674316400 0.02843352034687995910
1.00000000000000000000 0.02950887940824031830
