-1.00000000000000000000 -0.00601025577634572983
-0.99000000953674316400 -0.00602396996691823006
-0.98000001907348632800 -0.00601788191124796868
-0.97000002861022949200 -0.00600011087954044342
-0.95999997854232788100 -0.00600376678630709648
-0.94999998807907104500 -0.00601900415495038033
-0.93999999761581420900 -0.00602559791877865792
-0.93000000715255737300 -0.00603318586945533753
-0.92000001668930053700 -0.00603249995037913323
-0.91000002622604370100 -0.00600112602114677429
-0.89999997615814209000 -0.00600704923272132874
-0.88999998569488525400 -0.00601075589656829834
-0.87999999523162841800 -0.00598021922633051872
-0.87000000476837158200 -0.00597885483875870705
-0.86000001430511474600 -0.00598574196919798851
-0.85000002384185791000 -0.00599073991179466248
-0.83999997377395629900 -0.00599554413929581642
-0.82999998331069946300 -0.00601253891363739968
-0.81999999284744262700 -0.00599470501765608788
-0.81000000238418579100 -0.00597446877509355545
-0.80000001192092895500 -0.00599641306325793266
-0.79000002145767211900 -0.00599240092560648918
-0.77999997138977050800 -0.00596960214897990227
-0.76999998092651367200 -0.00598440412431955338
-0.75999999046325683600 -0.00600016210228204727
-0.75000000000000000000 -0.00600307621061801911
-0.74000000953674316400 -0.00601868890225887299
-0.73000001907348632800 -0.00602402817457914353
-0.72000002861022949200 -0.00600482197478413582
-0.70999997854232788100 -0.00600305106490850449
-0.69999998807907104500 -0.00601350702345371246
-0.68999999761581420900 -0.00599693320691585541
-0.68000000715255737300 -0.00599368801340460778
-0.67000001668930053700 -0.00600349577143788338
-0.66000002622604370100 -0.00600658822804689408
-0.64999997615814209000 -0.00602501817047595978
-0.63999998569488525400 -0.00603385223075747490
-0.62999999523162841800 -0.00602301117032766342
-0.62000000476837158200 -0.00599860679358243942
-0.61000001430511474600 -0.00600861106067895890
-0.60000002384185791000 -0.00600077304989099503
-0.58999997377395629900 -0.00597711279988288880
-0.57999998331069946300 -0.00597672304138541222
-0.56999999284744262700 -0.00598808517679572106
-0.56000000238418579100 -0.00600349111482501030
-0.55000001192092895500 -0.00600518193095922470
-0.54000002145767211900 -0.00602121092379093170
-0.52999997138977050800 -0.00600298680365085602
-0.51999998092651367200 -0.00598880788311362267
-0.50999999046325683600 -0.00600402383133769036
-0.50000000000000000000 -0.00599094387143850327
-0.49000000953674316400 -0.00598083995282649994
-0.47999998927116394000 -0.00599193479865789414
-0.46999999880790710400 -0.00599514599889516831
-0.46000000834465026800 -0.00600638519972562790
-0.44999998807907104500 -0.00602468522265553475
-0.43999999761581420900 -0.00601557781919836998
-0.43000000715255737300 -0.00599215878173708916
-0.41999998688697814900 -0.00599972391501069069
-0.40999999642372131300 -0.00599474692717194557
-0.40000000596046447700 -0.00596884777769446373
-0.38999998569488525400 -0.00596889108419418335
-0.37999999523162841800 -0.00597578799352049828
-0.37000000476837158200 -0.00597834400832653046
-0.36000001430511474600 -0.00598506908863782883
-0.34999999403953552200 -0.00599076598882675171
-0.34000000357627868600 -0.00596956908702850342
-0.33000001311302185100 -0.00595087511464953423
-0.31999999284744262700 -0.00595880998298525810
-0.31000000238418579100 -0.00594705808907747269
-0.30000001192092895500 -0.00593125307932496071
-0.28999999165534973100 -0.00594055885449051857
-0.28000000119209289500 -0.00595106696709990502
-0.27000001072883606000 -0.00596873788163065910
-0.25999999046325683600 -0.00597125012427568436
-0.25000000000000000000 -0.00597748300060629845
-0.23999999463558197000 -0.00596523797139525414
-0.23000000417232513400 -0.00596573902294039726
-0.21999999880790710400 -0.00597430020570755005
-0.20999999344348907500 -0.00596074014902114868
-0.20000000298023223900 -0.00595334498211741448
-0.18999999761581420900 -0.00596041418612003327
-0.18000000715255737300 -0.00597529206424951554
-0.17000000178813934300 -0.00597957102581858635
-0.15999999642372131300 -0.00599767500534653664
-0.15000000596046447800 -0.00598029792308807373
-0.14000000059604644800 -0.00595947913825511933
-0.12999999523162841800 -0.00597784621641039848
-0.11999999731779098500 -0.00596992019563913346
-0.10999999940395355200 -0.00594682479277253151
-0.10000000149011611900 -0.00595011701807379723
-0.09000000357627868650 -0.00595929613336920738
-0.07999999821186065670 -0.00596294691786170006
-0.07000000029802322390 -0.00596903497353196144
-0.05999999865889549260 -0.00596916209906339646
-0.05000000074505805970 -0.00594974821433424950
-0.03999999910593032840 -0.00594118610024452210
-0.02999999932944774630 -0.00595044298097491265
-0.01999999955296516420 -0.00593081116676330567
-0.00999999977648258210 -0.00592887587845325470
0.00000000000000000000 -0.00593463284894824028
0.00999999977648258210 -0.00593610713258385658
0.01999999955296516420 -0.00594996288418769837
0.02999999932944774630 -0.00594979897141456604
0.03999999910593032840 -0.00595676712691783905
0.05000000074505805970 -0.00594314001500606537
0.05999999865889549260 -0.00592399621382355690
0.07000000029802322390 -0.00593865383416414261
0.07999999821186065670 -0.00593074504286050797
0.09000000357627868650 -0.00591477379202842713
0.10000000149011611900 -0.00591791700571775437
0.10999999940395355200 -0.00592930382117629051
0.11999999731779098500 -0.00593511993065476418
0.12999999523162841800 -0.00594461802393198014
0.14000000059604644800 -0.00593354506418108940
0.15000000596046447800 -0.00590525614097714424
0.15999999642372131300 -0.00589982420206069946
0.17000000178813934300 -0.00589647097513079643
0.18000000715255737300 -0.00587473483756184578
0.18999999761581420900 -0.00586462300270795822
0.20000000298023223900 -0.00587507290765643120
0.20999999344348907500 -0.00587997119873762131
0.21999999880790710400 -0.00588415097445249558
0.23000000417232513400 -0.00588337285444140434
0.23999999463558197000 -0.00586528796702623368
0.25000000000000000000 -0.00584847899153828621
0.25999999046325683600 -0.00585906719788908959
0.27000001072883606000 -0.00584403518587350846
0.28000000119209289500 -0.00582782691344618798
0.28999999165534973100 -0.00583215197548270226
0.30000001192092895500 -0.00583729101344943047
0.31000000238418579100 -0.00584702380001544953
0.31999999284744262700 -0.00584993883967399597
0.33000001311302185100 -0.00582867115736007691
0.34000000357627868600 -0.00580314081162214279
0.34999999403953552200 -0.00581235997378826142
0.36000001430511474600 -0.00578926596790552139
0.37000000476837158200 -0.00576293980702757836
0.37999999523162841800 -0.00575683778151869774
0.38999998569488525400 -0.00574463885277509690
0.40000000596046447700 -0.00574476411566138268
0.40999999642372131300 -0.00573216890916228295
0.41999998688697814900 -0.00571425305679440499
0.43000000715255737300 -0.00568388821557164192
0.43999999761581420900 -0.00564486579969525337
0.44999998807907104500 -0.00562757905572652817
0.46000000834465026800 -0.00559241417795419693
0.46999999880790710400 -0.00554991094395518303
0.47999998927116394000 -0.00551719218492507935
0.49000000953674316400 -0.00549467699602246285
0.50000000000000000000 -0.00546226417645812035
0.50999999046325683600 -0.00542723014950752258
0.51999998092651367200 -0.00536950305104255676
0.52999997138977050800 -0.00529274297878146172
0.54000002145767211900 -0.00523344101384282112
0.55000001192092895500 -0.00514688296243548393
0.56000000238418579100 -0.00503503205254673958
0.56999999284744262700 -0.00491768913343548775
0.57999998331069946300 -0.00478799920529127121
0.58999997377395629900 -0.00463157100602984429
0.60000002384185791000 -0.00443798489868640900
0.61000001430511474600 -0.00421199481934309006
0.62000000476837158200 -0.00393399596214294434
0.62999999523162841800 -0.00360726192593574524
0.63999998569488525400 -0.00326131889596581459
0.64999997615814209000 -0.00286493403837084770
0.66000002622604370100 -0.00238838489167392254
0.67000001668930053700 -0.00192931899800896645
0.68000000715255737300 -0.00138090003747493029
0.68999999761581420900 -0.00077450397657230496
0.69999998807907104500 -0.00023443929967470467
0.70999997854232788100 0.00038001409848220646
0.72000002861022949200 0.00107753695920109749
0.73000001907348632800 0.00181557494215667248
0.74000000953674316400 0.00250525795854628086
0.75000000000000000000 0.00332373590208590031
0.75999999046325683600 0.00409892899915575981
0.76999998092651367200 0.00488775409758090973
0.77999997138977050800 0.00575287686660885811
0.79000002145767211900 0.00659056287258863449
0.80000001192092895500 0.00745091913267970085
0.81000000238418579100 0.00835670903325080872
0.81999999284744262700 0.00922362506389617920
0.82999998331069946300 0.01015956979244947430
0.83999997377395629900 0.01055192016065120700
0.85000002384185791000 0.01164477970451116560
0.86000001430511474600 0.01245438959449529650
0.87000000476837158200 0.01339402981102466580
0.87999999523162841800 0.01438582967966794970
0.88999998569488525400 0.01539725996553897860
0.89999997615814209000 0.01647186093032360080
0.91000002622604370100 0.01747781038284301760
0.92000001668930053700 0.01841419935226440430
0.93000000715255737300 0.01954861916601657870
0.93999999761581420900 0.02030876092612743380
0.94999998807907104500 0.02155460976064205170
0.95999997854232788100 0.02233812026679515840
0.97000002861022949200 0.02389390952885150910
0.98000001907348632800 0.02509157918393611910
0.99000000953674316400 0.02636945992708206180
1.00000000000000000000 0.02754189074039459230
