-1.00000000000000000000 -0.00600752001628279686
-0.99000000953674316400 -0.00600364897400140762
-0.98000001907348632800 -0.00598003715276718140
-0.97000002861022949200 -0.00598570518195629120
-0.95999997854232788100 -0.00599756697192788124
-0.94999998807907104500 -0.00600875308737158776
-0.93999999761581420900 -0.00601638900116086006
-0.93000000715255737300 -0.00602851109579205513
-0.92000001668930053700 -0.00601717503741383553
-0.91000002622604370100 -0.00599572807550430298
-0.89999997615814209000 -0.00601120106875896454
-0.88999998569488525400 -0.00600909302011132240
-0.87999999523162841800 -0.00598918693140149117
-0.87000000476837158200 -0.00600025616586208344
-0.86000001430511474600 -0.00601704698055982590
-0.85000002384185791000 -0.00602160813286900520
-0.83999997377395629900 -0.00603403011336922646
-0.82999998331069946300 -0.00603685621172189713
-0.81999999284744262700 -0.00601491285488009453
-0.81000000238418579100 -0.00601027021184563637
-0.80000001192092895500 -0.00601508282124996186
-0.79000002145767211900 -0.00599266123026609421
-0.77999997138977050800 -0.00598397804424166680
-0.76999998092651367200 -0.00599556695669889450
-0.75999999046325683600 -0.00600126013159751892
-0.75000000000000000000 -0.00600390322506427765
-0.74000000953674316400 -0.00601182086393237114
-0.73000001907348632800 -0.00599578814581036568
-0.72000002861022949200 -0.00597014091908931732
-0.70999997854232788100 -0.00598347187042236328
-0.69999998807907104500 -0.00597791885957121849
-0.68999999761581420900 -0.00595412077382206917
-0.68000000715255737300 -0.00596147077158093453
-0.67000001668930053700 -0.00597768602892756462
-0.66000002622604370100 -0.00599132990464568138
-0.64999997615814209000 -0.00599692715331912041
-0.63999998569488525400 -0.00600842712447047234
-0.62999999523162841800 -0.00599441397935152054
-0.62000000476837158200 -0.00598285812884569168
-0.61000001430511474600 -0.00599346496164798737
-0.60000002384185791000 -0.00598714500665664673
-0.58999997377395629900 -0.00597146898508071900
-0.57999998331069946300 -0.00598405906930565834
-0.56999999284744262700 -0.00599832786247134209
-0.56000000238418579100 -0.00599945010617375374
-0.55000001192092895500 -0.00601647188887000084
-0.54000002145767211900 -0.00601134216412901879
-0.52999997138977050800 -0.00598508212715387345
-0.51999998092651367200 -0.00599824683740735054
-0.50999999046325683600 -0.00599340209737420082
-0.50000000000000000000 -0.00596699910238385201
-0.49000000953674316400 -0.00597010413184762001
-0.47999998927116394000 -0.00597886415198445320
-0.46999999880790710400 -0.00598482415080070496
-0.46000000834465026800 -0.00599329080432653427
-0.44999998807907104500 -0.00599918421357870102
-0.43999999761581420900 -0.00598249398171901703
-0.43000000715255737300 -0.00596284121274948120
-0.41999998688697814900 -0.00597225781530141831
-0.40999999642372131300 -0.00596402399241924286
-0.40000000596046447700 -0.00594583200290799141
-0.38999998569488525400 -0.00595479412004351616
-0.37999999523162841800 -0.00596657395362854004
-0.37000000476837158200 -0.00597731303423643112
-0.36000001430511474600 -0.00598397199064493180
-0.34999999403953552200 -0.00599237717688083649
-0.34000000357627868600 -0.00597404502332210541
-0.33000001311302185100 -0.00596621911972761154
-0.31999999284744262700 -0.00597478402778506279
-0.31000000238418579100 -0.00596207100898027420
-0.30000001192092895500 -0.00595583580434322357
-0.28999999165534973100 -0.00596464285627007485
-0.28000000119209289500 -0.00597895123064517975
-0.27000001072883606000 -0.00598287489265203476
-0.25999999046325683600 -0.00599615089595317841
-0.25000000000000000000 -0.00598916877061128616
-0.23999999463558197000 -0.00595834013074636460
-0.23000000417232513400 -0.00596659118309617043
-0.21999999880790710400 -0.00596240302547812462
-0.20999999344348907500 -0.00593115901574492455
-0.20000000298023223900 -0.00593515997752547264
-0.18999999761581420900 -0.00593998096883296967
-0.18000000715255737300 -0.00594247598201036453
-0.17000000178813934300 -0.00595409190282225609
-0.15999999642372131300 -0.00595543486997485161
-0.15000000596046447800 -0.00594354700297117233
-0.14000000059604644800 -0.00592906400561332703
-0.12999999523162841800 -0.00593933276832103729
-0.11999999731779098500 -0.00592921720817685127
-0.10999999940395355200 -0.00592231983318924904
-0.10000000149011611900 -0.00592753803357481957
-0.09000000357627868650 -0.00594125501811504364
-0.07999999821186065670 -0.00595485419034957886
-0.07000000029802322390 -0.00595994479954242706
-0.05999999865889549260 -0.00596190709620714188
-0.05000000074505805970 -0.00594491511583328247
-0.03999999910593032840 -0.00594488484784960747
-0.02999999932944774630 -0.00594522897154092789
-0.01999999955296516420 -0.00592795806005597115
-0.00999999977648258210 -0.00592728517949581146
0.00000000000000000000 -0.00593610620126128197
0.00999999977648258210 -0.00594386877492070198
0.01999999955296516420 -0.00594848301261663437
0.02999999932944774630 -0.00595372496172785759
0.03999999910593032840 -0.00595861999318003655
0.05000000074505805970 -0.00594226690009236336
0.05999999865889549260 -0.00592715712264180184
0.07000000029802322390 -0.00593199115246534348
0.07999999821186065670 -0.00591820990666747093
0.09000000357627868650 -0.00590188801288604736
0.10000000149011611900 -0.00590555695816874504
0.10999999940395355200 -0.00591467320919036865
0.11999999731779098500 -0.00592652522027492523
0.12999999523162841800 -0.00593424402177333832
0.14000000059604644800 -0.00592290097847580910
0.15000000596046447800 -0.00590528594329953194
0.15999999642372131300 -0.00591403804719448090
0.17000000178813934300 -0.00590718397870659828
0.18000000715255737300 -0.00588667020201683045
0.18999999761581420900 -0.00588837219402194023
0.20000000298023223900 -0.00589476618915796280
0.20999999344348907500 -0.00591031787917017937
0.21999999880790710400 -0.00591209391131997109
0.23000000417232513400 -0.00591299217194318772
0.23999999463558197000 -0.00590006820857524872
0.25000000000000000000 -0.00588461011648178101
0.25999999046325683600 -0.00588446203619241715
0.27000001072883606000 -0.00587458722293376923
0.28000000119209289500 -0.00585743086412549019
0.28999999165534973100 -0.00585546204820275307
0.30000001192092895500 -0.00585636682808399201
0.31000000238418579100 -0.00585340196266770363
0.31999999284744262700 -0.00585181778296828270
0.33000001311302185100 -0.00583840301260352135
0.34000000357627868600 -0.00580794923007488251
0.34999999403953552200 -0.00579860014840960503
0.36000001430511474600 -0.00578613486140966416
0.37000000476837158200 -0.00575029989704489708
0.37999999523162841800 -0.00573538383468985558
0.38999998569488525400 -0.00573039101436734200
0.40000000596046447700 -0.00572369201108813286
0.40999999642372131300 -0.00571707822382450104
0.41999998688697814900 -0.00570841785520315170
0.43000000715255737300 -0.00567829888314008713
0.43999999761581420900 -0.00564039777964353562
0.44999998807907104500 -0.00563214998692274094
0.46000000834465026800 -0.00559429405257105828
0.46999999880790710400 -0.00555420294404029846
0.47999998927116394000 -0.00552917877212166786
0.49000000953674316400 -0.00549855595454573631
0.50000000000000000000 -0.00547073781490325928
0.50999999046325683600 -0.00543319387361407280
0.51999998092651367200 -0.00537664489820599556
0.52999997138977050800 -0.00530797522515058518
0.54000002145767211900 -0.00523117417469620705
0.55000001192092895500 -0.00514079397544264794
0.56000000238418579100 -0.00502970395609736443
0.56999999284744262700 -0.00490438099950551987
0.57999998331069946300 -0.00476045394316315651
0.58999997377395629900 -0.00459693185985088349
0.60000002384185791000 -0.00439133308827877045
0.61000001430511474600 -0.00415119016543030739
0.62000000476837158200 -0.00385173805989325047
0.62999999523162841800 -0.00350353005342185497
0.63999998569488525400 -0.00313199008814990521
0.64999997615814209000 -0.00270144594833254814
0.66000002622604370100 -0.00222078408114612103
0.67000001668930053700 -0.00170304498169571161
0.68000000715255737300 -0.00114430603571236134
0.68999999761581420900 -0.00053875142475590110
0.69999998807907104500 0.00005439592132461257
0.70999997854232788100 0.00068949471460655332
0.72000002861022949200 0.00141247594729065895
0.73000001907348632800 0.00216072401963174343
0.74000000953674316400 0.00293562700971961022
0.75000000000000000000 0.00374007993377745152
0.75999999046325683600 0.00456692697480320931
0.76999998092651367200 0.00541331386193633080
0.77999997138977050800 0.00628469279035925865
0.79000002145767211900 0.00717850401997566223
0.80000001192092895500 0.00808901339769363404
0.81000000238418579100 0.00902291294187307358
0.81999999284744262700 0.00997941195964813233
0.82999998331069946300 0.01039841026067733760
0.83999997377395629900 0.01134079042822122570
0.85000002384185791000 0.01230174023658037190
0.86000001430511474600 0.01327802985906600950
0.87000000476837158200 0.01427634991705417630
0.87999999523162841800 0.01527914963662624360
0.88999998569488525400 0.01629623956978321080
0.89999997615814209000 0.01734315976500511170
0.91000002622604370100 0.01839458011090755460
0.92000001668930053700 0.01946669071912765500
0.93000000715255737300 0.02055061981081962590
0.93999999761581420900 0.02167209982872009280
0.94999998807907104500 0.02279997989535331730
0.95999997854232788100 0.02394614927470684050
0.97000002861022949200 0.02510531060397624970
0.98000001907348632800 0.02627100981771945950
0.99000000953674316400 0.02746541984379291530
1.00000000000000000000 0.02867796085774898530
