-1.00000000000000000000 -0.00617299880832433701
-0.99000000953674316400 -0.00618422497063875199
-0.98000001907348632800 -0.00618354696780443192
-0.97000002861022949200 -0.00618837494403123856
-0.95999997854232788100 -0.00617562094703316689
-0.94999998807907104500 -0.00616311095654964447
-0.93999999761581420900 -0.00616807211190462113
-0.93000000715255737300 -0.00614836579188704491
-0.92000001668930053700 -0.00613641506060957909
-0.91000002622604370100 -0.00615231785923242569
-0.89999997615814209000 -0.00616071419790387154
-0.88999998569488525400 -0.00616619503125548363
-0.87999999523162841800 -0.00618538912385702133
-0.87000000476837158200 -0.00617827288806438446
-0.86000001430511474600 -0.00614478997886180878
-0.85000002384185791000 -0.00616641622036695481
-0.83999997377395629900 -0.00616099778562784195
-0.82999998331069946300 -0.00613511120900511742
-0.81999999284744262700 -0.00614671781659126282
-0.81000000238418579100 -0.00615667318925261498
-0.80000001192092895500 -0.00616609305143356323
-0.79000002145767211900 -0.00617957720533013344
-0.77999997138977050800 -0.00619263295084238053
-0.76999998092651367200 -0.00617393106222152710
-0.75999999046325683600 -0.00615787599235773087
-0.75000000000000000000 -0.00616341503337025643
-0.74000000953674316400 -0.00615224195644259453
-0.73000001907348632800 -0.00614283699542284012
-0.72000002861022949200 -0.00613920716568827629
-0.70999997854232788100 -0.00614686217159032822
-0.69999998807907104500 -0.00616597104817628861
-0.68999999761581420900 -0.00616284785792231560
-0.68000000715255737300 -0.00616604788228869438
-0.67000001668930053700 -0.00616352679207921028
-0.66000002622604370100 -0.00613023899495601654
-0.64999997615814209000 -0.00613840995356440544
-0.63999998569488525400 -0.00614491291344165802
-0.62999999523162841800 -0.00611660303547978401
-0.62000000476837158200 -0.00612465897575020790
-0.61000001430511474600 -0.00615066615864634514
-0.60000002384185791000 -0.00615374976769089699
-0.58999997377395629900 -0.00616302806884050369
-0.57999998331069946300 -0.00618878612294793129
-0.56999999284744262700 -0.00616422202438116074
-0.56000000238418579100 -0.00614694599062204361
-0.55000001192092895500 -0.00617041485384106636
-0.54000002145767211900 -0.00614684121683239937
-0.52999997138977050800 -0.00613796897232532501
-0.51999998092651367200 -0.00615369901061058045
-0.50999999046325683600 -0.00615420797839760781
-0.50000000000000000000 -0.00616431515663862229
-0.49000000953674316400 -0.00618735514581203461
-0.47999998927116394000 -0.00617094011977314949
-0.46999999880790710400 -0.00616177683696150780
-0.46000000834465026800 -0.00616493681445717812
-0.44999998807907104500 -0.00615321984514594078
-0.43999999761581420900 -0.00613789819180965424
-0.43000000715255737300 -0.00614238809794187546
-0.41999998688697814900 -0.00613457197323441506
-0.40999999642372131300 -0.00614920910447835922
-0.40000000596046447700 -0.00617043999955058098
-0.38999998569488525400 -0.00616257311776280403
-0.37999999523162841800 -0.00616256892681121826
-0.37000000476837158200 -0.00614692596718668938
-0.36000001430511474600 -0.00613504182547330856
-0.34999999403953552200 -0.00613638618960976601
-0.34000000357627868600 -0.00612400798127055168
-0.33000001311302185100 -0.00611385796219110489
-0.31999999284744262700 -0.00612631579861044884
-0.31000000238418579100 -0.00614480813965201378
-0.30000001192092895500 -0.00614189309999346733
-0.28999999165534973100 -0.00616401387378573418
-0.28000000119209289500 -0.00615398678928613663
-0.27000001072883606000 -0.00612193206325173378
-0.25999999046325683600 -0.00614323606714606285
-0.25000000000000000000 -0.00614019017666578293
-0.23999999463558197000 -0.00611223001033067703
-0.23000000417232513400 -0.00611837813630700112
-0.21999999880790710400 -0.00613402202725410462
-0.20999999344348907500 -0.00613546697422862053
-0.20000000298023223900 -0.00615157978609204292
-0.18999999761581420900 -0.00615720218047499657
-0.18000000715255737300 -0.00613710610195994377
-0.17000000178813934300 -0.00612170295789837837
-0.15999999642372131300 -0.00612823897972702980
-0.15000000596046447800 -0.00610915198922157288
-0.14000000059604644800 -0.00609528319910168648
-0.12999999523162841800 -0.00609822710976004601
-0.11999999731779098500 -0.00609800079837441445
-0.10999999940395355200 -0.00612013600766658783
-0.10000000149011611900 -0.00611403584480285645
-0.09000000357627868650 -0.00611956277862191200
-0.07999999821186065670 -0.00611030822619795799
-0.07000000029802322390 -0.00609209202229976654
-0.05999999865889549260 -0.00609040493145585060
-0.05000000074505805970 -0.00609323102980852127
-0.03999999910593032840 -0.00607880298048257828
-0.02999999932944774630 -0.00608472200110554695
-0.01999999955296516420 -0.00611288193613290787
-0.00999999977648258210 -0.00610789190977811814
0.00000000000000000000 -0.00612728204578161240
0.00999999977648258210 -0.00612747715786099434
0.01999999955296516420 -0.00611589197069406510
0.02999999932944774630 -0.00608569197356700897
0.03999999910593032840 -0.00610565720126032830
0.05000000074505805970 -0.00609658285975456238
0.05999999865889549260 -0.00606743898242712021
0.07000000029802322390 -0.00607967982068657875
0.07999999821186065670 -0.00608244305476546288
0.09000000357627868650 -0.00608749687671661377
0.10000000149011611900 -0.00610312400385737419
0.10999999940395355200 -0.00609620520845055580
0.11999999731779098500 -0.00606486294418573380
0.12999999523162841800 -0.00607167417183518410
0.14000000059604644800 -0.00605514878407120705
0.15000000596046447800 -0.00602790294215083122
0.15999999642372131300 -0.00603254092857241631
0.17000000178813934300 -0.00601646490395069122
0.18000000715255737300 -0.00602421676740050316
0.18999999761581420900 -0.00603614188730716706
0.20000000298023223900 -0.00602243281900882721
0.20999999344348907500 -0.00601135101169347763
0.21999999880790710400 -0.00598666816949844361
0.23000000417232513400 -0.00596734182909131050
0.23999999463558197000 -0.00595890916883945465
0.25000000000000000000 -0.00594189995899796486
0.25999999046325683600 -0.00591590302065014839
0.27000001072883606000 -0.00592030677944421768
0.28000000119209289500 -0.00592508492991328240
0.28999999165534973100 -0.00590848410502076149
0.30000001192092895500 -0.00590892089530825615
0.31000000238418579100 -0.00588761689141392708
0.31999999284744262700 -0.00583911780267953873
0.33000001311302185100 -0.00583693198859691620
0.34000000357627868600 -0.00581688387319445610
0.34999999403953552200 -0.00576739711686968804
0.36000001430511474600 -0.00575416814535856247
0.37000000476837158200 -0.00574070308357477188
0.37999999523162841800 -0.00571462186053395271
0.38999998569488525400 -0.00569400982931256294
0.40000000596046447700 -0.00567906210198998451
0.40999999642372131300 -0.00561722088605165482
0.41999998688697814900 -0.00556660816073417664
0.43000000715255737300 -0.00553882122039794922
0.43999999761581420900 -0.00547975488007068634
0.44999998807907104500 -0.00542399799451231957
0.46000000834465026800 -0.00537989102303981781
0.46999999880790710400 -0.00532611180096864700
0.47999998927116394000 -0.00528044300153851509
0.49000000953674316400 -0.00522070704028010368
0.50000000000000000000 -0.00514266919344663620
0.50999999046325683600 -0.00505557982251048088
0.51999998092651367200 -0.00495518790557980538
0.52999997138977050800 -0.00484623620286583901
0.54000002145767211900 -0.00471387989819049835
0.55000001192092895500 -0.00456924689933657646
0.56000000238418579100 -0.00440979981794953346
0.56999999284744262700 -0.00423474004492163658
0.57999998331069946300 -0.00401919102296233177
0.58999997377395629900 -0.00377267110161483288
0.60000002384185791000 -0.00348834297619760037
0.61000001430511474600 -0.00314349797554314137
0.62000000476837158200 -0.00277756596915423870
0.62999999523162841800 -0.00237328303046524525
0.63999998569488525400 -0.00190519704483449459
0.64999997615814209000 -0.00141219398938119412
0.66000002622604370100 -0.00089753151405602694
0.67000001668930053700 -0.00035000671050511301
0.68000000715255737300 0.00019479289767332375
0.68999999761581420900 0.00084507837891578674
0.69999998807907104500 0.00151894602458924055
0.70999997854232788100 0.00224280008114874363
0.72000002861022949200 0.00298570096492767334
0.73000001907348632800 0.00374904600903391838
0.74000000953674316400 0.00454280199483036995
0.75000000000000000000 0.00535190990194678307
0.75999999046325683600 0.00617921212688088417
0.76999998092651367200 0.00702402601018548012
0.77999997138977050800 0.00789502635598182678
0.79000002145767211900 0.00877350382506847382
0.80000001192092895500 0.00966509804129600525
0.81000000238418579100 0.01000984013080596920
0.81999999284744262700 0.01090040989220142360
0.82999998331069946300 0.01179554034024477010
0.83999997377395629900 0.01276015955954790120
0.85000002384185791000 0.01368603017181158070
0.86000001430511474600 0.01461561024188995360
0.87000000476837158200 0.01555514987558126450
0.87999999523162841800 0.01651146076619625090
0.88999998569488525400 0.01746290922164916990
0.89999997615814209000 0.01841052062809467320
0.91000002622604370100 0.01939848996698856350
0.92000001668930053700 0.02037863060832023620
0.93000000715255737300 0.02136833965778350830
0.93999999761581420900 0.02238637022674083710
0.94999998807907104500 0.02338409051299095150
0.95999997854232788100 0.02438987046480178830
0.97000002861022949200 0.02542332001030445100
0.98000001907348632800 0.02646110020577907560
0.99000000953674316400 0.02748328074812889100
1.00000000000000000000 0.02854068018496036530
