-1.00000000000000000000 -0.00790077261626720429
-0.99000000953674316400 -0.00793450977653265000
-0.98000001907348632800 -0.00794988404959440232
-0.97000002861022949200 -0.00793439894914627075
-0.95999997854232788100 -0.00792684871703386307
-0.94999998807907104500 -0.00790020078420639038
-0.93999999761581420900 -0.00789336860179901123
-0.93000000715255737300 -0.00788352731615304947
-0.92000001668930053700 -0.00783527921885251999
-0.91000002622604370100 -0.00781457498669624329
-0.89999997615814209000 -0.00777086382731795311
-0.88999998569488525400 -0.00773599511012434960
-0.87999999523162841800 -0.00771441217511892319
-0.87000000476837158200 -0.00767606310546398163
-0.86000001430511474600 -0.00763401202857494354
-0.85000002384185791000 -0.00762205105274915695
-0.83999997377395629900 -0.00761374598369002342
-0.82999998331069946300 -0.00757539086043834686
-0.81999999284744262700 -0.00756164221093058586
-0.81000000238418579100 -0.00752789713442325592
-0.80000001192092895500 -0.00746950879693031311
-0.79000002145767211900 -0.00746255181729793549
-0.77999997138977050800 -0.00743746617808938027
-0.76999998092651367200 -0.00738395983353257180
-0.75999999046325683600 -0.00736857810989022255
-0.75000000000000000000 -0.00735950004309415818
-0.74000000953674316400 -0.00733852991834282875
-0.73000001907348632800 -0.00732565205544233322
-0.72000002861022949200 -0.00730543676763772965
-0.70999997854232788100 -0.00726064294576644898
-0.69999998807907104500 -0.00723021896556019783
-0.68999999761581420900 -0.00721197202801704407
-0.68000000715255737300 -0.00717857200652360916
-0.67000001668930053700 -0.00714966980740427971
-0.66000002622604370100 -0.00713808182626962662
-0.64999997615814209000 -0.00712013896554708481
-0.63999998569488525400 -0.00712073920294642449
-0.62999999523162841800 -0.00710492581129074097
-0.62000000476837158200 -0.00708185508847236634
-0.61000001430511474600 -0.00704751117154955864
-0.60000002384185791000 -0.00703523494303226471
-0.58999997377395629900 -0.00701031787320971489
-0.57999998331069946300 -0.00697839818894863129
-0.56999999284744262700 -0.00695790722966194153
-0.56000000238418579100 -0.00694484217092394829
-0.55000001192092895500 -0.00694276997819542885
-0.54000002145767211900 -0.00692798988893628121
-0.52999997138977050800 -0.00691823102533817292
-0.51999998092651367200 -0.00689099216833710671
-0.50999999046325683600 -0.00684986403211951256
-0.50000000000000000000 -0.00683576893061399460
-0.49000000953674316400 -0.00681345677003264427
-0.47999998927116394000 -0.00677092000842094422
-0.46999999880790710400 -0.00674730306491255760
-0.46000000834465026800 -0.00673772580921649933
-0.44999998807907104500 -0.00671712821349501610
-0.43999999761581420900 -0.00670210877433419228
-0.43000000715255737300 -0.00669230893254280091
-0.41999998688697814900 -0.00665425509214401245
-0.40999999642372131300 -0.00661166617646813393
-0.40000000596046447700 -0.00661122379824519158
-0.38999998569488525400 -0.00658173998817801476
-0.37999999523162841800 -0.00654766382649540901
-0.37000000476837158200 -0.00654271710664033890
-0.36000001430511474600 -0.00652523804455995560
-0.34999999403953552200 -0.00652120122686028481
-0.34000000357627868600 -0.00651794904842972756
-0.33000001311302185100 -0.00649459613487124443
-0.31999999284744262700 -0.00646361801773309708
-0.31000000238418579100 -0.00645230291411280632
-0.30000001192092895500 -0.00641979416832327843
-0.28999999165534973100 -0.00638800207525491715
-0.28000000119209289500 -0.00637169601395726204
-0.27000001072883606000 -0.00634772703051567078
-0.25999999046325683600 -0.00633774278685450554
-0.25000000000000000000 -0.00633545499294996262
-0.23999999463558197000 -0.00630978820845484734
-0.23000000417232513400 -0.00627855397760868073
-0.21999999880790710400 -0.00624840520322322846
-0.20999999344348907500 -0.00622022617608308792
-0.20000000298023223900 -0.00618718378245830536
-0.18999999761581420900 -0.00615125987678766251
-0.18000000715255737300 -0.00611280882731080055
-0.17000000178813934300 -0.00609147502109408379
-0.15999999642372131300 -0.00607492402195930481
-0.15000000596046447800 -0.00603918684646487236
-0.14000000059604644800 -0.00600995821878314018
-0.12999999523162841800 -0.00596916722133755684
-0.11999999731779098500 -0.00590367615222930908
-0.10999999940395355200 -0.00587558094412088394
-0.10000000149011611900 -0.00583205698058009148
-0.09000000357627868650 -0.00576077494770288468
-0.07999999821186065670 -0.00572467781603336334
-0.07000000029802322390 -0.00568442884832620621
-0.05999999865889549260 -0.00562888104468584061
-0.05000000074505805970 -0.00558406999334692955
-0.03999999910593032840 -0.00553505308926105499
-0.02999999932944774630 -0.00545039912685751915
-0.01999999955296516420 -0.00537761813029646874
-0.00999999977648258210 -0.00531720789149403572
0.00000000000000000000 -0.00522698182612657547
0.00999999977648258210 -0.00514462590217590332
0.01999999955296516420 -0.00506921205669641495
0.02999999932944774630 -0.00498835602775216103
0.03999999910593032840 -0.00490918196737766266
0.05000000074505805970 -0.00482667889446020126
0.05999999865889549260 -0.00472811609506607056
0.07000000029802322390 -0.00462364591658115387
0.07999999821186065670 -0.00451615918427705765
0.09000000357627868650 -0.00440877722576260567
0.10000000149011611900 -0.00429869908839464188
0.10999999940395355200 -0.00418101903051137924
0.11999999731779098500 -0.00406384002417325974
0.12999999523162841800 -0.00395596818998456001
0.14000000059604644800 -0.00384904397651553154
0.15000000596046447800 -0.00372465094551444054
0.15999999642372131300 -0.00360399996861815453
0.17000000178813934300 -0.00347911403514444828
0.18000000715255737300 -0.00334638706408441067
0.18999999761581420900 -0.00322165992110967636
0.20000000298023223900 -0.00308884610421955586
0.20999999344348907500 -0.00294893793761730194
0.21999999880790710400 -0.00281850295141339302
0.23000000417232513400 -0.00269018602557480335
0.23999999463558197000 -0.00254618190228939056
0.25000000000000000000 -0.00240992498584091663
0.25999999046325683600 -0.00226764497347176075
0.27000001072883606000 -0.00210269400849938393
0.28000000119209289500 -0.00196093600243330002
0.28999999165534973100 -0.00181001704186201096
0.30000001192092895500 -0.00164129096083343029
0.31000000238418579100 -0.00148884300142526627
0.31999999284744262700 -0.00133700994774699211
0.33000001311302185100 -0.00117458100430667400
0.34000000357627868600 -0.00101892196107655764
0.34999999403953552200 -0.00082375021884217858
0.36000001430511474600 -0.00066284992499276996
0.37000000476837158200 -0.00050633389037102461
0.37999999523162841800 -0.00034833571407943964
0.38999998569488525400 -0.00018197520694229752
0.40000000596046447700 -0.00002420599048491567
0.40999999642372131300 0.00011441540118539706
0.41999998688697814900 0.00028251571347936988
0.43000000715255737300 0.00045273671275936067
0.43999999761581420900 0.00062799581792205572
0.44999998807907104500 0.00080667668953537941
0.46000000834465026800 0.00098037160933017731
0.46999999880790710400 0.00118609098717570305
0.47999998927116394000 0.00137705402448773384
0.49000000953674316400 0.00157334003597497940
0.50000000000000000000 0.00176156405359506607
0.50999999046325683600 0.00195427099242806435
0.51999998092651367200 0.00215579895302653313
0.52999997138977050800 0.00235015409998595715
0.54000002145767211900 0.00254353811033070088
0.55000001192092895500 0.00274160411208868027
0.56000000238418579100 0.00293962401337921620
0.56999999284744262700 0.00313730188645422459
0.57999998331069946300 0.00334396096877753735
0.58999997377395629900 0.00355223403312265873
0.60000002384185791000 0.00375283206813037396
0.61000001430511474600 0.00396251911297440529
0.62000000476837158200 0.00417189905419945717
0.62999999523162841800 0.00437727384269237518
0.63999998569488525400 0.00458656018599867821
0.64999997615814209000 0.00479409890249371529
0.66000002622604370100 0.00500212702900171280
0.67000001668930053700 0.00521688396111130715
0.68000000715255737300 0.00543364509940147400
0.68999999761581420900 0.00564909307286143303
0.69999998807907104500 0.00586750498041510582
0.70999997854232788100 0.00608747219666838646
0.72000002861022949200 0.00630585104227066040
0.73000001907348632800 0.00652859406545758248
0.74000000953674316400 0.00674842298030853272
0.75000000000000000000 0.00696968194097280503
0.75999999046325683600 0.00719611113891005516
0.76999998092651367200 0.00742192007601261139
0.77999997138977050800 0.00765047781169414520
0.79000002145767211900 0.00788178108632564545
0.80000001192092895500 0.00811117235571146012
0.81000000238418579100 0.00834392663091421128
0.81999999284744262700 0.00857808813452720642
0.82999998331069946300 0.00880999118089675904
0.83999997377395629900 0.00904335174709558487
0.85000002384185791000 0.00927972421050071717
0.86000001430511474600 0.00951611064374446869
0.87000000476837158200 0.00975500233471393586
0.87999999523162841800 0.00999725610017776490
0.88999998569488525400 0.01023675967007875440
0.89999997615814209000 0.01047885976731777190
0.91000002622604370100 0.01020209025591611860
0.92000001668930053700 0.01043786015361547470
0.93000000715255737300 0.01067014969885349270
0.93999999761581420900 0.01090610027313232420
0.94999998807907104500 0.01114329043775796890
0.95999997854232788100 0.01137883961200714110
0.97000002861022949200 0.01161628030240535740
0.98000001907348632800 0.01185518037527799610
0.99000000953674316400 0.01209357008337974550
1.00000000000000000000 0.01233331020921468730
