-1.00000000000000000000 -0.00572964502498507500
-0.99000000953674316400 -0.00573275098577141762
-0.98000001907348632800 -0.00573917618021368981
-0.97000002861022949200 -0.00575049500912427902
-0.95999997854232788100 -0.00576583482325077057
-0.94999998807907104500 -0.00576942088082432747
-0.93999999761581420900 -0.00576030183583498001
-0.93000000715255737300 -0.00574311614036560059
-0.92000001668930053700 -0.00575462402775883675
-0.91000002622604370100 -0.00575093179941177368
-0.89999997615814209000 -0.00573690282180905342
-0.88999998569488525400 -0.00574367679655551911
-0.87999999523162841800 -0.00574988918378949166
-0.87000000476837158200 -0.00576459476724267006
-0.86000001430511474600 -0.00577071681618690491
-0.85000002384185791000 -0.00577095896005630493
-0.83999997377395629900 -0.00576059101149439812
-0.82999998331069946300 -0.00574900303035974503
-0.81999999284744262700 -0.00575193995609879494
-0.81000000238418579100 -0.00574997207149863243
-0.80000001192092895500 -0.00573041290044784546
-0.79000002145767211900 -0.00573254004120826721
-0.77999997138977050800 -0.00574168004095554352
-0.76999998092651367200 -0.00574245909228920937
-0.75999999046325683600 -0.00575085589662194252
-0.75000000000000000000 -0.00574239902198314667
-0.74000000953674316400 -0.00572502799332141876
-0.73000001907348632800 -0.00572204217314720154
-0.72000002861022949200 -0.00571959791705012322
-0.70999997854232788100 -0.00570956803858280182
-0.69999998807907104500 -0.00570547999814152718
-0.68999999761581420900 -0.00570901017636060715
-0.68000000715255737300 -0.00572285987436771393
-0.67000001668930053700 -0.00573760503903031349
-0.66000002622604370100 -0.00574231985956430435
-0.64999997615814209000 -0.00574318412691354752
-0.63999998569488525400 -0.00572445988655090332
-0.62999999523162841800 -0.00573210790753364563
-0.62000000476837158200 -0.00573527999222278595
-0.61000001430511474600 -0.00571620510891079903
-0.60000002384185791000 -0.00571999978274106980
-0.58999997377395629900 -0.00572706107050180435
-0.57999998331069946300 -0.00574041577056050301
-0.56999999284744262700 -0.00574273802340030670
-0.56000000238418579100 -0.00575276603922247887
-0.55000001192092895500 -0.00574176479130983353
-0.54000002145767211900 -0.00572296511381864548
-0.52999997138977050800 -0.00572965899482369423
-0.51999998092651367200 -0.00572699308395385742
-0.50999999046325683600 -0.00570576684549450874
-0.50000000000000000000 -0.00570809096097946167
-0.49000000953674316400 -0.00571764912456274033
-0.47999998927116394000 -0.00572229409590363503
-0.46999999880790710400 -0.00573109881952404976
-0.46000000834465026800 -0.00572446500882506371
-0.44999998807907104500 -0.00571551593020558357
-0.43999999761581420900 -0.00569983199238777161
-0.43000000715255737300 -0.00570929609239101410
-0.41999998688697814900 -0.00570330582559108734
-0.40999999642372131300 -0.00569082098081707955
-0.40000000596046447700 -0.00569423986598849297
-0.38999998569488525400 -0.00570596288889646530
-0.37999999523162841800 -0.00571798393502831459
-0.37000000476837158200 -0.00571813993155956268
-0.36000001430511474600 -0.00572536792606115341
-0.34999999403953552200 -0.00571259111166000366
-0.34000000357627868600 -0.00570929516106843949
-0.33000001311302185100 -0.00571261905133724213
-0.31999999284744262700 -0.00570307485759258270
-0.31000000238418579100 -0.00569476792588829994
-0.30000001192092895500 -0.00569937378168106079
-0.28999999165534973100 -0.00570996012538671494
-0.28000000119209289500 -0.00571719883009791374
-0.27000001072883606000 -0.00572620285674929619
-0.25999999046325683600 -0.00571622606366872788
-0.25000000000000000000 -0.00569451879709959030
-0.23999999463558197000 -0.00569355813786387444
-0.23000000417232513400 -0.00568972900509834290
-0.21999999880790710400 -0.00566587597131729126
-0.20999999344348907500 -0.00565653387457132340
-0.20000000298023223900 -0.00566276209428906441
-0.18999999761581420900 -0.00567175401374697685
-0.18000000715255737300 -0.00567977409809827805
-0.17000000178813934300 -0.00568087492138147354
-0.15999999642372131300 -0.00567335309460759163
-0.15000000596046447800 -0.00565875787287950516
-0.14000000059604644800 -0.00566601613536477089
-0.12999999523162841800 -0.00566045707091689110
-0.11999999731779098500 -0.00564852496609091759
-0.10999999940395355200 -0.00565008912235498429
-0.10000000149011611900 -0.00566504197195172310
-0.09000000357627868650 -0.00568011216819286347
-0.07999999821186065670 -0.00567648978903889656
-0.07000000029802322390 -0.00569109199568629265
-0.05999999865889549260 -0.00567651307210326195
-0.05000000074505805970 -0.00566313695162534714
-0.03999999910593032840 -0.00567454798147082329
-0.02999999932944774630 -0.00566648505628108978
-0.01999999955296516420 -0.00565305585041642189
-0.00999999977648258210 -0.00565304793417453766
0.00000000000000000000 -0.00566531578078866005
0.00999999977648258210 -0.00566854886710643768
0.01999999955296516420 -0.00567594682797789574
0.02999999932944774630 -0.00567966885864734650
0.03999999910593032840 -0.00566069781780242920
0.05000000074505805970 -0.00564569886773824692
0.05999999865889549260 -0.00565214082598686218
0.07000000029802322390 -0.00563848810270428658
0.07999999821186065670 -0.00561838177964091301
0.09000000357627868650 -0.00562362698838114739
0.10000000149011611900 -0.00563351716846227646
0.10999999940395355200 -0.00563617609441280365
0.11999999731779098500 -0.00564529094845056534
0.12999999523162841800 -0.00564729189500212670
0.14000000059604644800 -0.00562884192913770676
0.15000000596046447800 -0.00562189612537622452
0.15999999642372131300 -0.00562316412106156349
0.17000000178813934300 -0.00561318593099713326
0.18000000715255737300 -0.00560518680140376091
0.18999999761581420900 -0.00561004318296909332
0.20000000298023223900 -0.00561924977228045464
0.20999999344348907500 -0.00562342582270503044
0.21999999880790710400 -0.00563268596306443215
0.23000000417232513400 -0.00562533596530556679
0.23999999463558197000 -0.00559976603835821152
0.25000000000000000000 -0.00560289621353149414
0.25999999046325683600 -0.00560243194922804833
0.27000001072883606000 -0.00557361310347914696
0.28000000119209289500 -0.00556546682491898537
0.28999999165534973100 -0.00557124009355902672
0.30000001192092895500 -0.00556782213971018791
0.31000000238418579100 -0.00556764891371130943
0.31999999284744262700 -0.00557021982967853546
0.33000001311302185100 -0.00554550206288695336
0.34000000357627868600 -0.00551519216969609261
0.34999999403953552200 -0.00551432510837912560
0.36000001430511474600 -0.00549382204189896584
0.37000000476837158200 -0.00546329887583851814
0.37999999523162841800 -0.00545979384332895279
0.38999998569488525400 -0.00544895976781845093
0.40000000596046447700 -0.00544636510312557221
0.40999999642372131300 -0.00543988589197397232
0.41999998688697814900 -0.00543103599920868874
0.43000000715255737300 -0.00540160108357667923
0.43999999761581420900 -0.00536733912304043770
0.44999998807907104500 -0.00535649200901389122
0.46000000834465026800 -0.00532493693754076958
0.46999999880790710400 -0.00528115313500165940
0.47999998927116394000 -0.00525622488930821419
0.49000000953674316400 -0.00522732781246304512
0.50000000000000000000 -0.00519267609342932701
0.50999999046325683600 -0.00515481177717447281
0.51999998092651367200 -0.00510868709534406662
0.52999997138977050800 -0.00503444299101829529
0.54000002145767211900 -0.00494891311973333359
0.55000001192092895500 -0.00487838080152869225
0.56000000238418579100 -0.00476800510659813881
0.56999999284744262700 -0.00464107701554894447
0.57999998331069946300 -0.00450883712619543076
0.58999997377395629900 -0.00434737605974078179
0.60000002384185791000 -0.00416261702775955200
0.61000001430511474600 -0.00394111499190330506
0.62000000476837158200 -0.00367217906750738621
0.62999999523162841800 -0.00335447094403207302
0.63999998569488525400 -0.00300668692216277123
0.64999997615814209000 -0.00261881295591592789
0.66000002622604370100 -0.00218054908327758312
0.67000001668930053700 -0.00170495500788092613
0.68000000715255737300 -0.00119051395449787378
0.68999999761581420900 -0.00063270010286942124
0.69999998807907104500 -0.00007891543646110222
0.70999997854232788100 0.00049353868234902620
0.72000002861022949200 0.00115992303472012281
0.73000001907348632800 0.00185576803050935268
0.74000000953674316400 0.00257503893226385117
0.75000000000000000000 0.00332990009337663651
0.75999999046325683600 0.00410970114171504974
0.76999998092651367200 0.00490660080686211586
0.77999997138977050800 0.00573398405686020851
0.79000002145767211900 0.00657867919653654099
0.80000001192092895500 0.00750423083081841469
0.81000000238418579100 0.00840110145509243012
0.81999999284744262700 0.00926710199564695359
0.82999998331069946300 0.01021554972976446150
0.83999997377395629900 0.01046436000615358350
0.85000002384185791000 0.01155385002493858340
0.86000001430511474600 0.01232175994664430620
0.87000000476837158200 0.01347296033054590230
0.87999999523162841800 0.01448114030063152310
0.88999998569488525400 0.01547785010188817980
0.89999997615814209000 0.01653173938393592830
0.91000002622604370100 0.01758855953812599180
0.92000001668930053700 0.01866148039698600770
0.93000000715255737300 0.01968057081103324890
0.93999999761581420900 0.02080857940018177030
0.94999998807907104500 0.02193436957895755770
0.95999997854232788100 0.02303943037986755370
0.97000002861022949200 0.02417982928454875950
0.98000001907348632800 0.02543425932526588440
0.99000000953674316400 0.02661547064781188970
1.00000000000000000000 0.02780364081263542180
