-1.00000000000000000000 -0.00577908800914883614
-0.99000000953674316400 -0.00579527299851179123
-0.98000001907348632800 -0.00580009818077087402
-0.97000002861022949200 -0.00580136198550462723
-0.95999997854232788100 -0.00579136703163385391
-0.94999998807907104500 -0.00577099993824958801
-0.93999999761581420900 -0.00578064983710646630
-0.93000000715255737300 -0.00577637506648898125
-0.92000001668930053700 -0.00575976213440299034
-0.91000002622604370100 -0.00576736684888601303
-0.89999997615814209000 -0.00577992200851440430
-0.88999998569488525400 -0.00578448502346873284
-0.87999999523162841800 -0.00579974800348281861
-0.87000000476837158200 -0.00579019403085112572
-0.86000001430511474600 -0.00577900791540741921
-0.85000002384185791000 -0.00577989593148231507
-0.83999997377395629900 -0.00577752897515892983
-0.82999998331069946300 -0.00576127506792545319
-0.81999999284744262700 -0.00576356286182999611
-0.81000000238418579100 -0.00576446810737252236
-0.80000001192092895500 -0.00577534781768918038
-0.79000002145767211900 -0.00579005014151334763
-0.77999997138977050800 -0.00579134700819849968
-0.76999998092651367200 -0.00578126078471541405
-0.75999999046325683600 -0.00576002011075615883
-0.75000000000000000000 -0.00576923415064811707
-0.74000000953674316400 -0.00575521495193243027
-0.73000001907348632800 -0.00573524879291653633
-0.72000002861022949200 -0.00574219087138772011
-0.70999997854232788100 -0.00573768420144915581
-0.69999998807907104500 -0.00575520610436797142
-0.68999999761581420900 -0.00575874978676438332
-0.68000000715255737300 -0.00575164193287491799
-0.67000001668930053700 -0.00574399577453732491
-0.66000002622604370100 -0.00574341323226690293
-0.64999997615814209000 -0.00574334291741251946
-0.63999998569488525400 -0.00573713798075914383
-0.62999999523162841800 -0.00573407905176281929
-0.62000000476837158200 -0.00573950679972767830
-0.61000001430511474600 -0.00575986877083778382
-0.60000002384185791000 -0.00576638011261820793
-0.58999997377395629900 -0.00577791919931769371
-0.57999998331069946300 -0.00577403791248798371
-0.56999999284744262700 -0.00575332203879952431
-0.56000000238418579100 -0.00576330022886395455
-0.55000001192092895500 -0.00576702505350112915
-0.54000002145767211900 -0.00574401300400495529
-0.52999997138977050800 -0.00574669614434242249
-0.51999998092651367200 -0.00575782498344779015
-0.50999999046325683600 -0.00576179986819624901
-0.50000000000000000000 -0.00577255105599761009
-0.49000000953674316400 -0.00577526399865746498
-0.47999998927116394000 -0.00576373189687728882
-0.46999999880790710400 -0.00574616901576519013
-0.46000000834465026800 -0.00575645919889211655
-0.44999998807907104500 -0.00574102485552430153
-0.43999999761581420900 -0.00573052000254392624
-0.43000000715255737300 -0.00572988810017704964
-0.41999998688697814900 -0.00573559477925300598
-0.40999999642372131300 -0.00574989896267652512
-0.40000000596046447700 -0.00575894489884376526
-0.38999998569488525400 -0.00575073994696140290
-0.37999999523162841800 -0.00573602877557277680
-0.37000000476837158200 -0.00574385188519954682
-0.36000001430511474600 -0.00573880691081285477
-0.34999999403953552200 -0.00572189921513199806
-0.34000000357627868600 -0.00572307500988245011
-0.33000001311302185100 -0.00572883291170001030
-0.31999999284744262700 -0.00574456807225942612
-0.31000000238418579100 -0.00574958696961402893
-0.30000001192092895500 -0.00575445313006639481
-0.28999999165534973100 -0.00574430776759982109
-0.28000000119209289500 -0.00572877097874879837
-0.27000001072883606000 -0.00573304994031786919
-0.25999999046325683600 -0.00572817400097846985
-0.25000000000000000000 -0.00571018597111105919
-0.23999999463558197000 -0.00571388006210327149
-0.23000000417232513400 -0.00572085799649357796
-0.21999999880790710400 -0.00572061305865645409
-0.20999999344348907500 -0.00572995422407984734
-0.20000000298023223900 -0.00572079420089721680
-0.18999999761581420900 -0.00569769879803061485
-0.18000000715255737300 -0.00569587014615535736
-0.17000000178813934300 -0.00569548504427075386
-0.15999999642372131300 -0.00567528093233704567
-0.15000000596046447800 -0.00567025411874055863
-0.14000000059604644800 -0.00568078504875302315
-0.12999999523162841800 -0.00568949291482567787
-0.11999999731779098500 -0.00570270512253046036
-0.10999999940395355200 -0.00571024091914296150
-0.10000000149011611900 -0.00569736910983920098
-0.09000000357627868650 -0.00568519206717610359
-0.07999999821186065670 -0.00570161081850528717
-0.07000000029802322390 -0.00568808801472187042
-0.05999999865889549260 -0.00567992078140377999
-0.05000000074505805970 -0.00568869011476635933
-0.03999999910593032840 -0.00569223612546920777
-0.02999999932944774630 -0.00571001600474119187
-0.01999999955296516420 -0.00571468099951744080
-0.00999999977648258210 -0.00570301804691553116
0.00000000000000000000 -0.00569015322253108025
0.00999999977648258210 -0.00568493595346808434
0.01999999955296516420 -0.00569254811853170395
0.02999999932944774630 -0.00568786822259426117
0.03999999910593032840 -0.00567283714190125466
0.05000000074505805970 -0.00566951790824532509
0.05999999865889549260 -0.00568301184102892876
0.07000000029802322390 -0.00568675016984343529
0.07999999821186065670 -0.00569149106740951538
0.09000000357627868650 -0.00568389380350708962
0.10000000149011611900 -0.00566082401201128960
0.10999999940395355200 -0.00565675599500536919
0.11999999731779098500 -0.00566048221662640572
0.12999999523162841800 -0.00563767785206437111
0.14000000059604644800 -0.00564019009470939636
0.15000000596046447800 -0.00565384794026613236
0.15999999642372131300 -0.00565893389284610748
0.17000000178813934300 -0.00566727295517921448
0.18000000715255737300 -0.00567157100886106491
0.18999999761581420900 -0.00565807521343231201
0.20000000298023223900 -0.00564045179635286331
0.20999999344348907500 -0.00564992893487215042
0.21999999880790710400 -0.00563821988180279732
0.23000000417232513400 -0.00562313105911016464
0.23999999463558197000 -0.00562171405181288719
0.25000000000000000000 -0.00562593108043074608
0.25999999046325683600 -0.00563658913597464562
0.27000001072883606000 -0.00563031621277332306
0.28000000119209289500 -0.00562180578708648682
0.28999999165534973100 -0.00559617718681693077
0.30000001192092895500 -0.00559299206361174584
0.31000000238418579100 -0.00558155309408903122
0.31999999284744262700 -0.00555578200146555901
0.33000001311302185100 -0.00554420519620180130
0.34000000357627868600 -0.00553883006796240807
0.34999999403953552200 -0.00554449018090963364
0.36000001430511474600 -0.00553703214973211289
0.37000000476837158200 -0.00553060602396726608
0.37999999523162841800 -0.00551085500046610832
0.38999998569488525400 -0.00548277422785758972
0.40000000596046447700 -0.00547539489343762398
0.40999999642372131300 -0.00546456919983029366
0.41999998688697814900 -0.00543245812878012657
0.43000000715255737300 -0.00541450688615441322
0.43999999761581420900 -0.00541302002966403961
0.44999998807907104500 -0.00540110422298312187
0.46000000834465026800 -0.00537388212978839874
0.46999999880790710400 -0.00535200303420424462
0.47999998927116394000 -0.00530163198709487915
0.49000000953674316400 -0.00525677483528852463
0.50000000000000000000 -0.00522398203611373902
0.50999999046325683600 -0.00515198102220892906
0.51999998092651367200 -0.00508962897583842278
0.52999997138977050800 -0.00503476196900010109
0.54000002145767211900 -0.00495807779952883721
0.55000001192092895500 -0.00487155886366963387
0.56000000238418579100 -0.00476025789976119995
0.56999999284744262700 -0.00460937200114130974
0.57999998331069946300 -0.00443638581782579422
0.58999997377395629900 -0.00425019208341836929
0.60000002384185791000 -0.00401271786540746689
0.61000001430511474600 -0.00374083989299833775
0.62000000476837158200 -0.00344050698913633824
0.62999999523162841800 -0.00309651903808116913
0.63999998569488525400 -0.00271568889729678631
0.64999997615814209000 -0.00228622299619019032
0.66000002622604370100 -0.00180688197724521160
0.67000001668930053700 -0.00128122302703559399
0.68000000715255737300 -0.00071527907857671380
0.68999999761581420900 -0.00016440790204796940
0.69999998807907104500 0.00041657421388663352
0.70999997854232788100 0.00111591105815023184
0.72000002861022949200 0.00180866802111268044
0.73000001907348632800 0.00253672804683446884
0.74000000953674316400 0.00328896194696426392
0.75000000000000000000 0.00407177489250898361
0.75999999046325683600 0.00487957987934350968
0.76999998092651367200 0.00570960016921162605
0.77999997138977050800 0.00656102504581212998
0.79000002145767211900 0.00744859408587217331
0.80000001192092895500 0.00832336489111185074
0.81000000238418579100 0.00883934088051319123
0.81999999284744262700 0.01000219956040382390
0.82999998331069946300 0.00910256709903478623
0.83999997377395629900 0.01153382007032632830
0.85000002384185791000 0.01249714009463787080
0.86000001430511474600 0.01410538982599973680
0.87000000476837158200 0.01492956001311540600
0.87999999523162841800 0.01567240059375762940
0.88999998569488525400 0.01703643053770065310
0.89999997615814209000 0.01804715953767299650
0.91000002622604370100 0.01910910941660404210
0.92000001668930053700 0.02019239962100982670
0.93000000715255737300 0.02145811915397644040
0.93999999761581420900 0.02205944992601871490
0.94999998807907104500 0.02332361973822116850
0.95999997854232788100 0.02452833019196987150
0.97000002861022949200 0.02574818953871726990
0.98000001907348632800 0.02679765038192272190
0.99000000953674316400 0.02794132940471172330
1.00000000000000000000 0.02920964919030666350
