-1.00000000000000000000 -0.00554625084623694420
-0.99000000953674316400 -0.00555307790637016297
-0.98000001907348632800 -0.00556660303846001625
-0.97000002861022949200 -0.00554649578407406807
-0.95999997854232788100 -0.00552903302013874054
-0.94999998807907104500 -0.00553766312077641487
-0.93999999761581420900 -0.00552997691556811333
-0.93000000715255737300 -0.00551272789016366005
-0.92000001668930053700 -0.00551179284229874611
-0.91000002622604370100 -0.00552292587235569954
-0.89999997615814209000 -0.00553109496831893921
-0.88999998569488525400 -0.00554021587595343590
-0.87999999523162841800 -0.00554909696802496910
-0.87000000476837158200 -0.00554000819101929665
-0.86000001430511474600 -0.00552155496552586556
-0.85000002384185791000 -0.00553343910723924637
-0.83999997377395629900 -0.00552467908710241318
-0.82999998331069946300 -0.00551351485773921013
-0.81999999284744262700 -0.00551519682630896568
-0.81000000238418579100 -0.00551911909133195877
-0.80000001192092895500 -0.00553324120119214058
-0.79000002145767211900 -0.00553956022486090660
-0.77999997138977050800 -0.00554988579824566841
-0.76999998092651367200 -0.00553783401846885681
-0.75999999046325683600 -0.00551978498697280884
-0.75000000000000000000 -0.00552713405340909958
-0.74000000953674316400 -0.00552032701671123505
-0.73000001907348632800 -0.00549720879644155502
-0.72000002861022949200 -0.00550172990188002587
-0.70999997854232788100 -0.00550063513219356537
-0.69999998807907104500 -0.00550578581169247627
-0.68999999761581420900 -0.00551397399976849556
-0.68000000715255737300 -0.00550918001681566239
-0.67000001668930053700 -0.00550130801275372505
-0.66000002622604370100 -0.00548479799181222916
-0.64999997615814209000 -0.00548849394544959068
-0.63999998569488525400 -0.00548602221533656120
-0.62999999523162841800 -0.00547218089923262596
-0.62000000476837158200 -0.00547631084918975830
-0.61000001430511474600 -0.00548646785318851471
-0.60000002384185791000 -0.00550066819414496422
-0.58999997377395629900 -0.00550641398876905441
-0.57999998331069946300 -0.00551384221762418747
-0.56999999284744262700 -0.00550309894606471062
-0.56000000238418579100 -0.00549189280718564987
-0.55000001192092895500 -0.00550181092694401741
-0.54000002145767211900 -0.00549258710816502571
-0.52999997138977050800 -0.00548165105283260346
-0.51999998092651367200 -0.00548787508159875870
-0.50999999046325683600 -0.00549698108807206154
-0.50000000000000000000 -0.00550956884399056435
-0.49000000953674316400 -0.00551859196275472641
-0.47999998927116394000 -0.00551073299720883370
-0.46999999880790710400 -0.00550188403576612473
-0.46000000834465026800 -0.00549418199807405472
-0.44999998807907104500 -0.00549245299771428108
-0.43999999761581420900 -0.00547877093777060509
-0.43000000715255737300 -0.00547219812870025635
-0.41999998688697814900 -0.00547501398250460625
-0.40999999642372131300 -0.00548038212582468987
-0.40000000596046447700 -0.00548705318942666054
-0.38999998569488525400 -0.00549172889441251755
-0.37999999523162841800 -0.00548514677211642266
-0.37000000476837158200 -0.00546336499974131584
-0.36000001430511474600 -0.00547287799417972565
-0.34999999403953552200 -0.00546923605725169182
-0.34000000357627868600 -0.00545468088239431381
-0.33000001311302185100 -0.00545567180961370468
-0.31999999284744262700 -0.00545948790386319161
-0.31000000238418579100 -0.00547434110194444657
-0.30000001192092895500 -0.00548432487994432450
-0.28999999165534973100 -0.00549437711015343666
-0.28000000119209289500 -0.00548520684242248535
-0.27000001072883606000 -0.00546396896243095398
-0.25999999046325683600 -0.00547524588182568550
-0.25000000000000000000 -0.00547129381448030472
-0.23999999463558197000 -0.00545513583347201348
-0.23000000417232513400 -0.00545637402683496475
-0.21999999880790710400 -0.00546136498451232910
-0.20999999344348907500 -0.00547042721882462502
-0.20000000298023223900 -0.00547953415662050247
-0.18999999761581420900 -0.00547761004418134690
-0.18000000715255737300 -0.00546835316345095635
-0.17000000178813934300 -0.00544616999104619026
-0.15999999642372131300 -0.00544783286750316620
-0.15000000596046447800 -0.00543652800843119621
-0.14000000059604644800 -0.00541842589154839516
-0.12999999523162841800 -0.00541098089888691902
-0.11999999731779098500 -0.00541612878441810608
-0.10999999940395355200 -0.00542940013110637665
-0.10000000149011611900 -0.00543029420077800751
-0.09000000357627868650 -0.00544169219210743904
-0.07999999821186065670 -0.00543157290667295456
-0.07000000029802322390 -0.00541221396997570992
-0.05999999865889549260 -0.00542420893907546997
-0.05000000074505805970 -0.00542171578854322434
-0.03999999910593032840 -0.00540329702198505402
-0.02999999932944774630 -0.00540632801130414009
-0.01999999955296516420 -0.00541703915223479271
-0.00999999977648258210 -0.00542775914072990418
0.00000000000000000000 -0.00543307512998580933
0.00999999977648258210 -0.00543614709749817848
0.01999999955296516420 -0.00543608609586954117
0.02999999932944774630 -0.00542437098920345307
0.03999999910593032840 -0.00541494321078062058
0.05000000074505805970 -0.00542038911953568459
0.05999999865889549260 -0.00540908100083470345
0.07000000029802322390 -0.00539862504228949547
0.07999999821186065670 -0.00539955589920282364
0.09000000357627868650 -0.00540794618427753449
0.10000000149011611900 -0.00541322678327560425
0.10999999940395355200 -0.00541792809963226319
0.11999999731779098500 -0.00540733383968472481
0.12999999523162841800 -0.00539697287604212761
0.14000000059604644800 -0.00538381794467568398
0.15000000596046447800 -0.00538193900138139725
0.15999999642372131300 -0.00536820711567997933
0.17000000178813934300 -0.00535690877586603165
0.18000000715255737300 -0.00535308383405208588
0.18999999761581420900 -0.00536498986184597016
0.20000000298023223900 -0.00537088420242071152
0.20999999344348907500 -0.00537193380296230316
0.21999999880790710400 -0.00537045719102025032
0.23000000417232513400 -0.00535594113171100617
0.23999999463558197000 -0.00534024508669972420
0.25000000000000000000 -0.00534504605457186699
0.25999999046325683600 -0.00532354321330785752
0.27000001072883606000 -0.00531242322176694870
0.28000000119209289500 -0.00530545692890882492
0.28999999165534973100 -0.00530905416235327721
0.30000001192092895500 -0.00531012006103992462
0.31000000238418579100 -0.00530447298660874367
0.31999999284744262700 -0.00528522208333015442
0.33000001311302185100 -0.00525484001263976097
0.34000000357627868600 -0.00524515099823474884
0.34999999403953552200 -0.00522343488410115242
0.36000001430511474600 -0.00518867513164877892
0.37000000476837158200 -0.00516497110947966576
0.37999999523162841800 -0.00514304405078291893
0.38999998569488525400 -0.00512558408081531525
0.40000000596046447700 -0.00510051380842924118
0.40999999642372131300 -0.00507366005331277847
0.41999998688697814900 -0.00503347394987940788
0.43000000715255737300 -0.00497610401362180710
0.43999999761581420900 -0.00494096381589770317
0.44999998807907104500 -0.00489627895876765251
0.46000000834465026800 -0.00483356509357690811
0.46999999880790710400 -0.00478204712271690369
0.47999998927116394000 -0.00473630987107753754
0.49000000953674316400 -0.00468563800677657128
0.50000000000000000000 -0.00462998496368527413
0.50999999046325683600 -0.00456503685563802719
0.51999998092651367200 -0.00447401404380798340
0.52999997138977050800 -0.00437171896919608116
0.54000002145767211900 -0.00427762186154723168
0.55000001192092895500 -0.00416079722344875336
0.56000000238418579100 -0.00401617493480443955
0.56999999284744262700 -0.00387261807918548584
0.57999998331069946300 -0.00371301802806556225
0.58999997377395629900 -0.00352570507675409317
0.60000002384185791000 -0.00330793205648660660
0.61000001430511474600 -0.00305737811140716076
0.62000000476837158200 -0.00275600911118090153
0.62999999523162841800 -0.00240139407105743885
0.63999998569488525400 -0.00202913605608046055
0.64999997615814209000 -0.00159344496205449104
0.66000002622604370100 -0.00110381003469228745
0.67000001668930053700 -0.00056455109734088182
0.68000000715255737300 -0.00002014661004068330
0.68999999761581420900 0.00054735387675464153
0.69999998807907104500 0.00124193797819316387
0.70999997854232788100 0.00194829795509576798
0.72000002861022949200 0.00269049708731472492
0.73000001907348632800 0.00347563298419117928
0.74000000953674316400 0.00429244805127382279
0.75000000000000000000 0.00514560099691152573
0.75999999046325683600 0.00602862518280744553
0.76999998092651367200 0.00696393009275197983
0.77999997138977050800 0.00791375990957021714
0.79000002145767211900 0.00888974685221910477
0.80000001192092895500 0.00989510398358106614
0.81000000238418579100 0.01039586029946804050
0.81999999284744262700 0.01141318958252668380
0.82999998331069946300 0.01245321985334157940
0.83999997377395629900 0.01351181976497173310
0.85000002384185791000 0.01460008043795824050
0.86000001430511474600 0.01571539975702762600
0.87000000476837158200 0.01684750989079475400
0.87999999523162841800 0.01800633035600185390
0.88999998569488525400 0.01917484030127525330
0.89999997615814209000 0.02035910077393054960
0.91000002622604370100 0.02157464995980262760
0.92000001668930053700 0.02280792035162448880
0.93000000715255737300 0.02404999919235706330
0.93999999761581420900 0.02532703056931495670
0.94999998807907104500 0.02661743015050888060
0.95999997854232788100 0.02793378941714763640
0.97000002861022949200 0.02926724962890148160
0.98000001907348632800 0.03061597049236297610
0.99000000953674316400 0.03196939080953598020
1.00000000000000000000 0.03333961963653564450
