-1.00000000000000000000 -0.00552795222029089928
-0.99000000953674316400 -0.00554206687957048416
-0.98000001907348632800 -0.00555441901087760925
-0.97000002861022949200 -0.00555521296337246895
-0.95999997854232788100 -0.00557059887796640396
-0.94999998807907104500 -0.00555668212473392487
-0.93999999761581420900 -0.00554195418953895569
-0.93000000715255737300 -0.00555877294391393662
-0.92000001668930053700 -0.00555151514708995819
-0.91000002622604370100 -0.00553317321464419365
-0.89999997615814209000 -0.00554134789854288101
-0.88999998569488525400 -0.00554789602756500244
-0.87999999523162841800 -0.00555734010413289070
-0.87000000476837158200 -0.00557215278968214989
-0.86000001430511474600 -0.00556320091709494591
-0.85000002384185791000 -0.00554576981812715531
-0.83999997377395629900 -0.00554643711075186730
-0.82999998331069946300 -0.00554088316857814789
-0.81999999284744262700 -0.00552493985742330551
-0.81000000238418579100 -0.00552141200751066208
-0.80000001192092895500 -0.00552670098841190338
-0.79000002145767211900 -0.00553964218124747276
-0.77999997138977050800 -0.00554323708638548851
-0.76999998092651367200 -0.00555031700059771538
-0.75999999046325683600 -0.00554619217291474343
-0.75000000000000000000 -0.00552318198606371880
-0.74000000953674316400 -0.00553707079961895943
-0.73000001907348632800 -0.00553740514442324639
-0.72000002861022949200 -0.00551648205146193504
-0.70999997854232788100 -0.00552388979122042656
-0.69999998807907104500 -0.00553454505279660225
-0.68999999761581420900 -0.00554125010967254639
-0.68000000715255737300 -0.00554847717285156250
-0.67000001668930053700 -0.00555000221356749535
-0.66000002622604370100 -0.00552947819232940674
-0.64999997615814209000 -0.00552589586004614830
-0.63999998569488525400 -0.00553154386579990387
-0.62999999523162841800 -0.00551111996173858643
-0.62000000476837158200 -0.00550487078726291657
-0.61000001430511474600 -0.00550991622731089592
-0.60000002384185791000 -0.00551690580323338509
-0.58999997377395629900 -0.00551605690270662308
-0.57999998331069946300 -0.00552775105461478234
-0.56999999284744262700 -0.00550961494445800781
-0.56000000238418579100 -0.00548958312720060349
-0.55000001192092895500 -0.00549928611144423485
-0.54000002145767211900 -0.00549127720296382904
-0.52999997138977050800 -0.00546941999346017838
-0.51999998092651367200 -0.00547229684889316559
-0.50999999046325683600 -0.00547799700871109963
-0.50000000000000000000 -0.00549269979819655419
-0.49000000953674316400 -0.00550169497728347778
-0.47999998927116394000 -0.00549699179828166962
-0.46999999880790710400 -0.00549480877816677094
-0.46000000834465026800 -0.00548879802227020264
-0.44999998807907104500 -0.00548999104648828507
-0.43999999761581420900 -0.00547972321510314942
-0.43000000715255737300 -0.00547938887029886246
-0.41999998688697814900 -0.00548211485147476196
-0.40999999642372131300 -0.00549658993259072304
-0.40000000596046447700 -0.00550930202007293701
-0.38999998569488525400 -0.00550410384312272072
-0.37999999523162841800 -0.00550600187852978707
-0.37000000476837158200 -0.00548849394544959068
-0.36000001430511474600 -0.00549596594646573067
-0.34999999403953552200 -0.00549680180847644806
-0.34000000357627868600 -0.00547380093485116959
-0.33000001311302185100 -0.00547659117728471756
-0.31999999284744262700 -0.00548721896484494209
-0.31000000238418579100 -0.00549134099856019020
-0.30000001192092895500 -0.00549486698582768440
-0.28999999165534973100 -0.00549386302009224892
-0.28000000119209289500 -0.00547026796266436577
-0.27000001072883606000 -0.00547396112233400345
-0.25999999046325683600 -0.00546959182247519493
-0.25000000000000000000 -0.00544977979734539986
-0.23999999463558197000 -0.00545529322698712349
-0.23000000417232513400 -0.00545674096792936325
-0.21999999880790710400 -0.00546896690502762795
-0.20999999344348907500 -0.00547984382137656212
-0.20000000298023223900 -0.00548491813242435456
-0.18999999761581420900 -0.00547344004735350609
-0.18000000715255737300 -0.00546008022502064705
-0.17000000178813934300 -0.00546962022781372070
-0.15999999642372131300 -0.00545884296298027039
-0.15000000596046447800 -0.00544490385800600052
-0.14000000059604644800 -0.00544565916061401367
-0.12999999523162841800 -0.00545636983588337898
-0.11999999731779098500 -0.00546246301382780075
-0.10999999940395355200 -0.00546437315642833710
-0.10000000149011611900 -0.00546121783554553986
-0.09000000357627868650 -0.00544736208394169808
-0.07999999821186065670 -0.00543534802272915840
-0.07000000029802322390 -0.00543639017269015312
-0.05999999865889549260 -0.00542369810864329338
-0.05000000074505805970 -0.00540614221245050430
-0.03999999910593032840 -0.00541145401075482369
-0.02999999932944774630 -0.00542140612378716469
-0.01999999955296516420 -0.00542478589341044426
-0.00999999977648258210 -0.00542952911928296089
0.00000000000000000000 -0.00542218098416924477
0.00999999977648258210 -0.00541277695447206497
0.01999999955296516420 -0.00540268700569868088
0.02999999932944774630 -0.00541113410145044327
0.03999999910593032840 -0.00539889512583613396
0.05000000074505805970 -0.00538720982149243355
0.05999999865889549260 -0.00540288304910063744
0.07000000029802322390 -0.00541419489309191704
0.07999999821186065670 -0.00541566498577594757
0.09000000357627868650 -0.00543309189379215241
0.10000000149011611900 -0.00541713181883096695
0.10999999940395355200 -0.00539582083001732826
0.11999999731779098500 -0.00541273690760135651
0.12999999523162841800 -0.00540484581142663956
0.14000000059604644800 -0.00538077112287282944
0.15000000596046447800 -0.00538267288357019425
0.15999999642372131300 -0.00538635300472378731
0.17000000178813934300 -0.00539212301373481751
0.18000000715255737300 -0.00539942877367138863
0.18999999761581420900 -0.00539421616122126579
0.20000000298023223900 -0.00538302585482597351
0.20999999344348907500 -0.00535947922617197037
0.21999999880790710400 -0.00536197097972035408
0.23000000417232513400 -0.00535116810351610184
0.23999999463558197000 -0.00532781193032860756
0.25000000000000000000 -0.00532530900090932846
0.25999999046325683600 -0.00533232185989618302
0.27000001072883606000 -0.00533218216150999069
0.28000000119209289500 -0.00533096212893724442
0.28999999165534973100 -0.00532282702624797821
0.30000001192092895500 -0.00529044680297374726
0.31000000238418579100 -0.00528985913842916489
0.31999999284744262700 -0.00527795078232884407
0.33000001311302185100 -0.00524472910910844803
0.34000000357627868600 -0.00523401517421007157
0.34999999403953552200 -0.00522478809580206871
0.36000001430511474600 -0.00521515309810638428
0.37000000476837158200 -0.00519995391368865967
0.37999999523162841800 -0.00518805999308824539
0.38999998569488525400 -0.00515007879585027695
0.40000000596046447700 -0.00510620884597301483
0.40999999642372131300 -0.00508810020983219147
0.41999998688697814900 -0.00504593318328261376
0.43000000715255737300 -0.00499845715239644051
0.43999999761581420900 -0.00495694577693939209
0.44999998807907104500 -0.00491931103169918060
0.46000000834465026800 -0.00487951003015041351
0.46999999880790710400 -0.00483587803319096565
0.47999998927116394000 -0.00476868217810988426
0.49000000953674316400 -0.00468748994171619415
0.50000000000000000000 -0.00462199607864022255
0.50999999046325683600 -0.00454259105026721954
0.51999998092651367200 -0.00444660894572734833
0.52999997138977050800 -0.00434877397492527962
0.54000002145767211900 -0.00424924679100513458
0.55000001192092895500 -0.00414308020845055580
0.56000000238418579100 -0.00401426991447806358
0.56999999284744262700 -0.00386068900115787983
0.57999998331069946300 -0.00367593509145081043
0.58999997377395629900 -0.00345374690368771553
0.60000002384185791000 -0.00321939005516469479
0.61000001430511474600 -0.00294510507956147194
0.62000000476837158200 -0.00262604793533682823
0.62999999523162841800 -0.00228102994151413441
0.63999998569488525400 -0.00190092297270894051
0.64999997615814209000 -0.00147928798105567694
0.66000002622604370100 -0.00101436302065849304
0.67000001668930053700 -0.00048284389777109027
0.68000000715255737300 0.00002435369970044121
0.68999999761581420900 0.00056218839017674327
0.69999998807907104500 0.00120386097114533186
0.70999997854232788100 0.00184925005305558443
0.72000002861022949200 0.00251924106851220131
0.73000001907348632800 0.00322207598946988583
0.74000000953674316400 0.00395118910819292069
0.75000000000000000000 0.00471142819151282311
0.75999999046325683600 0.00549193704500794411
0.76999998092651367200 0.00629423186182975769
0.77999997138977050800 0.00712232198566198349
0.79000002145767211900 0.00797127373516559601
0.80000001192092895500 0.00883940607309341431
0.81000000238418579100 0.00973010994493961335
0.81999999284744262700 0.01011850032955408100
0.82999998331069946300 0.01100275013595819470
0.83999997377395629900 0.01191178988665342330
0.85000002384185791000 0.01283350959420204160
0.86000001430511474600 0.01377524994313716890
0.87000000476837158200 0.01473443955183029180
0.87999999523162841800 0.01569465920329093930
0.88999998569488525400 0.01667750068008899690
0.89999997615814209000 0.01768062077462673190
0.91000002622604370100 0.01868092082440853120
0.92000001668930053700 0.01970428042113780980
0.93000000715255737300 0.02074280008673667910
0.93999999761581420900 0.02180379070341587070
0.94999998807907104500 0.02287488989531993870
0.95999997854232788100 0.02395750023424625400
0.97000002861022949200 0.02504630945622920990
0.98000001907348632800 0.02614386938512325290
0.99000000953674316400 0.02726406045258045200
1.00000000000000000000 0.02839626930654048920
