-1.00000000000000000000 -0.00671796314418315888
-0.99000000953674316400 -0.00670826202258467674
-0.98000001907348632800 -0.00669536599889397621
-0.97000002861022949200 -0.00668548513203859329
-0.95999997854232788100 -0.00667328480631113053
-0.94999998807907104500 -0.00666648987680673599
-0.93999999761581420900 -0.00665846187621355057
-0.93000000715255737300 -0.00667770812287926674
-0.92000001668930053700 -0.00669367006048560143
-0.91000002622604370100 -0.00668236520141363144
-0.89999997615814209000 -0.00669076712802052498
-0.88999998569488525400 -0.00667879683896899224
-0.87999999523162841800 -0.00666728196665644646
-0.87000000476837158200 -0.00667143519967794419
-0.86000001430511474600 -0.00665578898042440415
-0.85000002384185791000 -0.00664228200912475586
-0.83999997377395629900 -0.00665529817342758179
-0.82999998331069946300 -0.00666914181783795357
-0.81999999284744262700 -0.00666116923093795777
-0.81000000238418579100 -0.00667968578636646271
-0.80000001192092895500 -0.00666758604347705841
-0.79000002145767211900 -0.00663351919502019882
-0.77999997138977050800 -0.00665068905800580979
-0.76999998092651367200 -0.00664517516270279885
-0.75999999046325683600 -0.00661347480490803719
-0.75000000000000000000 -0.00662010302767157555
-0.74000000953674316400 -0.00662906887009739876
-0.73000001907348632800 -0.00662718201056122780
-0.72000002861022949200 -0.00663878489285707474
-0.70999997854232788100 -0.00664461916312575340
-0.69999998807907104500 -0.00662127602845430374
-0.68999999761581420900 -0.00660749292001128197
-0.68000000715255737300 -0.00661832420155405998
-0.67000001668930053700 -0.00660046096891164780
-0.66000002622604370100 -0.00659138197079300881
-0.64999997615814209000 -0.00659905001521110535
-0.63999998569488525400 -0.00660390406847000122
-0.62999999523162841800 -0.00662324996665120125
-0.62000000476837158200 -0.00662862602621316910
-0.61000001430511474600 -0.00662887282669544220
-0.60000002384185791000 -0.00662222085520625115
-0.58999997377395629900 -0.00660948688164353371
-0.57999998331069946300 -0.00661108782514929772
-0.56999999284744262700 -0.00660155015066266060
-0.56000000238418579100 -0.00658994680270552635
-0.55000001192092895500 -0.00659227510914206505
-0.54000002145767211900 -0.00660726800560951233
-0.52999997138977050800 -0.00661469297483563423
-0.51999998092651367200 -0.00661673117429018021
-0.50999999046325683600 -0.00661410111933946610
-0.50000000000000000000 -0.00659183505922555924
-0.49000000953674316400 -0.00659070909023284912
-0.47999998927116394000 -0.00658403616398572922
-0.46999999880790710400 -0.00655290903523564339
-0.46000000834465026800 -0.00654625287279486656
-0.44999998807907104500 -0.00655313022434711456
-0.43999999761581420900 -0.00654916791245341301
-0.43000000715255737300 -0.00655572488903999329
-0.41999998688697814900 -0.00656919600442051888
-0.40999999642372131300 -0.00655029108747839928
-0.40000000596046447700 -0.00652214977890253067
-0.38999998569488525400 -0.00654167402535676956
-0.37999999523162841800 -0.00652855401858687401
-0.37000000476837158200 -0.00650834292173385620
-0.36000001430511474600 -0.00652498705312609673
-0.34999999403953552200 -0.00652521988376975060
-0.34000000357627868600 -0.00654084002599120140
-0.33000001311302185100 -0.00655837403610348702
-0.31999999284744262700 -0.00655472977086901665
-0.31000000238418579100 -0.00654013222083449364
-0.30000001192092895500 -0.00653420994058251381
-0.28999999165534973100 -0.00653079990297555924
-0.28000000119209289500 -0.00652148900553584099
-0.27000001072883606000 -0.00651649804785847664
-0.25999999046325683600 -0.00650385301560163498
-0.25000000000000000000 -0.00651555415242910385
-0.23999999463558197000 -0.00653620110824704170
-0.23000000417232513400 -0.00652773305773735047
-0.21999999880790710400 -0.00652500521391630173
-0.20999999344348907500 -0.00651787081733345986
-0.20000000298023223900 -0.00649472000077366829
-0.18999999761581420900 -0.00649457983672618866
-0.18000000715255737300 -0.00648463005200028420
-0.17000000178813934300 -0.00646216887980699539
-0.15999999642372131300 -0.00646748114377260208
-0.15000000596046447800 -0.00647817319259047508
-0.14000000059604644800 -0.00647577503696084023
-0.12999999523162841800 -0.00648098206147551537
-0.11999999731779098500 -0.00647529680281877518
-0.10999999940395355200 -0.00643916893750429154
-0.10000000149011611900 -0.00644874013960361481
-0.09000000357627868650 -0.00644921790808439255
-0.07999999821186065670 -0.00640820013359189034
-0.07000000029802322390 -0.00641144393011927605
-0.05999999865889549260 -0.00642261002212762833
-0.05000000074505805970 -0.00641564279794692993
-0.03999999910593032840 -0.00642615603283047676
-0.02999999932944774630 -0.00643446017056703568
-0.01999999955296516420 -0.00639955280348658562
-0.00999999977648258210 -0.00637642294168472290
0.00000000000000000000 -0.00638335011899471283
0.00999999977648258210 -0.00636384682729840279
0.01999999955296516420 -0.00633179489523172379
0.02999999932944774630 -0.00631451606750488281
0.03999999910593032840 -0.00630158698186278343
0.05000000074505805970 -0.00629319110885262490
0.05999999865889549260 -0.00628811120986938477
0.07000000029802322390 -0.00625993590801954270
0.07999999821186065670 -0.00622462294995784760
0.09000000357627868650 -0.00618368107825517655
0.10000000149011611900 -0.00615081982687115669
0.10999999940395355200 -0.00611399905756115914
0.11999999731779098500 -0.00607067486271262169
0.12999999523162841800 -0.00602976093068718910
0.14000000059604644800 -0.00599941005930304528
0.15000000596046447800 -0.00597517518326640129
0.15999999642372131300 -0.00592886377125978470
0.17000000178813934300 -0.00589438481256365776
0.18000000715255737300 -0.00584078999236226082
0.18999999761581420900 -0.00576988095417618752
0.20000000298023223900 -0.00573144713416695595
0.20999999344348907500 -0.00567594915628433228
0.21999999880790710400 -0.00559517880901694298
0.23000000417232513400 -0.00553914718329906464
0.23999999463558197000 -0.00548632489517331124
0.25000000000000000000 -0.00541281281039118767
0.25999999046325683600 -0.00534995598718523979
0.27000001072883606000 -0.00527859106659889221
0.28000000119209289500 -0.00517820799723267555
0.28999999165534973100 -0.00509282900020480156
0.30000001192092895500 -0.00501024723052978516
0.31000000238418579100 -0.00490268087014555931
0.31999999284744262700 -0.00480693392455577850
0.33000001311302185100 -0.00471504777669906616
0.34000000357627868600 -0.00461049797013401985
0.34999999403953552200 -0.00451326509937644005
0.36000001430511474600 -0.00440628919750452042
0.37000000476837158200 -0.00428412109613418579
0.37999999523162841800 -0.00416004192084074021
0.38999998569488525400 -0.00404273206368088722
0.40000000596046447700 -0.00390782486647367478
0.40999999642372131300 -0.00377162010408937931
0.41999998688697814900 -0.00363907590508460999
0.43000000715255737300 -0.00349919800646603108
0.43999999761581420900 -0.00336397788487374783
0.44999998807907104500 -0.00322123197838664055
0.46000000834465026800 -0.00307005504146218300
0.46999999880790710400 -0.00291374209336936474
0.47999998927116394000 -0.00274828891269862652
0.49000000953674316400 -0.00258557708002626896
0.50000000000000000000 -0.00241912109777331352
0.50999999046325683600 -0.00224292604252696037
0.51999998092651367200 -0.00206698197871446610
0.52999997138977050800 -0.00189210998360067606
0.54000002145767211900 -0.00171196996234357357
0.55000001192092895500 -0.00152584200259298086
0.56000000238418579100 -0.00133814895525574684
0.56999999284744262700 -0.00114187796134501696
0.57999998331069946300 -0.00091171427629888058
0.58999997377395629900 -0.00072078360244631767
0.60000002384185791000 -0.00052680540829896927
0.61000001430511474600 -0.00032274168916046619
0.62000000476837158200 -0.00012512480316217989
0.62999999523162841800 0.00007012899004621431
0.63999998569488525400 0.00025908579118549824
0.64999997615814209000 0.00046994379954412580
0.66000002622604370100 0.00067887769546359777
0.67000001668930053700 0.00088975141989067197
0.68000000715255737300 0.00114287401083856821
0.68999999761581420900 0.00136844499502331018
0.69999998807907104500 0.00159668200649321079
0.70999997854232788100 0.00182672298979014158
0.72000002861022949200 0.00205476908013224602
0.73000001907348632800 0.00228707003407180309
0.74000000953674316400 0.00252066203393042088
0.75000000000000000000 0.00275195902213454247
0.75999999046325683600 0.00298511609435081482
0.76999998092651367200 0.00322146411053836346
0.77999997138977050800 0.00345690501853823662
0.79000002145767211900 0.00369590800255537033
0.80000001192092895500 0.00393753917887806893
0.81000000238418579100 0.00417611887678503990
0.81999999284744262700 0.00441811187192797661
0.82999998331069946300 0.00466213515028357506
0.83999997377395629900 0.00490377517417073250
0.85000002384185791000 0.00514600286260247231
0.86000001430511474600 0.00539112603291869164
0.87000000476837158200 0.00563536118716001511
0.87999999523162841800 0.00588071020320057869
0.88999998569488525400 0.00612988788634538651
0.89999997615814209000 0.00637706089764833450
0.91000002622604370100 0.00662451097741723061
0.92000001668930053700 0.00687516480684280396
0.93000000715255737300 0.00712358020246028900
0.93999999761581420900 0.00737317977473139763
0.94999998807907104500 0.00762375397607684136
0.95999997854232788100 0.00787352304905653000
0.97000002861022949200 0.00812473986297845841
0.98000001907348632800 0.00837787892669439316
0.99000000953674316400 0.00863036792725324631
1.00000000000000000000 0.00888345483690500260
