-1.00000000000000000000 -0.00612851511687040329
-0.99000000953674316400 -0.00612046197056770325
-0.98000001907348632800 -0.00610946118831634522
-0.97000002861022949200 -0.00612057698890566826
-0.95999997854232788100 -0.00614730222150683403
-0.94999998807907104500 -0.00613290397450327873
-0.93999999761581420900 -0.00615033786743879318
-0.93000000715255737300 -0.00615251995623111725
-0.92000001668930053700 -0.00611626403406262398
-0.91000002622604370100 -0.00614026188850402832
-0.89999997615814209000 -0.00614438392221927643
-0.88999998569488525400 -0.00610584998503327370
-0.87999999523162841800 -0.00612045777961611748
-0.87000000476837158200 -0.00614142185077071190
-0.86000001430511474600 -0.00613390421494841576
-0.85000002384185791000 -0.00615372881293296814
-0.83999997377395629900 -0.00616412796080112458
-0.82999998331069946300 -0.00613475497812032700
-0.81999999284744262700 -0.00612499890848994255
-0.81000000238418579100 -0.00614433689042925835
-0.80000001192092895500 -0.00612113997340202332
-0.79000002145767211900 -0.00610940204933285713
-0.77999997138977050800 -0.00611833482980728150
-0.76999998092651367200 -0.00611291313543915749
-0.75999999046325683600 -0.00613076798617839813
-0.75000000000000000000 -0.00613381899893283844
-0.74000000953674316400 -0.00612473720684647560
-0.73000001907348632800 -0.00611660582944750786
-0.72000002861022949200 -0.00610845303162932396
-0.70999997854232788100 -0.00610506394878029824
-0.69999998807907104500 -0.00610131397843360901
-0.68999999761581420900 -0.00609833700582385063
-0.68000000715255737300 -0.00610032305121421814
-0.67000001668930053700 -0.00612661708146333695
-0.66000002622604370100 -0.00613388605415821076
-0.64999997615814209000 -0.00614399788901209831
-0.63999998569488525400 -0.00614788196980953217
-0.62999999523162841800 -0.00613305997103452683
-0.62000000476837158200 -0.00613234797492623329
-0.61000001430511474600 -0.00614380696788430214
-0.60000002384185791000 -0.00612483778968453408
-0.58999997377395629900 -0.00611332384869456291
-0.57999998331069946300 -0.00613377615809440613
-0.56999999284744262700 -0.00614144001156091690
-0.56000000238418579100 -0.00614638719707727432
-0.55000001192092895500 -0.00616918597370386124
-0.54000002145767211900 -0.00615500379353761673
-0.52999997138977050800 -0.00612477911636233330
-0.51999998092651367200 -0.00614413805305957794
-0.50999999046325683600 -0.00613027717918157578
-0.50000000000000000000 -0.00610837992280721665
-0.49000000953674316400 -0.00612280005589127541
-0.47999998927116394000 -0.00612044520676136017
-0.46999999880790710400 -0.00612826086580753327
-0.46000000834465026800 -0.00614783121272921562
-0.44999998807907104500 -0.00614473503082990647
-0.43999999761581420900 -0.00612275023013353348
-0.43000000715255737300 -0.00611778814345598221
-0.41999998688697814900 -0.00611385703086853028
-0.40999999642372131300 -0.00610508909448981285
-0.40000000596046447700 -0.00609967997297644615
-0.38999998569488525400 -0.00608743820339441300
-0.37999999523162841800 -0.00610549887642264366
-0.37000000476837158200 -0.00612879497930407524
-0.36000001430511474600 -0.00611760281026363373
-0.34999999403953552200 -0.00612308410927653313
-0.34000000357627868600 -0.00612621288746595383
-0.33000001311302185100 -0.00609628576785326004
-0.31999999284744262700 -0.00611067190766334534
-0.31000000238418579100 -0.00611191289499402046
-0.30000001192092895500 -0.00607874011620879174
-0.28999999165534973100 -0.00609225314110517502
-0.28000000119209289500 -0.00611322280019521713
-0.27000001072883606000 -0.00610527116805315018
-0.25999999046325683600 -0.00612111110240221024
-0.25000000000000000000 -0.00613114098086953163
-0.23999999463558197000 -0.00609057489782571793
-0.23000000417232513400 -0.00609554117545485497
-0.21999999880790710400 -0.00610058195888996124
-0.20999999344348907500 -0.00606678286567330361
-0.20000000298023223900 -0.00606718007475137711
-0.18999999761581420900 -0.00607344880700111389
-0.18000000715255737300 -0.00607315683737397194
-0.17000000178813934300 -0.00608639884740114212
-0.15999999642372131300 -0.00609841709956526756
-0.15000000596046447800 -0.00607456685975193978
-0.14000000059604644800 -0.00606268085539340973
-0.12999999523162841800 -0.00607740506529808045
-0.11999999731779098500 -0.00606139004230499268
-0.10999999940395355200 -0.00605696579441428185
-0.10000000149011611900 -0.00606120191514492035
-0.09000000357627868650 -0.00606794189661741257
-0.07999999821186065670 -0.00608665822073817253
-0.07000000029802322390 -0.00609451113268733025
-0.05999999865889549260 -0.00609250692650675774
-0.05000000074505805970 -0.00609687995165586472
-0.03999999910593032840 -0.00606724200770258904
-0.02999999932944774630 -0.00607589818537235260
-0.01999999955296516420 -0.00608064979314804077
-0.00999999977648258210 -0.00604892103001475334
0.00000000000000000000 -0.00605221278965473175
0.00999999977648258210 -0.00605886382982134819
0.01999999955296516420 -0.00607278011739253998
0.02999999932944774630 -0.00606219284236431122
0.03999999910593032840 -0.00607933290302753449
0.05000000074505805970 -0.00606669299304485321
0.05999999865889549260 -0.00602965615689754486
0.07000000029802322390 -0.00604387279599905014
0.07999999821186065670 -0.00603319285437464714
0.09000000357627868650 -0.00599656021222472191
0.10000000149011611900 -0.00599643494933843613
0.10999999940395355200 -0.00600139703601598740
0.11999999731779098500 -0.00599021790549159050
0.12999999523162841800 -0.00600194279104471207
0.14000000059604644800 -0.00599658396095037460
0.15000000596046447800 -0.00596935907378792763
0.15999999642372131300 -0.00594889419153332710
0.17000000178813934300 -0.00594817986711859703
0.18000000715255737300 -0.00592340482398867607
0.18999999761581420900 -0.00590718910098075867
0.20000000298023223900 -0.00590114621445536614
0.20999999344348907500 -0.00588916102424263954
0.21999999880790710400 -0.00589602580294013024
0.23000000417232513400 -0.00588772818446159363
0.23999999463558197000 -0.00587370712310075760
0.25000000000000000000 -0.00585085991770029068
0.25999999046325683600 -0.00581884616985917092
0.27000001072883606000 -0.00580384396016597748
0.28000000119209289500 -0.00579003477469086647
0.28999999165534973100 -0.00575204100459814072
0.30000001192092895500 -0.00573398219421505928
0.31000000238418579100 -0.00573540106415748596
0.31999999284744262700 -0.00570718618109822273
0.33000001311302185100 -0.00569104310125112534
0.34000000357627868600 -0.00567757803946733475
0.34999999403953552200 -0.00561906117945909500
0.36000001430511474600 -0.00558855198323726654
0.37000000476837158200 -0.00557414581999182701
0.37999999523162841800 -0.00551032507792115212
0.38999998569488525400 -0.00547411711886525154
0.40000000596046447700 -0.00545813096687197685
0.40999999642372131300 -0.00541802495718002320
0.41999998688697814900 -0.00539169507101178169
0.43000000715255737300 -0.00536922598257660866
0.43999999761581420900 -0.00531274918466806412
0.44999998807907104500 -0.00524904904887080193
0.46000000834465026800 -0.00521655986085534096
0.46999999880790710400 -0.00514582404866814614
0.47999998927116394000 -0.00507816299796104431
0.49000000953674316400 -0.00502443779259920120
0.50000000000000000000 -0.00494361110031604767
0.50999999046325683600 -0.00487721990793943405
0.51999998092651367200 -0.00480104889720678330
0.52999997138977050800 -0.00469051301479339600
0.54000002145767211900 -0.00456536002457141876
0.55000001192092895500 -0.00441966904327273369
0.56000000238418579100 -0.00425530783832073212
0.56999999284744262700 -0.00407529994845390320
0.57999998331069946300 -0.00386655004695057869
0.58999997377395629900 -0.00361632695421576500
0.60000002384185791000 -0.00335647701285779476
0.61000001430511474600 -0.00306229689158499241
0.62000000476837158200 -0.00270908395759761334
0.62999999523162841800 -0.00232902006246149540
0.63999998569488525400 -0.00190017500426620245
0.64999997615814209000 -0.00141229201108217239
0.66000002622604370100 -0.00091098900884389877
0.67000001668930053700 -0.00039716809988021851
0.68000000715255737300 0.00013226289593148977
0.68999999761581420900 0.00077163428068161011
0.69999998807907104500 0.00144350703340023756
0.70999997854232788100 0.00215043290518224239
0.72000002861022949200 0.00289206788875162602
0.73000001907348632800 0.00365425809286534786
0.74000000953674316400 0.00443169381469488144
0.75000000000000000000 0.00524982390925288201
0.75999999046325683600 0.00608102418482303620
0.76999998092651367200 0.00693117501214146614
0.77999997138977050800 0.00780358584597706795
0.79000002145767211900 0.00871392060071229935
0.80000001192092895500 0.00961583293974399567
0.81000000238418579100 0.00996575783938169480
0.81999999284744262700 0.01087666954845190050
0.82999998331069946300 0.01178621966391801830
0.83999997377395629900 0.01271692011505365370
0.85000002384185791000 0.01365329045802354810
0.86000001430511474600 0.01464127004146575930
0.87000000476837158200 0.01557218004018068310
0.87999999523162841800 0.01653837971389293670
0.88999998569488525400 0.01749116927385330200
0.89999997615814209000 0.01847350038588047030
0.91000002622604370100 0.01947136037051677700
0.92000001668930053700 0.02045932039618492130
0.93000000715255737300 0.02145989052951335910
0.93999999761581420900 0.02248663082718849180
0.94999998807907104500 0.02348789013922214510
0.95999997854232788100 0.02449735067784786220
0.97000002861022949200 0.02554173022508621220
0.98000001907348632800 0.02656156942248344420
0.99000000953674316400 0.02758486010134220120
1.00000000000000000000 0.02866666018962860110
