-1.00000000000000000000 -0.00605307007208466530
-0.99000000953674316400 -0.00605686986818909645
-0.98000001907348632800 -0.00605587381869554520
-0.97000002861022949200 -0.00602925801649689675
-0.95999997854232788100 -0.00603739917278289795
-0.94999998807907104500 -0.00603800080716609955
-0.93999999761581420900 -0.00601782882586121559
-0.93000000715255737300 -0.00603232998400926590
-0.92000001668930053700 -0.00605686614289879799
-0.91000002622604370100 -0.00604884605854749680
-0.89999997615814209000 -0.00607223389670252800
-0.88999998569488525400 -0.00607347907498478890
-0.87999999523162841800 -0.00604010280221700668
-0.87000000476837158200 -0.00606412487104535103
-0.86000001430511474600 -0.00606236793100833893
-0.85000002384185791000 -0.00603152904659509659
-0.83999997377395629900 -0.00604407489299774170
-0.82999998331069946300 -0.00605930108577013016
-0.81999999284744262700 -0.00605870410799980164
-0.81000000238418579100 -0.00607862509787082672
-0.80000001192092895500 -0.00608077412471175194
-0.79000002145767211900 -0.00605970295146107674
-0.77999997138977050800 -0.00605532294139266014
-0.76999998092651367200 -0.00606605783104896546
-0.75999999046325683600 -0.00604418199509382248
-0.75000000000000000000 -0.00604563485831022263
-0.74000000953674316400 -0.00604470819234848023
-0.73000001907348632800 -0.00605053314939141274
-0.72000002861022949200 -0.00606996379792690277
-0.70999997854232788100 -0.00607016589492559433
-0.69999998807907104500 -0.00605451688170433045
-0.68999999761581420900 -0.00604766421020030976
-0.68000000715255737300 -0.00604733917862176895
-0.67000001668930053700 -0.00603616004809737206
-0.66000002622604370100 -0.00603291112929582596
-0.64999997615814209000 -0.00602129893377423287
-0.63999998569488525400 -0.00602775719016790390
-0.62999999523162841800 -0.00605578394606709480
-0.62000000476837158200 -0.00604536011815071106
-0.61000001430511474600 -0.00605722982436418534
-0.60000002384185791000 -0.00605854811146855354
-0.58999997377395629900 -0.00602918304502964020
-0.57999998331069946300 -0.00604383600875735283
-0.56999999284744262700 -0.00604450888931751251
-0.56000000238418579100 -0.00601947680115699768
-0.55000001192092895500 -0.00602703820914030075
-0.54000002145767211900 -0.00604846281930804253
-0.52999997138977050800 -0.00604455918073654175
-0.51999998092651367200 -0.00606659986078739166
-0.50999999046325683600 -0.00606158701702952385
-0.50000000000000000000 -0.00602963892742991448
-0.49000000953674316400 -0.00604306394234299660
-0.47999998927116394000 -0.00604301318526268006
-0.46999999880790710400 -0.00600476888939738274
-0.46000000834465026800 -0.00601187301799654961
-0.44999998807907104500 -0.00602670386433601380
-0.43999999761581420900 -0.00602346286177635193
-0.43000000715255737300 -0.00603914912790060044
-0.41999998688697814900 -0.00604195799678564072
-0.40999999642372131300 -0.00602115504443645478
-0.40000000596046447700 -0.00600901013240218163
-0.38999998569488525400 -0.00601662183180451393
-0.37999999523162841800 -0.00600650906562805176
-0.37000000476837158200 -0.00599752878770232201
-0.36000001430511474600 -0.00600330810993909836
-0.34999999403953552200 -0.00600677309557795525
-0.34000000357627868600 -0.00603862898424267769
-0.33000001311302185100 -0.00603522686287760735
-0.31999999284744262700 -0.00603617494925856590
-0.31000000238418579100 -0.00603472301736474037
-0.30000001192092895500 -0.00602596718817949295
-0.28999999165534973100 -0.00602229498326778412
-0.28000000119209289500 -0.00601923977956175804
-0.27000001072883606000 -0.00600588694214820862
-0.25999999046325683600 -0.00601486815139651299
-0.25000000000000000000 -0.00603875610977411270
-0.23999999463558197000 -0.00602795276790857315
-0.23000000417232513400 -0.00604389794170856476
-0.21999999880790710400 -0.00604578806087374687
-0.20999999344348907500 -0.00600957404822111130
-0.20000000298023223900 -0.00602843984961509705
-0.18999999761581420900 -0.00603337585926055908
-0.18000000715255737300 -0.00599633483216166496
-0.17000000178813934300 -0.00600238097831606865
-0.15999999642372131300 -0.00602406915277242661
-0.15000000596046447800 -0.00602179905399680138
-0.14000000059604644800 -0.00603461312130093575
-0.12999999523162841800 -0.00603900104761123657
-0.11999999731779098500 -0.00600987020879983902
-0.10999999940395355200 -0.00600783620029687882
-0.10000000149011611900 -0.00601437687873840332
-0.09000000357627868650 -0.00597940385341644287
-0.07999999821186065670 -0.00598799483850598335
-0.07000000029802322390 -0.00599745009094476700
-0.05999999865889549260 -0.00599810294806957245
-0.05000000074505805970 -0.00602226797491312027
-0.03999999910593032840 -0.00602333899587392807
-0.02999999932944774630 -0.00600612396374344826
-0.01999999955296516420 -0.00599485216662287712
-0.00999999977648258210 -0.00600588414818048477
0.00000000000000000000 -0.00598792685195803642
0.00999999977648258210 -0.00598242692649364472
0.01999999955296516420 -0.00598600087687373162
0.02999999932944774630 -0.00597764411941170693
0.03999999910593032840 -0.00599586497992277146
0.05000000074505805970 -0.00600255420431494713
0.05999999865889549260 -0.00600151205435395241
0.07000000029802322390 -0.00599300395697355271
0.07999999821186065670 -0.00597150716930627823
0.09000000357627868650 -0.00597096187993884087
0.10000000149011611900 -0.00596738513559103012
0.10999999940395355200 -0.00593935884535312653
0.11999999731779098500 -0.00593298394232988358
0.12999999523162841800 -0.00594786508008837700
0.14000000059604644800 -0.00594319310039281845
0.15000000596046447800 -0.00594476005062460900
0.15999999642372131300 -0.00594796892255544663
0.17000000178813934300 -0.00591045012697577477
0.18000000715255737300 -0.00590243702754378319
0.18999999761581420900 -0.00591544108465313912
0.20000000298023223900 -0.00587871018797159195
0.20999999344348907500 -0.00586849590763449669
0.21999999880790710400 -0.00588259100914001465
0.23000000417232513400 -0.00586687913164496422
0.23999999463558197000 -0.00587088102474808693
0.25000000000000000000 -0.00588443176820874214
0.25999999046325683600 -0.00584432901814579964
0.27000001072883606000 -0.00581979192793369293
0.28000000119209289500 -0.00582928583025932312
0.28999999165534973100 -0.00578789412975311280
0.30000001192092895500 -0.00575959915295243263
0.31000000238418579100 -0.00575725315138697624
0.31999999284744262700 -0.00572769623249769211
0.33000001311302185100 -0.00572508201003074646
0.34000000357627868600 -0.00571622094139456749
0.34999999403953552200 -0.00567841203883290291
0.36000001430511474600 -0.00564422784373164177
0.37000000476837158200 -0.00561367115005850792
0.37999999523162841800 -0.00558101898059248924
0.38999998569488525400 -0.00554018095135688782
0.40000000596046447700 -0.00549964280799031258
0.40999999642372131300 -0.00545843783766031265
0.41999998688697814900 -0.00543722789734601975
0.43000000715255737300 -0.00540261389687657356
0.43999999761581420900 -0.00535906106233596802
0.44999998807907104500 -0.00530757103115320206
0.46000000834465026800 -0.00524096516892313957
0.46999999880790710400 -0.00518498988822102547
0.47999998927116394000 -0.00512707699090242386
0.49000000953674316400 -0.00503917597234249115
0.50000000000000000000 -0.00496145384386181832
0.50999999046325683600 -0.00489355577155947685
0.51999998092651367200 -0.00480361003428697586
0.52999997138977050800 -0.00470415595918893814
0.54000002145767211900 -0.00459235021844506264
0.55000001192092895500 -0.00443942891433835030
0.56000000238418579100 -0.00427076313644647598
0.56999999284744262700 -0.00410634977743029595
0.57999998331069946300 -0.00388538907282054424
0.58999997377395629900 -0.00363651197403669357
0.60000002384185791000 -0.00337678403593599796
0.61000001430511474600 -0.00307022500783205032
0.62000000476837158200 -0.00273014907725155354
0.62999999523162841800 -0.00235751597210764885
0.63999998569488525400 -0.00192577403504401445
0.64999997615814209000 -0.00145903695374727249
0.66000002622604370100 -0.00096434011356905103
0.67000001668930053700 -0.00046314811334013939
0.68000000715255737300 0.00007133500184863806
0.68999999761581420900 0.00060465367278084159
0.69999998807907104500 0.00123875902500003576
0.70999997854232788100 0.00190532300621271133
0.72000002861022949200 0.00258892797864973545
0.73000001907348632800 0.00329154497012495995
0.74000000953674316400 0.00401613116264343262
0.75000000000000000000 0.00476007303223013878
0.75999999046325683600 0.00552352191880345345
0.76999998092651367200 0.00630495697259902954
0.77999997138977050800 0.00710113300010561943
0.79000002145767211900 0.00791582372039556504
0.80000001192092895500 0.00873559899628162384
0.81000000238418579100 0.00957128964364528656
0.81999999284744262700 0.01042366959154605870
0.82999998331069946300 0.01071667019277811050
0.83999997377395629900 0.01154693029820919040
0.85000002384185791000 0.01239105965942144390
0.86000001430511474600 0.01324586011469364170
0.87000000476837158200 0.01410611998289823530
0.87999999523162841800 0.01497447956353425980
0.88999998569488525400 0.01586160995066165920
0.89999997615814209000 0.01673302985727787020
0.91000002622604370100 0.01748245023190975190
0.92000001668930053700 0.01784816011786460880
0.93000000715255737300 0.01808696053922176360
0.93999999761581420900 0.01818233914673328400
0.94999998807907104500 0.01832404918968677520
0.95999997854232788100 0.01845044083893299100
0.97000002861022949200 0.01856355927884578700
0.98000001907348632800 0.01864808052778244020
0.99000000953674316400 0.01873672939836978910
1.00000000000000000000 0.01883921958506107330
