-1.00000000000000000000 -0.00550259603187441826
-0.99000000953674316400 -0.00549515103921294213
-0.98000001907348632800 -0.00550031801685690880
-0.97000002861022949200 -0.00550912786275148392
-0.95999997854232788100 -0.00551665807142853737
-0.94999998807907104500 -0.00552731798961758614
-0.93999999761581420900 -0.00551785016432404518
-0.93000000715255737300 -0.00549678597599267960
-0.92000001668930053700 -0.00550727080553770065
-0.91000002622604370100 -0.00550465798005461693
-0.89999997615814209000 -0.00548891117796301842
-0.88999998569488525400 -0.00549064995720982552
-0.87999999523162841800 -0.00549975596368312836
-0.87000000476837158200 -0.00551525177434086800
-0.86000001430511474600 -0.00552437221631407738
-0.85000002384185791000 -0.00552819808945059776
-0.83999997377395629900 -0.00551680289208889008
-0.82999998331069946300 -0.00550323398783802986
-0.81999999284744262700 -0.00551075488328933716
-0.81000000238418579100 -0.00550558185204863548
-0.80000001192092895500 -0.00549498200416564942
-0.79000002145767211900 -0.00549831287935376167
-0.77999997138977050800 -0.00550921214744448662
-0.76999998092651367200 -0.00551870511844754219
-0.75999999046325683600 -0.00552529422566294670
-0.75000000000000000000 -0.00551449507474899292
-0.74000000953674316400 -0.00549480086192488671
-0.73000001907348632800 -0.00549784209579229355
-0.72000002861022949200 -0.00548880500718951225
-0.70999997854232788100 -0.00547030521556735039
-0.69999998807907104500 -0.00546603882685303688
-0.68999999761581420900 -0.00547023117542266846
-0.68000000715255737300 -0.00547825219109654427
-0.67000001668930053700 -0.00548685295507311821
-0.66000002622604370100 -0.00549223693087697029
-0.64999997615814209000 -0.00548502011224627495
-0.63999998569488525400 -0.00547053012996912003
-0.62999999523162841800 -0.00548605807125568390
-0.62000000476837158200 -0.00547874718904495239
-0.61000001430511474600 -0.00546411983668804169
-0.60000002384185791000 -0.00547661818563938141
-0.58999997377395629900 -0.00547975488007068634
-0.57999998331069946300 -0.00549684278666973114
-0.56999999284744262700 -0.00550351710990071297
-0.56000000238418579100 -0.00549892522394657135
-0.55000001192092895500 -0.00548685807734727860
-0.54000002145767211900 -0.00548394815996289253
-0.52999997138977050800 -0.00548513419926166535
-0.51999998092651367200 -0.00547381304204463959
-0.50999999046325683600 -0.00547074293717741966
-0.50000000000000000000 -0.00547376787289977074
-0.49000000953674316400 -0.00548479380086064339
-0.47999998927116394000 -0.00549004599452018738
-0.46999999880790710400 -0.00549891684204339981
-0.46000000834465026800 -0.00548172183334827423
-0.44999998807907104500 -0.00546296313405036926
-0.43999999761581420900 -0.00547189498320221901
-0.43000000715255737300 -0.00546336593106389046
-0.41999998688697814900 -0.00544463377445936203
-0.40999999642372131300 -0.00544628594070672989
-0.40000000596046447700 -0.00545568391680717468
-0.38999998569488525400 -0.00546496687456965447
-0.37999999523162841800 -0.00547169381752610207
-0.37000000476837158200 -0.00547633320093154907
-0.36000001430511474600 -0.00546395312994718552
-0.34999999403953552200 -0.00545258587226271630
-0.34000000357627868600 -0.00546183111146092415
-0.33000001311302185100 -0.00544445589184761048
-0.31999999284744262700 -0.00543871382251381874
-0.31000000238418579100 -0.00544982496649026871
-0.30000001192092895500 -0.00545736495405435562
-0.28999999165534973100 -0.00546920718625187874
-0.28000000119209289500 -0.00547677883878350258
-0.27000001072883606000 -0.00547169614583253861
-0.25999999046325683600 -0.00545172393321990967
-0.25000000000000000000 -0.00545729603618383408
-0.23999999463558197000 -0.00545663898810744286
-0.23000000417232513400 -0.00543404277414083481
-0.21999999880790710400 -0.00543636595830321312
-0.20999999344348907500 -0.00544016016647219658
-0.20000000298023223900 -0.00544198416173458100
-0.18999999761581420900 -0.00544961402192711830
-0.18000000715255737300 -0.00545505620539188385
-0.17000000178813934300 -0.00543747516348958016
-0.15999999642372131300 -0.00541733903810381890
-0.15000000596046447800 -0.00542603200301527977
-0.14000000059604644800 -0.00541666802018880844
-0.12999999523162841800 -0.00539754610508680344
-0.11999999731779098500 -0.00540010211989283562
-0.10999999940395355200 -0.00540685001760721207
-0.10000000149011611900 -0.00541557185351848602
-0.09000000357627868650 -0.00542667787522077561
-0.07999999821186065670 -0.00543370284140110016
-0.07000000029802322390 -0.00542225409299135208
-0.05999999865889549260 -0.00540992012247443199
-0.05000000074505805970 -0.00542311789467930794
-0.03999999910593032840 -0.00541755417361855507
-0.02999999932944774630 -0.00540260178968310356
-0.01999999955296516420 -0.00541196903213858605
-0.00999999977648258210 -0.00541277788579463959
0.00000000000000000000 -0.00542945181950926781
0.00999999977648258210 -0.00542846182361245156
0.01999999955296516420 -0.00543906213715672493
0.02999999932944774630 -0.00542592117562890053
0.03999999910593032840 -0.00540710519999265671
0.05000000074505805970 -0.00541792809963226319
0.05999999865889549260 -0.00541230617091059685
0.07000000029802322390 -0.00539004383608698845
0.07999999821186065670 -0.00539113022387027741
0.09000000357627868650 -0.00539885181933641434
0.10000000149011611900 -0.00540462182834744454
0.10999999940395355200 -0.00540593778714537621
0.11999999731779098500 -0.00540560390800237656
0.12999999523162841800 -0.00539390789344906807
0.14000000059604644800 -0.00537680415436625481
0.15000000596046447800 -0.00538497511297464371
0.15999999642372131300 -0.00537736015394330025
0.17000000178813934300 -0.00535957003012299538
0.18000000715255737300 -0.00536821922287344933
0.18999999761581420900 -0.00537781184539198876
0.20000000298023223900 -0.00538677116855978966
0.20999999344348907500 -0.00539133884012699127
0.21999999880790710400 -0.00539347482845187187
0.23000000417232513400 -0.00537459505721926689
0.23999999463558197000 -0.00537134381011128426
0.25000000000000000000 -0.00537357805296778679
0.25999999046325683600 -0.00535679981112480164
0.27000001072883606000 -0.00534991407766938210
0.28000000119209289500 -0.00535769807174801827
0.28999999165534973100 -0.00536602782085537911
0.30000001192092895500 -0.00536378612741827965
0.31000000238418579100 -0.00537629099562764168
0.31999999284744262700 -0.00535753322765231133
0.33000001311302185100 -0.00533159309998154640
0.34000000357627868600 -0.00533408811315894127
0.34999999403953552200 -0.00532579189166426659
0.36000001430511474600 -0.00529267685487866402
0.37000000476837158200 -0.00528730405494570732
0.37999999523162841800 -0.00528697390109300614
0.38999998569488525400 -0.00528615107759833336
0.40000000596046447700 -0.00527697382494807244
0.40999999642372131300 -0.00526915816590189934
0.41999998688697814900 -0.00525051821023225784
0.43000000715255737300 -0.00521466601639986038
0.43999999761581420900 -0.00521335285156965256
0.44999998807907104500 -0.00519136618822813034
0.46000000834465026800 -0.00515692215412855148
0.46999999880790710400 -0.00514650903642177582
0.47999998927116394000 -0.00513313105329871178
0.49000000953674316400 -0.00511142704635858536
0.50000000000000000000 -0.00508806202560663223
0.50999999046325683600 -0.00505011482164263725
0.51999998092651367200 -0.00498565193265676499
0.52999997138977050800 -0.00492948899045586586
0.54000002145767211900 -0.00486315088346600533
0.55000001192092895500 -0.00477033201605081558
0.56000000238418579100 -0.00466752517968416214
0.56999999284744262700 -0.00455067120492458344
0.57999998331069946300 -0.00441479589790105820
0.58999997377395629900 -0.00424268608912825585
0.60000002384185791000 -0.00404120190069079399
0.61000001430511474600 -0.00378620508126914501
0.62000000476837158200 -0.00347927398979663849
0.62999999523162841800 -0.00315736699849367142
0.63999998569488525400 -0.00278374389745295048
0.64999997615814209000 -0.00235583493486046791
0.66000002622604370100 -0.00189861399121582508
0.67000001668930053700 -0.00140247400850057602
0.68000000715255737300 -0.00083634932525455952
0.68999999761581420900 -0.00029237050330266356
0.69999998807907104500 0.00025065158843062818
0.70999997854232788100 0.00089751102495938540
0.72000002861022949200 0.00162321899551898241
0.73000001907348632800 0.00234460993669927120
0.74000000953674316400 0.00307931890711188316
0.75000000000000000000 0.00385188893415033817
0.75999999046325683600 0.00464079482480883598
0.76999998092651367200 0.00546980090439319611
0.77999997138977050800 0.00632278900593519211
0.79000002145767211900 0.00719854608178138733
0.80000001192092895500 0.00809447281062602997
0.81000000238418579100 0.00903089996427297592
0.81999999284744262700 0.00996006838977336884
0.82999998331069946300 0.01045355014503002170
0.83999997377395629900 0.01140937954187393190
0.85000002384185791000 0.01240273006260395050
0.86000001430511474600 0.01341267023235559460
0.87000000476837158200 0.01445689983665943150
0.87999999523162841800 0.01552875991910696030
0.88999998569488525400 0.01663468964397907260
0.89999997615814209000 0.01776234060525894170
0.91000002622604370100 0.01890349015593528750
0.92000001668930053700 0.02008453942835330960
0.93000000715255737300 0.02127672918140888210
0.93999999761581420900 0.02249692939221858980
0.94999998807907104500 0.02375091053545475010
0.95999997854232788100 0.02500095963478088380
0.97000002861022949200 0.02628465928137302400
0.98000001907348632800 0.02763400040566921230
0.99000000953674316400 0.02899608016014099120
1.00000000000000000000 0.03038550913333892820
