-1.00000000000000000000 -0.00651881610974669457
-0.99000000953674316400 -0.00650113308802247048
-0.98000001907348632800 -0.00649223290383815766
-0.97000002861022949200 -0.00648694997653365135
-0.95999997854232788100 -0.00649698590859770775
-0.94999998807907104500 -0.00649874517694115639
-0.93999999761581420900 -0.00649571511894464493
-0.93000000715255737300 -0.00648848898708820343
-0.92000001668930053700 -0.00646010180935263634
-0.91000002622604370100 -0.00645756023004651070
-0.89999997615814209000 -0.00645070103928446770
-0.88999998569488525400 -0.00642006518319249153
-0.87999999523162841800 -0.00641634594649076462
-0.87000000476837158200 -0.00642295787110924721
-0.86000001430511474600 -0.00642536021769046784
-0.85000002384185791000 -0.00642974395304918289
-0.83999997377395629900 -0.00644926587119698525
-0.82999998331069946300 -0.00643328996375203133
-0.81999999284744262700 -0.00640934286639094353
-0.81000000238418579100 -0.00642939191311597824
-0.80000001192092895500 -0.00642412295565009117
-0.79000002145767211900 -0.00640262477099895478
-0.77999997138977050800 -0.00641484092921018601
-0.76999998092651367200 -0.00641913292929530144
-0.75999999046325683600 -0.00642581377178430557
-0.75000000000000000000 -0.00644555781036615372
-0.74000000953674316400 -0.00644697807729244232
-0.73000001907348632800 -0.00643013883382081986
-0.72000002861022949200 -0.00641780300065875054
-0.70999997854232788100 -0.00642020115628838539
-0.69999998807907104500 -0.00641123717650771141
-0.68999999761581420900 -0.00639937492087483406
-0.68000000715255737300 -0.00639630807563662529
-0.67000001668930053700 -0.00640244595706462860
-0.66000002622604370100 -0.00642233202233910561
-0.64999997615814209000 -0.00641988683491945267
-0.63999998569488525400 -0.00642391992732882500
-0.62999999523162841800 -0.00641262577846646309
-0.62000000476837158200 -0.00639034807682037354
-0.61000001430511474600 -0.00639539677649736405
-0.60000002384185791000 -0.00639458419755101204
-0.58999997377395629900 -0.00636760005727410317
-0.57999998331069946300 -0.00637626694515347481
-0.56999999284744262700 -0.00639443984255194664
-0.56000000238418579100 -0.00639119977131485939
-0.55000001192092895500 -0.00640425505116581917
-0.54000002145767211900 -0.00641488004475831986
-0.52999997138977050800 -0.00639008078724145890
-0.51999998092651367200 -0.00638504000380635262
-0.50999999046325683600 -0.00640103220939636231
-0.50000000000000000000 -0.00637796614319086075
-0.49000000953674316400 -0.00637079821899533272
-0.47999998927116394000 -0.00638752197846770287
-0.46999999880790710400 -0.00638846307992935181
-0.46000000834465026800 -0.00640061497688293457
-0.44999998807907104500 -0.00641384720802307129
-0.43999999761581420900 -0.00640318403020501137
-0.43000000715255737300 -0.00638484489172697067
-0.41999998688697814900 -0.00639756582677364350
-0.40999999642372131300 -0.00637953681871294976
-0.40000000596046447700 -0.00635693687945604325
-0.38999998569488525400 -0.00635921582579612732
-0.37999999523162841800 -0.00635031983256340027
-0.37000000476837158200 -0.00636084703728556633
-0.36000001430511474600 -0.00636777281761169434
-0.34999999403953552200 -0.00635872920975089073
-0.34000000357627868600 -0.00634648185223340988
-0.33000001311302185100 -0.00632746610790491104
-0.31999999284744262700 -0.00631531188264489174
-0.31000000238418579100 -0.00630949996411800385
-0.30000001192092895500 -0.00629261881113052368
-0.28999999165534973100 -0.00628118496388196945
-0.28000000119209289500 -0.00629832921549677849
-0.27000001072883606000 -0.00630993209779262543
-0.25999999046325683600 -0.00630772486329078674
-0.25000000000000000000 -0.00632336502894759178
-0.23999999463558197000 -0.00631648208945989609
-0.23000000417232513400 -0.00628505321219563484
-0.21999999880790710400 -0.00630730576813220978
-0.20999999344348907500 -0.00630580214783549309
-0.20000000298023223900 -0.00627064984291791916
-0.18999999761581420900 -0.00628475192934274674
-0.18000000715255737300 -0.00629142392426729202
-0.17000000178813934300 -0.00628597196191549301
-0.15999999642372131300 -0.00629770616069436074
-0.15000000596046447800 -0.00630372995510697365
-0.14000000059604644800 -0.00627660099416971207
-0.12999999523162841800 -0.00626124115660786629
-0.11999999731779098500 -0.00627057813107967377
-0.10999999940395355200 -0.00624765595421195030
-0.10000000149011611900 -0.00623579882085323334
-0.09000000357627868650 -0.00623513292521238327
-0.07999999821186065670 -0.00623304909095168114
-0.07000000029802322390 -0.00623911479488015175
-0.05999999865889549260 -0.00624109385535120964
-0.05000000074505805970 -0.00622666487470269203
-0.03999999910593032840 -0.00620980514213442803
-0.02999999932944774630 -0.00618766713887453079
-0.01999999955296516420 -0.00617972388863563538
-0.00999999977648258210 -0.00616410886868834496
0.00000000000000000000 -0.00614360999315977097
0.00999999977648258210 -0.00613363785669207573
0.01999999955296516420 -0.00613494217395782471
0.02999999932944774630 -0.00614166585728526116
0.03999999910593032840 -0.00612677214667201042
0.05000000074505805970 -0.00612876610830426216
0.05999999865889549260 -0.00610751798376441002
0.07000000029802322390 -0.00606818916276097298
0.07999999821186065670 -0.00606415094807744026
0.09000000357627868650 -0.00604244507849216461
0.10000000149011611900 -0.00599931599572300911
0.10999999940395355200 -0.00597880920395255089
0.11999999731779098500 -0.00596352107822895050
0.12999999523162841800 -0.00593471480533480644
0.14000000059604644800 -0.00591375306248664856
0.15000000596046447800 -0.00588242616504430771
0.15999999642372131300 -0.00582680618390440941
0.17000000178813934300 -0.00578218093141913414
0.18000000715255737300 -0.00574341183528304100
0.18999999761581420900 -0.00568101881071925163
0.20000000298023223900 -0.00562956091016530991
0.20999999344348907500 -0.00558031303808093071
0.21999999880790710400 -0.00552893895655870438
0.23000000417232513400 -0.00548505177721381188
0.23999999463558197000 -0.00542621780186891556
0.25000000000000000000 -0.00536022614687681198
0.25999999046325683600 -0.00529120396822690964
0.27000001072883606000 -0.00522318901494145394
0.28000000119209289500 -0.00514797912910580635
0.28999999165534973100 -0.00507130287587642670
0.30000001192092895500 -0.00499251717701554299
0.31000000238418579100 -0.00491209607571363449
0.31999999284744262700 -0.00484085502102971077
0.33000001311302185100 -0.00475507089868187904
0.34000000357627868600 -0.00466693611815571785
0.34999999403953552200 -0.00457036122679710388
0.36000001430511474600 -0.00445810193195939064
0.37000000476837158200 -0.00435648998245596886
0.37999999523162841800 -0.00425011012703180313
0.38999998569488525400 -0.00412411196157336235
0.40000000596046447700 -0.00400779722258448601
0.40999999642372131300 -0.00389296188950538635
0.41999998688697814900 -0.00376884895376861096
0.43000000715255737300 -0.00364198698662221432
0.43999999761581420900 -0.00351329403929412365
0.44999998807907104500 -0.00336980307474732399
0.46000000834465026800 -0.00321840704418718815
0.46999999880790710400 -0.00307822390459477902
0.47999998927116394000 -0.00292273191735148430
0.49000000953674316400 -0.00276150600984692574
0.50000000000000000000 -0.00260591390542685986
0.50999999046325683600 -0.00244348589330911636
0.51999998092651367200 -0.00227989489212632179
0.52999997138977050800 -0.00211344496347010136
0.54000002145767211900 -0.00193942303303629160
0.55000001192092895500 -0.00175881094764918089
0.56000000238418579100 -0.00157583795953541994
0.56999999284744262700 -0.00139262597076594830
0.57999998331069946300 -0.00120578298810869455
0.58999997377395629900 -0.00101467198692262173
0.60000002384185791000 -0.00080131029244512320
0.61000001430511474600 -0.00061367341550067067
0.62000000476837158200 -0.00042202160693705082
0.62999999523162841800 -0.00022799169528298080
0.63999998569488525400 -0.00005158709973329678
0.64999997615814209000 0.00013256289821583778
0.66000002622604370100 0.00033285430981777608
0.67000001668930053700 0.00054046959849074483
0.68000000715255737300 0.00074335577664896846
0.68999999761581420900 0.00094583642203360796
0.69999998807907104500 0.00119907502084970474
0.70999997854232788100 0.00142170500475913286
0.72000002861022949200 0.00163991400040686131
0.73000001907348632800 0.00185988494195044041
0.74000000953674316400 0.00208079605363309383
0.75000000000000000000 0.00230199494399130344
0.75999999046325683600 0.00252512004226446152
0.76999998092651367200 0.00275176204741001129
0.77999997138977050800 0.00297900801524519920
0.79000002145767211900 0.00320580089464783669
0.80000001192092895500 0.00343445991165935993
0.81000000238418579100 0.00366421602666378021
0.81999999284744262700 0.00389447202906012535
0.82999998331069946300 0.00412479601800441742
0.83999997377395629900 0.00435508508235216141
0.85000002384185791000 0.00458666915073990822
0.86000001430511474600 0.00482032122090458870
0.87000000476837158200 0.00505437096580862999
0.87999999523162841800 0.00529018696397542954
0.88999998569488525400 0.00552545208483934403
0.89999997615814209000 0.00576156191527843476
0.91000002622604370100 0.00599894579499959946
0.92000001668930053700 0.00623657694086432457
0.93000000715255737300 0.00647321296855807305
0.93999999761581420900 0.00671156821772456169
0.94999998807907104500 0.00695091811940073967
0.95999997854232788100 0.00718904798850417137
0.97000002861022949200 0.00743000023066997528
0.98000001907348632800 0.00767137482762336731
0.99000000953674316400 0.00791122019290924072
1.00000000000000000000 0.00815298873931169510
