-1.00000000000000000000 -0.00550491223111748696
-0.99000000953674316400 -0.00550987012684345246
-0.98000001907348632800 -0.00550204515457153320
-0.97000002861022949200 -0.00548704713582992554
-0.95999997854232788100 -0.00548915006220340729
-0.94999998807907104500 -0.00549307791516184807
-0.93999999761581420900 -0.00550960097461938858
-0.93000000715255737300 -0.00551871815696358681
-0.92000001668930053700 -0.00552094122394919396
-0.91000002622604370100 -0.00551568204537034035
-0.89999997615814209000 -0.00550261279568076134
-0.88999998569488525400 -0.00551006710156798363
-0.87999999523162841800 -0.00551151903346180916
-0.87000000476837158200 -0.00549705885350704193
-0.86000001430511474600 -0.00550193479284644127
-0.85000002384185791000 -0.00552137894555926323
-0.83999997377395629900 -0.00552592007443308830
-0.82999998331069946300 -0.00553879421204328537
-0.81999999284744262700 -0.00553221488371491432
-0.81000000238418579100 -0.00551370717585086823
-0.80000001192092895500 -0.00552259199321269989
-0.79000002145767211900 -0.00552632706239819527
-0.77999997138977050800 -0.00550034595653414726
-0.76999998092651367200 -0.00550745986402034760
-0.75999999046325683600 -0.00551585014909505844
-0.75000000000000000000 -0.00552023807540535927
-0.74000000953674316400 -0.00553075782954692841
-0.73000001907348632800 -0.00553063815459609032
-0.72000002861022949200 -0.00551916006952524185
-0.70999997854232788100 -0.00550541514530777931
-0.69999998807907104500 -0.00551215000450611115
-0.68999999761581420900 -0.00550085399299860001
-0.68000000715255737300 -0.00549004320055246353
-0.67000001668930053700 -0.00549539085477590561
-0.66000002622604370100 -0.00550296483561396599
-0.64999997615814209000 -0.00551982410252094269
-0.63999998569488525400 -0.00552503485232591629
-0.62999999523162841800 -0.00552406487986445427
-0.62000000476837158200 -0.00550245214253664017
-0.61000001430511474600 -0.00550742121413350105
-0.60000002384185791000 -0.00550362979993224144
-0.58999997377395629900 -0.00548856519162654877
-0.57999998331069946300 -0.00548765016719698906
-0.56999999284744262700 -0.00549354497343301773
-0.56000000238418579100 -0.00550342211499810219
-0.55000001192092895500 -0.00550703983753919602
-0.54000002145767211900 -0.00551933702081441879
-0.52999997138977050800 -0.00550064677372574806
-0.51999998092651367200 -0.00547779910266399384
-0.50999999046325683600 -0.00548961618915200234
-0.50000000000000000000 -0.00547121698036789894
-0.49000000953674316400 -0.00545981386676430702
-0.47999998927116394000 -0.00546405091881752014
-0.46999999880790710400 -0.00546699203550815582
-0.46000000834465026800 -0.00546982884407043457
-0.44999998807907104500 -0.00548679614439606667
-0.43999999761581420900 -0.00547793786972761154
-0.43000000715255737300 -0.00545187992975115776
-0.41999998688697814900 -0.00546762719750404358
-0.40999999642372131300 -0.00546390702947974205
-0.40000000596046447700 -0.00544062908738851547
-0.38999998569488525400 -0.00544958608224987984
-0.37999999523162841800 -0.00545682013034820557
-0.37000000476837158200 -0.00546210398897528649
-0.36000001430511474600 -0.00548043195158243180
-0.34999999403953552200 -0.00548645202070474625
-0.34000000357627868600 -0.00547100184485316277
-0.33000001311302185100 -0.00546433497220277786
-0.31999999284744262700 -0.00547508196905255318
-0.31000000238418579100 -0.00546611379832029343
-0.30000001192092895500 -0.00545628089457750321
-0.28999999165534973100 -0.00546267908066511154
-0.28000000119209289500 -0.00547265587374567986
-0.27000001072883606000 -0.00548245711252093315
-0.25999999046325683600 -0.00548734609037637711
-0.25000000000000000000 -0.00548279890790581703
-0.23999999463558197000 -0.00545783294364809990
-0.23000000417232513400 -0.00546497385948896408
-0.21999999880790710400 -0.00546835595741868019
-0.20999999344348907500 -0.00543913384899497032
-0.20000000298023223900 -0.00544375088065862656
-0.18999999761581420900 -0.00545262917876243591
-0.18000000715255737300 -0.00545801082625985146
-0.17000000178813934300 -0.00545643782243132591
-0.15999999642372131300 -0.00546967703849077225
-0.15000000596046447800 -0.00545417703688144684
-0.14000000059604644800 -0.00543869379907846451
-0.12999999523162841800 -0.00545327691361308098
-0.11999999731779098500 -0.00544472783803939820
-0.10999999940395355200 -0.00542808789759874344
-0.10000000149011611900 -0.00543467607349157334
-0.09000000357627868650 -0.00544339977204799652
-0.07999999821186065670 -0.00544699886813759804
-0.07000000029802322390 -0.00546020921319723129
-0.05999999865889549260 -0.00545525411143898964
-0.05000000074505805970 -0.00543747283518314362
-0.03999999910593032840 -0.00543830823153257370
-0.02999999932944774630 -0.00543452613055706024
-0.01999999955296516420 -0.00541909784078598023
-0.00999999977648258210 -0.00541588291525840759
0.00000000000000000000 -0.00541850784793496132
0.00999999977648258210 -0.00542163709178566933
0.01999999955296516420 -0.00542854703962802887
0.02999999932944774630 -0.00542730977758765221
0.03999999910593032840 -0.00542291020974516869
0.05000000074505805970 -0.00540556898340582848
0.05999999865889549260 -0.00539821712300181389
0.07000000029802322390 -0.00539503013715147972
0.07999999821186065670 -0.00538093922659754753
0.09000000357627868650 -0.00537337688729166985
0.10000000149011611900 -0.00537519296631217003
0.10999999940395355200 -0.00539393909275531769
0.11999999731779098500 -0.00539640383794903755
0.12999999523162841800 -0.00540552381426095963
0.14000000059604644800 -0.00540302880108356476
0.15000000596046447800 -0.00538155017420649529
0.15999999642372131300 -0.00539075816050171852
0.17000000178813934300 -0.00539327412843704224
0.18000000715255737300 -0.00537704117596149445
0.18999999761581420900 -0.00537785701453685761
0.20000000298023223900 -0.00539079681038856507
0.20999999344348907500 -0.00539426598697900772
0.21999999880790710400 -0.00540517596527934075
0.23000000417232513400 -0.00541215483099222183
0.23999999463558197000 -0.00539339613169431687
0.25000000000000000000 -0.00538013176992535591
0.25999999046325683600 -0.00538470689207315445
0.27000001072883606000 -0.00536803714931011200
0.28000000119209289500 -0.00535422004759311676
0.28999999165534973100 -0.00535290781408548355
0.30000001192092895500 -0.00535064982250332832
0.31000000238418579100 -0.00536042312160134316
0.31999999284744262700 -0.00535718398168683052
0.33000001311302185100 -0.00534543301910161972
0.34000000357627868600 -0.00532346405088901520
0.34999999403953552200 -0.00531887914985418320
0.36000001430511474600 -0.00531338900327682495
0.37000000476837158200 -0.00529284309595823288
0.37999999523162841800 -0.00528213009238243103
0.38999998569488525400 -0.00528234289959073067
0.40000000596046447700 -0.00528674898669123650
0.40999999642372131300 -0.00528017617762088776
0.41999998688697814900 -0.00527367088943719864
0.43000000715255737300 -0.00525137595832347870
0.43999999761581420900 -0.00522202579304575920
0.44999998807907104500 -0.00521560618653893471
0.46000000834465026800 -0.00519248889759182930
0.46999999880790710400 -0.00515197589993476868
0.47999998927116394000 -0.00513107888400554657
0.49000000953674316400 -0.00511319888755679131
0.50000000000000000000 -0.00508669484406709671
0.50999999046325683600 -0.00505659682676196098
0.51999998092651367200 -0.00501092709600925446
0.52999997138977050800 -0.00494511984288692475
0.54000002145767211900 -0.00488223414868116379
0.55000001192092895500 -0.00480699492618441582
0.56000000238418579100 -0.00470328377559781075
0.56999999284744262700 -0.00459315720945596695
0.57999998331069946300 -0.00446480792015790939
0.58999997377395629900 -0.00431563705205917359
0.60000002384185791000 -0.00413923105224967003
0.61000001430511474600 -0.00392001587897539139
0.62000000476837158200 -0.00365508301183581352
0.62999999523162841800 -0.00334617099724709988
0.63999998569488525400 -0.00301509909331798554
0.64999997615814209000 -0.00262782210484147072
0.66000002622604370100 -0.00220126006752252579
0.67000001668930053700 -0.00174116401467472315
0.68000000715255737300 -0.00123842502944171429
0.68999999761581420900 -0.00068367650965228677
0.69999998807907104500 -0.00013716939429286867
0.70999997854232788100 0.00042751929140649736
0.72000002861022949200 0.00109874398913234472
0.73000001907348632800 0.00178257597144693136
0.74000000953674316400 0.00249352492392063141
0.75000000000000000000 0.00323189701884984970
0.75999999046325683600 0.00399734918028116226
0.76999998092651367200 0.00479222508147358894
0.77999997138977050800 0.00561686605215072632
0.79000002145767211900 0.00646413909271359444
0.80000001192092895500 0.00733633991330862046
0.81000000238418579100 0.00823985040187835694
0.81999999284744262700 0.00916125997900962830
0.82999998331069946300 0.01010376960039138790
0.83999997377395629900 0.01052724011242389680
0.85000002384185791000 0.01147357001900672910
0.86000001430511474600 0.01244928035885095600
0.87000000476837158200 0.01343629043549299240
0.87999999523162841800 0.01445529982447624210
0.88999998569488525400 0.01550544984638690950
0.89999997615814209000 0.01658171042799949650
0.91000002622604370100 0.01767380908131599430
0.92000001668930053700 0.01879861019551754000
0.93000000715255737300 0.01993227005004882810
0.93999999761581420900 0.02108607068657875060
0.94999998807907104500 0.02228856086730957030
0.95999997854232788100 0.02349447086453437810
0.97000002861022949200 0.02471595071256160740
0.98000001907348632800 0.02598918043076992040
0.99000000953674316400 0.02728557959198951720
1.00000000000000000000 0.02859570086002349850
