1.00000000000000000000 0.00050954770995303988
0.98799997568130493100 0.00039718998596072197
0.97600001096725463800 0.00033750370494090021
0.96399998664855957000 0.00029556971276178956
0.95200002193450927700 0.00026163709117099643
0.93999999761581420900 0.00023225370387081057
0.92799997329711914000 0.00020572039647959173
0.91600000858306884800 0.00018157259910367429
0.90399998426437377900 0.00015940399316605181
0.89200001955032348600 0.00013904570369049907
0.87999999523162841800 0.00012038739805575460
0.86799997091293334900 0.00010327769996365532
0.85600000619888305600 0.00008775426977081224
0.84399998188018798800 0.00007366535282926634
0.83200001716613769500 0.00006090464012231678
0.81999999284744262700 0.00004935831020702608
0.80800002813339233400 0.00003891624874086119
0.79600000381469726600 0.00002945762025774457
0.78399997949600219700 0.00002087046959786676
0.77200001478195190400 0.00001311126015934860
0.75999999046325683600 0.00000602667978455429
0.74800002574920654300 -0.00000048640600880390
0.73600000143051147400 -0.00000644729516352527
0.72399997711181640600 -0.00001184715983981732
0.71200001239776611300 -0.00001675908060860820
0.69999998807907104500 -0.00002124179991369601
0.68800002336502075200 -0.00002526908065192401
0.67599999904632568300 -0.00002888195012928918
0.66399997472763061500 -0.00003208081034244969
0.65200001001358032200 -0.00003498225123621523
0.63999998569488525400 -0.00003755460056709126
0.62800002098083496100 -0.00003976787047577091
0.61599999666213989200 -0.00004172426997683942
0.60399997234344482400 -0.00004337944119470194
0.59200000762939453100 -0.00004475541936699301
0.57999998331069946300 -0.00004588250885717571
0.56800001859664917000 -0.00004678152981796302
0.55599999427795410100 -0.00004753223038278520
0.54400002956390380800 -0.00004816295040654950
0.53200000524520874000 -0.00004855544102611020
0.51999998092651367200 -0.00004879834887105972
0.50800001621246337900 -0.00004901676948065870
0.49599999189376831000 -0.00004913293014396913
0.48399999737739563000 -0.00004915954923490062
0.47200000286102294900 -0.00004912236909149215
0.46000000834465026800 -0.00004913588054478168
0.44800001382827758800 -0.00004914181045023724
0.43599998950958251900 -0.00004909577910439111
0.42399999499320983900 -0.00004912111035082489
0.41200000047683715800 -0.00004913419979857281
0.40000000596046447700 -0.00004916757825412787
0.38800001144409179700 -0.00004920558058074676
0.37599998712539672800 -0.00004926515975967050
0.36399999260902404800 -0.00004938766869599931
0.35199999809265136700 -0.00004957314013154246
0.34000000357627868600 -0.00004973450995748863
0.32800000905990600600 -0.00004995672861696221
0.31600001454353332500 -0.00005020555909140967
0.30399999022483825700 -0.00005047846934758127
0.29199999570846557600 -0.00005075645822216757
0.28000000119209289500 -0.00005104880983708426
0.26800000667572021500 -0.00005138717096997425
0.25600001215934753400 -0.00005175724072614685
0.24400000274181366000 -0.00005210830931901000
0.23199999332427978500 -0.00005249660898698494
0.21999999880790710400 -0.00005291393972584046
0.20800000429153442400 -0.00005331316060619429
0.19599999487400054900 -0.00005367477933759801
0.18400000035762786900 -0.00005403683098847978
0.17200000584125518800 -0.00005445421993499622
0.15999999642372131300 -0.00005490117837325670
0.14800000190734863300 -0.00005525521919480525
0.13600000739097595200 -0.00005565781975747086
0.12399999797344207800 -0.00005608070932794362
0.11200000345706939700 -0.00005647652142215520
0.10000000149011611900 -0.00005680902177118696
0.08799999952316284180 -0.00005712666825274937
0.07599999755620956420 -0.00005748202966060489
0.06400000303983688360 -0.00005784574022982270
0.05200000107288360600 -0.00005815746044390835
0.03999999910593032840 -0.00005850644083693624
0.02800000086426734920 -0.00005885287100682035
0.01600000075995922090 -0.00005915579095017165
0.00400000018998980522 -0.00005943543874309398
-0.00800000037997961045 -0.00005964878073427826
-0.01999999955296516420 -0.00006000915163895115
-0.03200000151991844180 -0.00006035510159563273
-0.04399999976158142090 -0.00006066650166758336
-0.05600000172853469850 -0.00006100531027186662
-0.06800000369548797610 -0.00006137661694083363
-0.07999999821186065670 -0.00006173864676384255
-0.09200000017881393430 -0.00006206059333635494
-0.10400000214576721200 -0.00006239095819182694
-0.11599999666213989300 -0.00006277538341237232
-0.12800000607967376700 -0.00006319615204120055
-0.14000000059604644800 -0.00006358104292303324
-0.15199999511241912800 -0.00006395446689566597
-0.16400000452995300300 -0.00006438833952415735
-0.17599999904632568400 -0.00006482684693764895
-0.18799999356269836400 -0.00006522228068206459
-0.20000000298023223900 -0.00006561642658198252
