-0.20999999344348907500 -0.00582122383639216423
-0.20000000298023223900 -0.00581149011850357056
-0.18999999761581420900 -0.00580135220661759377
-0.18000000715255737300 -0.00580745702609419823
-0.17000000178813934300 -0.00581254810094833374
-0.15999999642372131300 -0.00583121320232748986
-0.15000000596046447800 -0.00584125798195600510
-0.14000000059604644800 -0.00583865121006965637
-0.12999999523162841800 -0.00583362020552158356
-0.11999999731779098500 -0.00582493701949715614
-0.10999999940395355200 -0.00582374306395649910
-0.10000000149011611900 -0.00582740083336830139
-0.09000000357627868650 -0.00581490807235240936
-0.07999999821186065670 -0.00581598794087767601
-0.07000000029802322390 -0.00583065301179885864
-0.05999999865889549260 -0.00583695201203227043
-0.05000000074505805970 -0.00583660881966352463
-0.03999999910593032840 -0.00584104191511869431
-0.02999999932944774630 -0.00581756886094808579
-0.01999999955296516420 -0.00581011502072215080
-0.00999999977648258210 -0.00581678887829184532
0.00000000000000000000 -0.00580115383490920067
0.00999999977648258210 -0.00578722218051552773
0.01999999955296516420 -0.00579135818406939507
0.02999999932944774630 -0.00579993799328804016
0.03999999910593032840 -0.00580793013796210289
0.05000000074505805970 -0.00582164386287331581
0.05999999865889549260 -0.00582442479208111763
0.07000000029802322390 -0.00580745702609419823
0.07999999821186065670 -0.00579188019037246704
0.09000000357627868650 -0.00579935312271118164
0.10000000149011611900 -0.00578955886885523796
0.10999999940395355200 -0.00577110005542635918
0.11999999731779098500 -0.00577706983312964440
0.12999999523162841800 -0.00577947217971086502
0.14000000059604644800 -0.00579082500189542771
0.15000000596046447800 -0.00579167017713189125
0.15999999642372131300 -0.00578749179840087891
0.17000000178813934300 -0.00576138915494084358
0.18000000715255737300 -0.00575647922232747078
0.18999999761581420900 -0.00575164007022976876
0.20000000298023223900 -0.00572523381561040878
0.20999999344348907500 -0.00571222510188817978
0.21999999880790710400 -0.00571077503263950348
0.23000000417232513400 -0.00571011379361152649
0.23999999463558197000 -0.00570406578481197357
0.25000000000000000000 -0.00570590794086456299
0.25999999046325683600 -0.00567996408790349960
0.27000001072883606000 -0.00565092777833342552
0.28000000119209289500 -0.00565411383286118508
0.28999999165534973100 -0.00563372904434800148
0.30000001192092895500 -0.00560299679636955261
0.31000000238418579100 -0.00559289287775754929
0.31999999284744262700 -0.00558474706485867500
0.33000001311302185100 -0.00557064497843384743
0.34000000357627868600 -0.00556276319548487663
0.34999999403953552200 -0.00553896278142929077
0.36000001430511474600 -0.00549285393208265305
0.37000000476837158200 -0.00544696580618619919
0.37999999523162841800 -0.00541309593245387078
0.38999998569488525400 -0.00535634718835353852
0.40000000596046447700 -0.00529338791966438294
0.40999999642372131300 -0.00523578003048896790
0.41999998688697814900 -0.00516610685735940933
0.43000000715255737300 -0.00510409288108348847
0.43999999761581420900 -0.00501994509249925614
0.44999998807907104500 -0.00491113495081663132
0.46000000834465026800 -0.00478909816592931748
0.46999999880790710400 -0.00466324808076024056
0.47999998927116394000 -0.00452870922163128853
0.49000000953674316400 -0.00437238207086920738
0.50000000000000000000 -0.00420842505991458893
0.50999999046325683600 -0.00404241681098937988
0.51999998092651367200 -0.00386351603083312512
0.52999997138977050800 -0.00367492693476378918
0.54000002145767211900 -0.00347794196568429470
0.55000001192092895500 -0.00325572304427623749
0.56000000238418579100 -0.00302770803682506085
0.56999999284744262700 -0.00281185703352093697
0.57999998331069946300 -0.00257786898873746395
0.58999997377395629900 -0.00233671790920197964
0.60000002384185791000 -0.00210646190680563450
0.61000001430511474600 -0.00187322194688022137
0.62000000476837158200 -0.00163938803598284721
0.62999999523162841800 -0.00140751397702842951
0.63999998569488525400 -0.00117164698895066977
0.64999997615814209000 -0.00089630600996315479
0.66000002622604370100 -0.00066664442420005798
0.67000001668930053700 -0.00043756040395237505
0.68000000715255737300 -0.00020731010590679944
0.68999999761581420900 0.00002414302070974372
0.69999998807907104500 0.00025855121202766895
0.70999997854232788100 0.00050319317961111665
0.72000002861022949200 0.00075154827209189534
0.73000001907348632800 0.00100724399089813232
0.74000000953674316400 0.00132811896037310362
0.75000000000000000000 0.00161161902360618115
0.75999999046325683600 0.00190653605386614800
0.76999998092651367200 0.00220690900459885597
0.77999997138977050800 0.00251918309368193150
0.79000002145767211900 0.00284833693876862526
0.80000001192092895500 0.00318244402296841145
0.81000000238418579100 0.00352766900323331356
0.81999999284744262700 0.00389104709029197693
0.82999998331069946300 0.00426673982292413712
0.83999997377395629900 0.00465596420690417290
0.85000002384185791000 0.00505992583930492401
0.86000001430511474600 0.00547230010852217674
0.87000000476837158200 0.00589080015197396279
0.87999999523162841800 0.00632636481896042824
0.88999998569488525400 0.00677845301106572151
0.89999997615814209000 0.00723530119284987450
0.91000002622604370100 0.00770384306088089943
0.92000001668930053700 0.00819548033177852631
0.93000000715255737300 0.00869965460151433945
0.93999999761581420900 0.00920909643173217774
0.94999998807907104500 0.00973884388804435730
0.95999997854232788100 0.01026696991175413130
0.97000002861022949200 0.01026958040893077850
0.98000001907348632800 0.01079535018652677540
0.99000000953674316400 0.01133542973548173900
1.00000000000000000000 0.01187700033187866210
